SNP	CHR	POS	est	stderr	pval
chr1:1837340:C:T	1	1837340	-0.0288452158105154	0.202039701788038	0.88647180119866
chr1:2261200:G:C	1	2261200	-0.0528166395590114	0.204201382043598	0.795905482183841
chr1:14678191:A:C	1	14678191	0.530382103813304	0.175313844218373	0.00248362582685313
chr1:14985097:C:T	1	14985097	-0.280097817847779	0.235951260527006	0.235188050528026
chr1:15065941:C:T	1	15065941	0.458090731648786	0.303047218197845	0.13063182432724
chr1:20215506:G:C	1	20215506	0.151644427875617	0.182771396773172	0.406711515744376
chr1:20533654:G:C	1	20533654	-0.0399976249740031	0.299008052905978	0.893586254836571
chr1:22009627:T:C	1	22009627	0.214969538505208	0.193023946654673	0.265410645933984
chr1:22126221:C:T	1	22126221	0.0062979161991614	0.168829949031724	0.970243165043033
chr1:23180575:A:G	1	23180575	0.338246711520469	0.155106816695268	0.0292030954129036
chr1:26058659:G:C	1	26058659	-0.1266834336293	0.215310038059561	0.556279398853979
chr1:26181362:A:G	1	26181362	-0.333831207420442	0.291239464381377	0.2516946061119
chr1:26848285:C:T	1	26848285	-0.00520449366485088	0.382316486008155	0.98913869257183
chr1:28670719:C:T	1	28670719	-0.130888685071498	0.188171540239685	0.486690812518477
chr1:29753056:A:C	1	29753056	-0.00968093930455384	0.170572398530572	0.954739880704972
chr1:29908726:A:G	1	29908726	0.456895669057771	0.182420842365926	0.0122581535091594
chr1:31886486:G:T	1	31886486	-0.104501149212925	0.190982055230663	0.584256556206279
chr1:37838865:C:T	1	37838865	-0.0163811101698647	0.261070743581019	0.949968872694497
chr1:39880059:T:C	1	39880059	0.0766942485282759	0.173472139637372	0.658407602583619
chr1:41597921:C:T	1	41597921	-0.300897157837878	0.365936823746003	0.41092591237962
chr1:42635725:A:G	1	42635725	0.102984638216561	0.312361396182807	0.741628865179399
chr1:43202709:G:A	1	43202709	0.155841949193889	0.217395210738729	0.473460433051634
chr1:47498869:G:A	1	47498869	-0.138226422730364	0.188843243815175	0.464190648997264
chr1:51034150:G:A	1	51034150	-0.0771330593935762	0.290928648573703	0.79091157652565
chr1:54900240:G:A	1	54900240	0.236248140220558	0.156501610035175	0.131156436396693
chr1:55459433:C:T	1	55459433	-0.0306190013409287	0.265462158274327	0.90817385498972
chr1:56563907:C:T	1	56563907	0.339558459150865	0.282319397769479	0.229074719345936
chr1:65351414:T:A	1	65351414	0.198089598315571	0.164716370729801	0.22912717336342
chr1:66254178:T:A	1	66254178	0.387415361207372	0.222401319235809	0.0815145317155654
chr1:73302339:T:C	1	73302339	-0.12386145260646	0.180000313993306	0.491378488284035
chr1:73563666:T:C	1	73563666	-0.206529567598177	0.29410211845863	0.482530996856787
chr1:76062379:T:C	1	76062379	0.04609931466151	0.176944507994381	0.794455143071541
chr1:86928231:G:T	1	86928231	0.0974112169134732	0.185105681485038	0.598716949922714
chr1:88611347:G:A	1	88611347	-0.173974070285555	0.191359166734358	0.363271273168036
chr1:91057167:C:A	1	91057167	0.193037903579681	0.255045003415928	0.449123070803893
chr1:91093925:G:A	1	91093925	0.16683463125023	0.203626439870808	0.412605499066877
chr1:92475800:A:G	1	92475800	-0.109869993638444	0.186168109964901	0.555079706784052
chr1:94752415:G:A	1	94752415	-0.0747142510983473	0.214490839819933	0.727590066537448
chr1:95614324:G:A	1	95614324	0.192911697681201	0.296240745898142	0.514917991802709
chr1:99691102:T:C	1	99691102	-0.16031629705611	0.201627758079436	0.426549372980019
chr1:104937367:T:A	1	104937367	-0.270940729367227	0.210671453790558	0.198414503776069
chr1:153704237:C:A	1	153704237	0.183994103707663	0.157591535232062	0.242993177195335
chr1:155857667:G:T	1	155857667	0.22415208750936	0.344200774792666	0.514901370836782
chr1:157334223:T:C	1	157334223	0.0183828233701043	0.333103235438157	0.955989832163231
chr1:159540226:C:T	1	159540226	-0.0874075112368871	0.185063392863555	0.636704684620525
chr1:165647351:T:C	1	165647351	0.0643924727935516	0.195690366324852	0.742115741547064
chr1:167545338:A:T	1	167545338	0.10884881186435	0.319821838407631	0.733598973271733
chr1:168863629:G:A	1	168863629	-0.231588159101001	0.254101752927921	0.362085023653575
chr1:171350391:G:A	1	171350391	-0.11112187901536	0.194717635551813	0.568215120361804
chr1:173013575:C:G	1	173013575	-0.0665438445082945	0.190381381536432	0.726692082529831
chr1:178947344:C:A	1	178947344	0.20604595336814	0.265954780902257	0.438492984409864
chr1:185127444:C:G	1	185127444	-0.580801947833224	0.35201611940078	0.0989572586611805
chr1:185619557:C:T	1	185619557	0.165561324147575	0.333224658452909	0.619297684591463
chr1:186638909:G:T	1	186638909	0.0387549217614083	0.213164760014429	0.85573391019073
chr1:188272062:T:C	1	188272062	-0.356478681958404	0.22603744154714	0.114777572822028
chr1:193365737:C:T	1	193365737	0.0423297593449381	0.176331221897227	0.810285122463596
chr1:193791070:G:T	1	193791070	-0.0712418870023019	0.369445300298731	0.847088398506734
chr1:195033388:T:C	1	195033388	0.44923169623531	0.219761170330933	0.0409356302414168
chr1:195907914:A:G	1	195907914	0.456030257151834	0.211808117196261	0.0313159399917253
chr1:196692375:G:C	1	196692375	0.179540769753768	0.174452499378083	0.3034011678781
chr1:197559019:A:G	1	197559019	-0.064511270038022	0.243446896830465	0.791016289327887
chr1:199160726:G:A	1	199160726	-0.205517722799874	0.231722263048177	0.375125195270751
chr1:204277152:T:C	1	204277152	0.377101179465076	0.206355977736682	0.0676350874648768
chr1:207498131:C:T	1	207498131	0.158443459879055	0.230654594340933	0.492127115826584
chr1:208744577:C:T	1	208744577	0.063905953144625	0.335880018945351	0.849102082022214
chr1:210496535:G:A	1	210496535	-0.63611752461826	0.263701665980631	0.0158538816458044
chr1:212937214:T:G	1	212937214	-0.400878559182581	0.169386553842662	0.0179499355952091
chr1:219750864:A:G	1	219750864	-0.0395064481033786	0.205557378867281	0.847591948035356
chr1:221920463:G:A	1	221920463	-0.421678129876889	0.285570555364385	0.139778526423567
chr1:227462684:A:G	1	227462684	-0.327232514046352	0.269625250738351	0.224878814400596
chr1:234456961:G:A	1	234456961	-0.0275791596684707	0.244354749956884	0.910137387618811
chr1:237308322:A:G	1	237308322	0.13796060634234	0.16795240725754	0.411403210458169
chr1:239000642:T:C	1	239000642	-0.557117303379462	0.36399779826401	0.125880325585049
chr1:242239801:C:T	1	242239801	0.722581835249807	0.358418338569648	0.0437969228268505
chr1:244583991:C:T	1	244583991	0.317024788329354	0.188698715805559	0.0929460302447345
chr1:246213578:G:A	1	246213578	0.00595028509864468	0.332709786829759	0.985731145505835
chr1:247190028:T:C	1	247190028	0.179996818116538	0.258478052080521	0.486196038701402
chr1:247897239:C:T	1	247897239	-0.273899063150224	0.258406692959034	0.289165781771159
chr2:3248328:A:G	2	3248328	-0.16662173564144	0.17951030947259	0.353303064818649
chr2:4505759:T:G	2	4505759	-0.0680811621051459	0.427847926709142	0.87357064839813
chr2:6804400:G:A	2	6804400	-0.413784609701281	0.277995552012363	0.136630239328868
chr2:9411790:A:C	2	9411790	0.35990463183843	0.217634991343034	0.0981869446014464
chr2:12096367:C:T	2	12096367	-0.219807122530599	0.327604597696489	0.502250792278903
chr2:13545005:C:T	2	13545005	0.259084945383809	0.183340961273152	0.157616970211891
chr2:16009716:A:G	2	16009716	-0.135551179037885	0.17359920751454	0.434903470193453
chr2:16367899:A:T	2	16367899	-0.177202722839446	0.161167939499585	0.27155389292677
chr2:17630111:A:C	2	17630111	0.476298322847249	0.218511211785352	0.0292765041450593
chr2:17928966:C:G	2	17928966	0.160624811655786	0.205552327991092	0.434549472159372
chr2:18261494:A:T	2	18261494	0.18732140576464	0.196727529909704	0.341002128965706
chr2:19530615:T:C	2	19530615	-0.113844016283954	0.205783847014698	0.58011185373867
chr2:19562158:T:C	2	19562158	-0.397632106098863	0.255639639751397	0.119841327968973
chr2:27383116:G:A	2	27383116	0.0658985353142493	0.174451545796847	0.705618603556996
chr2:37762298:C:T	2	37762298	-0.162018320139378	0.221719950841735	0.464941606362381
chr2:42010994:T:A	2	42010994	0.301588802874027	0.206928857447207	0.14499175102112
chr2:45824390:C:G	2	45824390	0.279347941585081	0.237315047987582	0.239148198158822
chr2:46742820:T:C	2	46742820	0.667486254681554	0.295779484450085	0.0240266805421648
chr2:49789441:T:C	2	49789441	-0.222902835171167	0.273189340145857	0.414541309884886
chr2:49994518:G:A	2	49994518	0.113746507919496	0.17656248197216	0.519427547839304
chr2:51284042:G:A	2	51284042	-0.284326248442905	0.196356689881246	0.1476145417147
chr2:51344078:G:A	2	51344078	-0.0245220507255958	0.189503995050812	0.897040171642552
chr2:57278002:C:A	2	57278002	0.245173576692464	0.199759936784996	0.219694421372917
chr2:57368273:A:G	2	57368273	0.00926970288514638	0.248908387462708	0.970292509640374
chr2:60075157:T:C	2	60075157	-0.0156508721686375	0.358355714269871	0.965164164991413
chr2:60373837:A:G	2	60373837	0.146931732089123	0.275625364265699	0.593974780246211
chr2:61147014:T:C	2	61147014	0.245997378876744	0.186215411485142	0.186489152216536
chr2:61693274:A:G	2	61693274	0.231366161474876	0.181620809636788	0.202700005788844
chr2:65295480:C:T	2	65295480	0.0144757154680353	0.225345773815548	0.948780884014027
chr2:66031496:T:C	2	66031496	0.241132561968302	0.189174976503764	0.202431882186524
chr2:69165635:T:C	2	69165635	0.0908486868259917	0.204110204287009	0.656250197613544
chr2:71204755:G:A	2	71204755	-0.0214966563730758	0.301872681481244	0.943229824663545
chr2:72022684:A:G	2	72022684	0.00499406858803364	0.331795679289102	0.987990983549987
chr2:76651386:C:A	2	76651386	-0.0982672848172816	0.193253149987269	0.611109784482827
chr2:79784490:C:G	2	79784490	0.23596919235514	0.225031086482659	0.294358992176258
chr2:82619301:T:C	2	82619301	0.0014563023235451	0.273483521298215	0.995751277287383
chr2:83400799:T:A	2	83400799	-0.330492263198432	0.250232867186659	0.18658846344991
chr2:85744328:G:A	2	85744328	-0.0257870819825113	0.224004297832982	0.908351043571062
chr2:85757440:T:A	2	85757440	0.0896432333129226	0.189396082827541	0.635991375856281
chr2:99811694:T:C	2	99811694	0.114939322716721	0.173401424817174	0.507425931692617
chr2:101228073:A:C	2	101228073	-0.12164417218153	0.178446712082224	0.495439128079481
chr2:106861882:T:C	2	106861882	-0.255883571575101	0.469725500791833	0.585924585315453
chr2:108083619:T:C	2	108083619	0.59949638974115	0.205734950845685	0.00356914681132969
chr2:114129906:T:C	2	114129906	-1.09596994777614	0.43183241178008	0.0111503265704301
chr2:118004610:C:T	2	118004610	0.33902002243864	0.160389873749467	0.0345387957711044
chr2:119455921:A:G	2	119455921	0.0762158832346531	0.193583000556748	0.693793936641985
chr2:120644763:G:A	2	120644763	-0.195319130610005	0.175383856325445	0.265422273344609
chr2:120916837:A:G	2	120916837	0.583566916081787	0.202164137406715	0.00389429480265391
chr2:122628686:C:A	2	122628686	-0.244103585359898	0.306881703877723	0.426362142090664
chr2:122629789:A:C	2	122629789	-0.126826642207501	0.268847955647738	0.63711156545346
chr2:126391403:A:G	2	126391403	-0.0309802683753838	0.368467952326629	0.932993941705617
chr2:127192867:G:A	2	127192867	-0.0465698460323866	0.169568576257317	0.7835949514982
chr2:130915743:C:T	2	130915743	-0.235830280978937	0.172865166355582	0.172490757021689
chr2:136507185:G:C	2	136507185	0.138306207728335	0.16775393637941	0.409678921026333
chr2:141023592:C:T	2	141023592	-0.0336157669678837	0.219873988443264	0.878487773456664
chr2:143017176:T:C	2	143017176	-0.378428658671582	0.383612393450229	0.323894166527873
chr2:143920023:G:T	2	143920023	0.0400908024557292	0.225981562531493	0.859188391682356
chr2:144729333:C:T	2	144729333	0.293032855829814	0.18149938428419	0.106416509334982
chr2:148561010:G:C	2	148561010	-0.0621667535705315	0.224675035925667	0.782013304870499
chr2:154835349:G:T	2	154835349	-0.711760232178287	0.32727519211333	0.0296446158866965
chr2:164974626:C:A	2	164974626	-0.0453462604336709	0.243806920035798	0.852450636864275
chr2:167086954:T:G	2	167086954	0.0623281385907147	0.166956896432603	0.708911228805715
chr2:167199229:C:T	2	167199229	0.662606555087586	0.350251752006279	0.05851752270872
chr2:167657344:C:T	2	167657344	-0.132263781969894	0.190013869461971	0.486382264711397
chr2:167884398:C:T	2	167884398	0.0432580315464142	0.31115973348359	0.889432807347393
chr2:168647356:T:G	2	168647356	-0.10890817144641	0.208026381752434	0.600605079119006
chr2:170041677:A:G	2	170041677	0.158048517818941	0.25024365643965	0.527662327051267
chr2:171274449:C:A	2	171274449	0.0987955451855459	0.262690158538132	0.706848846580338
chr2:177787584:G:A	2	177787584	-0.234585135718384	0.254467403277838	0.356597884341198
chr2:179648558:C:T	2	179648558	0.113967897781918	0.336065233489022	0.73451606918232
chr2:180833197:G:A	2	180833197	-0.292393159765712	0.401632211617422	0.466606103206936
chr2:183527028:C:T	2	183527028	0.306444134523178	0.216926683865908	0.157755059982045
chr2:184516924:T:A	2	184516924	-0.121969103248101	0.200162381617499	0.542291955481892
chr2:191922008:C:T	2	191922008	0.294588925040889	0.337357244246959	0.382540215902547
chr2:195817951:G:C	2	195817951	-0.499939722689063	0.373581910015821	0.180820422872176
chr2:197010424:G:A	2	197010424	-0.0889765122249899	0.294145311070042	0.762277267422718
chr2:209101337:G:A	2	209101337	-0.435160951176733	0.162541761939839	0.00742346519702475
chr2:209103516:A:G	2	209103516	-0.297079560798545	0.205119418626	0.147526207951252
chr2:210957182:G:A	2	210957182	0.230410388520157	0.190375553199952	0.226166101730079
chr2:214802180:T:C	2	214802180	-0.205683762039587	0.183961035591236	0.263531417487885
chr2:215209936:A:G	2	215209936	0.277619327367666	0.198132770090528	0.161160777673348
chr2:215367000:G:A	2	215367000	-0.00760312155999108	0.465884477820244	0.986979295675908
chr2:220997842:C:T	2	220997842	-0.179615394770757	0.186261360626123	0.334885948681559
chr2:226027918:G:A	2	226027918	0.291278208714743	0.295419840523259	0.324142670876237
chr2:228947684:G:A	2	228947684	-0.105472069800151	0.208372079798343	0.612736052833826
chr2:233152507:T:C	2	233152507	-0.0905212854352022	0.202303296152965	0.654547770798366
chr2:235620294:A:T	2	235620294	0.277340172485554	0.190891210718967	0.14625976576926
chr2:237288548:A:G	2	237288548	-0.0123372262490788	0.162081286128567	0.939325598145429
chr2:237513585:T:C	2	237513585	0.122279915669796	0.233074852839522	0.599834891901339
chr2:237920759:T:G	2	237920759	-0.0465795737440775	0.17847083191005	0.794098182346384
chr2:240429648:C:T	2	240429648	0.150789789649859	0.179301719924513	0.40035717282963
chr3:10127208:T:G	3	10127208	0.514679478786454	0.26596766262804	0.0529755092917514
chr3:14082905:A:G	3	14082905	0.0798141526027293	0.167021997272113	0.632745501784373
chr3:16798495:T:G	3	16798495	-0.129677047204132	0.214958149722844	0.546331425550375
chr3:18882818:T:C	3	18882818	-0.400633664297132	0.190357200120321	0.0353225257858858
chr3:22245167:A:G	3	22245167	-0.207743302796639	0.200431184631805	0.299977361284248
chr3:24009496:G:A	3	24009496	-0.166341577192838	0.163169199801224	0.307993053725041
chr3:24010534:C:T	3	24010534	0.0555348959485715	0.197061615215972	0.778085458641979
chr3:33111016:C:A	3	33111016	0.221033783823033	0.345116243837577	0.521872391608212
chr3:33421913:A:G	3	33421913	-0.103063816207669	0.160177507866671	0.519941873121664
chr3:34471110:A:G	3	34471110	0.066623213896393	0.166965079866723	0.689874903074682
chr3:34498029:C:T	3	34498029	-0.709615900232231	0.412808918449626	0.0856155322614374
chr3:35230331:G:A	3	35230331	-0.150898115123931	0.238838067533742	0.527516960565093
chr3:41413926:T:C	3	41413926	-0.361571132521676	0.173677857812402	0.0373562339442428
chr3:42098050:T:C	3	42098050	0.375999729061883	0.183134412404328	0.0400594559954617
chr3:46489654:A:G	3	46489654	0.21460083926437	0.161492547943757	0.183894465063525
chr3:56959175:A:G	3	56959175	-0.528612424941706	0.346194236329914	0.12677981258067
chr3:64441608:G:A	3	64441608	-0.215638349077963	0.196194977289996	0.271723450618968
chr3:66150510:T:A	3	66150510	0.205007367722835	0.278736011147396	0.462041523553991
chr3:66995763:G:T	3	66995763	0.0361063985099679	0.193575526900252	0.852034196310675
chr3:68498445:T:C	3	68498445	-0.293455651054065	0.203728479750492	0.149747117709874
chr3:68824246:G:A	3	68824246	-0.120364712519104	0.194502226640446	0.536025309410932
chr3:69021248:A:C	3	69021248	0.0288039900482338	0.196418218274863	0.883411266534562
chr3:69617754:T:G	3	69617754	-0.154450516468067	0.19121066606613	0.41923420979939
chr3:74191731:G:A	3	74191731	0.191906747958028	0.216160016525043	0.374648628448156
chr3:74732240:G:A	3	74732240	-0.0447467378268601	0.18111787340536	0.80486283213171
chr3:75709324:A:T	3	75709324	-0.242639911299955	0.203653873834674	0.233483711037757
chr3:84465702:T:C	3	84465702	0.0909294310735185	0.199348163705154	0.648293781732004
chr3:84817748:G:A	3	84817748	-0.0296566396285295	0.211410514954665	0.888438868184907
chr3:85705423:A:G	3	85705423	0.0132496706897624	0.184091809884382	0.942623261596682
chr3:88069353:C:T	3	88069353	-0.00616791839432193	0.270642019990852	0.981817823825192
chr3:93986190:G:A	3	93986190	0.397087043072923	0.194317502604716	0.0410033610201949
chr3:101022648:G:A	3	101022648	-0.00539597916584896	0.300714357692633	0.985683631906187
chr3:105622159:T:C	3	105622159	0.202818574775421	0.364031371556095	0.577427770515575
chr3:106664728:C:T	3	106664728	-0.0760450536982019	0.283378540435847	0.788428775428799
chr3:110774699:C:T	3	110774699	-0.324624942790614	0.214999846572312	0.131072890161211
chr3:113428518:G:A	3	113428518	0.0632917474362451	0.226884077166242	0.780274962992182
chr3:121058963:T:G	3	121058963	0.0333078404233619	0.29635360771312	0.910512422319465
chr3:122312606:G:A	3	122312606	-0.183198332455422	0.293519520708448	0.532533277821814
chr3:124193435:A:C	3	124193435	-0.165676065241241	0.20106353499115	0.409940370689219
chr3:124804582:A:T	3	124804582	0.622465174965531	0.348490496572534	0.0740708522368967
chr3:126773646:G:T	3	126773646	-0.294352745792765	0.207240648877334	0.155507931436453
chr3:131110446:C:G	3	131110446	0.202733330519612	0.300881971728166	0.500440465639457
chr3:131209978:G:T	3	131209978	-0.480198992664369	0.279739681873847	0.0860536846430927
chr3:133982842:C:T	3	133982842	-0.0535059184259638	0.160318636738805	0.738570224238292
chr3:134929007:C:T	3	134929007	-0.392502192743626	0.347084048846591	0.258115567467109
chr3:137777496:C:T	3	137777496	0.065679861379301	0.311187330633279	0.832838789052393
chr3:146265901:G:T	3	146265901	0.400463164436231	0.230577175660477	0.0824249864598467
chr3:148006706:G:A	3	148006706	1.27315496675607	0.390436018659969	0.00111077103994861
chr3:149679065:C:A	3	149679065	-0.118029827793254	0.187202378449872	0.528371946360587
chr3:150888061:C:A	3	150888061	0.277202054627049	0.3311139036963	0.402491199563126
chr3:152663712:G:C	3	152663712	0.310684886453308	0.227224467138608	0.171530088594944
chr3:159417151:A:G	3	159417151	0.00842561783300466	0.175152595502028	0.961633006276972
chr3:164899350:G:A	3	164899350	-0.576204376697659	0.294309651422505	0.0502515146713851
chr3:168053836:T:C	3	168053836	0.0860781731836895	0.224898523508554	0.70191086379377
chr3:171028381:G:A	3	171028381	0.314630902647916	0.201896471747251	0.119143806162062
chr3:174497130:T:C	3	174497130	-0.229114583000753	0.171322616559536	0.181115498309697
chr3:176663180:T:G	3	176663180	0.120928958613343	0.270486368739765	0.654817531500085
chr3:196706550:C:T	3	196706550	0.269958489921009	0.186655940454859	0.148096074947587
chr4:332191:G:A	4	332191	-0.0829525012360224	0.158740692010431	0.601276250124017
chr4:8816874:T:C	4	8816874	0.0942955982713152	0.22102075371264	0.669643852782794
chr4:9851274:C:G	4	9851274	0.188969853843957	0.213351536478148	0.375768097412316
chr4:10725805:A:G	4	10725805	0.0685339414230144	0.233944988755328	0.769561164057592
chr4:13219910:C:T	4	13219910	0.144335851902083	0.218649063167572	0.509173208543561
chr4:18747099:A:G	4	18747099	0.0230562055137605	0.174440559037614	0.894848030167916
chr4:20840555:C:T	4	20840555	-0.00949588754190205	0.179260953195289	0.957753877881146
chr4:21137718:C:T	4	21137718	-0.236634443099574	0.195802101923505	0.226840069369594
chr4:26851610:T:C	4	26851610	-0.0330104146485764	0.22526327718346	0.883493944853411
chr4:32302160:A:T	4	32302160	-0.10279437056824	0.3140235659895	0.7434061744719
chr4:34501888:A:G	4	34501888	0.200358517370048	0.406415690759783	0.62202026866703
chr4:40603484:A:G	4	40603484	-0.0472654218103883	0.196774138571619	0.810174135333121
chr4:41002348:C:T	4	41002348	0.0672223369786725	0.251735885838994	0.789442076405216
chr4:44018406:T:G	4	44018406	0.175576353153866	0.200760007304601	0.381814224642519
chr4:44680448:T:C	4	44680448	-0.0180681926141911	0.198026498313545	0.927300869277438
chr4:55337032:C:T	4	55337032	-0.0347825459094511	0.17945618128535	0.846315304047026
chr4:55659669:G:A	4	55659669	-0.0538054576214128	0.223340297374907	0.809622974680073
chr4:56719096:C:T	4	56719096	0.135612248975312	0.22192221534208	0.541146555100147
chr4:58944563:C:T	4	58944563	-0.717528616666475	0.536285318250429	0.180909286597326
chr4:61158247:C:G	4	61158247	0.0262706255033605	0.190202440046197	0.890146142635377
chr4:64485722:G:A	4	64485722	-0.207432109509995	0.293215919285831	0.479294274106626
chr4:67708732:C:T	4	67708732	0.174415122896187	0.193094321062939	0.366385869313512
chr4:67911021:C:T	4	67911021	0.168795034857509	0.188312483923007	0.370062630715581
chr4:90022599:G:T	4	90022599	0.00746669261419281	0.166559788021166	0.9642436868233
chr4:95020597:A:T	4	95020597	0.0103902442119433	0.456966361389825	0.981859712513719
chr4:95433170:T:C	4	95433170	-0.0396887688275707	0.219176670853824	0.856303861440512
chr4:97398054:G:A	4	97398054	0.0322207008279628	0.167750852626188	0.847683663741825
chr4:98823404:T:C	4	98823404	-0.493569527458803	0.283254056265558	0.0814214022707292
chr4:99262681:C:G	4	99262681	-0.310935472011767	0.20402724438974	0.127511219247088
chr4:99355957:G:T	4	99355957	-0.0336679905354623	0.160785579730223	0.834138468033409
chr4:101085120:T:C	4	101085120	0.19188813798589	0.171528359285554	0.26326973141003
chr4:102399971:C:T	4	102399971	0.0628543190081326	0.194846037047939	0.747009904464885
chr4:102884286:T:C	4	102884286	-0.219671732103883	0.173053292567846	0.204302798109588
chr4:105992845:C:T	4	105992845	-0.231016331447878	0.171344902170891	0.177576923700269
chr4:108791253:G:A	4	108791253	-0.0453951373530074	0.221529958131507	0.837637385889492
chr4:110957298:T:A	4	110957298	-0.170680517139283	0.20420437205084	0.403249508446662
chr4:113348012:C:T	4	113348012	-0.178177338914334	0.249479197489451	0.475105261403301
chr4:115515844:A:G	4	115515844	-0.538100929044997	0.339299874199922	0.112758479624907
chr4:115522695:G:A	4	115522695	-0.247524237915554	0.189024348431561	0.190370672478927
chr4:120770744:A:C	4	120770744	-0.0253960100263609	0.186848527102014	0.891886393629643
chr4:123964831:A:G	4	123964831	0.153096432177022	0.250717716516029	0.541442779962633
chr4:125256344:T:C	4	125256344	0.256394256211009	0.322776903327935	0.426998153156667
chr4:126268710:T:G	4	126268710	0.34627509161743	0.214689750771329	0.106764218474475
chr4:134094420:T:C	4	134094420	-0.297367091753825	0.300093343471969	0.321726930524759
chr4:134350906:C:T	4	134350906	0.157503346700356	0.181041419130404	0.384308518043755
chr4:138952375:G:A	4	138952375	-0.181609419609281	0.171137170547037	0.288602592384099
chr4:141012527:T:G	4	141012527	-0.258893665249316	0.328525362788517	0.43066878974324
chr4:141618953:G:A	4	141618953	0.410695555090512	0.255509977108269	0.107976244552524
chr4:143626434:A:G	4	143626434	0.273104648370159	0.42918699921622	0.524561226002081
chr4:149616644:T:G	4	149616644	-0.0229470844530204	0.225542619247921	0.918961719829186
chr4:154030957:C:G	4	154030957	-0.0183797328146677	0.24420786816742	0.940005733241706
chr4:168588553:A:C	4	168588553	0.00605017780545575	0.317535097755001	0.984798368980998
chr4:171334248:A:T	4	171334248	-0.200003604220417	0.308524625891383	0.516817994916305
chr4:171974219:A:G	4	171974219	0.292984305911445	0.184982871527813	0.113228860948319
chr4:176312841:C:T	4	176312841	0.211985051355177	0.19813777779969	0.284670132894406
chr4:179329624:T:G	4	179329624	-0.187082030624608	0.201460401176404	0.353081233728467
chr4:183032183:A:G	4	183032183	-0.111906953131489	0.184158735778039	0.543409194680403
chr4:184991673:A:G	4	184991673	-0.236643352783818	0.173069057401393	0.171520374494518
chr4:189912372:C:T	4	189912372	0.0360657439442712	0.175835598578999	0.837485720146745
chr5:5313703:A:G	5	5313703	-0.0426841036924025	0.195839367910285	0.827464434841335
chr5:7364955:T:A	5	7364955	-0.0680413109711185	0.277111060164072	0.806039845502073
chr5:8067079:G:C	5	8067079	0.171045980708281	0.216687050930338	0.429896530720772
chr5:13911296:G:T	5	13911296	-0.554559938711311	0.219609495730755	0.0115629404456719
chr5:15621966:C:G	5	15621966	-0.377363473478411	0.229299183144583	0.0998203218961207
chr5:15997511:T:A	5	15997511	0.417052289801469	0.384305905841037	0.277829027505311
chr5:17902851:T:C	5	17902851	-0.00911371598154095	0.265305830269779	0.972596669403792
chr5:20719353:A:C	5	20719353	0.0870666834611114	0.214336439372907	0.684584610484033
chr5:20732163:G:T	5	20732163	-0.0211961611341824	0.197807902678962	0.914665792733772
chr5:21913130:A:C	5	21913130	0.258856333856356	0.195218541254659	0.184845554322672
chr5:23787194:A:C	5	23787194	0.0671527790159461	0.165120924660534	0.684236797451668
chr5:23895775:T:G	5	23895775	-0.294857714673648	0.180649308919362	0.102635131126726
chr5:33466391:T:A	5	33466391	0.536969649802907	0.19468206482206	0.00581228376851106
chr5:33624899:A:G	5	33624899	-0.173510681779138	0.312766146698811	0.579057661821794
chr5:39550509:T:G	5	39550509	0.324173258832234	0.162879620881789	0.0465619878437084
chr5:39634108:G:A	5	39634108	-0.0527406824500697	0.199875339205882	0.791881725095018
chr5:39978357:G:A	5	39978357	0.353536190824687	0.177250816561249	0.0460916276016109
chr5:40238036:C:A	5	40238036	-0.6801264674943	0.328963727903375	0.0386887925250878
chr5:44011742:G:T	5	44011742	0.327865748818607	0.229161056058119	0.152509925008713
chr5:50222627:G:A	5	50222627	-0.171889558248014	0.320517298326114	0.591759571567906
chr5:54814079:C:T	5	54814079	0.327042958525072	0.198980862723673	0.100260918493331
chr5:66989845:C:A	5	66989845	-0.181235257345965	0.165089286402528	0.272291199887792
chr5:66992139:G:A	5	66992139	0.0642756328082169	0.193193856905805	0.739360606468143
chr5:73076502:T:C	5	73076502	-0.130130300967616	0.211910793797284	0.539162087321983
chr5:76998986:C:A	5	76998986	0.299676657583064	0.173273948143342	0.0837203025748882
chr5:77675144:G:C	5	77675144	-0.032939229829774	0.301262134056533	0.91293485354689
chr5:80530472:T:A	5	80530472	0.0426122564217576	0.309915624547418	0.890638505068832
chr5:81710558:G:T	5	81710558	-0.229210820566091	0.171527272047805	0.181453280510889
chr5:82792281:C:G	5	82792281	0.0759521359414932	0.235011713378902	0.746555541806734
chr5:84879932:A:G	5	84879932	-0.188882754253066	0.1927129052479	0.327024373969849
chr5:85476293:A:G	5	85476293	-0.0403317619192324	0.282443587462218	0.886451443318504
chr5:85809583:T:C	5	85809583	-0.146381114664241	0.161700537003536	0.365327378580066
chr5:92192959:A:T	5	92192959	-0.285250480808228	0.225403675748885	0.205688764448002
chr5:94648523:C:G	5	94648523	0.617573512083298	0.226414090814564	0.0063791418737742
chr5:98024666:G:A	5	98024666	-0.050197880699434	0.193497053132424	0.795307710644729
chr5:101328324:T:C	5	101328324	-0.0804123984437363	0.286426118962162	0.778906800804883
chr5:101825779:A:C	5	101825779	-0.0494529780474361	0.193547865599084	0.798330965005077
chr5:106773905:G:A	5	106773905	-0.282053302675792	0.17618337384864	0.109397385434966
chr5:110045491:C:T	5	110045491	0.0803691142575241	0.382097629316211	0.833404975497991
chr5:114915760:G:T	5	114915760	-0.274933182435579	0.259020699772799	0.28849305420462
chr5:115102683:A:G	5	115102683	0.0786725190644554	0.193180374143041	0.683825097678517
chr5:117238479:G:A	5	117238479	-0.325061953093174	0.195017549768505	0.0955473455589921
chr5:121740415:G:T	5	121740415	0.00868519767899986	0.190197506663768	0.963577979188829
chr5:137227416:A:T	5	137227416	-0.209746187550106	0.25272128353356	0.406566699568548
chr5:137406489:C:T	5	137406489	0.0813342500551113	0.22935637385317	0.722874641233596
chr5:140638650:G:A	5	140638650	0.162461450340207	0.182030426851119	0.372127069587441
chr5:142682003:T:C	5	142682003	-0.0854228490634294	0.19440494563757	0.660366822566431
chr5:144183699:A:G	5	144183699	-0.0598519025307601	0.237793424935434	0.801275240732426
chr5:145690757:G:T	5	145690757	-0.107804831957609	0.287719526475786	0.70789309165128
chr5:147282093:C:T	5	147282093	0.301118017495855	0.241829872492333	0.213071220151233
chr5:148033208:G:T	5	148033208	-0.231795008719455	0.311358433579401	0.456596077199531
chr5:151763317:T:C	5	151763317	0.0251312352396242	0.213482045217605	0.906289040912446
chr5:153541577:C:T	5	153541577	-0.223278661081067	0.248693350648746	0.369288387768852
chr5:164252995:G:C	5	164252995	-0.114851456875478	0.268077426683525	0.668340680258819
chr5:168245100:T:C	5	168245100	-0.0743311199564225	0.166775558124015	0.655817197432408
chr5:169455657:C:T	5	169455657	-0.113576531917656	0.170071714289623	0.504251352443148
chr5:169808985:G:C	5	169808985	-0.300687478733047	0.265338155907933	0.257120336675109
chr5:172672695:T:C	5	172672695	0.283969969145168	0.246523210386276	0.249362363124473
chr5:173346700:A:C	5	173346700	-0.0373388516232186	0.238715885264283	0.875705563000767
chr5:177122146:G:C	5	177122146	0.413264337022715	0.365172321796887	0.257761940016809
chr6:1084246:G:A	6	1084246	-0.0434441171454367	0.377954728167846	0.908488484000915
chr6:3041612:C:A	6	3041612	0.0150138757568611	0.15189218879056	0.921260855805241
chr6:3673174:A:G	6	3673174	-0.468181894003331	0.285634472473544	0.101193579483524
chr6:3786319:G:C	6	3786319	0.139654804403411	0.215430099454598	0.516816536135513
chr6:6090729:G:T	6	6090729	-0.457222806343021	0.265332553749774	0.0848511716406194
chr6:6354181:A:T	6	6354181	0.0863239537016411	0.191087488726239	0.651448412366898
chr6:6456261:T:C	6	6456261	0.0412918443931554	0.21364089252815	0.846742134790167
chr6:7642514:C:G	6	7642514	-0.0691731998303921	0.181784777243454	0.70355758998052
chr6:12212257:G:A	6	12212257	-0.183987519044085	0.343064598915965	0.591747253230112
chr6:21494280:T:C	6	21494280	0.307806364897689	0.451574563993216	0.495473507729694
chr6:23163726:T:C	6	23163726	0.3241776394409	0.28514763135536	0.255589919806471
chr6:23344439:T:A	6	23344439	0.0867795750633868	0.181534075692686	0.632625556057829
chr6:24077828:C:T	6	24077828	-0.00606988503193162	0.335111234853886	0.985548670885098
chr6:26287827:G:A	6	26287827	-0.765250834180072	0.238269344918835	0.00131949815514809
chr6:27261142:G:T	6	27261142	-0.202324436421015	0.386355760601858	0.600505356708722
chr6:31108549:A:G	6	31108549	-0.196094579925083	0.186440080435375	0.292898941148765
chr6:31845997:T:C	6	31845997	-0.167734075069406	0.224938397874504	0.455855342922077
chr6:32660000:G:C	6	32660000	-0.0426773086680475	0.259539518047708	0.869388930855346
chr6:33148933:A:G	6	33148933	-0.0657599525360372	0.181919958529114	0.717742601108906
chr6:37400014:G:T	6	37400014	0.222376721657816	0.186145438411617	0.232227850228427
chr6:39124093:C:T	6	39124093	-0.00792407110575503	0.201151561993977	0.968576634201142
chr6:45195864:C:T	6	45195864	-0.256358165705086	0.218970225265612	0.241701531261712
chr6:46738257:G:A	6	46738257	-0.304028812841079	0.201804159279599	0.131925080039601
chr6:47717919:C:A	6	47717919	-0.0645491774098162	0.190758742229237	0.735075918707292
chr6:48859012:C:A	6	48859012	0.0307851890537987	0.273612145370167	0.910415892638899
chr6:49860743:T:G	6	49860743	0.386886137885756	0.240126968027282	0.107141975166583
chr6:53292416:C:G	6	53292416	-0.244896170774162	0.159053211059937	0.123630519755806
chr6:54457248:C:T	6	54457248	-0.177039922576108	0.315090820793614	0.574204934115524
chr6:57513520:G:A	6	57513520	-0.466931458290851	0.464237846860944	0.314510717832643
chr6:67461006:G:C	6	67461006	0.406856055894324	0.236787756963106	0.0857544958180608
chr6:69504128:A:G	6	69504128	-0.27623919783243	0.212659820093615	0.193953464223531
chr6:81137001:T:C	6	81137001	-0.0513898268535153	0.206393124885297	0.803368506640162
chr6:84758749:C:T	6	84758749	0.0169356748192707	0.226425561730752	0.940377205397993
chr6:86667874:G:T	6	86667874	0.128168166961658	0.444225853009205	0.772948509948431
chr6:87387916:G:T	6	87387916	-0.325698481614953	0.183584057191944	0.0760448039503204
chr6:88566465:G:A	6	88566465	0.0486561230410938	0.185700195392144	0.793310349602284
chr6:93273487:T:C	6	93273487	-0.0386010288462037	0.232713741258892	0.868256549559485
chr6:97788153:C:A	6	97788153	-0.0537972574976034	0.282654300202314	0.849051476649231
chr6:98771646:C:T	6	98771646	-0.38729729822192	0.324311668065023	0.232394552815171
chr6:104918249:A:G	6	104918249	0.0741423316151625	0.195671646512752	0.704753225365828
chr6:107129138:A:G	6	107129138	-0.133504977213181	0.160120393819238	0.404405688216526
chr6:112187089:T:C	6	112187089	0.0798214369141814	0.165033579535716	0.628621612021112
chr6:118046853:T:C	6	118046853	0.478563091086675	0.174268129401483	0.00603027020377578
chr6:123103197:T:C	6	123103197	0.272808509519933	0.30128513348548	0.365209662230339
chr6:127784009:G:A	6	127784009	0.263491385618386	0.166416352539114	0.113347114343772
chr6:129527930:G:A	6	129527930	0.0572500405787314	0.187022625668311	0.759518677072619
chr6:137254996:T:C	6	137254996	0.238635874315036	0.172474990073167	0.166481895477483
chr6:138165202:C:G	6	138165202	-0.0540993817969437	0.325610134263957	0.868040699959414
chr6:139464917:T:A	6	139464917	-0.178285739160047	0.282036434158463	0.527297188786557
chr6:151547601:G:A	6	151547601	0.0405451197829789	0.206181731025365	0.844103404905541
chr6:152638179:C:T	6	152638179	0.105167149653583	0.185946952464013	0.571681987881129
chr6:153842833:G:A	6	153842833	0.185559241865445	0.216134171119436	0.390595858102501
chr6:156754666:T:G	6	156754666	0.155936067288396	0.307813940946773	0.612441151643243
chr6:160701242:A:G	6	160701242	0.110217694726061	0.260918605394397	0.672717202781405
chr6:160909689:G:C	6	160909689	0.123290366640587	0.27056279225155	0.648619272715715
chr6:161970870:T:G	6	161970870	0.169038074860964	0.338490470013444	0.617506079601558
chr6:162760256:C:T	6	162760256	-0.0582089501556632	0.241321705409201	0.809393190688127
chr6:163629327:G:A	6	163629327	0.0416988223039653	0.20314481372882	0.837363925895241
chr6:167509019:C:T	6	167509019	0.0261112854013257	0.364219398995046	0.94284774774895
chr7:6986920:C:A	7	6986920	0.369849781470713	0.291460110344789	0.204457093236571
chr7:7863676:G:A	7	7863676	-0.497980213342193	0.23876925601195	0.0370137121760784
chr7:8111839:A:G	7	8111839	0.119758493890404	0.179457498110725	0.504557376234388
chr7:9602661:C:A	7	9602661	0.102779397562522	0.225010454319925	0.647831986723886
chr7:10804524:T:C	7	10804524	-0.351388773885395	0.322599230183546	0.276046986469694
chr7:11334355:C:A	7	11334355	0.0146395496152735	0.26787372794123	0.956416559332978
chr7:12476280:G:A	7	12476280	-0.232792561525924	0.220391784882308	0.290846264536164
chr7:12972158:C:G	7	12972158	-0.302464043110436	0.315544490094481	0.337787292863593
chr7:20850990:A:T	7	20850990	0.106450353539433	0.222412307109082	0.63221098669784
chr7:22822020:C:A	7	22822020	0.0635708532483369	0.19529549559968	0.744794276687449
chr7:24140802:T:C	7	24140802	-0.0881504344794685	0.195935249028853	0.65278561711932
chr7:24278575:A:G	7	24278575	-0.487353495082649	0.296006907763026	0.0996760657428714
chr7:24620726:T:A	7	24620726	0.149492672541982	0.171379234384068	0.383049299968308
chr7:24740434:C:T	7	24740434	-0.251017982326237	0.159064387668025	0.114544844540462
chr7:28505993:C:T	7	28505993	0.25770903632309	0.198793095627713	0.194848681861097
chr7:36413989:G:A	7	36413989	-0.136242129344863	0.26204949374563	0.603126366253858
chr7:41157573:G:A	7	41157573	-0.349306522552313	0.516826170256083	0.499124146068711
chr7:43755241:C:T	7	43755241	-0.157757084419105	0.231191997725653	0.49500884608227
chr7:44689517:A:G	7	44689517	-0.185555012342827	0.235102491085245	0.429964980979642
chr7:46192346:C:G	7	46192346	0.0630296221722968	0.204790380474564	0.758252569290371
chr7:46368666:G:A	7	46368666	-1.23512750543548	0.559426431497163	0.0272549981912816
chr7:47748540:G:T	7	47748540	0.0676649492436887	0.383270357766549	0.859864807079959
chr7:48301675:T:C	7	48301675	0.24065530250178	0.192133223219203	0.210371731314635
chr7:51890159:C:T	7	51890159	0.0679183485588598	0.183951165977967	0.711964158580844
chr7:53046603:C:G	7	53046603	0.0214546319425711	0.220707337387586	0.922560808147774
chr7:55663907:C:A	7	55663907	-0.0942093752911406	0.190721478403601	0.621332230176759
chr7:56122201:A:G	7	56122201	0.0703476280181786	0.166305131614273	0.672292815913656
chr7:62910214:G:T	7	62910214	-0.0255124613271817	0.278462953571731	0.927000857889665
chr7:65406204:G:T	7	65406204	-0.297679725480068	0.343410119322483	0.386032717764738
chr7:67766433:G:A	7	67766433	0.148562269790294	0.189018531934557	0.43188700241787
chr7:68433432:T:C	7	68433432	-0.26527923237625	0.211480624767954	0.209700197070984
chr7:71020152:T:G	7	71020152	-0.711191928067068	0.274771497743102	0.00964500618056108
chr7:71553830:T:C	7	71553830	-0.372530838280386	0.207805454887612	0.0730224468371767
chr7:78390279:T:G	7	78390279	-0.0431604972866553	0.183325162175329	0.813873926943921
chr7:83524616:A:T	7	83524616	0.208424627255523	0.204937555057565	0.309146155163338
chr7:84786535:C:A	7	84786535	-0.108765943789258	0.185750262362555	0.558178399707975
chr7:86620755:G:A	7	86620755	-0.394058696222253	0.237167155081644	0.0966084423703881
chr7:89207269:G:A	7	89207269	-0.168245249202352	0.210361153501397	0.423831094313604
chr7:91097147:A:G	7	91097147	0.0307307905997755	0.200940486586518	0.878449702199636
chr7:96212691:T:C	7	96212691	0.0915030277399996	0.363539327002976	0.801272576100646
chr7:103095283:G:A	7	103095283	0.422884450716277	0.259758292045838	0.103526558152384
chr7:104663551:G:A	7	104663551	0.0635652928603513	0.354244629197871	0.857593031035004
chr7:113434486:A:C	7	113434486	0.184975227246917	0.205770131278884	0.36868403689464
chr7:113749820:G:A	7	113749820	0.0515247454097006	0.158638169738401	0.745336891853454
chr7:117145973:C:G	7	117145973	-0.158455730832103	0.192680501511052	0.410863197933312
chr7:119808046:G:A	7	119808046	0.0194295727113357	0.221002686720651	0.929943797503273
chr7:122582926:C:G	7	122582926	0.209890429670655	0.246519166199335	0.394538155377915
chr7:124802410:A:T	7	124802410	0.0478402020114843	0.164191286290951	0.770769348584098
chr7:129047886:A:G	7	129047886	-0.213472012671551	0.271079009284318	0.4309950721664
chr7:131384702:T:A	7	131384702	-0.0370992326905297	0.172474251325344	0.829689257936368
chr7:136870573:G:A	7	136870573	-0.197445148971775	0.24912354914629	0.428034715354286
chr7:142873374:T:C	7	142873374	-0.227395506744769	0.293105614136272	0.43785867986196
chr7:143187070:C:T	7	143187070	0.391716410584702	0.306760724240821	0.201621852446569
chr7:145116884:A:G	7	145116884	-0.44893557776983	0.25481464123209	0.0781010101589901
chr7:149242006:T:C	7	149242006	-0.189321652520128	0.162381207077795	0.243651384820003
chr7:153502245:G:A	7	153502245	-0.219722088428426	0.153503610032602	0.152321167191786
chr7:153952270:G:A	7	153952270	0.310410367667519	0.169170480973815	0.0665209876303617
chr7:154426289:T:C	7	154426289	-0.127246056416262	0.290073208560815	0.66090156208804
chr7:156975524:A:T	7	156975524	0.0964475883145954	0.208006670587577	0.642880282770671
chr7:157677820:C:T	7	157677820	0.479412090845052	0.318132514581196	0.131821622195159
chr8:276778:A:T	8	276778	0.339373549117176	0.174368602092387	0.0516187556912668
chr8:1102873:G:T	8	1102873	0.212131124009284	0.188590221136128	0.26066290956482
chr8:8710521:T:C	8	8710521	-0.404351953381829	0.198135436796239	0.0412721389356498
chr8:9029509:T:C	8	9029509	0.6372784203204	0.258614350802037	0.0137318075667046
chr8:9109096:A:G	8	9109096	0.362227345994573	0.219629394043779	0.0990931017482475
chr8:9827297:A:G	8	9827297	0.196016659230035	0.306149769804494	0.522001017071447
chr8:10675470:T:G	8	10675470	-0.0926185592397418	0.3358778754813	0.78273955181089
chr8:13032868:C:A	8	13032868	0.146969073239194	0.304856250599222	0.629739861736533
chr8:14391498:A:G	8	14391498	-0.307994962510797	0.373417389015328	0.409484690419273
chr8:16627132:C:G	8	16627132	0.107226193572916	0.429317534741616	0.802773232143104
chr8:17129593:A:G	8	17129593	-0.105402204328906	0.305591901464789	0.730160798493177
chr8:20741226:C:T	8	20741226	-0.22684390500997	0.196828320865397	0.249117202912015
chr8:23115837:G:A	8	23115837	-0.00902209890609725	0.332815576966105	0.978373272310038
chr8:25783762:T:C	8	25783762	-0.299261693357891	0.223088177873382	0.179774309988356
chr8:27010051:G:C	8	27010051	0.201856624386197	0.27771284920949	0.46731555539013
chr8:27022227:G:T	8	27022227	0.118785057919754	0.205288173547884	0.562841612480507
chr8:28150898:A:G	8	28150898	-0.0814090042394905	0.203736961126608	0.689466651470236
chr8:28528484:G:T	8	28528484	-0.0831614231119919	0.198415611477755	0.675123013031266
chr8:29917542:C:T	8	29917542	0.423525513483488	0.295653248499387	0.151998616210063
chr8:37085597:G:A	8	37085597	0.0683366489197405	0.208695942684448	0.743330589230204
chr8:41788192:C:T	8	41788192	-0.330795401044549	0.226149256452706	0.143541153814661
chr8:42055528:T:G	8	42055528	0.318859156025433	0.319032367760236	0.317573324748316
chr8:50763512:C:T	8	50763512	0.544241117367664	0.316063438110402	0.0850810525052631
chr8:51570259:T:G	8	51570259	0.524383665812554	0.462117717169256	0.256484084198577
chr8:53142705:G:A	8	53142705	0.0902757070264108	0.207243940175828	0.663126107018174
chr8:60609620:T:A	8	60609620	0.424862309347916	0.390036035482102	0.276026070618968
chr8:61304314:G:C	8	61304314	-0.358540250090819	0.189839414993256	0.0589387149856059
chr8:61926940:A:T	8	61926940	0.0348538457696008	0.171225618788284	0.838701193410437
chr8:63445672:G:A	8	63445672	-0.0158598621684497	0.224058677811165	0.94356933668212
chr8:65343369:C:A	8	65343369	0.18806603019847	0.230779066037068	0.415119211222649
chr8:65418628:G:T	8	65418628	0.0335263427436627	0.179683445040868	0.851985560877805
chr8:71273350:T:A	8	71273350	-0.121871978329363	0.200978129752068	0.544252998772184
chr8:72033005:T:C	8	72033005	0.367505713900974	0.281302618674227	0.191402099762374
chr8:72065200:T:A	8	72065200	0.0112892346946502	0.188994535099165	0.952368186764888
chr8:73211475:T:C	8	73211475	0.391402791471051	0.185899100718841	0.0352514396599142
chr8:75992459:A:G	8	75992459	-0.565052753477485	0.556374341803889	0.309820785143019
chr8:79795588:T:G	8	79795588	-0.200820078332102	0.299847606632382	0.503023245428236
chr8:86323708:T:C	8	86323708	0.0178601438155302	0.164405475763539	0.913492216361845
chr8:89525432:A:G	8	89525432	-0.29687391674656	0.209547754687483	0.156560031283159
chr8:92001032:A:G	8	92001032	0.0923434520742349	0.223607988729702	0.679628393855077
chr8:92645879:A:G	8	92645879	-0.248073187692674	0.312024717146838	0.426588264931635
chr8:95906161:G:A	8	95906161	-0.0371360179434176	0.167610987164661	0.824655831110542
chr8:96365126:C:T	8	96365126	-0.184773915753923	0.170031753986154	0.277168351394146
chr8:97430280:G:A	8	97430280	0.401330143008224	0.320608661466329	0.210651594138809
chr8:98002322:C:T	8	98002322	0.140137010809855	0.175361626861695	0.424214130164653
chr8:98018653:A:G	8	98018653	0.330012222852532	0.326310271950118	0.311851392651481
chr8:104471980:T:G	8	104471980	0.0577711393988787	0.342952131114442	0.866227319358936
chr8:106920372:G:A	8	106920372	0.0360339647805643	0.24576818816542	0.883433787554383
chr8:108142424:A:G	8	108142424	-0.232539331895247	0.166515813248652	0.162563982965629
chr8:109421925:C:T	8	109421925	-0.145056567155223	0.186105023168266	0.435724150957558
chr8:116252872:C:T	8	116252872	-0.023315362325769	0.184628018679022	0.899507988686495
chr8:121384602:C:T	8	121384602	-0.283398209515648	0.20496929106939	0.166776072580227
chr8:127029052:C:T	8	127029052	0.150655678288469	0.170361035022446	0.376517134598661
chr8:128437247:A:G	8	128437247	0.197612038975383	0.238988786228565	0.408312216399081
chr8:131315237:G:A	8	131315237	-0.0616176116204819	0.174683662993015	0.724284672160845
chr8:135895676:A:T	8	135895676	0.0299827139956563	0.317505495060777	0.924765909271402
chr8:138585221:A:T	8	138585221	0.110630420830363	0.331947461980113	0.738925275345092
chr8:141605122:C:T	8	141605122	-0.0636432073485727	0.19538411811248	0.74462578413459
chr9:733358:A:C	9	733358	-0.321090257105983	0.188407999371269	0.0883384315691579
chr9:5461379:C:T	9	5461379	-0.0703098004244044	0.190687096325454	0.712337791279315
chr9:11397008:T:G	9	11397008	-0.21352130429031	0.339659325441846	0.529588881188776
chr9:11517950:T:C	9	11517950	0.252326878354466	0.282759852172676	0.372193756689829
chr9:11955148:T:G	9	11955148	-0.172817762451113	0.190434599157524	0.36414699121623
chr9:12389360:A:G	9	12389360	0.0259999424203606	0.248174324178678	0.916562413107632
chr9:12615226:G:C	9	12615226	-0.149124507180688	0.179481164760657	0.406050246497105
chr9:13582959:T:A	9	13582959	-0.30969863983027	0.306857499515322	0.312850520856732
chr9:13820455:C:G	9	13820455	-0.0873946247171527	0.318229101142467	0.783602044718815
chr9:14098421:G:A	9	14098421	-0.0883151283938736	0.20408767305384	0.665209972632299
chr9:18952915:A:G	9	18952915	0.0818642732968435	0.183393943300019	0.655319292478207
chr9:21476808:G:A	9	21476808	0.100768834062654	0.297144701977139	0.734516486141817
chr9:29651949:A:G	9	29651949	-0.414473164238155	0.182555899525568	0.0231839056119068
chr9:32058643:A:T	9	32058643	-0.387078615376268	0.224977714004216	0.0853379945822006
chr9:37013405:C:T	9	37013405	0.114067795604268	0.177129883918092	0.519589527286587
chr9:37992585:C:T	9	37992585	-0.123392880702198	0.19345852061371	0.523586931392729
chr9:72294932:G:A	9	72294932	0.00821424351806803	0.359615479996212	0.981776512498132
chr9:73616570:C:T	9	73616570	-0.0426732591885031	0.299391481678446	0.886658769536744
chr9:76464251:C:G	9	76464251	0.670720622295876	0.254981959478482	0.00852686388289492
chr9:82773489:T:C	9	82773489	0.0700269158951883	0.472720128967824	0.882235360717702
chr9:89995415:A:G	9	89995415	-0.566872067181297	0.286560367417671	0.0479067986981117
chr9:91844381:C:T	9	91844381	0.457658744763044	0.261347071211511	0.0799195345006131
chr9:94568472:C:A	9	94568472	-0.23439723102524	0.201983667479059	0.245854994120059
chr9:96162075:C:T	9	96162075	-0.0469286803759624	0.18855327649565	0.803447284578042
chr9:97240484:A:G	9	97240484	0.287957977871784	0.320232641393634	0.368538179969419
chr9:100192956:A:G	9	100192956	0.0883482114450602	0.234757568054142	0.706665575962349
chr9:100529836:G:C	9	100529836	0.223656981335811	0.214035780938909	0.296045448399471
chr9:101460357:C:T	9	101460357	-0.372739038178071	0.371323415592645	0.315469060399154
chr9:103293239:C:G	9	103293239	-0.248809731452821	0.328247937795068	0.448455004905832
chr9:106822394:G:C	9	106822394	0.460764082888477	0.322667605379912	0.153296548529638
chr9:107904127:G:A	9	107904127	-0.397219393544309	0.180002289096565	0.0273317854643905
chr9:117420412:T:C	9	117420412	0.124923893892892	0.181860395470057	0.492131926455048
chr9:117972207:C:A	9	117972207	0.00820514108744411	0.173152582260167	0.96220497550147
chr9:118511323:G:A	9	118511323	-0.244467043062348	0.363496397647981	0.501237925749879
chr9:121356498:A:G	9	121356498	-0.014685435428962	0.313917558709419	0.962687624706357
chr9:124044726:T:G	9	124044726	0.0971943830987585	0.211387492069456	0.645665168262531
chr9:125005426:C:T	9	125005426	0.0284720890279341	0.22576279471163	0.899640844299698
chr9:129533341:A:G	9	129533341	0.0997201228491783	0.19748690794456	0.613597124669477
chr9:136630984:C:T	9	136630984	-0.0571116974590806	0.175210553325581	0.744454336227399
chr10:2050300:A:G	10	2050300	0.210349631846154	0.190944205350541	0.27062309135264
chr10:3113976:C:T	10	3113976	0.526188672675263	0.20691736728092	0.0109908561797488
chr10:4591592:T:C	10	4591592	-0.405007431802836	0.195177233071992	0.0379795677581617
chr10:7462546:C:T	10	7462546	-0.0851814323561329	0.187138993723692	0.648981649797787
chr10:7849544:T:G	10	7849544	0.176072125240738	0.282547553196926	0.533179868169236
chr10:9367893:G:A	10	9367893	0.181991406245108	0.234733496217457	0.438156050513398
chr10:10628189:C:T	10	10628189	-0.00692293179473267	0.224321616858703	0.975379886412886
chr10:14014383:T:C	10	14014383	0.0261336225908088	0.182997882685526	0.886441555664548
chr10:16341555:C:T	10	16341555	0.0583419627907587	0.204227554421328	0.775129843971802
chr10:18075702:C:T	10	18075702	-0.100022909775731	0.334265424224263	0.764763038496096
chr10:20923823:C:G	10	20923823	0.298623823600663	0.310412482886349	0.33603825199283
chr10:26220185:A:C	10	26220185	0.870441236418302	0.426770676624452	0.0413902370957395
chr10:27289376:T:C	10	27289376	-0.0510686928098663	0.165035672272746	0.756986596192951
chr10:27674317:A:G	10	27674317	0.219734540796394	0.168115543276527	0.191197508572002
chr10:28771902:G:A	10	28771902	-0.00486214350221444	0.181575030187703	0.978637119536129
chr10:28891836:C:T	10	28891836	0.0544032606988737	0.176430296422808	0.757811802738025
chr10:30622484:G:A	10	30622484	-0.31895504421914	0.246615079627115	0.195896439770931
chr10:35177843:G:T	10	35177843	0.18151551442111	0.254510109961637	0.475724670665481
chr10:43613180:G:A	10	43613180	-0.0825105454974184	0.354868594742777	0.816141814930386
chr10:44139011:T:C	10	44139011	0.0318285482568794	0.308174517153071	0.917740016706622
chr10:45036473:A:G	10	45036473	-0.0629732403835901	0.18188924438241	0.729179260177445
chr10:51560095:T:G	10	51560095	-0.0980908551143	0.159379935897932	0.538255618142218
chr10:54072488:A:G	10	54072488	0.0480914488253103	0.171760912952846	0.779484682073915
chr10:54082016:C:T	10	54082016	-0.134551879724766	0.188672443007675	0.475752525886592
chr10:55299918:G:C	10	55299918	0.212173051735177	0.225629214287378	0.347032105839801
chr10:56747004:T:C	10	56747004	0.252092267417472	0.2852700787137	0.376859886034429
chr10:57761967:T:C	10	57761967	0.0913141941571093	0.174924214813891	0.601655388347655
chr10:61894829:G:A	10	61894829	0.114246390847279	0.327303389498245	0.727049151655425
chr10:65713195:A:G	10	65713195	-0.495477467699599	0.480746213744339	0.30270850979841
chr10:69232402:C:A	10	69232402	0.0976277314938983	0.157492938918459	0.535332577816767
chr10:79437519:C:T	10	79437519	0.189724915530955	0.344964927028866	0.582330894404338
chr10:81546102:G:A	10	81546102	0.497318098117019	0.242183908721663	0.0400267335203215
chr10:82354363:C:G	10	82354363	-0.135000883813109	0.463779642857723	0.770983695578266
chr10:84591955:C:T	10	84591955	0.37589475706481	0.230339995339699	0.102697884317652
chr10:84989741:G:A	10	84989741	-0.281608688235045	0.193479515657144	0.145531958024696
chr10:86779196:C:A	10	86779196	-0.140684576829117	0.304336767505942	0.643890492117149
chr10:91053424:A:C	10	91053424	0.0329502472348311	0.190574944642837	0.862730694453067
chr10:93612452:G:A	10	93612452	-0.385741199585705	0.389769932901084	0.322338466079921
chr10:93671121:T:C	10	93671121	-0.469507752929622	0.209484557099669	0.0250097345120462
chr10:101249704:C:T	10	101249704	-0.2437435219116	0.278312903728655	0.381144473171923
chr10:102352980:T:C	10	102352980	-0.195897913445952	0.173846680617589	0.259808870558358
chr10:104637359:T:C	10	104637359	-0.15319609865416	0.281800973006087	0.586694558536621
chr10:108480456:T:C	10	108480456	0.518508049214798	0.202823692581109	0.0105747135799745
chr10:109264424:C:T	10	109264424	0.165153770140098	0.267418358338891	0.536848433563994
chr10:111352001:T:G	10	111352001	0.528401722706041	0.233063237677063	0.0233778142820632
chr10:118828443:C:T	10	118828443	0.16714402844917	0.227237534735586	0.462006048002994
chr10:120152982:A:G	10	120152982	-0.0468199787846069	0.235770625338118	0.842589149579686
chr10:121580593:A:G	10	121580593	0.81480948030176	0.267055829609355	0.00228017594322127
chr10:121611573:C:G	10	121611573	0.440424309923953	0.260547374819862	0.0909551038239494
chr10:121734173:T:C	10	121734173	-0.101768233003655	0.180728203040053	0.573366106287633
chr10:121910644:T:A	10	121910644	0.00978204523839741	0.259836441088998	0.969969186841924
chr10:122561189:A:G	10	122561189	-0.155863829386803	0.190146182576966	0.412384140633329
chr10:123750431:C:G	10	123750431	-0.259527006974242	0.204891847690303	0.205279159560791
chr10:127533155:T:C	10	127533155	-0.1595612967843	0.190483046379581	0.402217944504091
chr10:129953349:A:G	10	129953349	-0.11433747943498	0.235408803413365	0.627181619869187
chr10:130263340:C:T	10	130263340	0.24262723687278	0.346970529664408	0.484381232449294
chr10:130662147:G:T	10	130662147	0.385861972824384	0.286830817936733	0.178541346121391
chr10:131485315:A:G	10	131485315	0.746855484420311	0.317247512809522	0.0185639760598519
chr10:131819683:A:G	10	131819683	-0.264604365564061	0.179382324419513	0.14018940860576
chr10:131953941:A:C	10	131953941	-0.171041495689203	0.218047642725239	0.432792190091019
chr11:388357:C:T	11	388357	0.227740688206597	0.202064763853632	0.259713817589622
chr11:2257707:C:T	11	2257707	-0.117941297344163	0.156996841055417	0.452512100466863
chr11:3623903:G:A	11	3623903	0.118205260604438	0.233305531255678	0.612397371354615
chr11:5806222:C:T	11	5806222	-0.0320904398493167	0.173272540354852	0.85307051521998
chr11:9789492:C:A	11	9789492	-0.0121107804216837	0.189657636560168	0.949084877650672
chr11:14569664:T:G	11	14569664	0.114571318070858	0.239669411581087	0.632622470260569
chr11:21819583:A:G	11	21819583	-0.45216073028084	0.477517350717605	0.34369021725096
chr11:36019710:C:A	11	36019710	0.0566603330292335	0.165430202395117	0.731972421182323
chr11:39635569:C:T	11	39635569	0.0865797414281519	0.201498268292688	0.667428558442825
chr11:40512905:C:G	11	40512905	0.454979531658813	0.282433539148452	0.107195852182743
chr11:41632790:A:T	11	41632790	0.0227407707538671	0.258281967629002	0.929839879550109
chr11:42744986:A:G	11	42744986	0.127915694654525	0.158468833246565	0.419552529078376
chr11:43201079:C:T	11	43201079	-0.00389230355990096	0.258940518252768	0.988006929201398
chr11:43982585:G:A	11	43982585	-0.0393629997715582	0.293580207053181	0.89333994583617
chr11:44330300:A:G	11	44330300	0.391945807335889	0.208418276586847	0.0600300119789777
chr11:49875094:A:G	11	49875094	-0.00515743500727742	0.188375006705385	0.978157804476185
chr11:50253126:G:T	11	50253126	-0.0644707271429537	0.209978305609312	0.758816593837846
chr11:55906271:G:A	11	55906271	0.182243203189012	0.162894561074313	0.26323393752067
chr11:56124264:C:A	11	56124264	-0.562764027076697	0.334066338374369	0.0920681562175113
chr11:57305789:G:A	11	57305789	0.257770153606713	0.187611867635473	0.169455835164257
chr11:58998793:A:C	11	58998793	-0.117416425522892	0.260851394277112	0.652618399531512
chr11:60456695:C:T	11	60456695	0.0215413997462909	0.351782425969524	0.951172049506055
chr11:62505064:A:G	11	62505064	-0.322249205285262	0.407517241075364	0.429082807323874
chr11:63184971:C:T	11	63184971	0.0539729978449179	0.170121726821974	0.751045528699648
chr11:65009160:T:C	11	65009160	-0.130058637317042	0.38816363400422	0.737578795724775
chr11:70801858:T:C	11	70801858	0.273287366884796	0.170338052436999	0.108629796462196
chr11:71334794:T:G	11	71334794	0.00971982985260134	0.256139812260066	0.969729651820901
chr11:72713691:C:T	11	72713691	-0.290008157099277	0.393984131249066	0.461675344352333
chr11:77208574:G:A	11	77208574	0.232310526450685	0.189493773059154	0.220216229495383
chr11:77376654:A:G	11	77376654	0.0620710619666879	0.191271412952082	0.745545716594989
chr11:77897055:A:G	11	77897055	-0.1682626782183	0.235443192585132	0.474816938639412
chr11:79339250:G:A	11	79339250	-0.899087310928554	0.578136962825066	0.119911332195919
chr11:81783030:C:T	11	81783030	-0.0940597101167745	0.204045491724478	0.644817105561086
chr11:83962252:C:T	11	83962252	0.242503766551403	0.218971254990312	0.268091425564892
chr11:86328783:G:T	11	86328783	-0.0370212005516082	0.201229327880016	0.854032930986339
chr11:86644523:C:T	11	86644523	0.218063237112093	0.24452224839778	0.372503877625195
chr11:93046218:A:C	11	93046218	0.087152517436571	0.206018801634096	0.672272014012991
chr11:99371984:G:C	11	99371984	-0.453789123581716	0.397996991629673	0.254210361805289
chr11:100626548:G:A	11	100626548	-0.367079819582819	0.316571228888283	0.246232517095902
chr11:104129521:G:A	11	104129521	0.0739156957028747	0.303120562625031	0.807347642226349
chr11:108728662:A:G	11	108728662	-0.365041943182627	0.292649832765317	0.21226271133937
chr11:110338613:G:A	11	110338613	0.100853143283778	0.335743929228465	0.763881906778822
chr11:110396347:G:A	11	110396347	-0.158669059738598	0.227100552424172	0.484756313517822
chr11:113789228:G:C	11	113789228	0.0557533733024053	0.390704424685655	0.886527416099874
chr11:113800784:C:T	11	113800784	0.0489918049187685	0.250503011431367	0.844943834238291
chr11:115616504:A:T	11	115616504	0.269809702403416	0.225626455723749	0.231764951245162
chr11:119630310:G:A	11	119630310	-0.0332112548600843	0.190166759398712	0.861360317764903
chr11:123267436:G:A	11	123267436	-0.107695014410054	0.204067110704026	0.597677638135782
chr11:125907492:T:C	11	125907492	0.0194830907075753	0.15399399270032	0.899321496877204
chr11:126829359:G:A	11	126829359	0.128379315260954	0.241992340050419	0.595758495121629
chr11:130038952:T:C	11	130038952	-0.240035678903288	0.485240610158612	0.620830598829602
chr11:130290657:C:T	11	130290657	-0.431801256815832	0.317283192930994	0.173534774852324
chr11:131355535:G:A	11	131355535	0.0687602969565589	0.194419827817394	0.723586838344455
chr11:133238417:A:G	11	133238417	0.0677128161247258	0.21082290349134	0.74807141408523
chr11:133300920:A:C	11	133300920	-0.542897616688654	0.338938212671116	0.109208727280428
chr11:133409278:A:G	11	133409278	0.290897363075422	0.275621284168302	0.291231376844483
chr11:134309503:C:T	11	134309503	-0.0314836331542268	0.197615682574207	0.873418747216961
chr12:5192681:C:T	12	5192681	0.23239468906349	0.165926627409265	0.161337589434458
chr12:5448727:G:A	12	5448727	0.302474704208788	0.196289619434579	0.123326208701757
chr12:6639294:C:T	12	6639294	0.15173511437689	0.255370052124249	0.552393464873909
chr12:19523028:C:A	12	19523028	-0.022000816744694	0.163889995548619	0.893211717217628
chr12:19758400:A:T	12	19758400	-0.432115836242885	0.388414265026749	0.265917735633877
chr12:20003679:T:A	12	20003679	-0.164081113217425	0.24771888289465	0.507735271657928
chr12:21333090:G:A	12	21333090	0.141250689163895	0.180289560594723	0.43335368040214
chr12:25518059:A:T	12	25518059	0.0794684720961445	0.223851346125572	0.72258542722356
chr12:28965843:C:T	12	28965843	-0.118597464734174	0.185043835078204	0.521577575479963
chr12:32086665:A:C	12	32086665	0.241833370840742	0.199778758118061	0.226084817744703
chr12:44631613:C:T	12	44631613	0.307048131850222	0.25421922972674	0.227120953414536
chr12:48567461:T:G	12	48567461	-0.28197455829597	0.233395733011124	0.226993683905492
chr12:51039498:T:C	12	51039498	0.122146197299931	0.240724600607084	0.611866798463725
chr12:52880890:G:T	12	52880890	0.000209064634961147	0.363012705209257	0.999540485958672
chr12:53646626:C:G	12	53646626	0.248732608787869	0.296214556803133	0.401074255987983
chr12:53680144:C:A	12	53680144	0.050512636523946	0.204473610697412	0.804879251973043
chr12:54366280:G:A	12	54366280	-0.246421854983478	0.177871011444453	0.165931297958544
chr12:55599330:T:C	12	55599330	-0.488507911869573	0.425343116767837	0.25076091102252
chr12:56675083:C:T	12	56675083	-0.347065724552315	0.209784400883379	0.0980478037592698
chr12:57436134:C:T	12	57436134	-0.132839301096336	0.263722098860418	0.614465599405912
chr12:58724212:C:T	12	58724212	-0.053192489673701	0.244474261674211	0.827757070646572
chr12:59048769:A:C	12	59048769	0.0369909627543065	0.221041944023368	0.86709611169039
chr12:59161225:G:A	12	59161225	0.011767527998742	0.336136271806568	0.972073197084958
chr12:59226687:C:T	12	59226687	0.21971916092166	0.223463715109976	0.325487796118282
chr12:63113400:T:C	12	63113400	0.128986427656	0.281319179252468	0.646589218260547
chr12:64271340:C:T	12	64271340	0.315161258171695	0.219605646174568	0.151251863157303
chr12:64756705:C:T	12	64756705	-0.00736963600013673	0.205451530971497	0.971385669316297
chr12:67050802:C:T	12	67050802	-0.221078202240027	0.227901220595151	0.332015832927639
chr12:71564908:A:G	12	71564908	-0.26497433272108	0.37677242024109	0.481884868861396
chr12:73909094:G:A	12	73909094	0.108983941843158	0.183517968526207	0.552605896518466
chr12:81126959:G:A	12	81126959	0.109072163075435	0.158063268104575	0.490160338104892
chr12:83608380:A:G	12	83608380	0.092660176696761	0.17624321876711	0.599060718414599
chr12:90727178:A:C	12	90727178	-0.0344940558553572	0.187665904741842	0.854165914187207
chr12:92596791:C:T	12	92596791	-0.209073172976426	0.198180296327685	0.291441570820037
chr12:95914573:A:T	12	95914573	-0.0326743316852532	0.268830443334843	0.903261331897145
chr12:101611098:G:C	12	101611098	0.174985033080123	0.243900859214991	0.473100620940323
chr12:105967464:T:C	12	105967464	0.185780913597245	0.182440661057876	0.308531272036372
chr12:109533295:C:T	12	109533295	-0.214244438232722	0.225230797608707	0.341491808827788
chr12:112209515:G:A	12	112209515	-0.471523204201019	0.400832881453483	0.239451611058688
chr12:120976632:C:A	12	120976632	-0.324538291810148	0.300372172135398	0.279940094536757
chr12:125875525:T:C	12	125875525	-0.279372635540024	0.216389116036632	0.196680784445773
chr12:126449337:A:G	12	126449337	0.260137110634443	0.172605895211683	0.131780919966961
chr12:131091094:G:A	12	131091094	0.00981479843141713	0.182930052872305	0.957211401585364
chr12:132776953:G:A	12	132776953	0.0549793167052106	0.332609913291573	0.868710466403113
chr13:19545220:A:G	13	19545220	-0.08975302697835	0.206450830070579	0.663749075077919
chr13:22977365:T:G	13	22977365	-0.0953397830408048	0.29557490484729	0.747030690433775
chr13:24330599:T:C	13	24330599	-0.541832455779249	0.288015711431632	0.0599365506786784
chr13:24623185:A:C	13	24623185	-0.228095230879904	0.220782186055189	0.301546179047553
chr13:25202506:T:G	13	25202506	0.12531094542525	0.272319392933308	0.645400184392958
chr13:26234118:A:T	13	26234118	-0.259100720783263	0.236121562012994	0.27250188570139
chr13:26494236:G:A	13	26494236	0.111849264886217	0.187156136913577	0.550089899011149
chr13:27255876:A:G	13	27255876	0.490742907902641	0.243652092330856	0.0439976445681237
chr13:42909938:A:G	13	42909938	0.0991775467372446	0.205365839917879	0.629144673347982
chr13:45470952:C:T	13	45470952	0.230722950503989	0.351279613275871	0.511304946613606
chr13:45708351:G:A	13	45708351	-0.0964710733693082	0.283941174268102	0.734039342039195
chr13:45809177:C:G	13	45809177	-0.15129047628427	0.184652795923461	0.412601555582931
chr13:50558767:A:T	13	50558767	0.0885613743014785	0.217322745903878	0.683632835668255
chr13:58710908:G:A	13	58710908	-0.257591284374637	0.194738452855511	0.185916828668196
chr13:58934154:C:T	13	58934154	0.181490446002362	0.195249624635755	0.352614319803878
chr13:70397215:T:C	13	70397215	-0.0469552149629017	0.202529712326792	0.816659501774837
chr13:70990050:T:C	13	70990050	0.4164052317555	0.275205528823972	0.130261876910795
chr13:75832713:T:C	13	75832713	0.0834450763150775	0.265049849767756	0.752892359309008
chr13:86776101:G:A	13	86776101	-0.290047257800148	0.223745975960838	0.194863915346764
chr13:91472230:T:C	13	91472230	-0.0731747077161388	0.187184738915869	0.695854594735625
chr13:93235990:C:T	13	93235990	0.111912920153096	0.178545722303532	0.530788649312334
chr13:96765286:G:A	13	96765286	-0.07359718935073	0.197293809938377	0.709123553050383
chr13:102180181:A:G	13	102180181	0.136617801771931	0.176973884414829	0.440134631678291
chr13:104405113:C:T	13	104405113	-0.0018501327613482	0.30649029546592	0.995183588445316
chr13:106009559:G:C	13	106009559	-0.215643948368336	0.193110499391281	0.264128257620277
chr13:106084136:A:G	13	106084136	0.082600513138157	0.150760397967841	0.583765619671227
chr13:112716578:T:C	13	112716578	0.529281904799575	0.212752748603252	0.0128543440024804
chr14:21167555:A:G	14	21167555	-0.0622639070352724	0.242989904976912	0.797764971632068
chr14:26929954:A:G	14	26929954	0.107677312621015	0.201960259905653	0.593922209652736
chr14:27823594:G:A	14	27823594	-0.0989146776891702	0.240987182364366	0.681471343796799
chr14:34182794:A:C	14	34182794	-0.0560374409227262	0.329299691764838	0.864875220491769
chr14:38216062:T:A	14	38216062	0.140682020334009	0.199485652533177	0.480671002268588
chr14:38962987:G:A	14	38962987	-0.731315654720311	0.314909579566009	0.0202165930912731
chr14:39925237:C:T	14	39925237	-0.0757172986749877	0.202811416691449	0.708896567480475
chr14:44446011:A:G	14	44446011	-0.24163514149677	0.286878906051544	0.399625827134601
chr14:48685878:C:A	14	48685878	0.269137489849946	0.250923550502666	0.283456188910055
chr14:51426205:T:C	14	51426205	0.428778010782846	0.206638900871924	0.0379855070314967
chr14:52881822:T:G	14	52881822	-0.0959619517172309	0.27181290731089	0.724055356067088
chr14:53358297:A:G	14	53358297	-0.0793060875565692	0.195421372912507	0.68487416291773
chr14:56254615:G:A	14	56254615	0.147071954607011	0.196783315209616	0.454834090298459
chr14:57978070:T:C	14	57978070	0.0600079301631278	0.164890841202991	0.715913876192209
chr14:62445185:T:C	14	62445185	0.215917490416138	0.174346455781645	0.21555324209972
chr14:67518615:G:A	14	67518615	-0.102569637329703	0.167093164515756	0.539316437536404
chr14:68863518:T:G	14	68863518	0.188696214410175	0.241168577528727	0.433965113897264
chr14:77734277:G:A	14	77734277	-0.118118253496411	0.311598817293696	0.704634715967027
chr14:81022028:G:A	14	81022028	-0.38348302815787	0.419911895485508	0.361112963886987
chr14:81884763:T:G	14	81884763	-0.0975388920202257	0.322435709583368	0.762265993240127
chr14:82929256:T:A	14	82929256	0.323866503578718	0.27638160420025	0.241273672452342
chr14:84531019:T:G	14	84531019	-0.679594722257808	0.288279993186868	0.018402815303963
chr14:90804831:C:G	14	90804831	0.011833244878479	0.26087525962463	0.963820537369393
chr14:91397629:G:T	14	91397629	-0.24612126444977	0.265209375550038	0.353393948990654
chr14:91532430:A:C	14	91532430	0.433454657271849	0.338386767449071	0.200213172672626
chr14:91961156:T:C	14	91961156	-0.309688876061365	0.204736351856981	0.130375496528355
chr14:92998270:C:G	14	92998270	-0.141484300545773	0.291291181216365	0.627169723045721
chr14:93757265:G:A	14	93757265	-0.308408197411509	0.340768937703582	0.365446251714639
chr14:93769225:C:T	14	93769225	-0.437786526668454	0.357820092056262	0.221147609238836
chr14:98340169:A:G	14	98340169	0.389727293637817	0.210388988622438	0.0639665426445747
chr14:100721312:C:T	14	100721312	-0.3895470984688	0.246587673315816	0.114163924347725
chr14:102093442:A:G	14	102093442	-0.306887914865995	0.297251536709481	0.301876220601573
chr15:24165057:A:G	15	24165057	0.42829268350806	0.224298439905348	0.0562006024474498
chr15:26353849:A:G	15	26353849	0.0554731838673426	0.182121999598706	0.760675743643244
chr15:28182824:G:A	15	28182824	-0.0272526477141305	0.47310913027883	0.954064620094137
chr15:33665926:A:G	15	33665926	0.424756026083597	0.27298647131883	0.119717607675745
chr15:34880184:A:T	15	34880184	-0.00129844845689293	0.199912181905707	0.994817701039126
chr15:37080410:C:T	15	37080410	0.336911107551558	0.21475560705293	0.116691822927018
chr15:37762539:C:G	15	37762539	-0.0947977076442828	0.600290051597088	0.874519965825181
chr15:52558833:C:G	15	52558833	0.430076235716902	0.246601667272115	0.0811570194645703
chr15:55712443:A:G	15	55712443	-0.0800802443025622	0.303411041035649	0.791831399320207
chr15:57522102:A:T	15	57522102	-0.102678813059926	0.197531169401792	0.603195529246281
chr15:57590535:T:C	15	57590535	0.117661798594813	0.221136844474337	0.594672761024456
chr15:58439508:G:A	15	58439508	-0.00208755946965316	0.432997462337206	0.996153268407101
chr15:69786285:T:C	15	69786285	0.121586855985341	0.214673412579507	0.571135080542973
chr15:71331250:T:C	15	71331250	0.150241571674129	0.262313099574737	0.566809475792539
chr15:74245092:G:C	15	74245092	-0.139114226146208	0.328787614283915	0.672213012577237
chr15:76807237:T:C	15	76807237	0.405319337472093	0.256060736438257	0.113443548538378
chr15:77734259:G:A	15	77734259	0.0471192413584693	0.198972530440725	0.812802023734954
chr15:79750604:G:T	15	79750604	-0.0781267531329778	0.165593668209626	0.637071014565552
chr15:81697597:G:A	15	81697597	-0.0576108508058087	0.194139557710334	0.766657628521028
chr15:87989871:C:T	15	87989871	0.00731105450720103	0.190260961427696	0.969347667531583
chr15:88891382:T:C	15	88891382	0.109953390303653	0.159552849140913	0.490738562460697
chr15:89804552:C:T	15	89804552	0.0774575670755328	0.325972225282525	0.812175725386737
chr15:94791129:A:G	15	94791129	-0.10076792686494	0.244478325933737	0.680210941289973
chr15:97043895:A:G	15	97043895	0.357841008970416	0.31803307649957	0.260517359742559
chr15:98725394:C:T	15	98725394	-0.621576612144651	0.409094226802841	0.128662552858511
chr15:100978492:T:G	15	100978492	-0.108018157008919	0.203634581824057	0.595799309810874
chr16:2671727:C:T	16	2671727	0.500171088479796	0.337348510857011	0.138166386167841
chr16:4957642:T:C	16	4957642	0.11383893811274	0.173852440125155	0.512595196075344
chr16:5884026:G:T	16	5884026	0.203373250741273	0.185009431784373	0.271655186376529
chr16:6848656:G:A	16	6848656	0.129717723641262	0.194207685200961	0.504176355355398
chr16:7909855:G:A	16	7909855	-0.00173258594080058	0.187956350772289	0.992645186026375
chr16:8273542:C:G	16	8273542	0.250728664025395	0.229438198625238	0.2744843002402
chr16:12394716:C:T	16	12394716	-0.312724114097939	0.252875014390232	0.216207902116506
chr16:13985277:C:A	16	13985277	0.698187468316541	0.338702042571836	0.0392685318201468
chr16:17779668:G:A	16	17779668	-0.153853631107748	0.185538224577001	0.40697497620317
chr16:29740733:G:C	16	29740733	-0.00988215757355677	0.359745455923362	0.978084978422917
chr16:31127124:G:A	16	31127124	-0.0467668842139736	0.194840029225053	0.810309259648642
chr16:56688556:C:T	16	56688556	0.287917936742457	0.190278944591052	0.130245095976079
chr16:60324635:A:C	16	60324635	-0.0260556482963299	0.1997853755921	0.896235571116133
chr16:60499572:C:T	16	60499572	0.0469923997173393	0.177023466038059	0.790656206087719
chr16:62273123:C:T	16	62273123	0.215085696880503	0.156767338584526	0.170061634056631
chr16:65972427:C:T	16	65972427	-0.422048443760905	0.179129622798954	0.0184676290813408
chr16:69246420:T:C	16	69246420	-0.0395496247621542	0.216264691964735	0.854895303818186
chr16:71908403:G:A	16	71908403	0.0355095544907054	0.232305061804382	0.878510708031274
chr16:72103328:C:A	16	72103328	0.343959584133131	0.18746543520522	0.0665369071252029
chr16:74837740:A:C	16	74837740	-0.683466091994835	0.273979312153703	0.0126102691327493
chr16:79886631:C:T	16	79886631	0.0446874688487169	0.295510297574535	0.879801101863063
chr16:81396153:C:A	16	81396153	-0.127321062137927	0.15699858253427	0.417383185685278
chr16:82294878:C:G	16	82294878	-0.0400944028180467	0.2412304408549	0.867993349708239
chr16:82421890:A:G	16	82421890	-0.0642948006838052	0.212360280039937	0.762070607295182
chr16:83827178:T:C	16	83827178	0.204382606953944	0.199542887357318	0.30571530376536
chr16:84032337:C:T	16	84032337	-0.323406690824616	0.417706076769111	0.438786134801578
chr16:89303022:G:A	16	89303022	-0.519766908003375	0.336642549837683	0.122594945350978
chr16:89331863:A:T	16	89331863	-0.134332460478585	0.170105081527038	0.429701351275935
chr16:89337630:T:C	16	89337630	-0.0397029878514355	0.176605151551698	0.822125395922203
chr16:89479873:T:G	16	89479873	-0.208358887887537	0.182800892973914	0.2543640942128
chr16:90035976:C:A	16	90035976	0.385394786574137	0.230092526412262	0.0939429255537869
chr17:2489248:C:G	17	2489248	0.128453232246702	0.215575424776301	0.551267332465032
chr17:4018176:C:A	17	4018176	0.618028196721437	0.298383453889713	0.0383349797280684
chr17:4147521:T:C	17	4147521	0.372702141191787	0.260634516046034	0.152722763812657
chr17:6949267:T:C	17	6949267	0.0973733136440875	0.191753296118842	0.611589989178201
chr17:7929448:A:G	17	7929448	0.179799054867773	0.172912288215187	0.298419774880162
chr17:10308301:C:T	17	10308301	0.305707221343897	0.33681296752663	0.364064845367107
chr17:12174148:T:C	17	12174148	-0.0806598746613138	0.216355781541795	0.709288911009046
chr17:14402381:C:T	17	14402381	0.256441819945965	0.31453050697827	0.41489133407864
chr17:15219976:C:T	17	15219976	0.206515275935486	0.206391707145917	0.317020853988448
chr17:16482403:T:A	17	16482403	0.281903549790801	0.204225116107362	0.167476781162819
chr17:18684803:A:G	17	18684803	-0.0448520540074743	0.175252598783617	0.798006403149255
chr17:20040710:T:C	17	20040710	-0.00202403327517767	0.208002332679918	0.99223605142233
chr17:21275023:A:C	17	21275023	-0.307354127635919	0.174439717257554	0.0780776799955203
chr17:30609729:C:T	17	30609729	-0.572943193065885	0.273101879029488	0.0359130867597498
chr17:31554254:C:T	17	31554254	0.120697758639313	0.25269981320162	0.632911470604665
chr17:33472425:T:G	17	33472425	-0.202643808114167	0.287360653088734	0.480692113718435
chr17:44156671:T:A	17	44156671	0.0360387192000111	0.180174798678768	0.841464262436002
chr17:45754773:C:T	17	45754773	-0.0873298716524753	0.231227321060124	0.705668529270186
chr17:48779278:C:T	17	48779278	0.296570137915797	0.180140541059955	0.0996965661913689
chr17:52703044:C:G	17	52703044	-0.0558055307538862	0.215364185246971	0.795541353190682
chr17:53282498:G:T	17	53282498	0.244439083867001	0.192757418959169	0.204755941745046
chr17:58411807:C:T	17	58411807	-0.204256135261637	0.256271007338951	0.425432578858882
chr17:61409438:A:G	17	61409438	0.0524951764578129	0.169582503328671	0.756899091240488
chr17:66262233:G:T	17	66262233	0.0298657802983158	0.178266630332497	0.866949638572428
chr17:66751216:C:T	17	66751216	0.300646968798709	0.1878278395379	0.109454063145646
chr17:66971178:A:G	17	66971178	-0.0202490761931082	0.245513350382491	0.934267823238559
chr17:68771033:G:A	17	68771033	-0.301029830244341	0.199603063299056	0.131518101742543
chr17:69081332:C:T	17	69081332	0.247242498890451	0.262734821863532	0.34668724362585
chr17:69213412:T:C	17	69213412	0.0696530488450405	0.233879228921482	0.765843365848701
chr17:72829246:G:A	17	72829246	-0.02397544361733	0.198834350822699	0.904023720507896
chr17:73506492:C:T	17	73506492	0.227257647273156	0.19026116332205	0.232301575692884
chr17:75360149:C:G	17	75360149	-0.162138945073776	0.268770600003021	0.546334766000714
chr17:77625920:A:T	17	77625920	-0.0207144590731943	0.194236384573885	0.915070127802252
chr18:1137045:A:T	18	1137045	-0.197150051385691	0.185574238125468	0.28806396200295
chr18:4080016:T:A	18	4080016	-0.270422765687121	0.24817547572342	0.27587026361359
chr18:8920896:G:C	18	8920896	0.300336161174841	0.241649546101647	0.213920028349883
chr18:9609299:C:T	18	9609299	-0.0607949688321792	0.172163577433129	0.723996013514226
chr18:10572326:C:T	18	10572326	-0.142309851979182	0.192620797175156	0.46002338502017
chr18:11017906:C:T	18	11017906	0.0667071580305138	0.163514344532467	0.683303732985903
chr18:12120157:A:G	18	12120157	-0.0131116404003216	0.25712880324196	0.959331497214564
chr18:14686017:A:G	18	14686017	-0.300733891709669	0.20020213180206	0.133058039804789
chr18:14895123:C:T	18	14895123	0.0823697283792433	0.183313086509289	0.653187091090895
chr18:30059135:A:G	18	30059135	-0.131750867957335	0.152233081026217	0.386789152137772
chr18:32490781:T:C	18	32490781	-0.367389866782611	0.203910066943997	0.0715886816494785
chr18:36255061:C:A	18	36255061	0.0802812101385134	0.198855805080665	0.686421794651271
chr18:42762909:A:C	18	42762909	0.3438238156548	0.18073463962147	0.057123046456216
chr18:43928870:G:A	18	43928870	-0.147036872973782	0.374240892781258	0.694398026606163
chr18:44831686:A:G	18	44831686	0.238660804965451	0.455458340793175	0.600277571085746
chr18:45461168:C:T	18	45461168	-0.287956276428399	0.220598895905192	0.191777541080952
chr18:49146783:T:G	18	49146783	-0.0444395918624395	0.257729440091797	0.863101610141187
chr18:49872731:C:G	18	49872731	-0.25310700996083	0.260346654277281	0.330954895589277
chr18:50485733:T:C	18	50485733	-0.302540784413202	0.255147062496308	0.235720802386119
chr18:58120958:C:T	18	58120958	-0.215151235524936	0.327845425221824	0.511658033264453
chr18:59256389:C:T	18	59256389	-0.0688624606840942	0.177367848504944	0.697833565099748
chr18:62622293:T:A	18	62622293	-0.0447779028014636	0.219482225938921	0.838340935164072
chr18:62998306:G:A	18	62998306	0.0758985075406668	0.184668437390623	0.681073409156168
chr18:66103927:C:T	18	66103927	0.042661027397396	0.199428847044716	0.830612538772075
chr18:66206557:C:T	18	66206557	0.281811730739809	0.230570710342796	0.221618544514994
chr18:68001558:G:A	18	68001558	0.36217813296578	0.169650724928883	0.032773610006343
chr18:71730181:C:T	18	71730181	0.227553110610047	0.191530861300095	0.234803692923781
chr18:72912108:T:C	18	72912108	0.0322577976259979	0.150320226031651	0.830083980985098
chr18:73248491:G:A	18	73248491	0.236493580691075	0.259607632710228	0.362313584843475
chr18:77734991:G:A	18	77734991	0.42009160250543	0.340444143962204	0.217220933119209
chr19:2907557:G:A	19	2907557	-0.28112624870532	0.191818468030455	0.142761409689249
chr19:16021187:G:A	19	16021187	0.0102103191909554	0.251419472639975	0.967606258859509
chr19:17584922:G:A	19	17584922	0.145605006433008	0.167850573247723	0.385685620203597
chr19:18704666:C:T	19	18704666	-0.17101647817262	0.321711214727892	0.595014269788905
chr19:18737022:C:T	19	18737022	-0.240683703868693	0.219653786667843	0.273192046995018
chr19:18805179:A:G	19	18805179	-0.07522672110197	0.240904759086669	0.754837255365419
chr19:21560366:G:T	19	21560366	0.214669901018093	0.222843865278629	0.335387074970479
chr19:21659434:G:C	19	21659434	0.00266333468316485	0.221577549070909	0.990409757378079
chr19:33474662:T:C	19	33474662	0.269890554231709	0.178369499874959	0.130254738089135
chr19:37956680:C:T	19	37956680	-0.44945919279013	0.242210023147306	0.0635021880276381
chr19:38120117:A:T	19	38120117	-0.342623009843469	0.243622229031956	0.15961426480398
chr19:44380983:T:C	19	44380983	-0.226042133477231	0.242382250988929	0.351034106457341
chr19:44819986:A:G	19	44819986	0.51127453277659	0.204713755607388	0.0125069142590023
chr19:48685001:C:T	19	48685001	0.0843159480830573	0.241870289395827	0.727389735765788
chr19:51552139:T:A	19	51552139	0.196790269702911	0.261542723107755	0.451797847143013
chr19:52714810:C:T	19	52714810	0.0448420457850267	0.168429828867583	0.790057633570504
chr19:53330671:T:C	19	53330671	0.172271226015616	0.175853600689541	0.327269455805237
chr19:54944544:G:A	19	54944544	-0.672014155454917	0.269796287272634	0.0127448447156431
chr19:57195010:G:C	19	57195010	-0.000331663299661043	0.290177226465519	0.999088043635297
chr20:1709120:A:G	20	1709120	0.375730978732391	0.231555307924046	0.104666316209426
chr20:1735934:T:G	20	1735934	-0.291904675233656	0.248421378168673	0.239979326695033
chr20:1906500:G:T	20	1906500	-0.137972784518451	0.203438943215536	0.497643355550672
chr20:3649460:G:A	20	3649460	-0.0583641930477364	0.178348991078913	0.74348098715766
chr20:5407753:C:T	20	5407753	-0.234433731193282	0.196317268577828	0.232416379203033
chr20:5860313:T:C	20	5860313	-0.0994031466532244	0.229587743659225	0.665041180452805
chr20:7000966:A:C	20	7000966	0.100610464448947	0.253610008850385	0.69157888864502
chr20:12129436:G:A	20	12129436	0.103085418290155	0.221312065341099	0.641364298956842
chr20:13244402:C:A	20	13244402	0.237910619674279	0.402361684789488	0.55432916049684
chr20:31347432:T:C	20	31347432	0.547529857308147	0.168444350984619	0.00115198674020534
chr20:37593342:C:T	20	37593342	0.019645891501168	0.187369985042668	0.916494205215177
chr20:38200488:G:A	20	38200488	-0.0334299006748585	0.183862523407732	0.855723917252623
chr20:38350608:A:G	20	38350608	-0.0979405156733164	0.223155792588225	0.660742314953706
chr20:45729681:A:G	20	45729681	-0.0113431571198988	0.193888904628659	0.95334766674655
chr20:48501317:C:T	20	48501317	-0.0424700480270188	0.172046018519147	0.80502211632371
chr20:49036824:T:G	20	49036824	0.104089254719802	0.183216269589843	0.569951903428926
chr20:50371082:C:T	20	50371082	0.309211311488359	0.242655853766732	0.202564479076111
chr20:52513956:G:A	20	52513956	-0.00546645040301968	0.345983583487662	0.987394156461712
chr20:54253971:A:G	20	54253971	0.154130178334087	0.184289229425279	0.402958394524235
chr20:58480201:T:G	20	58480201	-0.0232567638941017	0.178496633231907	0.896335052144575
chr20:60073360:C:T	20	60073360	0.0691931380461349	0.173737568976305	0.690436786730183
chr21:14869783:A:G	21	14869783	0.244977137131444	0.310566662763269	0.430224856042861
chr21:15297615:T:C	21	15297615	0.359746313408417	0.234131676272795	0.124412665173038
chr21:15686888:A:G	21	15686888	-0.00896147545785847	0.26162052000353	0.972674831052126
chr21:18805376:C:A	21	18805376	0.163323173290458	0.404943814229305	0.686710588765616
chr21:22007486:G:T	21	22007486	-0.306394981672484	0.391860388570796	0.434274329163274
chr21:24026351:C:T	21	24026351	-0.0667895953251854	0.199497281652588	0.737783881127557
chr21:26647335:G:C	21	26647335	0.199240076041326	0.178193652260043	0.263520084288004
chr21:28043199:C:G	21	28043199	0.255316413155865	0.23030518086325	0.267602610131422
chr21:29538421:G:A	21	29538421	-0.104904702200835	0.392394692831561	0.789203653957121
chr21:31885030:A:G	21	31885030	0.0678006513224688	0.192851818059907	0.725161787490804
chr21:35502622:A:T	21	35502622	0.165680121059689	0.189792940482559	0.382689258244716
chr21:36306638:T:G	21	36306638	0.174982957123376	0.181073650655094	0.333862348289943
chr21:41442549:G:A	21	41442549	-0.00613420413258268	0.187469001746571	0.973896945723139
chr21:42627184:G:A	21	42627184	0.00183197868890646	0.222122044447675	0.993419424246187
chr22:20147688:T:C	22	20147688	0.190747703445731	0.21089332968407	0.365743687713277
chr22:23891985:A:G	22	23891985	-0.272711497690298	0.241595018313543	0.258983887518693
chr22:24245985:G:T	22	24245985	-0.295631603334737	0.237875629111907	0.213941896636105
chr22:28624303:G:A	22	28624303	-0.428461838999643	0.342126593546699	0.210442783330445
chr22:30376697:C:T	22	30376697	0.466984432973769	0.307141959307699	0.128405732994917
chr22:30662128:G:A	22	30662128	-0.0899303708670836	0.181564512427734	0.620382665051347
chr22:36298345:C:A	22	36298345	0.145923279274333	0.307812019726766	0.635452689498656
chr22:36977479:G:A	22	36977479	-0.680082648252677	0.327368891198153	0.0377628213509855
chr22:42350572:C:T	22	42350572	0.462641412178806	0.373408564741948	0.215357200655243
chr22:42475109:T:G	22	42475109	0.117870918721549	0.186495999756122	0.527367792750617
chr22:44719519:A:G	22	44719519	-0.0323053494205333	0.251665095426259	0.897858997678341
chr22:44805054:T:C	22	44805054	0.399108926996755	0.301997255820402	0.186313128871965
chr22:45210278:T:C	22	45210278	0.154726734972795	0.168040070811814	0.35716903240162
chr22:47062473:C:T	22	47062473	-0.48554820676264	0.321986840162246	0.131560844908461
chr22:48785864:A:G	22	48785864	0.127196367143352	0.248826891378314	0.609222104432386
chr22:49668266:A:G	22	49668266	0.334464097523314	0.223934829820409	0.135285997237888
chr22:49926053:G:A	22	49926053	-0.351204208580041	0.263366307609453	0.182361253928195
