SNP	CHR	POS	est	stderr	pval
chr1:1837340:C:T	1	1837340	0.0617042413967133	0.211237280776727	0.770203537021304
chr1:2261200:G:C	1	2261200	0.0387934695531109	0.169307506561956	0.818767690752369
chr1:14678191:A:C	1	14678191	-0.0317896728497866	0.132983391488595	0.811066852175347
chr1:14985097:C:T	1	14985097	-0.0154611740937434	0.17464830575367	0.929457445564907
chr1:20215506:G:C	1	20215506	0.222444434460225	0.143522979696731	0.121168583499192
chr1:22009627:T:C	1	22009627	-0.223681407234036	0.189221985315269	0.237161624747874
chr1:22126221:C:T	1	22126221	-0.0635369300344582	0.183712149990844	0.729455107186745
chr1:23180575:A:G	1	23180575	0.0996981946909893	0.126867625816784	0.431958737062107
chr1:26058659:G:C	1	26058659	0.0423036754687762	0.177293974413505	0.811409933762023
chr1:28670719:C:T	1	28670719	-0.21037605831103	0.148927732737899	0.157771901236203
chr1:29753056:A:C	1	29753056	0.117534812519359	0.141857394748539	0.407363607646244
chr1:29908726:A:G	1	29908726	-0.0807825884141593	0.178195113280784	0.650305486344626
chr1:31886486:G:T	1	31886486	0.146778192394679	0.147967014241319	0.321214292182148
chr1:37838865:C:T	1	37838865	0.136740042542378	0.224092306315771	0.5417325301233
chr1:39880059:T:C	1	39880059	-0.0768042533155412	0.150330934728024	0.609420248479974
chr1:43202709:G:A	1	43202709	-0.0360227370294925	0.161372251206486	0.82335838813904
chr1:47498869:G:A	1	47498869	0.259715471732419	0.175944989690379	0.139912361785165
chr1:54900240:G:A	1	54900240	-0.00158614641651139	0.12969662344964	0.990242381361055
chr1:65351414:T:A	1	65351414	0.175191147313562	0.134862039913689	0.193930296405455
chr1:66254178:T:A	1	66254178	0.000826445521203916	0.187326760515139	0.996479915732262
chr1:73302339:T:C	1	73302339	-0.107015020932787	0.144338878067935	0.45844180337794
chr1:73563666:T:C	1	73563666	0.123767679133688	0.205670484099218	0.547322871123528
chr1:76062379:T:C	1	76062379	-0.224450397830067	0.152681352537932	0.141546127605306
chr1:86928231:G:T	1	86928231	0.169033551006316	0.151155737029195	0.263449930350472
chr1:88611347:G:A	1	88611347	-0.243549275037254	0.14279974872684	0.0880955965151984
chr1:91057167:C:A	1	91057167	0.137369514055285	0.206761960627656	0.506444027239502
chr1:91093925:G:A	1	91093925	0.0849648533979516	0.156997745958576	0.588379951353672
chr1:92475800:A:G	1	92475800	0.125299279405061	0.137959210876682	0.363754476063969
chr1:94752415:G:A	1	94752415	-0.337645131992485	0.214100201422191	0.114785730079434
chr1:95614324:G:A	1	95614324	-0.392317236298954	0.284074237942986	0.167267364834555
chr1:99691102:T:C	1	99691102	-0.149324046590167	0.155922385805384	0.338223186813353
chr1:104937367:T:A	1	104937367	-0.228189779548235	0.137162901832307	0.0961842627228833
chr1:153704237:C:A	1	153704237	0.0951592569236342	0.143567457119007	0.507446400631204
chr1:159540226:C:T	1	159540226	-0.0194744693900219	0.14634590164534	0.894136830370786
chr1:165647351:T:C	1	165647351	0.0472595416916088	0.180714031308592	0.793694906567287
chr1:168863629:G:A	1	168863629	-0.0491712597745561	0.270435846088551	0.855722205882769
chr1:171350391:G:A	1	171350391	-0.235465658642181	0.181433965507454	0.194354822708481
chr1:173013575:C:G	1	173013575	0.195908514146578	0.168120856336089	0.243904125193343
chr1:178947344:C:A	1	178947344	0.0770857327782715	0.239562403037001	0.747621445467574
chr1:186638909:G:T	1	186638909	0.247893668186943	0.179155750315152	0.166457418421859
chr1:188272062:T:C	1	188272062	0.114368599602065	0.172770696300721	0.50799199969285
chr1:193365737:C:T	1	193365737	0.0211681020053987	0.12425980443727	0.864732079612218
chr1:195033388:T:C	1	195033388	0.268436178154385	0.187904950417515	0.153126632641285
chr1:195907914:A:G	1	195907914	0.0657229124995289	0.169133232011304	0.697581959361011
chr1:196692375:G:C	1	196692375	-0.142455255971723	0.142378303995551	0.317049020079383
chr1:197559019:A:G	1	197559019	0.178045411231049	0.208824240120149	0.393876210622722
chr1:199160726:G:A	1	199160726	-0.110844998817683	0.155794021625971	0.476784182766697
chr1:204277152:T:C	1	204277152	-0.309782395800297	0.173017627362769	0.0733788272812586
chr1:207498131:C:T	1	207498131	-0.0923102408023159	0.174680771535915	0.597186298661275
chr1:210496535:G:A	1	210496535	-0.0944004086799656	0.196993790954562	0.631792800867455
chr1:212937214:T:G	1	212937214	0.198838326492046	0.127610389915414	0.119193613366091
chr1:219750864:A:G	1	219750864	-0.0295928846204029	0.155467019728813	0.849036198913902
chr1:221920463:G:A	1	221920463	-0.389619561742967	0.226824428021128	0.0858487412333642
chr1:227462684:A:G	1	227462684	-0.710254667577304	0.279761024906884	0.0111236371077591
chr1:234456961:G:A	1	234456961	-0.14112487771551	0.204282594817494	0.48967135657947
chr1:237308322:A:G	1	237308322	-0.270614047311371	0.177176297329391	0.126668630719512
chr1:244583991:C:T	1	244583991	-0.157754296918579	0.185969535034575	0.396281874297812
chr1:247190028:T:C	1	247190028	-0.0710514887485911	0.220015390863051	0.746741651573297
chr1:247897239:C:T	1	247897239	-0.319901235895305	0.197609069604223	0.105477587754336
chr2:3248328:A:G	2	3248328	-0.133891808717865	0.142139752604528	0.346206465161227
chr2:6804400:G:A	2	6804400	-0.663620381737946	0.281245991201908	0.0182959922442744
chr2:9411790:A:C	2	9411790	0.269353946313272	0.183414313542129	0.14195361812506
chr2:12096367:C:T	2	12096367	-0.0644679225468061	0.194773253966813	0.740652336857575
chr2:13545005:C:T	2	13545005	0.121920096605667	0.156293208369739	0.435347965579386
chr2:16009716:A:G	2	16009716	0.0245490980112298	0.168672400601899	0.884282117471504
chr2:16367899:A:T	2	16367899	-0.261352870980515	0.155558164939098	0.0929383635434493
chr2:17630111:A:C	2	17630111	-0.0481102055842452	0.176746301935534	0.785468841293702
chr2:17928966:C:G	2	17928966	-0.363897509817889	0.220960595826172	0.0995809236533993
chr2:18261494:A:T	2	18261494	-0.0617633376650792	0.169568355923869	0.715679857932362
chr2:19530615:T:C	2	19530615	0.109308983382072	0.161872682346185	0.499499463890461
chr2:19562158:T:C	2	19562158	-0.119369317766647	0.192894876893053	0.536027738127085
chr2:27383116:G:A	2	27383116	-0.166612666323444	0.12751047364957	0.191328660137281
chr2:37762298:C:T	2	37762298	0.0190854664648377	0.18173845323113	0.916363020805628
chr2:42010994:T:A	2	42010994	0.18966631829618	0.268463138269103	0.47988394232933
chr2:45824390:C:G	2	45824390	0.067903449581148	0.211110735228531	0.747719003268906
chr2:49789441:T:C	2	49789441	-0.0161921905457087	0.144313515250483	0.910663652686075
chr2:49994518:G:A	2	49994518	0.183573411715336	0.164642511868707	0.264858201521344
chr2:51284042:G:A	2	51284042	-0.0523302682959583	0.165307893574005	0.751575648023169
chr2:51344078:G:A	2	51344078	-0.206884462958656	0.176406087351523	0.24088646927267
chr2:57278002:C:A	2	57278002	0.205300787800184	0.154137320872186	0.182881771846177
chr2:57368273:A:G	2	57368273	-0.137120498078341	0.173970625755278	0.430590315689686
chr2:60373837:A:G	2	60373837	-0.143011830545839	0.214951221999184	0.505844402662821
chr2:61147014:T:C	2	61147014	0.0423460804741314	0.153693518522209	0.782914552025362
chr2:61693274:A:G	2	61693274	-0.0103492995059659	0.188305001375858	0.956170091384737
chr2:65295480:C:T	2	65295480	-0.0786500016954423	0.157149331232638	0.616737563552409
chr2:66031496:T:C	2	66031496	-0.223794257968553	0.143571677061541	0.119052418664274
chr2:69165635:T:C	2	69165635	0.202006603336497	0.203878737626834	0.321774745089532
chr2:76651386:C:A	2	76651386	0.0186711315238701	0.192181974038935	0.922604577102708
chr2:79784490:C:G	2	79784490	0.211770418841118	0.201456836764003	0.293169040665659
chr2:82619301:T:C	2	82619301	0.0157344034842667	0.269752943334524	0.953486615263385
chr2:83400799:T:A	2	83400799	0.228345793619679	0.220822102418271	0.301102842525385
chr2:85744328:G:A	2	85744328	0.00661315703750559	0.196603974557591	0.97316666124588
chr2:85757440:T:A	2	85757440	-0.104499742495038	0.136766476322064	0.444822997793627
chr2:99811694:T:C	2	99811694	0.14081560280072	0.138203764416325	0.308251174655865
chr2:101228073:A:C	2	101228073	-0.0636943123711922	0.149660722533935	0.670405627714014
chr2:106861882:T:C	2	106861882	-0.00753326126508252	0.255544583615595	0.976482372223838
chr2:108083619:T:C	2	108083619	-0.155765797623201	0.185689303480955	0.401552505191917
chr2:118004610:C:T	2	118004610	-0.422950551783894	0.148013649834822	0.00426978568745984
chr2:119455921:A:G	2	119455921	0.0958814535622783	0.174758522156846	0.583244917791065
chr2:120644763:G:A	2	120644763	-0.0834197107271701	0.143622750487541	0.561358278847889
chr2:120916837:A:G	2	120916837	0.159145676650273	0.155535995746753	0.306209506624861
chr2:122628686:C:A	2	122628686	0.0731008597612181	0.221017464497322	0.740835609722118
chr2:122629789:A:C	2	122629789	-0.00766229160221442	0.190650436049443	0.967941438535465
chr2:127192867:G:A	2	127192867	-0.27032923058945	0.152655110365897	0.0765857268094019
chr2:130915743:C:T	2	130915743	0.126414989547083	0.168521584212055	0.453169646103437
chr2:136507185:G:C	2	136507185	-0.10624864613582	0.147070865341795	0.470029141287437
chr2:141023592:C:T	2	141023592	-0.192586309817932	0.192428682678547	0.316914251639464
chr2:143017176:T:C	2	143017176	-0.383135366407699	0.30143079522216	0.203708791285041
chr2:143920023:G:T	2	143920023	-0.0610971795570434	0.192991359279624	0.75156241162851
chr2:144729333:C:T	2	144729333	0.209473598725078	0.167139356834228	0.21010124379621
chr2:148561010:G:C	2	148561010	-0.156210458876429	0.204551306388562	0.445061700223059
chr2:154835349:G:T	2	154835349	-0.0329546315617518	0.206696723551043	0.873326396370276
chr2:164974626:C:A	2	164974626	-0.00533734762999515	0.195676178351423	0.978239255810275
chr2:167086954:T:G	2	167086954	-0.0153100865822273	0.152223721856142	0.919886874429779
chr2:167657344:C:T	2	167657344	-0.0489689458545713	0.185319795404827	0.791594811238796
chr2:168647356:T:G	2	168647356	-0.0213913760355373	0.146931742823564	0.884247300063841
chr2:170041677:A:G	2	170041677	0.0793827281240013	0.276096014755359	0.77371529405701
chr2:171274449:C:A	2	171274449	0.0631419598342747	0.146208203722146	0.665840757351418
chr2:177787584:G:A	2	177787584	-0.359289082415425	0.254301885247945	0.157701378396749
chr2:179648558:C:T	2	179648558	-0.480822587539297	0.275129205121433	0.0805290398426154
chr2:183527028:C:T	2	183527028	-0.350696831876049	0.270451958392972	0.194732167204373
chr2:184516924:T:A	2	184516924	0.0742595622947344	0.17944313486607	0.67899612273107
chr2:197010424:G:A	2	197010424	0.024037962971857	0.240405951843944	0.920353017943247
chr2:209101337:G:A	2	209101337	-0.0137029010336593	0.153937760020963	0.929069311177718
chr2:209103516:A:G	2	209103516	0.0669575176521891	0.177053385882486	0.705299113043304
chr2:210957182:G:A	2	210957182	-0.049526413974387	0.163207292526586	0.761541525545845
chr2:214802180:T:C	2	214802180	-0.0333007068047849	0.14419335221834	0.817357675653167
chr2:215209936:A:G	2	215209936	-0.22759068380522	0.161471902486501	0.15869462521118
chr2:220997842:C:T	2	220997842	-0.0178038348994243	0.143592409018515	0.901324228868083
chr2:226027918:G:A	2	226027918	-0.116120709135494	0.291609565372148	0.690478266338671
chr2:228947684:G:A	2	228947684	0.415011021077233	0.179185147850329	0.0205527178766424
chr2:233152507:T:C	2	233152507	0.0206803959982054	0.136856416408572	0.879888812148268
chr2:235620294:A:T	2	235620294	-0.0451973472126009	0.182108264832362	0.803987840939029
chr2:237288548:A:G	2	237288548	-0.0658256638334723	0.135188756842955	0.626317361246106
chr2:237513585:T:C	2	237513585	0.13964200873124	0.196246299180328	0.476734152601227
chr2:237920759:T:G	2	237920759	0.0729726699678715	0.153328015024739	0.634127650877856
chr2:240429648:C:T	2	240429648	0.0199292795325294	0.123196236927382	0.871488101590253
chr3:10127208:T:G	3	10127208	0.0491108270177456	0.254694079412758	0.847097742190604
chr3:14082905:A:G	3	14082905	0.34413671001424	0.124006213853056	0.00551750685730368
chr3:16798495:T:G	3	16798495	0.140236247133858	0.172370627760404	0.415889084095041
chr3:18882818:T:C	3	18882818	-0.27944381359603	0.147917926388595	0.0588675095495773
chr3:22245167:A:G	3	22245167	0.179889313565259	0.151973203456562	0.236535401891768
chr3:24009496:G:A	3	24009496	-0.0502926232741316	0.160370495893293	0.753822795540675
chr3:24010534:C:T	3	24010534	-0.0585222124059163	0.180575789583326	0.74587239309066
chr3:33421913:A:G	3	33421913	0.0211680061844432	0.157002931053174	0.892749806044767
chr3:34471110:A:G	3	34471110	-0.154515723557293	0.145518632262594	0.288313884285384
chr3:35230331:G:A	3	35230331	0.0182827682606469	0.184574922014329	0.921095894349883
chr3:41413926:T:C	3	41413926	-0.257257298963979	0.17065901885819	0.131699311891979
chr3:42098050:T:C	3	42098050	0.00966512967848225	0.143398359650971	0.946262823750157
chr3:46489654:A:G	3	46489654	-0.3370022603231	0.169232573333665	0.0464417888741556
chr3:56959175:A:G	3	56959175	-0.0142225622276261	0.272755706361938	0.958413986785688
chr3:64441608:G:A	3	64441608	0.224782838419272	0.163033935331678	0.167972225796523
chr3:66995763:G:T	3	66995763	0.0425994040004475	0.183640930669898	0.816560395712311
chr3:68498445:T:C	3	68498445	-0.359258600359816	0.159242643735788	0.0240678011963795
chr3:68824246:G:A	3	68824246	-0.498047482390382	0.18341452928269	0.00661917649404387
chr3:69021248:A:C	3	69021248	0.0314524723588294	0.16459656988666	0.848456444290046
chr3:69617754:T:G	3	69617754	-0.0531985252821303	0.165816767728607	0.748341363887958
chr3:74191731:G:A	3	74191731	0.0862893548118956	0.164805299946445	0.600568179826306
chr3:74732240:G:A	3	74732240	-0.407446377404236	0.161501234422021	0.0116401919449197
chr3:75709324:A:T	3	75709324	-0.0199622761641439	0.170869791165911	0.906996817734518
chr3:84465702:T:C	3	84465702	0.193953403958736	0.142383893248812	0.173139064516601
chr3:84817748:G:A	3	84817748	0.230695530385245	0.165907715524833	0.164375541075321
chr3:85705423:A:G	3	85705423	-0.207841403970235	0.16182947292707	0.199028768346906
chr3:88069353:C:T	3	88069353	0.0275354960806269	0.21023418270222	0.895794805675248
chr3:93986190:G:A	3	93986190	-0.351613885475744	0.19830185218846	0.0762080682436287
chr3:101022648:G:A	3	101022648	-0.280244923040676	0.237745340129417	0.238493377827664
chr3:106664728:C:T	3	106664728	0.178845611384026	0.176226717846544	0.310172122794599
chr3:110774699:C:T	3	110774699	0.0564087299674693	0.197936112903029	0.775655994512018
chr3:113428518:G:A	3	113428518	0.0964069536983765	0.167023904435055	0.563801299531783
chr3:121058963:T:G	3	121058963	-0.228346217929364	0.208413207049797	0.273235568622133
chr3:124193435:A:C	3	124193435	0.0840430888836024	0.139270632879403	0.54620829166509
chr3:126773646:G:T	3	126773646	-0.0546605584491375	0.173964172513765	0.753364709669083
chr3:131209978:G:T	3	131209978	-0.0673632296798254	0.24926853509007	0.78697284165706
chr3:133982842:C:T	3	133982842	0.134804738902078	0.150415003611955	0.370135970516673
chr3:137777496:C:T	3	137777496	-0.202741211574886	0.192029711793064	0.291068541414513
chr3:146265901:G:T	3	146265901	-0.0988589713844194	0.20614461326368	0.631539395433867
chr3:149679065:C:A	3	149679065	0.18292452978107	0.121174103843374	0.131145305142227
chr3:152663712:G:C	3	152663712	-0.227214305099862	0.174538921590959	0.192985670922833
chr3:159417151:A:G	3	159417151	0.269113692031505	0.178287102554357	0.13118636611677
chr3:164899350:G:A	3	164899350	0.263964084105898	0.274115204339081	0.335563739789758
chr3:168053836:T:C	3	168053836	0.24841991522158	0.199215600068392	0.212401064721637
chr3:171028381:G:A	3	171028381	-0.0202988002458672	0.18034002146379	0.910380597146709
chr3:174497130:T:C	3	174497130	-0.00319849046967689	0.13568001550831	0.981192589020253
chr3:196706550:C:T	3	196706550	-0.196509884159825	0.154284558127431	0.202775173947941
chr4:332191:G:A	4	332191	-0.0529339504061604	0.143020373832484	0.711296989768811
chr4:8816874:T:C	4	8816874	-0.293551346684394	0.169310815003196	0.0829533076828155
chr4:9851274:C:G	4	9851274	0.233477834205555	0.166910996688346	0.161868056588862
chr4:10725805:A:G	4	10725805	0.214186448004608	0.171986137086949	0.212995620740786
chr4:13219910:C:T	4	13219910	0.15548330926974	0.143001339874206	0.276910574579208
chr4:18747099:A:G	4	18747099	-0.115081889554956	0.133785391396803	0.389680057557625
chr4:20840555:C:T	4	20840555	-0.0390817260830578	0.149861829651306	0.794258267079773
chr4:21137718:C:T	4	21137718	-0.177362237023019	0.164592050513422	0.281218152142688
chr4:26851610:T:C	4	26851610	-0.4878377479938	0.180172554973694	0.00677687737601462
chr4:32302160:A:T	4	32302160	-0.384062790110552	0.227950036730913	0.092016524217333
chr4:40603484:A:G	4	40603484	-0.173672150336579	0.187135797511571	0.353379490173068
chr4:41002348:C:T	4	41002348	0.142455735740398	0.235005532389814	0.544395000105064
chr4:44018406:T:G	4	44018406	0.206187366386234	0.17612947576721	0.2417363044632
chr4:44680448:T:C	4	44680448	0.35026108225436	0.153851256160942	0.022808836038551
chr4:55337032:C:T	4	55337032	0.0793170186680611	0.149912556590939	0.596744017128254
chr4:55659669:G:A	4	55659669	0.102994567550565	0.202095290548884	0.610308120424584
chr4:56719096:C:T	4	56719096	-0.566010757580493	0.197166997030275	0.0040954128763192
chr4:61158247:C:G	4	61158247	0.175676668466127	0.184031098771992	0.33977841843464
chr4:64485722:G:A	4	64485722	-0.0600865962289891	0.186437070733344	0.74723385042194
chr4:67708732:C:T	4	67708732	-0.318252939663477	0.189004709789284	0.0922133624701708
chr4:67911021:C:T	4	67911021	0.216671060168556	0.166480689534219	0.193094673745787
chr4:90022599:G:T	4	90022599	0.0615115428269132	0.114355688960619	0.590648396340801
chr4:97398054:G:A	4	97398054	0.00175501233881272	0.143118627422832	0.990216073331408
chr4:98823404:T:C	4	98823404	0.0747721637627865	0.21428461568772	0.727135440847613
chr4:99262681:C:G	4	99262681	-0.267346144304866	0.175783707439976	0.128289640582356
chr4:99355957:G:T	4	99355957	-0.130980177127679	0.141523158507173	0.354704069106587
chr4:101085120:T:C	4	101085120	0.0904047130962436	0.110650921838503	0.413913399287945
chr4:102399971:C:T	4	102399971	-0.157921264762604	0.158058774905407	0.317731717033212
chr4:102884286:T:C	4	102884286	-0.0737459446765074	0.134726431759705	0.584120800314273
chr4:105992845:C:T	4	105992845	0.00726459860226261	0.151204976293842	0.961680613643534
chr4:108791253:G:A	4	108791253	0.182160676246505	0.158162018329968	0.24943013057778
chr4:110957298:T:A	4	110957298	0.0762888028277823	0.183705629104992	0.677938816489955
chr4:113348012:C:T	4	113348012	-0.067929741748554	0.191182332960489	0.722354437748216
chr4:115522695:G:A	4	115522695	0.0848297839515487	0.141950477099883	0.550106023399205
chr4:120770744:A:C	4	120770744	0.130084858314445	0.165377344862676	0.431519462582652
chr4:123964831:A:G	4	123964831	0.133510051344532	0.18875142545269	0.479359762334346
chr4:125256344:T:C	4	125256344	-0.169029428464696	0.214052318186441	0.429723969940042
chr4:126268710:T:G	4	126268710	-0.0861203079778282	0.20165141283546	0.669324589955924
chr4:134094420:T:C	4	134094420	0.0335115805123104	0.277442232191123	0.90385927439048
chr4:134350906:C:T	4	134350906	0.106081256004158	0.1697972769479	0.532133577074014
chr4:138952375:G:A	4	138952375	0.133303989855408	0.154149014224451	0.387163092744694
chr4:141618953:G:A	4	141618953	-0.102557416661586	0.197370920440495	0.603330083902242
chr4:149616644:T:G	4	149616644	0.0260360902913833	0.182713646021133	0.886687691462228
chr4:154030957:C:G	4	154030957	0.189245370882604	0.227385038718571	0.405257491505379
chr4:168588553:A:C	4	168588553	-0.608051958493754	0.284308922622571	0.0324598398897579
chr4:171334248:A:T	4	171334248	0.00405174432594706	0.224297704967464	0.985587688325686
chr4:171974219:A:G	4	171974219	0.0591511291369675	0.161053633144497	0.713413177586131
chr4:176312841:C:T	4	176312841	-0.16192725084653	0.151489606202569	0.285114699910889
chr4:179329624:T:G	4	179329624	0.215862081055442	0.178567609212158	0.226719129821435
chr4:183032183:A:G	4	183032183	0.0613677860342181	0.159135187151054	0.699768459856256
chr4:184991673:A:G	4	184991673	-0.0454529134659998	0.14873613318633	0.759913566256723
chr4:189912372:C:T	4	189912372	-0.149787280203701	0.171640438700521	0.382837197395529
chr5:5313703:A:G	5	5313703	-0.0298780463189662	0.213190166123158	0.888543534668508
chr5:7364955:T:A	5	7364955	-0.355499069657394	0.217214494642266	0.101708466177299
chr5:8067079:G:C	5	8067079	-0.244535358404361	0.192207413086277	0.203285273841744
chr5:13911296:G:T	5	13911296	0.0328200376369037	0.159821442019008	0.83729523814719
chr5:15621966:C:G	5	15621966	-0.243633377422413	0.137971297351748	0.0774249559336845
chr5:17902851:T:C	5	17902851	-0.126107970409734	0.257836525677744	0.624770556330458
chr5:20719353:A:C	5	20719353	-0.153099168354572	0.174592232984057	0.380543323117646
chr5:20732163:G:T	5	20732163	-0.148429711853018	0.152493333990037	0.33037832051201
chr5:21913130:A:C	5	21913130	0.0645651036462033	0.196614540835638	0.742621207247009
chr5:23787194:A:C	5	23787194	-0.111305729487878	0.12257821218939	0.363857908847135
chr5:23895775:T:G	5	23895775	-0.111512639459597	0.158021028586637	0.480385744189651
chr5:33466391:T:A	5	33466391	-0.0220860633919024	0.123208846949799	0.857735812617814
chr5:33624899:A:G	5	33624899	0.502768439860283	0.249093884312658	0.0435507290914197
chr5:39550509:T:G	5	39550509	0.190685570294153	0.166093971466014	0.250944477908355
chr5:39634108:G:A	5	39634108	-0.0783242751119604	0.170947853307391	0.646825700595964
chr5:39978357:G:A	5	39978357	-0.0563343925515559	0.153214832084925	0.71311008793596
chr5:44011742:G:T	5	44011742	-0.356426475493982	0.175573880684373	0.0423498831771711
chr5:50222627:G:A	5	50222627	-0.0273698798416447	0.255019959332138	0.914531579040455
chr5:54814079:C:T	5	54814079	0.0979118378201685	0.196204809898314	0.617759141840887
chr5:66989845:C:A	5	66989845	0.106116624189779	0.140781577585004	0.450988644339624
chr5:66992139:G:A	5	66992139	-0.274588800149572	0.180191431818291	0.127540519257231
chr5:73076502:T:C	5	73076502	-0.0314552022723676	0.149927061290905	0.833821145017504
chr5:76998986:C:A	5	76998986	0.0789850016529028	0.163544450544036	0.629125988374832
chr5:80530472:T:A	5	80530472	0.22210991750857	0.252145752583438	0.378383273827708
chr5:81710558:G:T	5	81710558	0.113950328048489	0.1227377328069	0.353197512272158
chr5:84879932:A:G	5	84879932	0.228358958311074	0.158684500408965	0.150129165640133
chr5:85476293:A:G	5	85476293	0.151201615630628	0.209859654746609	0.471223844384791
chr5:85809583:T:C	5	85809583	-0.0256446498442498	0.144868514546591	0.859492542221238
chr5:92192959:A:T	5	92192959	0.0375885886427147	0.223665761972643	0.866538466425507
chr5:94648523:C:G	5	94648523	-0.303117076451047	0.215814200046117	0.160161694061929
chr5:98024666:G:A	5	98024666	0.170028057856713	0.176863523865674	0.336375336809907
chr5:101825779:A:C	5	101825779	-0.0154930402005249	0.15066758603123	0.918098462093842
chr5:106773905:G:A	5	106773905	-0.179296072250645	0.172296286892916	0.298048953588926
chr5:114915760:G:T	5	114915760	0.0292315460326348	0.17580443474975	0.867942044858423
chr5:115102683:A:G	5	115102683	-0.158713232835336	0.164635364804579	0.335031488046498
chr5:117238479:G:A	5	117238479	0.210056841103002	0.151663117633442	0.166045565827447
chr5:121740415:G:T	5	121740415	-0.0983953925524427	0.166911092337482	0.555520674402689
chr5:137227416:A:T	5	137227416	-0.215561366901092	0.17735628177214	0.224208104144712
chr5:137406489:C:T	5	137406489	-0.110149603479698	0.201015099778418	0.583714690982698
chr5:140638650:G:A	5	140638650	-0.000645300169660326	0.175373643616917	0.997064131929968
chr5:142682003:T:C	5	142682003	-0.203136084048836	0.127304081345244	0.110561120272002
chr5:144183699:A:G	5	144183699	-0.429094970707643	0.184428679161846	0.0199856385650478
chr5:145690757:G:T	5	145690757	0.047649572793042	0.185760750675279	0.797556716347641
chr5:147282093:C:T	5	147282093	0.00299088359609559	0.185078213227194	0.987106661880166
chr5:151763317:T:C	5	151763317	-0.0470469721892441	0.173050519825957	0.78572319064696
chr5:153541577:C:T	5	153541577	-0.506709742883382	0.251704993238909	0.0441030985869939
chr5:164252995:G:C	5	164252995	0.238610494334137	0.182816989657608	0.191828926395728
chr5:168245100:T:C	5	168245100	0.154391696972666	0.137103099686036	0.260123513801965
chr5:169455657:C:T	5	169455657	0.0825342986442212	0.136492135551926	0.545390499622643
chr5:169808985:G:C	5	169808985	-0.0609911331397199	0.210784420878688	0.77231115402071
chr5:172672695:T:C	5	172672695	0.262008625830315	0.200951290606574	0.192287640379519
chr5:173346700:A:C	5	173346700	-0.623431847795686	0.297722295385641	0.036259572952336
chr6:3041612:C:A	6	3041612	-0.148123459225854	0.14332786049859	0.301389174699998
chr6:3673174:A:G	6	3673174	0.173387219551075	0.223069597320402	0.43699443049894
chr6:3786319:G:C	6	3786319	-0.448065041421667	0.217038653371677	0.0389752473771341
chr6:6090729:G:T	6	6090729	-0.189350190400406	0.231602487463842	0.413605366238768
chr6:6354181:A:T	6	6354181	-0.102527591030859	0.162537351612737	0.528175207481828
chr6:6456261:T:C	6	6456261	0.0315446714344321	0.159055140845319	0.842790494779052
chr6:7642514:C:G	6	7642514	-0.176470396518458	0.186737136497491	0.344648480182279
chr6:23163726:T:C	6	23163726	-0.000378055013620829	0.232475199179336	0.998702467503573
chr6:23344439:T:A	6	23344439	-0.109365439710885	0.152904011627836	0.474451162469887
chr6:26287827:G:A	6	26287827	0.0567363046243016	0.142369172148352	0.690250324148001
chr6:31108549:A:G	6	31108549	0.0747724847605979	0.12943515565473	0.563478180855673
chr6:31845997:T:C	6	31845997	-0.0860350575517315	0.18969299356037	0.650153505808398
chr6:32660000:G:C	6	32660000	0.364016152697463	0.27320841936687	0.182736890853246
chr6:33148933:A:G	6	33148933	-0.101567170923037	0.176477005868305	0.564935360297256
chr6:37400014:G:T	6	37400014	0.0508291993526727	0.132237002293814	0.700697155730637
chr6:39124093:C:T	6	39124093	-0.0737673586807713	0.168143800863034	0.66086740570948
chr6:45195864:C:T	6	45195864	0.569722500876844	0.180896577610083	0.00163584984705489
chr6:46738257:G:A	6	46738257	-0.0632560600926226	0.167931134920159	0.70641248897871
chr6:47717919:C:A	6	47717919	0.0614159921744933	0.147199740045101	0.676510955811929
chr6:48859012:C:A	6	48859012	0.163839641035979	0.256330502867013	0.5227101293695
chr6:49860743:T:G	6	49860743	-0.0994920222573642	0.208763086107946	0.633662214992277
chr6:53292416:C:G	6	53292416	-0.140939149049249	0.147338715448184	0.338786550861974
chr6:69504128:A:G	6	69504128	0.0938660946609015	0.20396609990944	0.645369519973755
chr6:81137001:T:C	6	81137001	0.142241965605147	0.141482927026135	0.314721185593624
chr6:84758749:C:T	6	84758749	0.200669606036197	0.168035992073484	0.232397359209027
chr6:87387916:G:T	6	87387916	0.0416655890201484	0.15074275848014	0.782239376336559
chr6:88566465:G:A	6	88566465	-0.122303776304766	0.186716371469349	0.512452054425546
chr6:93273487:T:C	6	93273487	0.189471705210778	0.19051880495594	0.319977580438321
chr6:97788153:C:A	6	97788153	-0.223091637255531	0.172217874036483	0.195181070358057
chr6:98771646:C:T	6	98771646	-0.0948119511790727	0.190414629741404	0.618537843474697
chr6:104918249:A:G	6	104918249	-0.252687455079642	0.183295774595921	0.168025016702724
chr6:107129138:A:G	6	107129138	0.0626831654772451	0.136245270305144	0.645461741268888
chr6:112187089:T:C	6	112187089	0.0840603035744732	0.147202550496204	0.567964428129295
chr6:118046853:T:C	6	118046853	-0.437317866133044	0.175783045586624	0.0128526115248452
chr6:123103197:T:C	6	123103197	-0.397374236291452	0.274473132691251	0.147681111346856
chr6:127784009:G:A	6	127784009	-0.085235712273711	0.131865504589029	0.518030896345752
chr6:129527930:G:A	6	129527930	-0.0803501430382482	0.148937260950713	0.5895488872536
chr6:137254996:T:C	6	137254996	-0.127531200686377	0.143599408218535	0.37448484174434
chr6:138165202:C:G	6	138165202	-0.058250574322082	0.222533051380384	0.793505361027028
chr6:139464917:T:A	6	139464917	-0.311801607337995	0.179181217912467	0.0818332596386729
chr6:151547601:G:A	6	151547601	-0.198494894314954	0.158267563985797	0.209779157111047
chr6:152638179:C:T	6	152638179	-0.114169216908728	0.161481806402354	0.479560398237656
chr6:153842833:G:A	6	153842833	0.0642240165742166	0.179073802429218	0.719860290861231
chr6:160701242:A:G	6	160701242	0.315031409389671	0.253019453984827	0.213099515804041
chr6:162760256:C:T	6	162760256	0.042778317754538	0.20599058856824	0.835485687380168
chr6:163629327:G:A	6	163629327	0.105777175267897	0.158530811470837	0.504622564624961
chr6:167509019:C:T	6	167509019	0.214751199621394	0.288875931635727	0.457237801017198
chr7:7863676:G:A	7	7863676	0.0559996040305472	0.151635257209743	0.711900667631326
chr7:8111839:A:G	7	8111839	0.0376121814283352	0.191559149208363	0.844338097912908
chr7:9602661:C:A	7	9602661	-0.0263281216087778	0.172669652703402	0.878810862235501
chr7:11334355:C:A	7	11334355	-0.122510786448625	0.176770775684215	0.488278882767312
chr7:12476280:G:A	7	12476280	-0.218147503144528	0.182101730269251	0.230939186548251
chr7:20850990:A:T	7	20850990	0.0294505958573674	0.19154753019044	0.877806187792012
chr7:22822020:C:A	7	22822020	-0.329285993650303	0.141124085078104	0.0196319721422054
chr7:24140802:T:C	7	24140802	0.0355351965341142	0.15569861019616	0.819466927282741
chr7:24278575:A:G	7	24278575	-0.577059625334388	0.242158993569432	0.0171732068949755
chr7:24620726:T:A	7	24620726	0.183040212442755	0.165252044062022	0.268016175175561
chr7:24740434:C:T	7	24740434	-0.229244972716928	0.158276428429328	0.147509817320964
chr7:28505993:C:T	7	28505993	0.24269042879293	0.154395333631124	0.115979147228797
chr7:36413989:G:A	7	36413989	-0.235605772037158	0.218229040070271	0.280308704692975
chr7:43755241:C:T	7	43755241	-0.110526053646037	0.14227169028246	0.437237771640581
chr7:44689517:A:G	7	44689517	-0.448341795345633	0.239709843262487	0.061434946767763
chr7:46192346:C:G	7	46192346	0.28646744917143	0.173277711988134	0.0982846062449936
chr7:48301675:T:C	7	48301675	-0.0846710216054772	0.185347055787778	0.647797405738001
chr7:51890159:C:T	7	51890159	0.00261332553831137	0.153162487012718	0.986386804161529
chr7:53046603:C:G	7	53046603	0.149608183569976	0.16162861970633	0.354638669332435
chr7:55663907:C:A	7	55663907	-0.0304044036333667	0.167050440448979	0.85557697821178
chr7:56122201:A:G	7	56122201	0.203730728889369	0.142880883048924	0.153903518115241
chr7:67766433:G:A	7	67766433	-0.0689629839518144	0.170422320605666	0.685727932827236
chr7:68433432:T:C	7	68433432	0.19058446196177	0.157559798070206	0.226432100876922
chr7:71020152:T:G	7	71020152	0.254045466852288	0.202972717833622	0.210707009513299
chr7:71553830:T:C	7	71553830	0.0801650418042865	0.178617240520383	0.65356937830253
chr7:78390279:T:G	7	78390279	-0.0993537363497574	0.15794381295734	0.52931971828093
chr7:83524616:A:T	7	83524616	0.0290003238087309	0.15911616314974	0.855379615858473
chr7:84786535:C:A	7	84786535	-0.121376379556051	0.127895406580616	0.342606142235389
chr7:86620755:G:A	7	86620755	-0.337920875386078	0.198172692882423	0.088160141104822
chr7:89207269:G:A	7	89207269	-0.108212582888491	0.178711692345451	0.544836963294545
chr7:91097147:A:G	7	91097147	-0.181982144683586	0.200317875195597	0.363631631985372
chr7:103095283:G:A	7	103095283	-0.127711201982364	0.24871652656518	0.607614922856351
chr7:113434486:A:C	7	113434486	0.0451182681920765	0.149707617892685	0.763127868959866
chr7:113749820:G:A	7	113749820	0.0623343188150549	0.144037523352725	0.665185906188645
chr7:117145973:C:G	7	117145973	-0.0408416478695456	0.176135732333914	0.816634331067076
chr7:119808046:G:A	7	119808046	-0.0472714369453802	0.166571274413906	0.776570513369223
chr7:122582926:C:G	7	122582926	0.323602270363643	0.208834078530419	0.121245623823836
chr7:124802410:A:T	7	124802410	-0.0146667094469016	0.132922819416792	0.912139702378975
chr7:131384702:T:A	7	131384702	-0.205382827432337	0.15098539992634	0.173740480878067
chr7:136870573:G:A	7	136870573	0.0164886482974359	0.200029649243673	0.934303968472627
chr7:142873374:T:C	7	142873374	-0.106603091336041	0.141473942579497	0.451139000072647
chr7:145116884:A:G	7	145116884	-0.0228589371857423	0.203137330974546	0.910403600572321
chr7:149242006:T:C	7	149242006	0.130750702980202	0.151115763782666	0.386909618661203
chr7:153502245:G:A	7	153502245	0.354660412807071	0.16968231770326	0.0366049008321181
chr7:153952270:G:A	7	153952270	0.0918040952248584	0.156587338620206	0.557687067040121
chr7:154426289:T:C	7	154426289	-1.19747404777896	0.472448200568193	0.0112571139538055
chr7:156975524:A:T	7	156975524	0.0195472494856452	0.168106390101084	0.907431397392318
chr7:157677820:C:T	7	157677820	0.0189973866760021	0.313651269834846	0.95170286146905
chr8:276778:A:T	8	276778	0.227894269634242	0.183148943183369	0.213385073933395
chr8:1102873:G:T	8	1102873	0.076427282433218	0.178684018619085	0.668852729539678
chr8:8710521:T:C	8	8710521	0.0802976066094285	0.174791504042769	0.645953562986609
chr8:9029509:T:C	8	9029509	0.0871495999914669	0.221170960766237	0.693553528429531
chr8:9109096:A:G	8	9109096	-0.0623915593961425	0.176388783969482	0.723551627371356
chr8:13032868:C:A	8	13032868	-0.0512776832335916	0.273711182940001	0.851392257480237
chr8:20741226:C:T	8	20741226	0.0468255132395635	0.149013040184972	0.75334052040491
chr8:25783762:T:C	8	25783762	0.038548439713426	0.2036256116013	0.849849568814238
chr8:27022227:G:T	8	27022227	-0.0830477383498676	0.159392276843839	0.60234770692889
chr8:28150898:A:G	8	28150898	-0.00267329848806899	0.211957699873248	0.989937015533518
chr8:28528484:G:T	8	28528484	0.206609286222837	0.165740000038787	0.212549066482406
chr8:37085597:G:A	8	37085597	-0.0622081434309689	0.201476098243826	0.75750265130921
chr8:41788192:C:T	8	41788192	0.209387070612423	0.160690475136953	0.192559079345328
chr8:53142705:G:A	8	53142705	-0.0134752188955385	0.173426106901995	0.93806664645369
chr8:61304314:G:C	8	61304314	-0.137828110335088	0.141397013269139	0.329679471372409
chr8:61926940:A:T	8	61926940	-0.0846699414204737	0.14437097952912	0.557556490866914
chr8:63445672:G:A	8	63445672	-0.0322373153097587	0.182915097831833	0.860103857561695
chr8:65343369:C:A	8	65343369	0.0721202235750006	0.208174383743237	0.729011021418223
chr8:65418628:G:T	8	65418628	-0.0932915545183826	0.134168851274312	0.486848857838118
chr8:71273350:T:A	8	71273350	0.0502494120386703	0.210105270342149	0.810979172478432
chr8:72033005:T:C	8	72033005	-0.0325759074895272	0.298258116488466	0.913027582639161
chr8:72065200:T:A	8	72065200	-0.0203592417831716	0.179514782994908	0.909703435327357
chr8:73211475:T:C	8	73211475	0.107286239639012	0.156086148883753	0.491860481440754
chr8:86323708:T:C	8	86323708	-0.0404653824854553	0.147915764126678	0.784414743696615
chr8:89525432:A:G	8	89525432	-0.378858780055997	0.155242680343862	0.0146698186054726
chr8:92001032:A:G	8	92001032	0.164668333388835	0.187927944677927	0.380904344161517
chr8:92645879:A:G	8	92645879	0.0365243364705604	0.291376828569972	0.900245788059451
chr8:95906161:G:A	8	95906161	-0.127504421887572	0.13553087810736	0.346818813344701
chr8:96365126:C:T	8	96365126	-0.409682918277467	0.153014125477165	0.00741918016000043
chr8:98002322:C:T	8	98002322	0.18121022406392	0.153808433327808	0.238734691015859
chr8:106920372:G:A	8	106920372	-0.454613552187562	0.184623664304656	0.0138018488051753
chr8:108142424:A:G	8	108142424	-0.211180459781876	0.125487704044624	0.0923987677951428
chr8:109421925:C:T	8	109421925	-0.120832299958188	0.154121467256158	0.433036038021498
chr8:116252872:C:T	8	116252872	0.139625525948918	0.133774655806789	0.296607196970697
chr8:121384602:C:T	8	121384602	0.191855373606246	0.149659735125695	0.199862352115498
chr8:127029052:C:T	8	127029052	0.0584567544292121	0.129643937621472	0.652059939229581
chr8:128437247:A:G	8	128437247	-0.118030673824119	0.221499936495907	0.594123565103866
chr8:131315237:G:A	8	131315237	-0.209786555109968	0.148423522639	0.1575287448607
chr8:135895676:A:T	8	135895676	-0.174317052906912	0.255357402501462	0.494834659585759
chr8:141605122:C:T	8	141605122	-0.278012869479282	0.177456115524022	0.117194881647056
chr9:733358:A:C	9	733358	0.11605127443214	0.15474493235939	0.453283603104918
chr9:5461379:C:T	9	5461379	-0.0509580317784783	0.171198899875893	0.765967280285754
chr9:11397008:T:G	9	11397008	0.115578356235707	0.283983874965842	0.684015956229898
chr9:11955148:T:G	9	11955148	0.221169970600857	0.159717877296868	0.166127698783901
chr9:12389360:A:G	9	12389360	-0.183258533690712	0.164789018540578	0.266103854341444
chr9:12615226:G:C	9	12615226	-0.179535709382907	0.132291629417151	0.17474286061412
chr9:13582959:T:A	9	13582959	0.584459869760952	0.283095976111895	0.0389675814287496
chr9:14098421:G:A	9	14098421	0.00986524986610475	0.146396724374266	0.946273543115857
chr9:18952915:A:G	9	18952915	0.13217531199797	0.127650141636683	0.300458904795734
chr9:29651949:A:G	9	29651949	-0.0794493860390532	0.160492260311634	0.620574975148488
chr9:32058643:A:T	9	32058643	0.162727487922035	0.164098942977867	0.321371943919005
chr9:37013405:C:T	9	37013405	-0.0617453303640843	0.141627824814001	0.662859276744341
chr9:37992585:C:T	9	37992585	-0.207298133247795	0.159961740666469	0.195001940261583
chr9:76464251:C:G	9	76464251	0.035392246782117	0.248113598769101	0.886570293425552
chr9:89995415:A:G	9	89995415	0.147815008423901	0.209380937796247	0.480211701414222
chr9:94568472:C:A	9	94568472	-0.0212319782908896	0.177530434681328	0.904802972431972
chr9:96162075:C:T	9	96162075	0.329276329142134	0.14414997709332	0.0223561319707626
chr9:100192956:A:G	9	100192956	0.183239110636233	0.2444799962587	0.453552563209071
chr9:100529836:G:C	9	100529836	-0.026812593896728	0.141193585496601	0.849387869809512
chr9:107904127:G:A	9	107904127	0.0359489393472853	0.130147086923223	0.782380802253713
chr9:117420412:T:C	9	117420412	-0.0834178173632239	0.163788298880666	0.610540089153759
chr9:117972207:C:A	9	117972207	-0.300471072299925	0.147980741857726	0.0423083653043328
chr9:121356498:A:G	9	121356498	-0.0310573866654535	0.322280366380941	0.92322862075369
chr9:124044726:T:G	9	124044726	-0.0118784295375629	0.168710499082918	0.943869581050317
chr9:125005426:C:T	9	125005426	0.121676294284805	0.244312838612147	0.618459518311581
chr9:129533341:A:G	9	129533341	0.0424889599747527	0.17542728025652	0.808623107257218
chr9:136630984:C:T	9	136630984	-0.0936548184934531	0.141538812337268	0.508169906851754
chr10:2050300:A:G	10	2050300	-0.24377508535693	0.182671672495927	0.182040515858177
chr10:3113976:C:T	10	3113976	-0.307825829545044	0.171091281403671	0.0719885318981046
chr10:4591592:T:C	10	4591592	-0.491474832507943	0.214487965713783	0.0219410687416929
chr10:7462546:C:T	10	7462546	0.101173307403251	0.185109201301121	0.584680973157325
chr10:7849544:T:G	10	7849544	0.262926847336009	0.246258891856907	0.28566276914408
chr10:9367893:G:A	10	9367893	-0.163016221855952	0.17637026657044	0.355338452054726
chr10:10628189:C:T	10	10628189	-0.274604848545022	0.19107250991724	0.150667956370237
chr10:14014383:T:C	10	14014383	0.0606337656984619	0.168905820641572	0.719610253960992
chr10:16341555:C:T	10	16341555	-0.148922620846055	0.168888953621305	0.377896688041877
chr10:27289376:T:C	10	27289376	-0.110511038295631	0.1518593344845	0.466785152377626
chr10:27674317:A:G	10	27674317	0.0359782569505491	0.147452719226823	0.807231904756774
chr10:28771902:G:A	10	28771902	-0.112646519341765	0.16853936196094	0.503897947832878
chr10:28891836:C:T	10	28891836	-0.0460938101981253	0.177236211702624	0.794809827940568
chr10:30622484:G:A	10	30622484	0.233904182625365	0.221410946234195	0.290773834022163
chr10:35177843:G:T	10	35177843	0.108609522163923	0.202214150496533	0.591197509481414
chr10:45036473:A:G	10	45036473	-0.00830206947212548	0.177737379095143	0.96274455528748
chr10:51560095:T:G	10	51560095	-0.123731944376515	0.160462976801838	0.44065156489676
chr10:54072488:A:G	10	54072488	0.128071979468562	0.173793492043318	0.461170723211422
chr10:54082016:C:T	10	54082016	-0.120251474457513	0.172381314250401	0.485433660952911
chr10:55299918:G:C	10	55299918	-0.199335646789568	0.173936709168234	0.25178521319163
chr10:56747004:T:C	10	56747004	0.499856125583389	0.273546034963144	0.0676516780988787
chr10:57761967:T:C	10	57761967	-0.0157969399814691	0.176382590618675	0.928636353114922
chr10:69232402:C:A	10	69232402	-0.0351157656060054	0.150400638575095	0.815387539111054
chr10:84591955:C:T	10	84591955	0.0124629894774223	0.216364029563967	0.954065698349504
chr10:84989741:G:A	10	84989741	-0.140693814808415	0.169531646838935	0.406596988883953
chr10:91053424:A:C	10	91053424	-0.178934353681013	0.161192531161244	0.2669705726553
chr10:93612452:G:A	10	93612452	-0.194035712362121	0.272282257676752	0.476076545226822
chr10:93671121:T:C	10	93671121	0.338153137529633	0.160568150707438	0.0352061851550929
chr10:101249704:C:T	10	101249704	0.356326997759731	0.218765724073466	0.103354022709609
chr10:102352980:T:C	10	102352980	0.0833295214997558	0.173454025914348	0.630933946766451
chr10:104637359:T:C	10	104637359	0.371829371451098	0.233921558147518	0.111936893524892
chr10:108480456:T:C	10	108480456	0.0532727825232377	0.187034112735086	0.775774976213632
chr10:109264424:C:T	10	109264424	-0.168208560207554	0.179229295002187	0.347982166659426
chr10:111352001:T:G	10	111352001	-0.183628035149505	0.183131558714474	0.316000303094831
chr10:118828443:C:T	10	118828443	-0.0219273978407024	0.191458316780262	0.908819004315941
chr10:120152982:A:G	10	120152982	0.196656403630509	0.228414279902455	0.389258035875275
chr10:121611573:C:G	10	121611573	0.103706287503747	0.249401061734756	0.677540730939858
chr10:121734173:T:C	10	121734173	0.210351994814444	0.166239830098761	0.205744972566723
chr10:121910644:T:A	10	121910644	0.0400641392404567	0.20350597348011	0.843929585146545
chr10:122561189:A:G	10	122561189	-0.0310954201676085	0.16646028528036	0.851814437588871
chr10:123750431:C:G	10	123750431	0.153919300621511	0.176543556022842	0.383290827633368
chr10:127533155:T:C	10	127533155	-0.194272650303473	0.148058410485813	0.189474525069859
chr10:129953349:A:G	10	129953349	-0.191974005914231	0.221624823954394	0.386374102122333
chr10:131819683:A:G	10	131819683	-0.013313048176084	0.164939306257012	0.935668742128025
chr10:131953941:A:C	10	131953941	-0.0734788927160237	0.188902671534095	0.697292775807335
chr11:388357:C:T	11	388357	0.16101752277632	0.181257750406977	0.374360818250307
chr11:2257707:C:T	11	2257707	0.138713460938118	0.124426903532616	0.264928045226827
chr11:3623903:G:A	11	3623903	0.138095180370517	0.211612481596832	0.514023708870772
chr11:5806222:C:T	11	5806222	0.0493037196355995	0.156136639981383	0.752174888945888
chr11:9789492:C:A	11	9789492	0.132189448783939	0.167964809969217	0.431277881410228
chr11:14569664:T:G	11	14569664	0.427013966833233	0.216671156180228	0.0487475741216044
chr11:36019710:C:A	11	36019710	-0.0371579831232731	0.151068107199716	0.80570668144285
chr11:39635569:C:T	11	39635569	0.1268033151157	0.182182923020722	0.486415077467182
chr11:40512905:C:G	11	40512905	-0.518405677221483	0.227571701530997	0.0227272737205011
chr11:41632790:A:T	11	41632790	-0.08674057484817	0.173632519181619	0.617382034660472
chr11:42744986:A:G	11	42744986	-0.327768438780347	0.151353863415756	0.0303435289012408
chr11:43201079:C:T	11	43201079	0.0404932338142231	0.183512896599865	0.825360242520808
chr11:43982585:G:A	11	43982585	0.0417553985506114	0.225536502161347	0.853120721916795
chr11:44330300:A:G	11	44330300	-0.130086848382274	0.205592919720263	0.526903493827814
chr11:49875094:A:G	11	49875094	0.0223692873823549	0.135140015352093	0.868529397671174
chr11:50253126:G:T	11	50253126	-0.0860768313762012	0.181224673748708	0.634806200702398
chr11:55906271:G:A	11	55906271	-0.0812819704490939	0.130572502503677	0.533610185398291
chr11:57305789:G:A	11	57305789	0.0338072809766972	0.165682083423375	0.838315125159059
chr11:58998793:A:C	11	58998793	-0.0875154658214519	0.217075694336331	0.686833136761432
chr11:63184971:C:T	11	63184971	0.159230245428353	0.154744361014387	0.303484843512786
chr11:70801858:T:C	11	70801858	0.133229890047244	0.188828036080974	0.480460551949135
chr11:71334794:T:G	11	71334794	0.15955238694331	0.185930101947894	0.390820123538751
chr11:77208574:G:A	11	77208574	0.125739929888594	0.156765285737366	0.422500670901763
chr11:77376654:A:G	11	77376654	-0.0139361790161855	0.169910413940375	0.934630215593131
chr11:81783030:C:T	11	81783030	-0.0278987960286673	0.168213334105205	0.868272121392395
chr11:83962252:C:T	11	83962252	-0.164194779630493	0.201259236375562	0.414593231868537
chr11:86328783:G:T	11	86328783	-0.0468599705516005	0.147112623408321	0.750081979957582
chr11:86644523:C:T	11	86644523	0.0891200454917608	0.180899687366319	0.622260637048025
chr11:93046218:A:C	11	93046218	0.187570880335388	0.166529546354606	0.260016573924747
chr11:104129521:G:A	11	104129521	-0.440317485172097	0.226913365584331	0.0523231816991295
chr11:110396347:G:A	11	110396347	-0.231553209639159	0.160402136817414	0.148857341928577
chr11:113800784:C:T	11	113800784	-0.329147352582637	0.212502986596793	0.12140409028163
chr11:115616504:A:T	11	115616504	-0.40830815390078	0.210299201466567	0.0521905987685495
chr11:119630310:G:A	11	119630310	-0.105192277037747	0.16520294543049	0.524290453710072
chr11:123267436:G:A	11	123267436	-0.02040518753436	0.139693453382714	0.883865197609651
chr11:125907492:T:C	11	125907492	0.290814458745458	0.162992150646639	0.0743873220459256
chr11:126829359:G:A	11	126829359	0.139214057833268	0.22311556171889	0.532657175153144
chr11:130290657:C:T	11	130290657	-0.103582276931958	0.25105260691077	0.679905622633469
chr11:131355535:G:A	11	131355535	-0.0535512702004629	0.1585505192925	0.735547635737329
chr11:133238417:A:G	11	133238417	0.157935681840817	0.166880979973732	0.34394606459336
chr11:134309503:C:T	11	134309503	-0.141008269808917	0.156827322049327	0.368583013657038
chr12:5192681:C:T	12	5192681	0.0313506050524374	0.156765082297009	0.841492611409563
chr12:5448727:G:A	12	5448727	-0.114215446165566	0.224471273590396	0.610878484376286
chr12:6639294:C:T	12	6639294	-0.15189847285134	0.22171978409694	0.493285804053916
chr12:19523028:C:A	12	19523028	0.24623122412525	0.142056281012903	0.0830360179252077
chr12:20003679:T:A	12	20003679	0.235262828489938	0.2150184143869	0.273888318630298
chr12:21333090:G:A	12	21333090	0.179070471659291	0.151484739197733	0.237165077759665
chr12:25518059:A:T	12	25518059	0.0944630086544575	0.201299321547144	0.638879226362678
chr12:28965843:C:T	12	28965843	-0.112127226774934	0.14625006472934	0.443270873988563
chr12:32086665:A:C	12	32086665	0.0891348988289197	0.166853400628243	0.593195655578709
chr12:48567461:T:G	12	48567461	-0.0224119898326251	0.194088033403019	0.908069965558279
chr12:51039498:T:C	12	51039498	0.229920804966357	0.254093154343325	0.365535236979441
chr12:53646626:C:G	12	53646626	-0.149204207231274	0.232842253991731	0.521655728179464
chr12:53680144:C:A	12	53680144	-0.127836920907678	0.149229866458463	0.391641471276711
chr12:54366280:G:A	12	54366280	0.169645550354691	0.145280263553284	0.242922834622029
chr12:56675083:C:T	12	56675083	-0.0621492631568016	0.139522154379053	0.655999145394721
chr12:57436134:C:T	12	57436134	0.150659570871975	0.199522708649952	0.45018906265288
chr12:58724212:C:T	12	58724212	0.0753403853855835	0.198758399040665	0.70464694549042
chr12:59048769:A:C	12	59048769	-0.153634249206696	0.199792567569202	0.441911837643219
chr12:59226687:C:T	12	59226687	-0.0452985814542677	0.244375782667677	0.852943193488547
chr12:63113400:T:C	12	63113400	-0.248587675601701	0.199600075131517	0.212974184226141
chr12:64271340:C:T	12	64271340	0.00532210202721469	0.192017185376087	0.977888023958476
chr12:64756705:C:T	12	64756705	0.0896027107008929	0.124699853089277	0.472420052617111
chr12:67050802:C:T	12	67050802	-0.0827437757124638	0.180006611833998	0.645752561884678
chr12:73909094:G:A	12	73909094	0.104877652656201	0.1449322701034	0.469291587840841
chr12:81126959:G:A	12	81126959	0.0274318662895463	0.140368773041723	0.845058580320087
chr12:83608380:A:G	12	83608380	-0.15110909497786	0.136738917649259	0.269119691875753
chr12:90727178:A:C	12	90727178	0.08322858283647	0.155050957367215	0.591418118194321
chr12:92596791:C:T	12	92596791	-0.373742950962578	0.180774135407774	0.0386910082232326
chr12:95914573:A:T	12	95914573	-0.157698656809026	0.258942364321801	0.542517381792509
chr12:105967464:T:C	12	105967464	0.00812443978521856	0.183781166764387	0.964739290649789
chr12:109533295:C:T	12	109533295	-0.0593320912495681	0.152329530050188	0.696907576438432
chr12:120976632:C:A	12	120976632	-0.532286667670103	0.278801135574549	0.0562365092387269
chr12:125875525:T:C	12	125875525	0.174092683197832	0.148415911820795	0.240793593782108
chr12:126449337:A:G	12	126449337	-0.144652973175639	0.122257801808893	0.236737858974603
chr12:131091094:G:A	12	131091094	-0.383751732444991	0.188702009455234	0.0419880244661787
chr13:19545220:A:G	13	19545220	0.130012285162987	0.194050570545724	0.502863036836689
chr13:22977365:T:G	13	22977365	-0.037575799927324	0.198407017696822	0.849789156833862
chr13:24330599:T:C	13	24330599	-0.120945210159335	0.206848207167707	0.558745996590799
chr13:24623185:A:C	13	24623185	0.042560981611807	0.151640523029673	0.778963338537707
chr13:25202506:T:G	13	25202506	0.454556815716761	0.269642061596656	0.0918384520975025
chr13:26234118:A:T	13	26234118	0.0764982452582782	0.169356089793394	0.651484694936682
chr13:26494236:G:A	13	26494236	0.479422999745768	0.153931857577059	0.00184247911399105
chr13:27255876:A:G	13	27255876	-0.27212890554299	0.241809915459827	0.2604265309548
chr13:42909938:A:G	13	42909938	-0.0386184825799958	0.185609078943622	0.835179352658921
chr13:45708351:G:A	13	45708351	-0.0292467641632329	0.194665438116587	0.880574341562523
chr13:45809177:C:G	13	45809177	0.139900479739947	0.157604448865373	0.374719180115505
chr13:50558767:A:T	13	50558767	-0.060312271388191	0.284940627682023	0.83236753712511
chr13:58710908:G:A	13	58710908	0.0591456462399389	0.159627807072176	0.710993438620432
chr13:58934154:C:T	13	58934154	0.0508298582129292	0.155380451370322	0.74356833977416
chr13:70397215:T:C	13	70397215	0.129086184488736	0.15687676566939	0.410592799328318
chr13:70990050:T:C	13	70990050	0.0305709346667716	0.27320093289564	0.910903421373296
chr13:86776101:G:A	13	86776101	-0.0407313077655508	0.141591236237791	0.773600670961643
chr13:91472230:T:C	13	91472230	-0.0448794338885822	0.191493668819449	0.814701546116913
chr13:93235990:C:T	13	93235990	0.0618004138165334	0.18895627690772	0.74362100831088
chr13:96765286:G:A	13	96765286	-0.283680817275928	0.169379473754278	0.0939687574981048
chr13:102180181:A:G	13	102180181	0.107114179409078	0.15510704887795	0.489828086587605
chr13:106009559:G:C	13	106009559	0.0848843955828159	0.180367701307198	0.637913120649501
chr13:106084136:A:G	13	106084136	-0.117394737180281	0.149111325561797	0.431108661688587
chr13:112716578:T:C	13	112716578	0.0397944978445698	0.229109171296301	0.862107292919251
chr14:21167555:A:G	14	21167555	-0.846960822621287	0.312632848242866	0.00674613360006393
chr14:26929954:A:G	14	26929954	-0.196780923618567	0.155267629703012	0.20502443081619
chr14:27823594:G:A	14	27823594	-0.12539745183299	0.190393113086103	0.510137321148799
chr14:38216062:T:A	14	38216062	-0.07156118698649	0.17670511030909	0.68549574218417
chr14:39925237:C:T	14	39925237	0.249207313727444	0.174424596204026	0.153079114660451
chr14:44446011:A:G	14	44446011	0.204014575438979	0.236787397435396	0.388911033092288
chr14:51426205:T:C	14	51426205	-0.175919382306645	0.173949063745917	0.31185995430938
chr14:52881822:T:G	14	52881822	-0.242406118499157	0.238762866981443	0.309982444882745
chr14:53358297:A:G	14	53358297	-0.050528780094493	0.161838049068939	0.754874721459778
chr14:56254615:G:A	14	56254615	-0.00303509373564771	0.142287646119047	0.982981861957955
chr14:57978070:T:C	14	57978070	-0.0817563277595738	0.144885602921651	0.572562276595589
chr14:62445185:T:C	14	62445185	-0.285356131901127	0.173065396500782	0.0991816214084813
chr14:67518615:G:A	14	67518615	-0.114431814697972	0.144843822569553	0.429506823014171
chr14:68863518:T:G	14	68863518	-0.0692219906131274	0.167242512775295	0.678945966306644
chr14:77734277:G:A	14	77734277	-0.208911502278106	0.235463053556379	0.374951386745781
chr14:84531019:T:G	14	84531019	-0.100923316613802	0.232753886611211	0.664575092320698
chr14:90804831:C:G	14	90804831	-0.170705402066841	0.182001793958236	0.348279087333496
chr14:91397629:G:T	14	91397629	0.0147934326357509	0.246233676795658	0.952092846097079
chr14:91961156:T:C	14	91961156	-0.183455228818288	0.172050166050332	0.286292943489453
chr14:92998270:C:G	14	92998270	0.0562498754901833	0.262093231096318	0.830065306469474
chr14:98340169:A:G	14	98340169	0.0437358583795281	0.181329418185493	0.809403518537408
chr14:100721312:C:T	14	100721312	-0.231083655525983	0.212344720490284	0.276485768298103
chr15:24165057:A:G	15	24165057	-0.33806122304197	0.20698641414317	0.102415755442895
chr15:26353849:A:G	15	26353849	0.125140222111704	0.179673735741893	0.486124589417185
chr15:33665926:A:G	15	33665926	-0.0385800944759511	0.191571950644033	0.840396003755046
chr15:34880184:A:T	15	34880184	-0.0496437005740551	0.171102811959246	0.771709445481716
chr15:37080410:C:T	15	37080410	-0.204554420725277	0.194240524128825	0.292295812224473
chr15:57522102:A:T	15	57522102	0.281491372558382	0.162351695984964	0.0829470140427641
chr15:57590535:T:C	15	57590535	-0.662961624664866	0.292309302494778	0.0233283462448587
chr15:69786285:T:C	15	69786285	0.0922622389907062	0.155034065742584	0.55177030624286
chr15:71331250:T:C	15	71331250	0.147549701812022	0.246359719126983	0.549226399333443
chr15:76807237:T:C	15	76807237	0.14850532343226	0.227968013670877	0.514768609620972
chr15:77734259:G:A	15	77734259	-0.149252379383047	0.152631731160182	0.328143847203953
chr15:79750604:G:T	15	79750604	-0.038937278199066	0.157938788119491	0.805268902920031
chr15:81697597:G:A	15	81697597	0.0176844053205152	0.169045879447909	0.916682857805015
chr15:87989871:C:T	15	87989871	0.0475855987711998	0.144037216819619	0.741120283688254
chr15:88891382:T:C	15	88891382	0.153528429527931	0.151495555542735	0.310860209241552
chr15:94791129:A:G	15	94791129	-0.334039503686048	0.187610908910424	0.0749956680603693
chr15:100978492:T:G	15	100978492	-0.0819851928483687	0.16325048552095	0.615523400424576
chr16:4957642:T:C	16	4957642	-0.222966298692364	0.162252247258072	0.169381015305553
chr16:5884026:G:T	16	5884026	0.316247896558482	0.158153796486269	0.045541037927282
chr16:6848656:G:A	16	6848656	-0.0309034465541734	0.144188569970902	0.830292372949742
chr16:7909855:G:A	16	7909855	0.0320164017918926	0.159861247107799	0.841264581496068
chr16:8273542:C:G	16	8273542	-0.0958877061521896	0.163338904629789	0.557171762311488
chr16:12394716:C:T	16	12394716	0.282308796096953	0.182835888530963	0.122574839203783
chr16:17779668:G:A	16	17779668	0.0458382059948219	0.132803327103427	0.729975166034433
chr16:31127124:G:A	16	31127124	0.152852382173855	0.159800754740548	0.338810329849018
chr16:56688556:C:T	16	56688556	0.0462044098780104	0.138178445787174	0.73809118488662
chr16:60324635:A:C	16	60324635	-0.032763967196987	0.142167235712625	0.817733762726625
chr16:60499572:C:T	16	60499572	0.165617668222495	0.139828596546733	0.236241522150769
chr16:62273123:C:T	16	62273123	-0.046513571360331	0.122427859384118	0.704000077144014
chr16:65972427:C:T	16	65972427	0.038386786881657	0.184249071932334	0.834962080765273
chr16:69246420:T:C	16	69246420	-0.31569407284707	0.185978707699055	0.0896070297826207
chr16:71908403:G:A	16	71908403	-0.0798410823017274	0.188994151795483	0.672694647143362
chr16:72103328:C:A	16	72103328	-0.13683861977223	0.154401689848829	0.375482399570685
chr16:74837740:A:C	16	74837740	0.0309900619890018	0.254670097895722	0.903146841463286
chr16:79886631:C:T	16	79886631	-0.199862158136042	0.239421970999479	0.40384750376869
chr16:81396153:C:A	16	81396153	-0.123603631588737	0.128278879488228	0.335269562407719
chr16:82294878:C:G	16	82294878	-0.0500845584581378	0.249073814715122	0.840633522048213
chr16:82421890:A:G	16	82421890	0.265746194399804	0.169727805707967	0.117414217250871
chr16:83827178:T:C	16	83827178	-0.134506862436181	0.173331054823333	0.437742295978919
chr16:89331863:A:T	16	89331863	-0.132723280685129	0.173423071711959	0.444083985317271
chr16:89337630:T:C	16	89337630	0.00845202975708121	0.174551731643687	0.961380447771762
chr16:89479873:T:G	16	89479873	0.198842595595742	0.171709344324351	0.246856491044156
chr16:90035976:C:A	16	90035976	-0.44564070881215	0.151409803825734	0.00324759667535124
chr17:2489248:C:G	17	2489248	0.208472066870522	0.182555018652921	0.253467145154709
chr17:4147521:T:C	17	4147521	0.364568969666764	0.206589134332851	0.0776132834621911
chr17:6949267:T:C	17	6949267	0.02883771063408	0.153789096262654	0.851257127794994
chr17:7929448:A:G	17	7929448	0.141448696255191	0.134433584839762	0.292715721524924
chr17:12174148:T:C	17	12174148	-0.155726245988115	0.247432247403447	0.529107349712376
chr17:14402381:C:T	17	14402381	-0.0240990637517492	0.261321931204009	0.926523384087745
chr17:15219976:C:T	17	15219976	-0.262995094154321	0.123608669528867	0.0333667118360592
chr17:16482403:T:A	17	16482403	0.0846622334506688	0.145218627170865	0.5598943487644
chr17:18684803:A:G	17	18684803	-0.181563733504394	0.128976734775724	0.159212609004361
chr17:20040710:T:C	17	20040710	-0.032366729252263	0.153356304823029	0.832843772256824
chr17:21275023:A:C	17	21275023	0.224790780958434	0.156944596608925	0.152059741603799
chr17:30609729:C:T	17	30609729	-0.333689171963847	0.214326469234909	0.119489474286218
chr17:31554254:C:T	17	31554254	-0.499410912704952	0.23316955105414	0.0322066903198789
chr17:33472425:T:G	17	33472425	-0.0637316403731974	0.195871876749664	0.744897936801165
chr17:44156671:T:A	17	44156671	-0.13042689147506	0.130473660945979	0.317484012170133
chr17:45754773:C:T	17	45754773	0.196220733635774	0.164989312137832	0.234324151382364
chr17:48779278:C:T	17	48779278	-0.000427445747143264	0.180274072833891	0.998108147015841
chr17:52703044:C:G	17	52703044	0.0747806098403313	0.233373300947588	0.748639778673277
chr17:53282498:G:T	17	53282498	0.272211235057623	0.215674217214366	0.206898116282036
chr17:58411807:C:T	17	58411807	-0.180579740940956	0.195603460750875	0.355906648894597
chr17:61409438:A:G	17	61409438	-0.132429432540354	0.133193324932017	0.320093975278966
chr17:66262233:G:T	17	66262233	-0.0242423491576666	0.15363639545776	0.874621959148856
chr17:66751216:C:T	17	66751216	0.136992418680431	0.164838631116904	0.40593416317901
chr17:66971178:A:G	17	66971178	0.112225456692152	0.248592699526585	0.651670232243144
chr17:68771033:G:A	17	68771033	-0.0420449215884945	0.16528965964374	0.799208833398446
chr17:69081332:C:T	17	69081332	0.247763428467416	0.183361552841596	0.17662212117357
chr17:69213412:T:C	17	69213412	-0.145846027070882	0.192777108674265	0.449317934789731
chr17:72829246:G:A	17	72829246	0.0331130185655375	0.19361299278428	0.864202660324827
chr17:73506492:C:T	17	73506492	-0.203385125252625	0.176437739498449	0.249021107952039
chr17:75360149:C:G	17	75360149	-0.0372622475492999	0.251855670288438	0.882381597829427
chr17:77625920:A:T	17	77625920	-0.563773737661186	0.189195308802586	0.00288389082449603
chr18:1137045:A:T	18	1137045	0.0647440050594307	0.121922602655412	0.595401142577267
chr18:4080016:T:A	18	4080016	0.478512286068678	0.216718893840092	0.0272452482928923
chr18:8920896:G:C	18	8920896	0.107186890279224	0.176395742194774	0.543419565490184
chr18:9609299:C:T	18	9609299	0.169137447281741	0.183662135020189	0.357094146414837
chr18:10572326:C:T	18	10572326	-0.0718303927594064	0.199548573062444	0.718873717246528
chr18:11017906:C:T	18	11017906	-0.0488347910692642	0.146258377640385	0.738459566492889
chr18:14686017:A:G	18	14686017	0.403436043136383	0.193560273983817	0.0371336556670135
chr18:14895123:C:T	18	14895123	0.0212642369713568	0.166612622614412	0.898444315974588
chr18:30059135:A:G	18	30059135	-0.223127717223056	0.142202270684282	0.11662769646809
chr18:32490781:T:C	18	32490781	0.178299821371914	0.209233232206821	0.394126274998342
chr18:36255061:C:A	18	36255061	-0.136058540455801	0.189938673238877	0.473788352185185
chr18:42762909:A:C	18	42762909	0.111503397593732	0.144990562628862	0.441870157451409
chr18:45461168:C:T	18	45461168	-0.032891967507642	0.175078703021469	0.850978866887537
chr18:49146783:T:G	18	49146783	-0.0469609767548428	0.17580687245841	0.789379199752877
chr18:49872731:C:G	18	49872731	0.0543023618378418	0.182008856340155	0.765435964424958
chr18:50485733:T:C	18	50485733	0.237415227522212	0.195273342344289	0.224057415533814
chr18:59256389:C:T	18	59256389	0.171400927253355	0.151110114606709	0.256677819356156
chr18:62622293:T:A	18	62622293	-0.214114967287334	0.203428681164997	0.292556053916979
chr18:62998306:G:A	18	62998306	-0.100136235366456	0.156554496958256	0.522416154309024
chr18:66103927:C:T	18	66103927	0.0636585527858436	0.135285637757134	0.637962669919773
chr18:66206557:C:T	18	66206557	0.0333311496128251	0.17556695588715	0.849427731665963
chr18:68001558:G:A	18	68001558	-0.0579777084770775	0.133351670631816	0.663727190794659
chr18:71730181:C:T	18	71730181	0.23208260781462	0.167144141798003	0.164979443378249
chr18:72912108:T:C	18	72912108	0.188170351535	0.146447748626401	0.198828091696798
chr18:73248491:G:A	18	73248491	-0.141058502994919	0.155248999345154	0.363563816090137
chr19:2907557:G:A	19	2907557	0.0797705036408423	0.153331340759099	0.60288991460622
chr19:16021187:G:A	19	16021187	-0.0919672953027151	0.179407613277393	0.60821963818792
chr19:17584922:G:A	19	17584922	-0.287999068260468	0.169557318553082	0.0894068012933089
chr19:18704666:C:T	19	18704666	0.272216913277245	0.23678941729846	0.250302046944386
chr19:18737022:C:T	19	18737022	0.105520696902586	0.155137885889729	0.496394535888244
chr19:18805179:A:G	19	18805179	-0.0806175674110362	0.172862771271366	0.640952516325549
chr19:21560366:G:T	19	21560366	0.393525442606676	0.175710116184125	0.0251150291941675
chr19:21659434:G:C	19	21659434	-0.21073297869552	0.167750412986116	0.209032857756487
chr19:33474662:T:C	19	33474662	-0.0388486707230315	0.143582910220728	0.786724757497487
chr19:37956680:C:T	19	37956680	0.197626881334266	0.190611239469264	0.299826267519191
chr19:38120117:A:T	19	38120117	-0.0658431002101866	0.231424524154204	0.776017886901066
chr19:44380983:T:C	19	44380983	0.0576255880947283	0.168329359262303	0.732096309358007
chr19:44819986:A:G	19	44819986	0.145988363717155	0.158951104470682	0.358384240104595
chr19:48685001:C:T	19	48685001	0.165438205601931	0.224819628935921	0.461809314462482
chr19:51552139:T:A	19	51552139	0.232848819818051	0.156735297332494	0.13738012216899
chr19:52714810:C:T	19	52714810	-0.150579183180084	0.168656343731259	0.371955395823941
chr19:53330671:T:C	19	53330671	-0.137503804284978	0.16590435200489	0.407209819548058
chr19:54944544:G:A	19	54944544	-0.167012957274997	0.216161692434488	0.439741524754401
chr19:57195010:G:C	19	57195010	-0.542280244205412	0.250983324414433	0.0307245038019444
chr20:1709120:A:G	20	1709120	0.00207817151473317	0.18567458654605	0.991069826098861
chr20:1735934:T:G	20	1735934	-0.082079425615458	0.175241590733567	0.639513808922768
chr20:1906500:G:T	20	1906500	0.178371749501785	0.183395595711694	0.330748908053849
chr20:3649460:G:A	20	3649460	0.0756935719364498	0.163241592861138	0.642869521504242
chr20:5407753:C:T	20	5407753	0.114297346346184	0.155189443309375	0.461425207872772
chr20:5860313:T:C	20	5860313	0.126654540646173	0.198077662922033	0.522550656268913
chr20:7000966:A:C	20	7000966	-0.139692842802495	0.207458490776559	0.500722602048726
chr20:12129436:G:A	20	12129436	0.164574675535735	0.211245619724671	0.435939734212433
chr20:31347432:T:C	20	31347432	0.0730508656733447	0.165686102536248	0.659285992020044
chr20:37593342:C:T	20	37593342	-0.0909599203277074	0.151209692210564	0.547474908838441
chr20:38200488:G:A	20	38200488	-0.329953834868836	0.154571573737366	0.0327908660473994
chr20:38350608:A:G	20	38350608	-0.0477175921657818	0.198958992870147	0.810457151278469
chr20:45729681:A:G	20	45729681	-0.260649433480204	0.141633063088978	0.0657220220574071
chr20:48501317:C:T	20	48501317	0.477018070372199	0.173958130706404	0.00610397616157554
chr20:49036824:T:G	20	49036824	0.148822603355178	0.16083917331809	0.354815969205673
chr20:50371082:C:T	20	50371082	0.220654696826857	0.197598438752242	0.264130150018442
chr20:54253971:A:G	20	54253971	0.159451467106066	0.176655951805988	0.366732801779421
chr20:58480201:T:G	20	58480201	-0.116778543154003	0.177428221790228	0.510426689250027
chr20:60073360:C:T	20	60073360	-0.268727022398964	0.150185549449779	0.0735664939566238
chr21:15297615:T:C	21	15297615	0.304691132304425	0.211221249083355	0.14915539186688
chr21:15686888:A:G	21	15686888	0.0172301612532058	0.156354390937606	0.912251232099392
chr21:24026351:C:T	21	24026351	0.195549225861835	0.167684095499326	0.243543153852005
chr21:26647335:G:C	21	26647335	0.0964634783025782	0.163193988569785	0.554455424753826
chr21:28043199:C:G	21	28043199	-0.0492417374850284	0.207593700394341	0.812499723964348
chr21:31885030:A:G	21	31885030	-0.00241743072064641	0.142185835095293	0.986435092318906
chr21:35502622:A:T	21	35502622	-0.0258360142513628	0.213052066268952	0.903480191741795
chr21:36306638:T:G	21	36306638	-0.499011667994793	0.15235099634351	0.00105509483880939
chr21:41442549:G:A	21	41442549	-0.0872644802923315	0.165759872335249	0.598574764121186
chr22:20147688:T:C	22	20147688	0.0670780306414054	0.203456549739962	0.741632573453906
chr22:23891985:A:G	22	23891985	-0.00646203344313028	0.207114701600485	0.975109829088092
chr22:24245985:G:T	22	24245985	-0.200046180219129	0.192028588199678	0.297526638693236
chr22:30662128:G:A	22	30662128	-0.0970972350652897	0.183781874844986	0.597271230074681
chr22:36977479:G:A	22	36977479	-0.134804157775643	0.212318260094216	0.525483516606795
chr22:42475109:T:G	22	42475109	0.12093475125344	0.133089079781992	0.363521578636948
chr22:44719519:A:G	22	44719519	-0.0721843791529552	0.211983387491449	0.733465688340093
chr22:45210278:T:C	22	45210278	-0.0934232761176726	0.172235261436687	0.58753150180143
chr22:48785864:A:G	22	48785864	0.121634779738577	0.234238847539832	0.603567787300328
chr22:49668266:A:G	22	49668266	-0.239028467439147	0.197811434850348	0.226906793365989
