SNP	CHR	POS	est	stderr	pval
chr1:1837340:C:T	1	1837340	-0.0940852457722483	0.185308908052244	0.611648937017603
chr1:2261200:G:C	1	2261200	-0.177588802893805	0.110521248793334	0.108091775142561
chr1:14678191:A:C	1	14678191	-0.169337200634176	0.115822010068999	0.143728382237066
chr1:14985097:C:T	1	14985097	0.328062235810108	0.16154965086871	0.0422833254102341
chr1:15065941:C:T	1	15065941	0.148420627071843	0.152568383301381	0.33064585811934
chr1:20215506:G:C	1	20215506	0.206709881887271	0.116024991379703	0.0748148258812967
chr1:20533654:G:C	1	20533654	-0.537394149507973	0.40282311724409	0.182180986976871
chr1:22009627:T:C	1	22009627	0.106371510389396	0.131005566479973	0.416813573922703
chr1:22126221:C:T	1	22126221	0.0965021537348195	0.10310035433921	0.349272078706844
chr1:23180575:A:G	1	23180575	0.0397625484073738	0.1108416288022	0.719794849821124
chr1:26058659:G:C	1	26058659	-0.030389014190824	0.154839799617627	0.844405883801927
chr1:26181362:A:G	1	26181362	0.269510219033128	0.199200474444155	0.176068497478742
chr1:26848285:C:T	1	26848285	-0.679538007087023	0.416228103185065	0.102551125814968
chr1:28670719:C:T	1	28670719	-0.00447100090539094	0.110101523322759	0.967608419039558
chr1:29753056:A:C	1	29753056	0.121146243955004	0.151005016832054	0.422398902001026
chr1:29908726:A:G	1	29908726	-0.373279534160462	0.160537655670919	0.0200621415691568
chr1:31886486:G:T	1	31886486	0.160008703317934	0.123007607764816	0.193325788753695
chr1:37838865:C:T	1	37838865	0.240708663733906	0.157980500775076	0.127593517909452
chr1:39880059:T:C	1	39880059	-0.150060001284173	0.111321081903682	0.177660743478271
chr1:41175014:G:A	1	41175014	0.52392705270637	0.283121861550778	0.0642364078174901
chr1:41597921:C:T	1	41597921	0.218961906200926	0.18333562099945	0.232351735065669
chr1:42635725:A:G	1	42635725	0.552501560534943	0.209989651182751	0.00851116255864159
chr1:43202709:G:A	1	43202709	-0.116687118896248	0.163348204249785	0.475013320284889
chr1:47498869:G:A	1	47498869	0.249375067793748	0.15268170117742	0.102405854485153
chr1:51034150:G:A	1	51034150	-0.670348945880689	0.297494712900584	0.024239369429181
chr1:54900240:G:A	1	54900240	0.0373889298425626	0.114378796363474	0.743753431727735
chr1:55459433:C:T	1	55459433	0.375471215224586	0.180142139161902	0.037132405655913
chr1:56563907:C:T	1	56563907	-0.0531918192234128	0.26050332448813	0.838206089275856
chr1:65351414:T:A	1	65351414	-0.221616326082163	0.150262881551538	0.140250879510262
chr1:66254178:T:A	1	66254178	0.171197038486581	0.139929705711279	0.221159670198254
chr1:73302339:T:C	1	73302339	-0.100384900730975	0.13393801246585	0.453563274234614
chr1:73563666:T:C	1	73563666	-0.119899090335632	0.18938668551251	0.526673928807136
chr1:76062379:T:C	1	76062379	-0.0168738292584282	0.157937364877826	0.914916912289559
chr1:86928231:G:T	1	86928231	0.058023863887309	0.111679515768413	0.603372439230299
chr1:88611347:G:A	1	88611347	-0.297375627583482	0.242744356200695	0.22055381514895
chr1:91057167:C:A	1	91057167	-0.038567680572996	0.176957997749053	0.827469456198944
chr1:91093925:G:A	1	91093925	-0.0169112188039034	0.174376714763974	0.922741525794602
chr1:92475800:A:G	1	92475800	-0.414283887988929	0.140382771949399	0.00316642266827727
chr1:94752415:G:A	1	94752415	0.0149488853902726	0.14515380765277	0.917973670225782
chr1:95614324:G:A	1	95614324	-0.151458309048289	0.17061294931674	0.374685766262672
chr1:99691102:T:C	1	99691102	-0.0285060097471966	0.199079535657407	0.886140876900044
chr1:104937367:T:A	1	104937367	0.13391202344354	0.13302384289471	0.314090089356228
chr1:115841221:A:T	1	115841221	0.500182020805639	0.239773205404104	0.0369729134551464
chr1:153704237:C:A	1	153704237	-0.204665045298816	0.128387752839392	0.11090992632498
chr1:155857667:G:T	1	155857667	0.189632197719248	0.221783491033649	0.39253289394291
chr1:157334223:T:C	1	157334223	-0.409591607133105	0.338714376878321	0.226565399867233
chr1:159540226:C:T	1	159540226	-0.242760204218885	0.122112734283412	0.0468116098520333
chr1:165647351:T:C	1	165647351	0.0580367012026755	0.165945587459941	0.726538845354934
chr1:167545338:A:T	1	167545338	0.0738256020984311	0.213140049399474	0.729063669503617
chr1:168863629:G:A	1	168863629	-0.101785088235314	0.165560302476668	0.538692337527075
chr1:171350391:G:A	1	171350391	-0.0915538093041819	0.125200273804175	0.464621054944009
chr1:173013575:C:G	1	173013575	0.0523950798062129	0.120811513687068	0.664511558807966
chr1:178947344:C:A	1	178947344	0.147853892095232	0.153221545752184	0.334560828395564
chr1:182872646:T:G	1	182872646	0.0665686108173968	0.251668967879743	0.79138802523341
chr1:185127444:C:G	1	185127444	0.246961010757095	0.162582264741083	0.128764739943255
chr1:185619557:C:T	1	185619557	0.269880493404878	0.148851664233508	0.0698189467178545
chr1:186638909:G:T	1	186638909	-0.0690720822131429	0.169125727720815	0.682975107220776
chr1:188272062:T:C	1	188272062	-0.0410872230332339	0.138929893446068	0.767428117595699
chr1:193365737:C:T	1	193365737	-0.0995573942919901	0.101755149735749	0.327875771275683
chr1:193791070:G:T	1	193791070	-0.129772461556627	0.186522203737902	0.486586621461247
chr1:195033388:T:C	1	195033388	0.0190938167855959	0.178691904610486	0.914905375096009
chr1:195907914:A:G	1	195907914	0.228807727648635	0.142548148147023	0.108466095774348
chr1:196692375:G:C	1	196692375	0.169524112394097	0.129383187568454	0.190111822651665
chr1:197559019:A:G	1	197559019	0.418466164708754	0.173301615304247	0.0157494831822412
chr1:199160726:G:A	1	199160726	-0.13750249443432	0.165943781381448	0.407325749261944
chr1:204277152:T:C	1	204277152	-0.0619509348578307	0.141401447288733	0.661298616371893
chr1:207498131:C:T	1	207498131	-0.137679131994715	0.17662758912639	0.435692150999091
chr1:208744577:C:T	1	208744577	0.0216568353435316	0.195574659730949	0.911826995891036
chr1:210496535:G:A	1	210496535	-0.241055199496303	0.181252854323873	0.183538443679125
chr1:212937214:T:G	1	212937214	-0.00529131860237781	0.116109822197187	0.963651649072757
chr1:219750864:A:G	1	219750864	0.0625806669992772	0.138373869723452	0.651083246604079
chr1:221920463:G:A	1	221920463	0.244442049818115	0.192179327787288	0.203391709922807
chr1:227462684:A:G	1	227462684	-0.240097067919576	0.209991407998422	0.252886600125917
chr1:234456961:G:A	1	234456961	0.355427245261127	0.1654964313893	0.0317421301266727
chr1:237308322:A:G	1	237308322	0.0144356332591639	0.108329105943496	0.893989975666096
chr1:239000642:T:C	1	239000642	0.182483539069658	0.182150392128578	0.316426204648821
chr1:242239801:C:T	1	242239801	0.308262150898326	0.238140195300722	0.195507746133465
chr1:244583991:C:T	1	244583991	-0.0968613923400377	0.131166137093361	0.460232896605583
chr1:246213578:G:A	1	246213578	-0.00745651545579254	0.200257430985659	0.970297910643506
chr1:247190028:T:C	1	247190028	-0.0126655881074645	0.184970175700054	0.94540857341398
chr1:247897239:C:T	1	247897239	-0.0997442142555312	0.166730742293214	0.549682946172356
chr2:3248328:A:G	2	3248328	-0.0201797853222632	0.111797669793648	0.856757906333059
chr2:4505759:T:G	2	4505759	0.128210361832484	0.228929060539484	0.575449381193117
chr2:6804400:G:A	2	6804400	-0.264489930218762	0.190887693614237	0.165875573370564
chr2:9411790:A:C	2	9411790	0.00103677108180747	0.141120204805463	0.994138215721934
chr2:12096367:C:T	2	12096367	0.165024881625569	0.148660586103063	0.266965313500053
chr2:13545005:C:T	2	13545005	-0.121529742769474	0.130197551415224	0.350600207455844
chr2:16009716:A:G	2	16009716	-0.114102261509737	0.130419959653839	0.38163733639562
chr2:16367899:A:T	2	16367899	-0.233200531351301	0.122687537505845	0.0573324221356053
chr2:17630111:A:C	2	17630111	0.0366458368425467	0.16090069359252	0.8198371982783
chr2:17928966:C:G	2	17928966	0.0505350248550564	0.147506966621615	0.731903798517918
chr2:18261494:A:T	2	18261494	-0.0626692162149757	0.123082968001175	0.610638414095102
chr2:19530615:T:C	2	19530615	-0.118461952756184	0.141791863749338	0.403456686459225
chr2:19562158:T:C	2	19562158	-0.00557372534034613	0.156523556990583	0.971593734559015
chr2:27383116:G:A	2	27383116	0.0291851016301464	0.135261200286578	0.82916823017874
chr2:37762298:C:T	2	37762298	-0.0433965120166301	0.167913788957202	0.796063340023526
chr2:42010994:T:A	2	42010994	0.206894299096365	0.173101324837595	0.232000784911235
chr2:45824390:C:G	2	45824390	-0.168337946910545	0.234449445186427	0.472748751993839
chr2:46742820:T:C	2	46742820	-0.237093085224915	0.252092953208046	0.346961835582499
chr2:49789441:T:C	2	49789441	0.00336434743779381	0.149778264507434	0.982079274510325
chr2:49994518:G:A	2	49994518	0.113059360073272	0.14817639744649	0.445460301510853
chr2:51284042:G:A	2	51284042	-0.180778211773671	0.17090639264181	0.290164163752403
chr2:51344078:G:A	2	51344078	-0.372020849154255	0.179335412251444	0.0380383122279236
chr2:57278002:C:A	2	57278002	-0.0548623506480929	0.198702829817838	0.782469330595501
chr2:57368273:A:G	2	57368273	-0.0187144225589185	0.168369922230614	0.911496902249232
chr2:60075157:T:C	2	60075157	0.0715900622003213	0.17545203455553	0.683250108021779
chr2:60373837:A:G	2	60373837	-0.299623675522224	0.218478690201168	0.170247445712917
chr2:61147014:T:C	2	61147014	-0.144673718575059	0.155626464448483	0.352567054098231
chr2:61693274:A:G	2	61693274	0.204289969547186	0.122469132331719	0.0952971576646386
chr2:65295480:C:T	2	65295480	0.280405799149347	0.143803310693653	0.05118495234461
chr2:66031496:T:C	2	66031496	0.0186004058828834	0.122523300229493	0.879335869789336
chr2:69165635:T:C	2	69165635	0.336792887530205	0.15496123095364	0.0297501529356026
chr2:71204755:G:A	2	71204755	-0.0853734319927064	0.286123343162365	0.765413288326735
chr2:72022684:A:G	2	72022684	0.366042719982299	0.208632283520765	0.0793470210417052
chr2:76651386:C:A	2	76651386	-0.0162468045955187	0.121971289088933	0.894033726777275
chr2:79784490:C:G	2	79784490	0.353191173241954	0.162689941706049	0.0299352103851719
chr2:82619301:T:C	2	82619301	0.113278565769226	0.154883473039574	0.464547506686644
chr2:83181917:T:C	2	83181917	-0.415844957334764	0.529395069830702	0.432154791052888
chr2:83400799:T:A	2	83400799	-0.101316566505605	0.176735632907313	0.566464460241186
chr2:85744328:G:A	2	85744328	-0.0660382431633494	0.140116471444094	0.63741963539934
chr2:85757440:T:A	2	85757440	0.140498193924109	0.117456414771942	0.231629048638633
chr2:99811694:T:C	2	99811694	0.122424142958441	0.141273982362583	0.386176306465356
chr2:101228073:A:C	2	101228073	0.052648132639236	0.122819222383338	0.668168038439876
chr2:106861882:T:C	2	106861882	0.311907783174808	0.185410355383213	0.0925191043279213
chr2:108083619:T:C	2	108083619	0.0610601832487686	0.129464096606428	0.637185222246938
chr2:114129906:T:C	2	114129906	-0.0938099980499063	0.193936288796962	0.628587757899356
chr2:118004610:C:T	2	118004610	0.17286711489057	0.148127274689242	0.24320332121859
chr2:119455921:A:G	2	119455921	0.0982819380354035	0.121416982790253	0.418251799452887
chr2:120644763:G:A	2	120644763	0.145613801380692	0.10579250317172	0.168694903108269
chr2:120916837:A:G	2	120916837	0.122763474453228	0.12446945828215	0.323988884626353
chr2:122628686:C:A	2	122628686	0.212987213784565	0.135301905862626	0.115449839591425
chr2:122629789:A:C	2	122629789	0.130054366578684	0.121753057968882	0.285438638904268
chr2:126391403:A:G	2	126391403	0.32584263760572	0.209642369026664	0.120117987464859
chr2:127192867:G:A	2	127192867	0.156783711028978	0.134128939355406	0.242442740440481
chr2:130915743:C:T	2	130915743	0.165416400393785	0.13167617391015	0.20903027940473
chr2:136107122:C:T	2	136107122	0.204564985342791	0.256298480428817	0.424782649275355
chr2:136507185:G:C	2	136507185	0.0383283127969844	0.115641619502541	0.740311799560038
chr2:141023592:C:T	2	141023592	-0.016019503215486	0.166651156889369	0.923420529984763
chr2:143017176:T:C	2	143017176	0.106184856647807	0.190826540820196	0.577905314783736
chr2:143920023:G:T	2	143920023	0.1203612743536	0.163980884135338	0.462951319713479
chr2:144729333:C:T	2	144729333	-0.205262045621578	0.156012674509629	0.188282997800821
chr2:148561010:G:C	2	148561010	-0.0848290209993894	0.179133870904265	0.635820135308825
chr2:154835349:G:T	2	154835349	0.0433020435653044	0.239168660113024	0.856326500002238
chr2:164974626:C:A	2	164974626	0.310331284906354	0.174859220439492	0.0759392856005825
chr2:167086954:T:G	2	167086954	0.188581791977266	0.111939663485487	0.0920515693912273
chr2:167199229:C:T	2	167199229	0.0888505046991805	0.219670473603671	0.685865834862367
chr2:167657344:C:T	2	167657344	0.148652088130523	0.151690920253234	0.327102434109692
chr2:167884398:C:T	2	167884398	0.0594502031820213	0.205558951510356	0.772418822929722
chr2:168647356:T:G	2	168647356	0.0527417273997398	0.163519333656167	0.747042706373659
chr2:170041677:A:G	2	170041677	0.329912634395554	0.210251801815922	0.116617401868668
chr2:171274449:C:A	2	171274449	0.0904159261668225	0.136071423490483	0.506386969703628
chr2:177787584:G:A	2	177787584	-0.13233862062275	0.202261390678577	0.512921753807747
chr2:179648558:C:T	2	179648558	0.309090442532193	0.188275252120078	0.100653335761829
chr2:180833197:G:A	2	180833197	-0.291445639002198	0.215942750516761	0.177130498358398
chr2:183527028:C:T	2	183527028	0.0582772921031361	0.170938828001276	0.733160166386842
chr2:184516924:T:A	2	184516924	-0.233951735513084	0.173030121608169	0.176347564128949
chr2:191922008:C:T	2	191922008	0.19349158595177	0.178309141337307	0.277856662561625
chr2:195817951:G:C	2	195817951	-0.18835715333377	0.290856585510908	0.517247192647343
chr2:197010424:G:A	2	197010424	0.286600398408067	0.238728084711433	0.229933290876973
chr2:209101337:G:A	2	209101337	-0.00887546155824968	0.14575204385444	0.951443427900869
chr2:209103516:A:G	2	209103516	-0.0464863427118533	0.14124295396396	0.742062517111593
chr2:210957182:G:A	2	210957182	-0.238668498324713	0.220756512437865	0.279635240660562
chr2:214802180:T:C	2	214802180	0.0198793199078997	0.127655230822125	0.876248499304147
chr2:215209936:A:G	2	215209936	0.0905441370639787	0.13920351795841	0.515405259298426
chr2:215367000:G:A	2	215367000	0.117170009516612	0.228587729258033	0.608243581500236
chr2:220997842:C:T	2	220997842	-0.198761715354131	0.104995076707449	0.0583502258433066
chr2:226027918:G:A	2	226027918	0.153432806864226	0.158313793701517	0.332460920372127
chr2:228947684:G:A	2	228947684	-0.200563201643927	0.131352275502483	0.12678320580633
chr2:233152507:T:C	2	233152507	-0.00130520018754466	0.1246972183494	0.991648730604872
chr2:235620294:A:T	2	235620294	0.12754006540328	0.137134134274749	0.352350996767001
chr2:237288548:A:G	2	237288548	-0.170930915520238	0.107843888327933	0.11296980520825
chr2:237513585:T:C	2	237513585	0.179745476998088	0.154323024215902	0.244126147341912
chr2:237920759:T:G	2	237920759	0.0624735276992903	0.144878278359411	0.666312846629662
chr2:240429648:C:T	2	240429648	0.108120765135658	0.117987213601986	0.359469210884192
chr3:9841346:T:C	3	9841346	0.00766993465473007	0.211479803098237	0.971068721413276
chr3:10127208:T:G	3	10127208	0.0888790231853479	0.197311430788295	0.652385673313775
chr3:14082905:A:G	3	14082905	-0.139232071123943	0.137650829384465	0.311783237890034
chr3:16798495:T:G	3	16798495	0.0944843572513375	0.14959729743463	0.527653948109345
chr3:18882818:T:C	3	18882818	-0.0190280163027191	0.103206728289495	0.853724785293984
chr3:20179943:G:A	3	20179943	0.367175360976592	0.216132951519052	0.0893492843650034
chr3:22245167:A:G	3	22245167	0.0658267079569654	0.126857491415109	0.603828522575962
chr3:24009496:G:A	3	24009496	0.000891630752590784	0.111843024423822	0.993639202092198
chr3:24010534:C:T	3	24010534	-0.0937062178835855	0.132039059406355	0.477899129551884
chr3:33111016:C:A	3	33111016	-0.000321026115781892	0.207336109312483	0.998764606513053
chr3:33421913:A:G	3	33421913	-0.152543783177799	0.156104605978912	0.328475341097384
chr3:34471110:A:G	3	34471110	-0.037496447055234	0.126677868598021	0.767231299466139
chr3:34498029:C:T	3	34498029	-0.623201821799136	0.320144062302903	0.0515791895480309
chr3:35230331:G:A	3	35230331	0.11834542233896	0.163342354140002	0.468744224069017
chr3:41413926:T:C	3	41413926	-0.0616844898171512	0.0978170515661325	0.528295030974656
chr3:42098050:T:C	3	42098050	0.0177016638614113	0.134856001556193	0.895566905159595
chr3:46489654:A:G	3	46489654	0.0342787616991671	0.109736500655619	0.754756778035725
chr3:56959175:A:G	3	56959175	0.34812880815125	0.200047685696812	0.08181879420587
chr3:64441608:G:A	3	64441608	-0.102059855454225	0.123489296457581	0.408539105977006
chr3:66150510:T:A	3	66150510	0.100323897684672	0.261041209331386	0.700739752914817
chr3:66995763:G:T	3	66995763	0.0172945126954511	0.115074752570566	0.880536314939103
chr3:68498445:T:C	3	68498445	-0.285098631450391	0.18092448500073	0.115074669999334
chr3:68824246:G:A	3	68824246	-0.035554012345998	0.128853519573718	0.782605046153126
chr3:69021248:A:C	3	69021248	0.00113436427212989	0.131384310042215	0.993111198027415
chr3:69617754:T:G	3	69617754	-0.250561771116457	0.12299465362738	0.0416323960992036
chr3:74191731:G:A	3	74191731	-0.204962018428774	0.163418476176241	0.209763614975869
chr3:74732240:G:A	3	74732240	0.0104288717554265	0.158954254501218	0.94768891286141
chr3:75709324:A:T	3	75709324	-0.14964638902533	0.171530148611817	0.382979113176154
chr3:84465702:T:C	3	84465702	0.118344445189097	0.132973183969618	0.373472704568383
chr3:84817748:G:A	3	84817748	-0.0992992594674058	0.175708566953957	0.571981175663364
chr3:85705423:A:G	3	85705423	-0.0760194971492829	0.157832517403909	0.63005700843559
chr3:88069353:C:T	3	88069353	0.260777786648961	0.158244616902309	0.0993647861253576
chr3:93986190:G:A	3	93986190	-0.163957381935813	0.178118500342077	0.357313578824794
chr3:101022648:G:A	3	101022648	0.0842681604311839	0.170507466906491	0.621150981652088
chr3:105622159:T:C	3	105622159	-0.18579730613168	0.266382982426126	0.485501268875633
chr3:106664728:C:T	3	106664728	-0.0446435757496628	0.121220063361148	0.712660461000841
chr3:110774699:C:T	3	110774699	0.0190703297049802	0.144200586488884	0.894787639366438
chr3:113428518:G:A	3	113428518	-0.0680125902346729	0.115684593010872	0.556590028085954
chr3:121058963:T:G	3	121058963	-0.403823439476253	0.237440187028663	0.0889922826367499
chr3:122312606:G:A	3	122312606	0.398266419363157	0.240750214022658	0.0980721908300864
chr3:124193435:A:C	3	124193435	0.0821371071322306	0.136107750917942	0.546195272188146
chr3:124804582:A:T	3	124804582	0.184595526679539	0.238176259813347	0.438317516649861
chr3:126773646:G:T	3	126773646	0.0228565757497571	0.114594033938166	0.841905320739432
chr3:131110446:C:G	3	131110446	0.104774721064456	0.166314998807243	0.52870925062448
chr3:131209978:G:T	3	131209978	-0.272096430420491	0.19699964110174	0.167216653844953
chr3:133982842:C:T	3	133982842	-0.238440472012838	0.130915776680563	0.0685571259892098
chr3:134929007:C:T	3	134929007	0.104083753480269	0.168029563864555	0.535628416616143
chr3:137777496:C:T	3	137777496	0.0104572933834744	0.220313103450355	0.962142147581378
chr3:146265901:G:T	3	146265901	0.0106593136371404	0.124535479039266	0.931790292745644
chr3:148006706:G:A	3	148006706	0.0380879340682063	0.274162514318112	0.889509684112888
chr3:149679065:C:A	3	149679065	-0.141067150772959	0.141320718787784	0.318179610164587
chr3:150888061:C:A	3	150888061	0.377142254021716	0.208338634148586	0.070259079323115
chr3:152663712:G:C	3	152663712	-0.155550361692225	0.123189358854874	0.206699470572464
chr3:159417151:A:G	3	159417151	0.0523467576129655	0.136487203075542	0.701327805168345
chr3:164899350:G:A	3	164899350	-0.165140038171936	0.223088938558014	0.45915252496978
chr3:168053836:T:C	3	168053836	-0.451055422228615	0.227360338702084	0.0472693202826957
chr3:171028381:G:A	3	171028381	0.242657909708316	0.112309508466981	0.0307248844965299
chr3:174497130:T:C	3	174497130	-0.113209926899677	0.0964759505641484	0.24061447122644
chr3:176663180:T:G	3	176663180	-0.123792983652878	0.260957218811258	0.635228684200714
chr3:196706550:C:T	3	196706550	0.107735892671879	0.135337704888327	0.426001631329834
chr4:332191:G:A	4	332191	0.0851652936347121	0.0927527063987685	0.358515530878878
chr4:8816874:T:C	4	8816874	-0.101024396366889	0.154226663631287	0.512442991709047
chr4:9851274:C:G	4	9851274	0.463459173388564	0.154555241089358	0.00271166541116341
chr4:10725805:A:G	4	10725805	0.212027381096551	0.119183236847481	0.0752392079522245
chr4:13219910:C:T	4	13219910	-0.134155230521731	0.138612809355766	0.333123529890663
chr4:18747099:A:G	4	18747099	0.0815121997773155	0.132403024262464	0.538134129981203
chr4:20840555:C:T	4	20840555	0.0507973292349	0.110280176597664	0.645070776626283
chr4:21137718:C:T	4	21137718	0.165971151576733	0.124656479101469	0.183048155603438
chr4:26851610:T:C	4	26851610	-0.0904679799245221	0.124983826403613	0.469165506622183
chr4:32302160:A:T	4	32302160	0.0357223615320885	0.158200148840523	0.82135320153082
chr4:34501888:A:G	4	34501888	-0.147715781246946	0.256105688628971	0.564090344849664
chr4:40603484:A:G	4	40603484	0.0776415422451111	0.120117611964682	0.518033719586841
chr4:41002348:C:T	4	41002348	0.0481819064767144	0.177947442388186	0.786571922175729
chr4:44018406:T:G	4	44018406	-0.0200667839341447	0.147822893851934	0.892019849319456
chr4:44680448:T:C	4	44680448	-0.0743123157561604	0.123305040346818	0.546727880752888
chr4:55337032:C:T	4	55337032	0.0272330411253556	0.103628963120502	0.792709573150104
chr4:55659669:G:A	4	55659669	-0.105382870141129	0.183722762100338	0.5662403766639
chr4:56719096:C:T	4	56719096	-0.00120494212778667	0.145068707732451	0.993372839111593
chr4:58944563:C:T	4	58944563	0.106832912354174	0.236699135696412	0.651741096535299
chr4:61158247:C:G	4	61158247	0.0263473812614715	0.170200471044021	0.876977377655006
chr4:64485722:G:A	4	64485722	0.136697524414782	0.207440640278109	0.509913901329452
chr4:67708732:C:T	4	67708732	-0.0457791274923909	0.154824964175272	0.767472094151105
chr4:67911021:C:T	4	67911021	0.0431147925138128	0.116529769757597	0.711390305833378
chr4:90022599:G:T	4	90022599	-0.111133959874373	0.158554555194431	0.483353331753151
chr4:95020597:A:T	4	95020597	0.00584235982367184	0.224199225123643	0.979210449204022
chr4:95433170:T:C	4	95433170	0.279289995510009	0.184646416008174	0.130389791997094
chr4:97398054:G:A	4	97398054	0.0499448960377634	0.122636995714231	0.683818516086544
chr4:98823404:T:C	4	98823404	-0.0622124760608634	0.158330603502578	0.694372899800562
chr4:99262681:C:G	4	99262681	-0.105275523369065	0.145054511166552	0.467982694151281
chr4:99355957:G:T	4	99355957	-0.226987269317259	0.161293281803759	0.159339857302024
chr4:101085120:T:C	4	101085120	-0.091385545174504	0.13271694146961	0.491090866103525
chr4:102399971:C:T	4	102399971	-0.0880191193529695	0.138327472682157	0.52457455225561
chr4:102884286:T:C	4	102884286	0.232689114117311	0.119330296350196	0.051181077149588
chr4:105992845:C:T	4	105992845	-0.0853094166181012	0.120157041910955	0.477714887152806
chr4:108791253:G:A	4	108791253	-0.00260700188033802	0.142940206347224	0.985448662140826
chr4:110191180:A:G	4	110191180	-0.0975391705108643	0.214917825023333	0.649941094809646
chr4:110957298:T:A	4	110957298	0.232963861924333	0.146609597540352	0.112058527212512
chr4:113348012:C:T	4	113348012	0.131619216923924	0.146144866928962	0.367796850131765
chr4:115515844:A:G	4	115515844	0.0665946713862537	0.159208517548874	0.675738128027465
chr4:115522695:G:A	4	115522695	0.0942483458398453	0.133568609696276	0.480426050542527
chr4:120770744:A:C	4	120770744	0.205110904920274	0.135983628035507	0.131464973452902
chr4:123964831:A:G	4	123964831	0.038303139658518	0.138746378419401	0.782497474223352
chr4:125256344:T:C	4	125256344	-0.292282400278154	0.263604483982165	0.267520156056406
chr4:126268710:T:G	4	126268710	0.18120014144314	0.163591730766117	0.268018914357599
chr4:134094420:T:C	4	134094420	0.0329936301630754	0.17298622310646	0.848737279239229
chr4:134350906:C:T	4	134350906	0.0106847891356893	0.148896470585503	0.942793021505075
chr4:138952375:G:A	4	138952375	-0.271938541890349	0.140291278355193	0.0525762410168856
chr4:141012527:T:G	4	141012527	0.266580575538078	0.20549665330559	0.194545111650444
chr4:141618953:G:A	4	141618953	-0.0159594119277116	0.185578916116748	0.931468022957593
chr4:143626434:A:G	4	143626434	0.125609160097629	0.31340008145304	0.688571120434019
chr4:149616644:T:G	4	149616644	-0.0546742546926033	0.128799406787852	0.671207395619873
chr4:154030957:C:G	4	154030957	-0.114212542815215	0.17853612734339	0.522356794173725
chr4:168588553:A:C	4	168588553	0.459736546717102	0.169821640888588	0.00678589023924836
chr4:171334248:A:T	4	171334248	0.544000894923129	0.202983281811292	0.00736159846464379
chr4:171974219:A:G	4	171974219	0.0797863979777389	0.12863873658366	0.535102308062834
chr4:176312841:C:T	4	176312841	0.0200256156780888	0.126838421789972	0.874549086455365
chr4:179329624:T:G	4	179329624	-0.0799753272973916	0.131903879235897	0.544305465157346
chr4:183032183:A:G	4	183032183	0.0102328269743351	0.146953717858711	0.944485777310331
chr4:184991673:A:G	4	184991673	0.0684579518742126	0.163672292318075	0.675755339388631
chr4:189912372:C:T	4	189912372	0.0137909583193297	0.142914307281372	0.923124987290074
chr5:79496:A:G	5	79496	0.151999806157819	0.193189268630545	0.43140353096735
chr5:5313703:A:G	5	5313703	0.274022196724034	0.133619665202224	0.0402900825254798
chr5:7364955:T:A	5	7364955	-0.123493219983613	0.22800369856091	0.588074699936871
chr5:8067079:G:C	5	8067079	-0.18945233387835	0.166862816311184	0.256217065751697
chr5:13911296:G:T	5	13911296	-0.0833582175267455	0.134448379885491	0.535256699858176
chr5:15621966:C:G	5	15621966	0.0497383642334058	0.161779713994555	0.758504680273431
chr5:15997511:T:A	5	15997511	0.492717055167496	0.259963291433778	0.0580482733491096
chr5:17902851:T:C	5	17902851	-0.062981715309199	0.184243412009038	0.732471520371062
chr5:20719353:A:C	5	20719353	-0.0311284080565472	0.169541629248227	0.854324648939377
chr5:20732163:G:T	5	20732163	0.0220782444503799	0.152456295108815	0.884855457223419
chr5:21913130:A:C	5	21913130	0.208966587954492	0.138703266308244	0.131920157394982
chr5:23682774:A:T	5	23682774	0.351595704520038	0.295856073374486	0.234675394675468
chr5:23787194:A:C	5	23787194	-0.183508014619411	0.139232075859103	0.187503314586294
chr5:23895775:T:G	5	23895775	-0.281838529016732	0.137376781342172	0.0402111546275182
chr5:25693600:A:G	5	25693600	0.0590545303303365	0.203403137967421	0.771561919890468
chr5:33466391:T:A	5	33466391	0.110454805624741	0.117937722609717	0.348989071502198
chr5:33624899:A:G	5	33624899	-0.0764186487058799	0.233490030430625	0.743449537733948
chr5:39550509:T:G	5	39550509	0.105010520837394	0.137759843741067	0.445897468426195
chr5:39634108:G:A	5	39634108	0.0293103820157987	0.129732711643508	0.821256640928664
chr5:39978357:G:A	5	39978357	0.0783069989292333	0.129914729004958	0.546670424773462
chr5:40238036:C:A	5	40238036	0.488845237438246	0.245069628114811	0.0460734495993129
chr5:44011742:G:T	5	44011742	0.26905105331749	0.152851295678186	0.0783714595483681
chr5:50222627:G:A	5	50222627	0.0741272005935538	0.230059598284892	0.747294605522332
chr5:54814079:C:T	5	54814079	0.262311346619555	0.118786440210017	0.0272261527133644
chr5:66989845:C:A	5	66989845	-0.170719712086692	0.111015980814331	0.124098984744273
chr5:66992139:G:A	5	66992139	0.284451548674696	0.134719676217357	0.0347351247815496
chr5:73076502:T:C	5	73076502	0.234461331870831	0.147933895959053	0.112987673806246
chr5:76998986:C:A	5	76998986	-0.122840536524492	0.151765063811053	0.41827792660887
chr5:77675144:G:C	5	77675144	0.100100686832484	0.169644291341977	0.555148937634656
chr5:80530472:T:A	5	80530472	0.108176457900146	0.188630457968915	0.56631735834749
chr5:81710558:G:T	5	81710558	0.0810462478390872	0.11786532696738	0.491693757794396
chr5:82792281:C:G	5	82792281	0.478529372591618	0.181740054491261	0.00846236407312484
chr5:84879932:A:G	5	84879932	0.195976932999492	0.142480217728115	0.168986502360609
chr5:85476293:A:G	5	85476293	0.143069439601515	0.131872484605357	0.277962652716753
chr5:85809583:T:C	5	85809583	-0.311637174703108	0.158011053941165	0.0485811656789411
chr5:92192959:A:T	5	92192959	0.0197365063689606	0.196148936782834	0.91985211816114
chr5:94648523:C:G	5	94648523	0.268531518067184	0.171619989894245	0.117656385203728
chr5:98024666:G:A	5	98024666	0.100648685993833	0.125722619013455	0.423385557993084
chr5:101328324:T:C	5	101328324	0.0993442040570914	0.223653567386201	0.65690675380347
chr5:101825779:A:C	5	101825779	-0.0547894603014199	0.157527701967689	0.727984069711579
chr5:106773905:G:A	5	106773905	0.0975562757161803	0.153335598025462	0.524628357527151
chr5:110045491:C:T	5	110045491	-0.333647726951087	0.46592098981905	0.47392734284698
chr5:114915760:G:T	5	114915760	-0.0560442535174085	0.140867111815628	0.690739329224889
chr5:115102683:A:G	5	115102683	-0.0957302232939546	0.195800512620954	0.624900372640169
chr5:117238479:G:A	5	117238479	0.14071237465236	0.149558993741744	0.346782434854574
chr5:121740415:G:T	5	121740415	0.134782804567709	0.124337340688962	0.278360779075629
chr5:137227416:A:T	5	137227416	0.222063102649307	0.196856150165055	0.259299827993771
chr5:137406489:C:T	5	137406489	-0.229611474935842	0.130336607845605	0.0781232755614232
chr5:140638650:G:A	5	140638650	0.227549368773479	0.141555172094974	0.107945612584263
chr5:142682003:T:C	5	142682003	0.186373069220815	0.106593598488677	0.0803869610620409
chr5:144183699:A:G	5	144183699	-0.208766018326944	0.220593341340751	0.343952741024701
chr5:145690757:G:T	5	145690757	0.0855507711225717	0.12026983028357	0.476883717641085
chr5:147282093:C:T	5	147282093	-0.018971034541246	0.251023668528983	0.939757477723644
chr5:148033208:G:T	5	148033208	-0.0244773651772918	0.194207918236139	0.899702710566997
chr5:151763317:T:C	5	151763317	-0.0272587650891715	0.124010723583297	0.826019332584666
chr5:153541577:C:T	5	153541577	0.187051384658272	0.196959698544657	0.342267912363787
chr5:160435085:T:G	5	160435085	0.0025433859623647	0.267860191029887	0.992424040726234
chr5:164252995:G:C	5	164252995	0.217016342724581	0.160429188726357	0.176143961984102
chr5:168245100:T:C	5	168245100	0.0969661375834377	0.103375448628173	0.348244575300856
chr5:169455657:C:T	5	169455657	0.11303768469563	0.131627476854589	0.390467604747435
chr5:169808985:G:C	5	169808985	-0.555399157125539	0.253138541369765	0.028231661753803
chr5:172672695:T:C	5	172672695	0.314890712419532	0.180788177845172	0.0815493876502458
chr5:173346700:A:C	5	173346700	-0.020970942805001	0.169518507227549	0.90154578915485
chr5:177122146:G:C	5	177122146	0.236101711390446	0.18826274290218	0.209802947142457
chr6:1084246:G:A	6	1084246	0.355877878667732	0.214491041496606	0.0970808108836052
chr6:3041612:C:A	6	3041612	0.167813176691708	0.122106183117301	0.169341833616867
chr6:3673174:A:G	6	3673174	-0.220011520375175	0.246910409069774	0.37289800086811
chr6:3786319:G:C	6	3786319	0.281618183757391	0.126878326746591	0.026446441156469
chr6:6090729:G:T	6	6090729	0.122903890830359	0.168278118844229	0.465169130628327
chr6:6354181:A:T	6	6354181	0.0141846286337003	0.142440509642371	0.920675528091538
chr6:6456261:T:C	6	6456261	0.060693304744983	0.135653551311507	0.654576133451096
chr6:7642514:C:G	6	7642514	-0.117657337731685	0.139965031129418	0.400561117924571
chr6:12212257:G:A	6	12212257	-0.0924542243916216	0.202661464467479	0.648245937283906
chr6:21494280:T:C	6	21494280	0.0918437528761402	0.180258411793038	0.610393665346217
chr6:23163726:T:C	6	23163726	-0.0495470165878016	0.218553218232399	0.820653461809973
chr6:23344439:T:A	6	23344439	0.0894241110649022	0.136008741193028	0.510867204116449
chr6:24077828:C:T	6	24077828	0.137503911535474	0.292556234430497	0.63834895787257
chr6:26287827:G:A	6	26287827	-0.176401373006432	0.121508939487005	0.146569368228963
chr6:27261142:G:T	6	27261142	0.085545158145995	0.229071479092864	0.708818703309751
chr6:31108549:A:G	6	31108549	-0.231735622395582	0.176570183989727	0.189375823885552
chr6:31845997:T:C	6	31845997	0.0212667737232298	0.144194628797258	0.882747965660026
chr6:32660000:G:C	6	32660000	-0.107851033899351	0.180325102273635	0.549778426472043
chr6:33148933:A:G	6	33148933	0.0871166140113704	0.102224588134505	0.394098645248556
chr6:37400014:G:T	6	37400014	0.0294914876745796	0.128151826154273	0.817991312100585
chr6:39124093:C:T	6	39124093	0.201102475091032	0.142561750929544	0.158352515150778
chr6:45195864:C:T	6	45195864	0.0423159852258053	0.166484467503394	0.799361311615351
chr6:46738257:G:A	6	46738257	-0.0276604530938566	0.124757573118436	0.824536827155876
chr6:47717919:C:A	6	47717919	-0.0825500867753905	0.161359296683584	0.608936752748608
chr6:48859012:C:A	6	48859012	0.312402174454388	0.174860003173527	0.0740046658516601
chr6:49860743:T:G	6	49860743	0.0475923028425291	0.141970396446528	0.737453894643766
chr6:53292416:C:G	6	53292416	-0.123019146666274	0.111725921034181	0.270861959353331
chr6:54457248:C:T	6	54457248	0.213858593374308	0.18577877218321	0.24967194853275
chr6:57513520:G:A	6	57513520	0.131394451107287	0.234641545644094	0.575493433160685
chr6:67461006:G:C	6	67461006	0.0597316860264148	0.178310470591892	0.73763490790931
chr6:69504128:A:G	6	69504128	-0.0231553169205936	0.226215308946043	0.918471220303073
chr6:81137001:T:C	6	81137001	0.224887922483084	0.128512930822599	0.0801313474726503
chr6:84758749:C:T	6	84758749	0.367479448212266	0.17006775571498	0.0307121363972461
chr6:86667874:G:T	6	86667874	0.0961507929883902	0.23325011255867	0.680176823115748
chr6:87387916:G:T	6	87387916	-0.116385257665674	0.133738965876893	0.384168198371362
chr6:88566465:G:A	6	88566465	-0.0146135766860718	0.135037167723805	0.913822035723089
chr6:93273487:T:C	6	93273487	-0.0591758962761502	0.18391594921932	0.747638225061086
chr6:97788153:C:A	6	97788153	0.205549185752409	0.173626288705669	0.236468560312116
chr6:98771646:C:T	6	98771646	-0.455858345690736	0.249494178725201	0.0676801972937842
chr6:104918249:A:G	6	104918249	0.106168396690426	0.131925630737042	0.420958511601678
chr6:107129138:A:G	6	107129138	-0.127117446704172	0.107820547264051	0.238409176084151
chr6:112187089:T:C	6	112187089	-0.0176043972071134	0.124606293719848	0.887648621832039
chr6:118046853:T:C	6	118046853	0.0752273852336159	0.114452371946116	0.511000162640674
chr6:121081137:A:G	6	121081137	-0.462898226184344	0.517189416240433	0.370772929300286
chr6:123103197:T:C	6	123103197	0.206245857015262	0.173909114205261	0.23564580867805
chr6:127784009:G:A	6	127784009	-0.142365014248263	0.141744419139205	0.315196320695075
chr6:129527930:G:A	6	129527930	-0.131060778591042	0.137042160139161	0.338893561824702
chr6:137254996:T:C	6	137254996	0.126583719522776	0.106509600484229	0.234647350948318
chr6:138165202:C:G	6	138165202	0.528711636399528	0.194593623296696	0.00658758283899197
chr6:139464917:T:A	6	139464917	0.272648521397715	0.173325795040677	0.115709405831929
chr6:151547601:G:A	6	151547601	0.137598889082519	0.128292429224798	0.283477113177011
chr6:152638179:C:T	6	152638179	0.0285288296771191	0.158510051135201	0.857167325120017
chr6:153842833:G:A	6	153842833	0.0436250470506312	0.159523880594236	0.784491702484516
chr6:156754666:T:G	6	156754666	-0.221853101097596	0.397991140044973	0.577232128666004
chr6:160701242:A:G	6	160701242	0.206662157075316	0.211080695461194	0.327546843380324
chr6:160909689:G:C	6	160909689	-0.0159196515001075	0.223457746914009	0.943204889120513
chr6:161970870:T:G	6	161970870	0.139630602633515	0.186895010241758	0.454998871090661
chr6:162760256:C:T	6	162760256	0.160760337996906	0.155078536486292	0.299904494158245
chr6:163629327:G:A	6	163629327	0.0334522321888986	0.153615799861534	0.827611772070482
chr6:167509019:C:T	6	167509019	0.0457255129636311	0.160040548970797	0.77509867644591
chr7:6986920:C:A	7	6986920	0.296669305053084	0.201948064855104	0.141822585002487
chr7:7863676:G:A	7	7863676	-0.0269766515550038	0.13595204203708	0.842710443705931
chr7:8111839:A:G	7	8111839	-0.0630957072352053	0.110619013689936	0.568414877801354
chr7:9602661:C:A	7	9602661	0.10149825526295	0.172882918663523	0.55714162191186
chr7:10804524:T:C	7	10804524	0.0360555387972073	0.221519983611643	0.870704040136043
chr7:11334355:C:A	7	11334355	0.0853090294799796	0.15007751879432	0.569740919112302
chr7:12476280:G:A	7	12476280	0.334700593379675	0.151204349342013	0.0268587455354359
chr7:12972158:C:G	7	12972158	-0.307757039081077	0.229518204730554	0.179958470565984
chr7:20850990:A:T	7	20850990	-0.28534369993861	0.125528952951766	0.0230183129251854
chr7:22822020:C:A	7	22822020	0.0947466195195119	0.116837907231642	0.417409530917352
chr7:24140802:T:C	7	24140802	0.104096233162018	0.120874179237392	0.389130679052855
chr7:24278575:A:G	7	24278575	0.323307358517165	0.172243189596247	0.0605126102492513
chr7:24620726:T:A	7	24620726	-0.00354670648386661	0.125240117914692	0.977407525727924
chr7:24740434:C:T	7	24740434	0.07140522810665	0.134387068780963	0.595183176042386
chr7:28505993:C:T	7	28505993	0.0345591473638492	0.146091648328511	0.812999710700966
chr7:36413989:G:A	7	36413989	0.0205634480817832	0.165432912204407	0.901077091180912
chr7:41157573:G:A	7	41157573	0.0433722640185493	0.199385867300167	0.827795891648678
chr7:43755241:C:T	7	43755241	-0.246250011942819	0.129585204283072	0.057394522239868
chr7:44689517:A:G	7	44689517	0.10828627789985	0.116627793685256	0.353159953407103
chr7:46192346:C:G	7	46192346	0.348202890701907	0.14444302425144	0.0159237244707711
chr7:46368666:G:A	7	46368666	-0.167664866496983	0.245393746449606	0.494449940423344
chr7:47748540:G:T	7	47748540	-0.107485179413704	0.308967964001943	0.727926892880567
chr7:48301675:T:C	7	48301675	0.0199164443154394	0.135155348216487	0.882848155290555
chr7:51890159:C:T	7	51890159	0.114231122051048	0.116966695983695	0.328761093267147
chr7:53046603:C:G	7	53046603	-0.00545692436333239	0.142346968189947	0.969420286571636
chr7:55663907:C:A	7	55663907	-0.0686855725717293	0.148660018710999	0.644058918831188
chr7:56122201:A:G	7	56122201	0.03595795028289	0.13634411850581	0.791988452309868
chr7:62910214:G:T	7	62910214	0.171297326835626	0.226246242436095	0.448973281701736
chr7:65406204:G:T	7	65406204	0.251225231381647	0.237567017311189	0.290287082462579
chr7:67766433:G:A	7	67766433	-0.1186618043229	0.128221385707865	0.354734626299943
chr7:68433432:T:C	7	68433432	0.103565599671791	0.147817774160534	0.483533813749303
chr7:71020152:T:G	7	71020152	0.0498039525273377	0.189154480893437	0.792321080297486
chr7:71553830:T:C	7	71553830	-0.0846496528982749	0.141584751433883	0.549924899243429
chr7:78390279:T:G	7	78390279	0.0821209618043231	0.150263340920908	0.584712930746481
chr7:83524616:A:T	7	83524616	0.0153965971967633	0.12700192009033	0.903507899726528
chr7:84786535:C:A	7	84786535	0.0620598162729414	0.106624036470692	0.560537450769566
chr7:86620755:G:A	7	86620755	0.0416593653196713	0.147507776552449	0.777620342516076
chr7:89207269:G:A	7	89207269	-0.0763402857303689	0.153472075644295	0.618891959050594
chr7:91097147:A:G	7	91097147	0.020904819944509	0.142275636559788	0.883185826201418
chr7:96212691:T:C	7	96212691	-0.0622827116873002	0.170077291772046	0.714214054723625
chr7:103095283:G:A	7	103095283	0.26896329573671	0.172652067413895	0.119272555940502
chr7:104663551:G:A	7	104663551	0.346247915662258	0.20534481029279	0.0917615067228079
chr7:113434486:A:C	7	113434486	0.0177222650512787	0.111167661127024	0.873338574326911
chr7:113749820:G:A	7	113749820	0.219003338585562	0.105961648703777	0.0387513994692004
chr7:117145973:C:G	7	117145973	0.00685548689814576	0.157618230977101	0.965307547239486
chr7:119808046:G:A	7	119808046	0.193648285995663	0.121730199696211	0.111654806901826
chr7:122582926:C:G	7	122582926	0.00783452274123368	0.14364685351699	0.956504811099907
chr7:124802410:A:T	7	124802410	-0.181847064263154	0.113736208857218	0.109854079287372
chr7:129047886:A:G	7	129047886	-0.330284456623172	0.336787357189362	0.326744958128598
chr7:131384702:T:A	7	131384702	-0.0678742093160063	0.141384515522559	0.63117890199953
chr7:136870573:G:A	7	136870573	-0.130364544454674	0.188810446638664	0.48991000559825
chr7:142873374:T:C	7	142873374	0.293688765303712	0.138389516148605	0.0338218356855133
chr7:143187070:C:T	7	143187070	0.163868371591038	0.303698833311035	0.589489994174204
chr7:145116884:A:G	7	145116884	-0.0226369851467345	0.159966022971894	0.887466106453934
chr7:149242006:T:C	7	149242006	0.198200748270121	0.131999908486165	0.133220636692976
chr7:153502245:G:A	7	153502245	0.268789878840472	0.126644201228143	0.0338040123714456
chr7:153952270:G:A	7	153952270	0.326077603690979	0.130718194696255	0.0126131825359338
chr7:154426289:T:C	7	154426289	-0.150701890140151	0.215984158338612	0.485336612260614
chr7:156975524:A:T	7	156975524	-0.0689215099510337	0.195983910678137	0.725086343074027
chr7:157677820:C:T	7	157677820	0.163868181954063	0.206330209334447	0.427076950004291
chr8:276778:A:T	8	276778	-0.143924440150147	0.130324252849915	0.269438508035384
chr8:1102873:G:T	8	1102873	0.0589533785642688	0.113217350874479	0.602568980705959
chr8:8710521:T:C	8	8710521	-0.267524457305067	0.172660567066484	0.121279785191069
chr8:9029509:T:C	8	9029509	0.0524760152790536	0.149964328658348	0.726396247715974
chr8:9109096:A:G	8	9109096	0.0251158129857921	0.151900726218288	0.868673542852697
chr8:9827297:A:G	8	9827297	0.101357345966961	0.230214731880947	0.659739345368633
chr8:10675470:T:G	8	10675470	0.00582647597551228	0.189894397321663	0.975522574834365
chr8:13032868:C:A	8	13032868	0.0592610972455266	0.207543832647462	0.775234039188665
chr8:14391498:A:G	8	14391498	0.549600683074694	0.226360662602955	0.0151828991442218
chr8:16627132:C:G	8	16627132	0.263124477481188	0.281201401948731	0.349419748284141
chr8:17129593:A:G	8	17129593	0.135816075388297	0.195342183377783	0.486884457573021
chr8:20741226:C:T	8	20741226	-0.100330359780685	0.161928148151542	0.535522471448034
chr8:23115837:G:A	8	23115837	0.0232231864191005	0.204004665734112	0.909367367742093
chr8:25783762:T:C	8	25783762	0.114511280009037	0.159194485860251	0.471945701062536
chr8:27010051:G:C	8	27010051	-0.102828247914811	0.267646141854778	0.700834094354079
chr8:27022227:G:T	8	27022227	0.140956975058164	0.136226821334001	0.3007984637289
chr8:28150898:A:G	8	28150898	0.0353592324235758	0.0999129248606801	0.723413464622433
chr8:28528484:G:T	8	28528484	0.0108306112831336	0.114746584230639	0.924801566107224
chr8:29917542:C:T	8	29917542	-0.168501446938258	0.286569335513931	0.556535390087031
chr8:37085597:G:A	8	37085597	0.0830624980982978	0.202391907016682	0.681509431714076
chr8:41788192:C:T	8	41788192	0.149587341248433	0.194140394894176	0.440996736465002
chr8:42055528:T:G	8	42055528	0.124441506557093	0.234446917462747	0.595566003636338
chr8:50763512:C:T	8	50763512	0.219383890326255	0.200470706122372	0.27380418721591
chr8:51570259:T:G	8	51570259	0.448025477623727	0.241939300754331	0.0640531936442381
chr8:53142705:G:A	8	53142705	-0.302033886867359	0.170905930105906	0.077185995362253
chr8:60609620:T:A	8	60609620	0.0784045713961699	0.189322952899472	0.678777909437183
chr8:61304314:G:C	8	61304314	0.0222336716958157	0.12793434785341	0.862030740881003
chr8:61926940:A:T	8	61926940	-0.0878697807125716	0.145417700686741	0.545672254410488
chr8:63445672:G:A	8	63445672	-0.178935952913089	0.123555676655965	0.147555191514155
chr8:65343369:C:A	8	65343369	0.478670035259278	0.170314051946297	0.00494624298851631
chr8:65418628:G:T	8	65418628	-0.10687895374235	0.114140034625523	0.349075280376338
chr8:71273350:T:A	8	71273350	0.103551372849728	0.142002134580023	0.46586461708268
chr8:72033005:T:C	8	72033005	-0.157512242066735	0.25024623094982	0.529068218531138
chr8:72065200:T:A	8	72065200	0.0947821721546508	0.152531259757238	0.534339717926774
chr8:73211475:T:C	8	73211475	-0.185592089741962	0.197035715839789	0.346233058473924
chr8:75992459:A:G	8	75992459	0.169337113044674	0.178813212844384	0.343635927859838
chr8:78402394:T:A	8	78402394	-0.0727698929648125	0.23742966959718	0.759231356819458
chr8:79795588:T:G	8	79795588	0.435158220922512	0.230696412399701	0.0592571207572484
chr8:86323708:T:C	8	86323708	0.0716009126976412	0.12697326465837	0.572818498209073
chr8:89525432:A:G	8	89525432	-0.0280444610281129	0.109817593950202	0.798434933800077
chr8:92001032:A:G	8	92001032	0.219352534981746	0.157899528052714	0.164774809225074
chr8:92645879:A:G	8	92645879	-0.0150302545925272	0.153995695871445	0.922248508117373
chr8:95906161:G:A	8	95906161	0.0802360001728956	0.143114940712304	0.575042787659463
chr8:96365126:C:T	8	96365126	-0.0517523615697052	0.119233836906518	0.664258742808431
chr8:97430280:G:A	8	97430280	-0.367799488701262	0.238992540814881	0.123814543857546
chr8:98002322:C:T	8	98002322	-0.0257596275183708	0.132724632075919	0.846110699353821
chr8:98018653:A:G	8	98018653	-0.13027072843362	0.20079277125695	0.516479317070516
chr8:104471980:T:G	8	104471980	0.213117484131925	0.235182259946431	0.364840533523843
chr8:106920372:G:A	8	106920372	0.0759563046016707	0.167464276846228	0.650140359568999
chr8:108142424:A:G	8	108142424	-0.158168828005461	0.141115184671763	0.262352099286051
chr8:109421925:C:T	8	109421925	-0.241821517574239	0.164956755627162	0.142656687023405
chr8:116252872:C:T	8	116252872	0.0845160435874466	0.115650727606527	0.464909290030968
chr8:116821900:C:T	8	116821900	0.442849260015194	0.236721391568997	0.061378149448134
chr8:119015250:G:A	8	119015250	0.405962106154953	0.349902007984349	0.245960643877918
chr8:121384602:C:T	8	121384602	0.158279615956345	0.14150388300936	0.263330814219948
chr8:127029052:C:T	8	127029052	0.190304192800075	0.141517728105236	0.17871002707385
chr8:128437247:A:G	8	128437247	-0.0765656513750945	0.153756172287155	0.61850660725006
chr8:131111695:G:T	8	131111695	0.0478741192545908	0.192222644820344	0.803317801192523
chr8:131315237:G:A	8	131315237	-0.0264982801176948	0.118948496711205	0.823713709684674
chr8:135895676:A:T	8	135895676	0.251996197291911	0.162804649403643	0.121659863670809
chr8:138585221:A:T	8	138585221	-0.207222018658246	0.217815954355933	0.341420185251559
chr8:141605122:C:T	8	141605122	0.0687658573675213	0.134962822031772	0.610389858550438
chr9:733358:A:C	9	733358	-0.0907975792071998	0.179259482364407	0.612495309084596
chr9:5461379:C:T	9	5461379	-0.00975585223284215	0.131251571833967	0.940748273913743
chr9:11397008:T:G	9	11397008	-0.00907116356857498	0.157077477244146	0.953948073911728
chr9:11517950:T:C	9	11517950	0.0721354859158646	0.173695484931411	0.67792335042178
chr9:11955148:T:G	9	11955148	0.183116595786328	0.119351053432799	0.12496354160859
chr9:12389360:A:G	9	12389360	-0.045064301675173	0.137323960660646	0.742790300509327
chr9:12615226:G:C	9	12615226	0.310033073625455	0.120246662984536	0.00992851222511715
chr9:13582959:T:A	9	13582959	0.186820702031505	0.183438068761557	0.30846880970988
chr9:13820455:C:G	9	13820455	-0.306055419158572	0.278427029732117	0.271667638451277
chr9:14098421:G:A	9	14098421	0.182864724168362	0.137985684645902	0.185090179549268
chr9:18952915:A:G	9	18952915	0.197193892972329	0.0992053633887227	0.046841095127661
chr9:21476808:G:A	9	21476808	-0.104282501921817	0.210177622373806	0.619778935894884
chr9:29651949:A:G	9	29651949	-0.105108285115184	0.144204420798644	0.466072664929503
chr9:32058643:A:T	9	32058643	-0.0557198789868316	0.155375342127819	0.719883361405656
chr9:37013405:C:T	9	37013405	0.0569143253780531	0.146206350862484	0.69707349605787
chr9:37992585:C:T	9	37992585	0.0118843476574275	0.122646617613953	0.922806518408956
chr9:72294932:G:A	9	72294932	0.172792570894908	0.21392205389091	0.41924250276467
chr9:73616570:C:T	9	73616570	0.394261865600644	0.199988540678779	0.0486755942608587
chr9:76464251:C:G	9	76464251	0.24633262034475	0.167944144503319	0.142443190440923
chr9:79067117:C:T	9	79067117	-0.390592558402112	0.447201810171613	0.382437174622817
chr9:82773489:T:C	9	82773489	0.00633661272193747	0.311148566770077	0.983752019008364
chr9:89995415:A:G	9	89995415	-0.519715433129044	0.249762813778109	0.0374489275762586
chr9:91844381:C:T	9	91844381	0.305303180315202	0.175174154846155	0.0813589176095534
chr9:94568472:C:A	9	94568472	0.0735832470918973	0.14026893290124	0.599870383394276
chr9:95559980:C:T	9	95559980	0.333987402909967	0.310098465106283	0.281463905759592
chr9:96162075:C:T	9	96162075	0.125599762917191	0.115029377944144	0.274880171752687
chr9:97240484:A:G	9	97240484	0.239907440395569	0.165370657247526	0.146856293375163
chr9:100192956:A:G	9	100192956	0.0215406064922439	0.180264112882371	0.904883436970426
chr9:100529836:G:C	9	100529836	0.184403992057495	0.124939651957613	0.139958792158941
chr9:101460357:C:T	9	101460357	-0.0895012303052255	0.220956875371046	0.685431949626837
chr9:103293239:C:G	9	103293239	-0.285750308524331	0.22158633020754	0.197201212973629
chr9:105684376:G:T	9	105684376	-0.234567390768205	0.450344642188844	0.602462940036421
chr9:106822394:G:C	9	106822394	-0.571826413949727	0.309360765011916	0.0645426409058866
chr9:107904127:G:A	9	107904127	0.110878512809066	0.136741464097606	0.41744469059288
chr9:117420412:T:C	9	117420412	0.130871596354937	0.137781218141122	0.342188083675695
chr9:117972207:C:A	9	117972207	-0.0200384425019145	0.115045748630145	0.861725546719118
chr9:118511323:G:A	9	118511323	-0.304020299691656	0.290827765085173	0.295855683730194
chr9:121356498:A:G	9	121356498	0.242585124202785	0.155209417382894	0.118063499042496
chr9:124044726:T:G	9	124044726	-0.155098381694049	0.173476910411225	0.3712909763124
chr9:125005426:C:T	9	125005426	0.257660506715968	0.141813519952505	0.0692329425631645
chr9:129533341:A:G	9	129533341	0.0751128820364256	0.134396671436513	0.57623716864167
chr9:136630984:C:T	9	136630984	0.0684349412472661	0.134643627044467	0.611265959230835
chr10:2050300:A:G	10	2050300	-0.194889819156919	0.158998354450704	0.220298482913358
chr10:3113976:C:T	10	3113976	0.0638610406223806	0.15762229853066	0.685365546925974
chr10:4591592:T:C	10	4591592	-0.124496507400879	0.141402695636116	0.378621309224514
chr10:7462546:C:T	10	7462546	-0.209869387550293	0.115248525572202	0.0686044530968675
chr10:7849544:T:G	10	7849544	0.177339401293439	0.194905310876296	0.362888620750264
chr10:9367893:G:A	10	9367893	-0.00324535328240317	0.188817417706059	0.986286806475674
chr10:10628189:C:T	10	10628189	-0.0970591591967774	0.144951745533727	0.503115143843614
chr10:14014383:T:C	10	14014383	0.177235563483231	0.139852127727821	0.205045581858768
chr10:16341555:C:T	10	16341555	0.0761736186844864	0.126506607476279	0.547086579841037
chr10:18075702:C:T	10	18075702	-0.00949811091932378	0.174737230093362	0.956651105137527
chr10:20923823:C:G	10	20923823	0.494951470034759	0.233483533806627	0.0340181909901729
chr10:26220185:A:C	10	26220185	-0.0673166015191233	0.222450418346277	0.762184076126986
chr10:27289376:T:C	10	27289376	-0.113119508258822	0.136896479235239	0.408625865736578
chr10:27674317:A:G	10	27674317	0.0464545508823515	0.119284281508308	0.696947709110188
chr10:28771902:G:A	10	28771902	0.128521023160736	0.160982107621792	0.42466395930328
chr10:28891836:C:T	10	28891836	-0.212949446392843	0.148015908138725	0.150237532189631
chr10:30622484:G:A	10	30622484	-0.371829259780765	0.196950279551062	0.0590347222894974
chr10:35177843:G:T	10	35177843	0.0440969730363721	0.163879620257659	0.787866971145324
chr10:43613180:G:A	10	43613180	0.148717315255848	0.221685446050293	0.502317143899532
chr10:44139011:T:C	10	44139011	0.12642796190644	0.357470694628017	0.723583479323353
chr10:45036473:A:G	10	45036473	-0.0869582941459348	0.166737074621142	0.601997998376357
chr10:51560095:T:G	10	51560095	0.109431307506266	0.103244752889237	0.289180427431414
chr10:54072488:A:G	10	54072488	0.0819698754930988	0.129173761545165	0.525708487066331
chr10:54082016:C:T	10	54082016	-0.100845564048793	0.130681108889481	0.440296880163928
chr10:55299918:G:C	10	55299918	0.315556204417287	0.140888189904994	0.0251062902867092
chr10:56747004:T:C	10	56747004	-0.0195234136276009	0.189639701451094	0.918002627595078
chr10:57761967:T:C	10	57761967	-0.350972923891961	0.154221375492418	0.0228595678882865
chr10:61894829:G:A	10	61894829	-0.705490015631197	0.339200592261268	0.0375383023202315
chr10:62473064:C:G	10	62473064	-0.53892833612383	0.553217572648816	0.329971802574275
chr10:65713195:A:G	10	65713195	-0.453809349172375	0.382520889697379	0.235478235020909
chr10:69232402:C:A	10	69232402	-0.0133290754284199	0.132173168579414	0.919673070168417
chr10:79437519:C:T	10	79437519	-0.226623938767974	0.264171602343522	0.390966245161076
chr10:81546102:G:A	10	81546102	0.397846312757589	0.143915568373927	0.00570201567680928
chr10:82354363:C:G	10	82354363	-0.194553070842661	0.205756562787588	0.344378273738039
chr10:84591955:C:T	10	84591955	-0.184483497125882	0.188408959575387	0.327498358918514
chr10:84989741:G:A	10	84989741	0.118412065272923	0.136283861511767	0.384921826457331
chr10:86779196:C:A	10	86779196	-0.0695512450673961	0.291376537688252	0.811339106941129
chr10:91053424:A:C	10	91053424	-0.183270127575323	0.134165933876812	0.171940222243293
chr10:93612452:G:A	10	93612452	0.154141176674275	0.145549709237512	0.289587155764929
chr10:93671121:T:C	10	93671121	0.0453516876641074	0.128237566787538	0.723598438430796
chr10:101249704:C:T	10	101249704	-0.0562031793847558	0.174970079857473	0.748046750248157
chr10:102352980:T:C	10	102352980	0.141220504261364	0.126260549367486	0.263359998297476
chr10:104637359:T:C	10	104637359	-0.271184382332112	0.216323194938471	0.20998469923221
chr10:108480456:T:C	10	108480456	0.0783600410929644	0.146560500644517	0.592884967889026
chr10:109264424:C:T	10	109264424	0.0995726512529848	0.161585168376173	0.537746721384096
chr10:111352001:T:G	10	111352001	-0.271516185320951	0.161238404277563	0.0921928012279707
chr10:118828443:C:T	10	118828443	0.0632036423781754	0.162575638820014	0.697450339188737
chr10:120152982:A:G	10	120152982	0.235688233908974	0.152301532459869	0.121740173546192
chr10:121580593:A:G	10	121580593	0.130458293790717	0.187864837667339	0.487414872804403
chr10:121611573:C:G	10	121611573	0.112511471194235	0.148726331385369	0.449349466357106
chr10:121734173:T:C	10	121734173	0.299409576809094	0.151323946027434	0.0478610468592031
chr10:121910644:T:A	10	121910644	0.227533791901714	0.214342589701629	0.288443379641632
chr10:122561189:A:G	10	122561189	0.170069960676932	0.129844145620625	0.1902632458279
chr10:123750431:C:G	10	123750431	0.0169907633535213	0.124294874815202	0.891270130164944
chr10:127533155:T:C	10	127533155	0.00529308547116527	0.138581399003482	0.969532386130552
chr10:129953349:A:G	10	129953349	0.0572521293958601	0.148214777035527	0.699290683291528
chr10:130263340:C:T	10	130263340	-0.501942627905853	0.334182040333807	0.133096178891795
chr10:130662147:G:T	10	130662147	0.208549383702497	0.196250180858809	0.287931158627418
chr10:131485315:A:G	10	131485315	-0.566821751534482	0.344294821167987	0.0996965183875528
chr10:131819683:A:G	10	131819683	-0.110338609661276	0.159272263173057	0.488455620401991
chr10:131953941:A:C	10	131953941	0.225862648182397	0.147257898708168	0.125081397908256
chr11:388357:C:T	11	388357	0.204736213765021	0.144576175689899	0.156742398435915
chr11:2257707:C:T	11	2257707	0.271798264009219	0.113012760813283	0.0161714577694596
chr11:3623903:G:A	11	3623903	-0.153068523243834	0.176619504629553	0.386129993383453
chr11:5806222:C:T	11	5806222	-0.0338308828163448	0.118131450287066	0.774584510500977
chr11:9789492:C:A	11	9789492	0.0496800283572213	0.143563512854581	0.729305794489629
chr11:14569664:T:G	11	14569664	0.0486984279462466	0.142532136700661	0.732602035267223
chr11:21819583:A:G	11	21819583	-0.343881884972488	0.368195008293537	0.350321059172998
chr11:36019710:C:A	11	36019710	0.0883781892143876	0.131240268389207	0.500688038851039
chr11:39635569:C:T	11	39635569	0.0482551460330156	0.15339025102976	0.753072443268996
chr11:40512905:C:G	11	40512905	-0.0561860565005208	0.21466417599936	0.79352242023776
chr11:41632790:A:T	11	41632790	-0.14219595936343	0.19106840492249	0.456746457813669
chr11:42744986:A:G	11	42744986	0.18443731266935	0.12265203187018	0.132647178337867
chr11:43201079:C:T	11	43201079	0.101522862877963	0.164496709180425	0.537120881698958
chr11:43982585:G:A	11	43982585	-0.436432041725185	0.383871464081309	0.255570753766318
chr11:44330300:A:G	11	44330300	0.138747919084831	0.137395609793321	0.312570779045768
chr11:49875094:A:G	11	49875094	-0.242354479005091	0.140104751697914	0.0836643822322459
chr11:50253126:G:T	11	50253126	0.282754406655423	0.14730911429604	0.0549257540580861
chr11:55906271:G:A	11	55906271	0.0872998393818422	0.122528041478264	0.476162234703816
chr11:56124264:C:A	11	56124264	0.249280495223508	0.209367911682386	0.233797408600744
chr11:57305789:G:A	11	57305789	0.155126449513048	0.109645656328357	0.157127746119985
chr11:58998793:A:C	11	58998793	-0.174452614164641	0.155608660303769	0.262245995885916
chr11:60456695:C:T	11	60456695	-0.13044300657383	0.234428994441613	0.5779178646012
chr11:62505064:A:G	11	62505064	0.277362237334423	0.247864966681081	0.263137833342115
chr11:63184971:C:T	11	63184971	-0.0242618705379085	0.138660775185607	0.861100969737227
chr11:65009160:T:C	11	65009160	0.00919730683177175	0.182479061546436	0.959802054995364
chr11:70801858:T:C	11	70801858	0.040747903082996	0.114791406110451	0.72260947089212
chr11:71334794:T:G	11	71334794	-0.0921423586454045	0.205346036414553	0.653635463973451
chr11:72713691:C:T	11	72713691	-0.473073809737219	0.299531362248041	0.114248947371528
chr11:77208574:G:A	11	77208574	-0.122798763392256	0.118564864853032	0.30033766343313
chr11:77376654:A:G	11	77376654	0.262729231668657	0.165855933321617	0.113175288946099
chr11:77897055:A:G	11	77897055	0.0909343557091226	0.161272399397841	0.572852366025663
chr11:79339250:G:A	11	79339250	-0.069101340791386	0.237432710638595	0.771024191116186
chr11:81783030:C:T	11	81783030	-0.0599229284206945	0.131238835215853	0.647962543703364
chr11:83962252:C:T	11	83962252	0.0386750500931306	0.163131189666461	0.812595166983771
chr11:86328783:G:T	11	86328783	-0.30684769410479	0.181388429704409	0.090710668760785
chr11:86644523:C:T	11	86644523	0.0589790199105879	0.185984474203319	0.751154085897216
chr11:93046218:A:C	11	93046218	-0.080426451988899	0.104212838430759	0.440261408286534
chr11:99371984:G:C	11	99371984	-0.751483044985142	0.364286303916226	0.0391229574366646
chr11:100626548:G:A	11	100626548	-0.382782947598157	0.268298966678339	0.15366551310073
chr11:104129521:G:A	11	104129521	0.0565656728272732	0.151826916068852	0.709470864004612
chr11:108728662:A:G	11	108728662	0.182835778130297	0.251242408862997	0.466780978098962
chr11:110338613:G:A	11	110338613	0.137122226139395	0.147122678806353	0.35132286297976
chr11:110396347:G:A	11	110396347	-0.123312789903636	0.178171554483306	0.48887362574417
chr11:113789228:G:C	11	113789228	0.618945184666307	0.242036410107005	0.0105506402654419
chr11:113800784:C:T	11	113800784	0.340017611007353	0.180902662050021	0.0601679156109441
chr11:115616504:A:T	11	115616504	0.0878770139206768	0.170560268591741	0.606395393429756
chr11:119630310:G:A	11	119630310	-0.0215137547552393	0.13070282798824	0.869258414052411
chr11:123267436:G:A	11	123267436	0.135450116719767	0.137043210338979	0.322968906152859
chr11:125907492:T:C	11	125907492	0.0694606554945219	0.108956284500325	0.523793089414638
chr11:126829359:G:A	11	126829359	0.000419579164037587	0.174659485099111	0.998083268052476
chr11:130038952:T:C	11	130038952	0.185125033342377	0.203895487359174	0.363909496256911
chr11:130290657:C:T	11	130290657	0.0291741514302438	0.227659159496597	0.898031553590636
chr11:131355535:G:A	11	131355535	0.0484208830021457	0.122575328484681	0.692821043007957
chr11:133238417:A:G	11	133238417	0.185366132823879	0.155443022988376	0.233064424084596
chr11:133300920:A:C	11	133300920	0.28191473498159	0.241762841110225	0.243582233791107
chr11:133409278:A:G	11	133409278	0.141345973242896	0.193644342523762	0.465435630555668
chr11:134309503:C:T	11	134309503	0.176397505127241	0.12675084962698	0.164017211480408
chr12:5192681:C:T	12	5192681	0.074123871971589	0.120828478308531	0.539569851085922
chr12:5448727:G:A	12	5448727	-0.0937547908541991	0.173307464780621	0.588525669127304
chr12:6639294:C:T	12	6639294	-0.129097724906388	0.155463045556037	0.406308259731304
chr12:19523028:C:A	12	19523028	0.181839731745057	0.125933721809295	0.148758102074169
chr12:19758400:A:T	12	19758400	-0.249705560018084	0.302923520164589	0.409758425302255
chr12:20003679:T:A	12	20003679	0.0552896179907615	0.175143980959205	0.752244688879836
chr12:21333090:G:A	12	21333090	0.155801247195943	0.105403102945736	0.139368520648987
chr12:25518059:A:T	12	25518059	0.15757467293837	0.130305958597486	0.226560351514926
chr12:28965843:C:T	12	28965843	-0.203139176142	0.162319957744534	0.210761662631363
chr12:32086665:A:C	12	32086665	0.0736534739101338	0.144996222302533	0.611475625976426
chr12:44631613:C:T	12	44631613	0.0431705249297656	0.209637786402812	0.836846278231198
chr12:48567461:T:G	12	48567461	0.141015766595087	0.139184812214393	0.310986205787275
chr12:51039498:T:C	12	51039498	0.0296592633357994	0.207409782053409	0.886291458690827
chr12:52880890:G:T	12	52880890	0.199631248881415	0.146131232011075	0.171904630059385
chr12:53646626:C:G	12	53646626	0.0838481412149163	0.162790355538329	0.606505338367174
chr12:53680144:C:A	12	53680144	0.107942435283544	0.143788692332846	0.452832118032305
chr12:54366280:G:A	12	54366280	0.091589457060269	0.122245705449858	0.453722005689827
chr12:55599330:T:C	12	55599330	-0.406718375962544	0.310495005918132	0.190228612673375
chr12:56675083:C:T	12	56675083	-0.181955223285907	0.0976383077242096	0.0623829744050904
chr12:57436134:C:T	12	57436134	-0.252175698748521	0.187586941678375	0.178846961886516
chr12:58724212:C:T	12	58724212	0.078109958697105	0.188040243631319	0.677856730006849
chr12:59048769:A:C	12	59048769	0.0287347965731194	0.142369001334709	0.840047095844721
chr12:59161225:G:A	12	59161225	-0.382762353674643	0.270363020731096	0.156853147445204
chr12:59226687:C:T	12	59226687	-0.0856432578863036	0.160123342740603	0.592748022481145
chr12:63113400:T:C	12	63113400	0.340653708132974	0.17814744417239	0.0558504270936286
chr12:64271340:C:T	12	64271340	0.0243803798623772	0.152502843311966	0.872984770870038
chr12:64756705:C:T	12	64756705	0.0911739211252568	0.130823548351105	0.485851072359143
chr12:67050802:C:T	12	67050802	0.0856079613158064	0.132524104682096	0.518292111596364
chr12:71564908:A:G	12	71564908	0.188028599327393	0.174967318341158	0.282531532280517
chr12:73909094:G:A	12	73909094	0.0608026673665233	0.124969185195845	0.626583444691573
chr12:81126959:G:A	12	81126959	-0.160855718221015	0.114025033168613	0.158331528611393
chr12:83608380:A:G	12	83608380	0.148717174571417	0.110190504653236	0.177132471712968
chr12:90727178:A:C	12	90727178	0.00396334538675012	0.158650800866908	0.980069667553431
chr12:92596791:C:T	12	92596791	0.205456557172573	0.141878726890656	0.147585197478224
chr12:95914573:A:T	12	95914573	0.16593523778066	0.141055644857162	0.239442498704224
chr12:101611098:G:C	12	101611098	-0.124536801348919	0.291001469389555	0.668680711790682
chr12:105967464:T:C	12	105967464	-0.105919408309115	0.164834720935533	0.520497005264766
chr12:109533295:C:T	12	109533295	0.138086480416745	0.155734060906804	0.375250506083048
chr12:112209515:G:A	12	112209515	-0.21151460669375	0.271548060299645	0.436025992269187
chr12:120976632:C:A	12	120976632	-0.0733822043118173	0.154930807559407	0.635753071051762
chr12:125875525:T:C	12	125875525	0.0826879130227565	0.145668317793124	0.570275947828307
chr12:126449337:A:G	12	126449337	-0.0263592452918588	0.156772414906788	0.866475493021309
chr12:131091094:G:A	12	131091094	-0.0616101657411876	0.113317768387623	0.586652213965513
chr12:132776953:G:A	12	132776953	0.276555592151697	0.208439241020565	0.184577379011365
chr13:19545220:A:G	13	19545220	-0.063467366559228	0.139594865143728	0.649358165128361
chr13:22977365:T:G	13	22977365	-0.085469278713996	0.134133952177115	0.523998829243131
chr13:24330599:T:C	13	24330599	-0.0745460412746523	0.256911300594606	0.77169187560678
chr13:24623185:A:C	13	24623185	-0.023730005564643	0.146348655686366	0.871190040933554
chr13:25202506:T:G	13	25202506	0.164120261518626	0.223327201856255	0.462408305002711
chr13:26234118:A:T	13	26234118	0.00256799199010229	0.160605106239364	0.987242785082736
chr13:26494236:G:A	13	26494236	-0.0998001858838548	0.157681223735356	0.526783460517961
chr13:27255876:A:G	13	27255876	0.191457095558928	0.171276895245056	0.263642988672243
chr13:42909938:A:G	13	42909938	0.249148067053704	0.145997140499329	0.087909997490217
chr13:45470952:C:T	13	45470952	0.113153026401539	0.198586272554173	0.568818245923251
chr13:45708351:G:A	13	45708351	0.101366308071155	0.196424181413511	0.605813766232808
chr13:45809177:C:G	13	45809177	-0.217996642999954	0.114010649494654	0.0558668782293772
chr13:50558767:A:T	13	50558767	0.0448293229604638	0.134868652943908	0.739592933322305
chr13:58710908:G:A	13	58710908	-0.171322269939124	0.10747139045944	0.11090920813336
chr13:58934154:C:T	13	58934154	-0.0683003994633094	0.127197171517123	0.591291952076024
chr13:70397215:T:C	13	70397215	0.215287191507772	0.123615263917957	0.0815800934007044
chr13:70990050:T:C	13	70990050	0.00411735697986806	0.226591006790877	0.985502536762496
chr13:75832713:T:C	13	75832713	-0.0982818954354836	0.382913827742035	0.797434735504076
chr13:86776101:G:A	13	86776101	-0.214968036182166	0.158003547802348	0.173663328196748
chr13:91472230:T:C	13	91472230	0.0409788943362079	0.152107928139013	0.787616734026395
chr13:93235990:C:T	13	93235990	0.00537127909154364	0.127637591875891	0.966433117337036
chr13:96765286:G:A	13	96765286	0.0728282741199887	0.143248768936493	0.611169916033302
chr13:102180181:A:G	13	102180181	0.0304610560400024	0.149812171625618	0.838878427573065
chr13:104405113:C:T	13	104405113	-0.0661947731232598	0.21769660794092	0.76107538237104
chr13:106009559:G:C	13	106009559	0.0734841769143264	0.160491018694855	0.647045150973375
chr13:106084136:A:G	13	106084136	-0.126823066227009	0.116284359139979	0.275436269943203
chr13:112716578:T:C	13	112716578	0.0574370451878233	0.138928011051804	0.679291400509317
chr14:21167555:A:G	14	21167555	0.187213554415043	0.149871579296185	0.21160662620479
chr14:26929954:A:G	14	26929954	0.155733589415925	0.114555107068919	0.173999477359979
chr14:27823594:G:A	14	27823594	0.111696118886373	0.157953289761281	0.479475430252844
chr14:34182794:A:C	14	34182794	0.0544290889115484	0.291001508308644	0.85162882144981
chr14:38216062:T:A	14	38216062	-0.0772564133701578	0.198525717017495	0.69716470152245
chr14:38962987:G:A	14	38962987	0.076426744338501	0.206784756895926	0.71168380103108
chr14:39925237:C:T	14	39925237	-0.284688297737802	0.167458430162654	0.0891208543724881
chr14:44446011:A:G	14	44446011	0.130910522454435	0.129049751986053	0.310382854173051
chr14:48685878:C:A	14	48685878	0.0698202919484279	0.194053984405036	0.7189979813171
chr14:51426205:T:C	14	51426205	0.137488711177393	0.136540028975294	0.313959756322544
chr14:52881822:T:G	14	52881822	0.132691701903999	0.201170839289399	0.509512416712124
chr14:53358297:A:G	14	53358297	-0.427999903000614	0.139956732639865	0.00222754691078253
chr14:56254615:G:A	14	56254615	-0.301995955992005	0.114697114474271	0.00846377071111004
chr14:57978070:T:C	14	57978070	-0.0271100027788952	0.111650399555872	0.80815141402451
chr14:62445185:T:C	14	62445185	0.209676440764523	0.146177647465666	0.151459663196709
chr14:67518615:G:A	14	67518615	-0.0365530578097977	0.120335256853861	0.76131061514567
chr14:68863518:T:G	14	68863518	0.136083953544449	0.150879529150562	0.367089899659852
chr14:77734277:G:A	14	77734277	-0.303759707609203	0.169460655278051	0.0730515085970757
chr14:81022028:G:A	14	81022028	0.315296086422961	0.222147017476779	0.155807866899244
chr14:81884763:T:G	14	81884763	0.222911757709328	0.202583184585917	0.271181050988023
chr14:82929256:T:A	14	82929256	-0.289998610242166	0.244623410010421	0.235823759842785
chr14:84531019:T:G	14	84531019	0.0417645767422041	0.16624239753054	0.801638620423814
chr14:84812257:C:T	14	84812257	0.178755201675367	0.212883263722868	0.401084187733051
chr14:90804831:C:G	14	90804831	-0.100196289158559	0.13351384219568	0.452980000746686
chr14:91397629:G:T	14	91397629	-0.033658237800028	0.139155978326093	0.808877659503015
chr14:91532430:A:C	14	91532430	0.487024401933129	0.272629855125866	0.0740354481356349
chr14:91961156:T:C	14	91961156	0.0281270184531081	0.128126267456005	0.826240502176555
chr14:92998270:C:G	14	92998270	-0.236221005637254	0.201617652496357	0.2413462049633
chr14:93757265:G:A	14	93757265	-0.0589156422340209	0.189897888094206	0.756371561486217
chr14:93769225:C:T	14	93769225	0.159205578657176	0.22003631451408	0.469346782766015
chr14:98340169:A:G	14	98340169	0.00754058682200584	0.16033444033421	0.962489028659954
chr14:100721312:C:T	14	100721312	-0.129540705421994	0.194005868869066	0.504315280848986
chr14:102093442:A:G	14	102093442	0.0348509611074832	0.194318613909872	0.857663221469925
chr15:24165057:A:G	15	24165057	0.184316397263236	0.153351337562697	0.229393621199196
chr15:26353849:A:G	15	26353849	-0.0334339247389995	0.140725865018832	0.812205355316092
chr15:28182824:G:A	15	28182824	0.231422747878251	0.240404783619874	0.33572928793821
chr15:33665926:A:G	15	33665926	0.311355299074826	0.133699206115763	0.0198710160897783
chr15:34880184:A:T	15	34880184	-0.107792742048285	0.113079539808129	0.340464893363512
chr15:37080410:C:T	15	37080410	-0.0234537825918055	0.139618506549806	0.866595261263285
chr15:37762539:C:G	15	37762539	0.117179178372115	0.234577527060384	0.617404057297614
chr15:52558833:C:G	15	52558833	0.035208960205208	0.18661511239075	0.850350260568591
chr15:55712443:A:G	15	55712443	-0.437824755540665	0.271188408661001	0.106426154001581
chr15:57522102:A:T	15	57522102	0.400088648775195	0.140632888150419	0.0044423240250957
chr15:57590535:T:C	15	57590535	-0.460170701037743	0.184650734660224	0.0126985233766945
chr15:58439508:G:A	15	58439508	0.181624731458715	0.214679152339149	0.39753671497962
chr15:69786285:T:C	15	69786285	-0.0741060057301905	0.163276170576991	0.649923057669533
chr15:71331250:T:C	15	71331250	-0.0704111125172084	0.198909838329785	0.723350074165047
chr15:74245092:G:C	15	74245092	-0.412667380180828	0.259972024902907	0.112432712064917
chr15:76807237:T:C	15	76807237	0.578702315981282	0.214795155587874	0.00705566219608711
chr15:77734259:G:A	15	77734259	-0.0834428972491276	0.17106672665406	0.625705806244873
chr15:79750604:G:T	15	79750604	-0.231679965952065	0.132580175898668	0.080555731970557
chr15:81697597:G:A	15	81697597	0.049623967574985	0.132816662199634	0.708681414602678
chr15:87989871:C:T	15	87989871	0.0169860034165172	0.113164522005252	0.880685659585832
chr15:88891382:T:C	15	88891382	-0.0171499358493948	0.142644494535134	0.904302129356094
chr15:89804552:C:T	15	89804552	0.729950586608391	0.244671689887745	0.00285076338440393
chr15:94791129:A:G	15	94791129	0.10793694466186	0.144914023849031	0.456371858533346
chr15:97043895:A:G	15	97043895	0.0535476183171649	0.146585743155206	0.714888260798983
chr15:98725394:C:T	15	98725394	0.247621598460123	0.225393854135154	0.271935007212522
chr15:100978492:T:G	15	100978492	-0.155430724485506	0.142550283206645	0.275555837341852
chr16:2671727:C:T	16	2671727	0.0811632725782745	0.23648421462919	0.731441992260152
chr16:4957642:T:C	16	4957642	-0.0817238393507222	0.125881360402537	0.516200588323909
chr16:5603936:C:T	16	5603936	-0.00167489312073825	0.220302076501435	0.993933972346593
chr16:5884026:G:T	16	5884026	0.378248429128453	0.143712627573152	0.00848894377853526
chr16:6848656:G:A	16	6848656	0.295372147214317	0.151602956325979	0.0513758373122205
chr16:7909855:G:A	16	7909855	-0.174505286173254	0.133738308011478	0.191951938936233
chr16:8273542:C:G	16	8273542	0.0113993303287738	0.129170271272073	0.92967764647142
chr16:12394716:C:T	16	12394716	-0.0281314999620751	0.128462518338454	0.826660911512662
chr16:13985277:C:A	16	13985277	-0.161565768489331	0.291081485370876	0.578858134783867
chr16:17779668:G:A	16	17779668	0.213164816653957	0.133524435986777	0.110388810277118
chr16:29740733:G:C	16	29740733	0.0473727454856869	0.185393932827156	0.798317800409127
chr16:31127124:G:A	16	31127124	0.0181948448795922	0.166202724187993	0.912826696211675
chr16:56688556:C:T	16	56688556	0.0189289262190631	0.152322320726807	0.901102375920063
chr16:60324635:A:C	16	60324635	0.0881417686659307	0.128612005585853	0.493135200372271
chr16:60499572:C:T	16	60499572	-0.016343597833167	0.109430404372957	0.881276259652396
chr16:62273123:C:T	16	62273123	0.0735169973819592	0.129586478323603	0.570496809654154
chr16:65972427:C:T	16	65972427	-0.113454631931838	0.116062822629486	0.328307937647815
chr16:69246420:T:C	16	69246420	0.109438206237244	0.118851299671826	0.357155164752069
chr16:71908403:G:A	16	71908403	0.0875185264197773	0.125230696885785	0.484640517610848
chr16:72103328:C:A	16	72103328	0.0320540878458121	0.114823592890025	0.780122482579251
chr16:74837740:A:C	16	74837740	-0.156180150632611	0.196518418798732	0.426767416503236
chr16:79886631:C:T	16	79886631	-0.184700959010651	0.206455082877879	0.37098478451418
chr16:81396153:C:A	16	81396153	-0.196790296274035	0.123207757681611	0.110215949834958
chr16:82294878:C:G	16	82294878	-0.139299818377994	0.142682238948635	0.328918776496487
chr16:82421890:A:G	16	82421890	-0.0591163265549038	0.167314735168911	0.723845487458106
chr16:83827178:T:C	16	83827178	0.350738261074836	0.142682839360247	0.0139648180880613
chr16:84032337:C:T	16	84032337	-0.260641513624727	0.38191733476547	0.494951091243418
chr16:89303022:G:A	16	89303022	0.207005946948874	0.194247082333171	0.286566654186093
chr16:89331863:A:T	16	89331863	0.0796328643829266	0.128805592067247	0.53641665947417
chr16:89337630:T:C	16	89337630	0.0413365671743069	0.120639249110102	0.731864722897308
chr16:89479873:T:G	16	89479873	0.101623845469118	0.14228984879798	0.475101624769179
chr16:90035976:C:A	16	90035976	-0.0954452767295281	0.201489242881059	0.635714482072066
chr17:2489248:C:G	17	2489248	0.17506369973146	0.118971876832446	0.141163709305683
chr17:4018176:C:A	17	4018176	0.260139002155641	0.205026063302722	0.204509041627618
chr17:4147521:T:C	17	4147521	0.366143741395335	0.174325017438796	0.035697967601405
chr17:6949267:T:C	17	6949267	0.0884629433178988	0.170504403946292	0.60387870888494
chr17:7929448:A:G	17	7929448	-0.182719870192182	0.112469452149388	0.104244029038683
chr17:10308301:C:T	17	10308301	0.000557885517604824	0.255575173315487	0.998258328921701
chr17:12174148:T:C	17	12174148	0.0353133751029834	0.167237504038066	0.832764737738006
chr17:14402381:C:T	17	14402381	0.0230342999611207	0.153018323833302	0.880344155172826
chr17:15219976:C:T	17	15219976	0.0680981074599668	0.145489460172136	0.639740155752634
chr17:16482403:T:A	17	16482403	-0.0274209551076186	0.127860070506182	0.830187842015857
chr17:18684803:A:G	17	18684803	0.134628823602958	0.144765154250944	0.352380991111686
chr17:20040710:T:C	17	20040710	0.106712199728635	0.162954950491348	0.512559789212558
chr17:21275023:A:C	17	21275023	-0.116670015254969	0.137785573536025	0.397134155713287
chr17:30609729:C:T	17	30609729	0.208023724323631	0.154360154939938	0.17777043562977
chr17:31554254:C:T	17	31554254	-0.255358309346349	0.293122053381328	0.383662883359011
chr17:33472425:T:G	17	33472425	-0.0709191413563174	0.152425469334057	0.641737442743636
chr17:44156671:T:A	17	44156671	0.0925851264690333	0.12847922728451	0.471141306054296
chr17:45754773:C:T	17	45754773	0.012594228001166	0.130408511310598	0.923063752315036
chr17:48779278:C:T	17	48779278	-0.236126540537299	0.154312853472405	0.125972022646098
chr17:52703044:C:G	17	52703044	-0.037174027645703	0.170761281654716	0.827666073225532
chr17:53282498:G:T	17	53282498	0.108334889255219	0.120695873925872	0.36940647099865
chr17:58411807:C:T	17	58411807	-0.0385128434100686	0.206866287641119	0.852309377021879
chr17:61409438:A:G	17	61409438	0.0181696392522403	0.110144435487444	0.868973942675718
chr17:61905160:C:T	17	61905160	0.0413147425956555	0.217887168523303	0.849610590688648
chr17:66262233:G:T	17	66262233	0.214352280713006	0.124043674421486	0.0839812706723685
chr17:66751216:C:T	17	66751216	-0.262428396538685	0.167598137932255	0.117390930064326
chr17:66971178:A:G	17	66971178	0.126193434249345	0.21541899057092	0.558006836381429
chr17:68771033:G:A	17	68771033	-0.169811308447458	0.132900056949562	0.201342205345134
chr17:69081332:C:T	17	69081332	0.164362064698028	0.153370089857742	0.28386845439536
chr17:69213412:T:C	17	69213412	-0.296194430455943	0.128592261129298	0.0212585264692836
chr17:72829246:G:A	17	72829246	0.0745778274556195	0.132141497479255	0.572496530002789
chr17:73506492:C:T	17	73506492	-0.0985069437196019	0.141176864165964	0.485330067374432
chr17:75360149:C:G	17	75360149	0.101859642016932	0.178766844027671	0.568819827837379
chr17:77625920:A:T	17	77625920	-0.102467526279184	0.162880055544982	0.529284863194449
chr18:1137045:A:T	18	1137045	0.0746372413384437	0.109817896452788	0.496728939672852
chr18:4080016:T:A	18	4080016	0.0594423730172912	0.170671911927709	0.727626570598788
chr18:8920896:G:C	18	8920896	-0.0512054308520651	0.220225513142412	0.816139111328689
chr18:9609299:C:T	18	9609299	0.207576366324217	0.125114165560634	0.0970965221334494
chr18:10572326:C:T	18	10572326	0.142261278898016	0.108423260190594	0.189489136651891
chr18:11017906:C:T	18	11017906	-0.0253046566798142	0.107869759596226	0.814530643397905
chr18:12120157:A:G	18	12120157	-0.108369152120343	0.424991387081445	0.798729735468031
chr18:14686017:A:G	18	14686017	-0.0690120408945303	0.134437761789221	0.607714755410814
chr18:14895123:C:T	18	14895123	0.0648356281044553	0.144155955858364	0.652883275762532
chr18:30059135:A:G	18	30059135	0.0412202039785822	0.120735055212292	0.732794643858613
chr18:32490781:T:C	18	32490781	0.179012988140964	0.161479680209987	0.267611826223558
chr18:36255061:C:A	18	36255061	-0.198106986172893	0.170788401635405	0.246066828205363
chr18:42762909:A:C	18	42762909	-0.017915484513978	0.100786056879176	0.858913371173295
chr18:43928870:G:A	18	43928870	-0.171105518126928	0.168046998708004	0.308582738391604
chr18:44831686:A:G	18	44831686	-0.0816745089586501	0.274269450893305	0.765863978389509
chr18:45461168:C:T	18	45461168	0.0262735025327975	0.128822320994392	0.838391418211017
chr18:47992191:T:C	18	47992191	0.319068427372036	0.289470998331102	0.270354472317933
chr18:49146783:T:G	18	49146783	0.181990766267513	0.144004029544536	0.206305626376371
chr18:49872731:C:G	18	49872731	0.447190610606151	0.155169470607191	0.00395222808395124
chr18:50485733:T:C	18	50485733	0.17863481282459	0.18075040526655	0.323007946819032
chr18:58120958:C:T	18	58120958	-0.461499469478686	0.249712890239721	0.0645849371727061
chr18:59256389:C:T	18	59256389	-0.20074092091237	0.167378697857671	0.230402842256934
chr18:62622293:T:A	18	62622293	0.0989436156731076	0.150137547138361	0.509883056781988
chr18:62998306:G:A	18	62998306	-0.00404200062776953	0.10724697547774	0.96993587421874
chr18:66103927:C:T	18	66103927	-0.0494644483717859	0.128092076349845	0.699375792910721
chr18:66206557:C:T	18	66206557	0.146142610662981	0.114270398828577	0.20092549956497
chr18:68001558:G:A	18	68001558	0.148615234328711	0.120646703139477	0.218015672586842
chr18:69946690:A:G	18	69946690	0.135632924198488	0.198596183041019	0.494633152607416
chr18:71730181:C:T	18	71730181	0.21238407053402	0.141499789284766	0.133368564212082
chr18:72912108:T:C	18	72912108	0.0256623161803389	0.14083682897969	0.855415487329419
chr18:73248491:G:A	18	73248491	0.0616234901277374	0.146462522823465	0.673940719286704
chr18:77734991:G:A	18	77734991	0.187721235027545	0.134276726365863	0.162107763521555
chr19:2907557:G:A	19	2907557	-0.0493027956531275	0.133792724596924	0.712499460886726
chr19:16021187:G:A	19	16021187	0.0349647243908588	0.178187537512541	0.84443461098797
chr19:17584922:G:A	19	17584922	-0.301625785526271	0.133191855568225	0.0235374631650245
chr19:18704666:C:T	19	18704666	-0.550255989619495	0.217584701551068	0.011441157668066
chr19:18737022:C:T	19	18737022	-0.337660503627024	0.136948797604202	0.0136785247679262
chr19:18805179:A:G	19	18805179	0.138656082271134	0.143457109972044	0.333777363135643
chr19:21560366:G:T	19	21560366	0.10138402901399	0.136091121327638	0.456288850460364
chr19:21659434:G:C	19	21659434	0.0513536357771191	0.158008071124474	0.745176221170857
chr19:33474662:T:C	19	33474662	-0.000696299009324358	0.115714130243768	0.995198832888229
chr19:37956680:C:T	19	37956680	0.053768711611476	0.14646078585898	0.71352936735675
chr19:38120117:A:T	19	38120117	0.161408788487336	0.149848331705902	0.281414278073789
chr19:44380983:T:C	19	44380983	0.256671238620579	0.128015233739546	0.0449624666642441
chr19:44819986:A:G	19	44819986	-0.0680085953592372	0.15615060523577	0.663176270542194
chr19:48685001:C:T	19	48685001	0.297844511069201	0.139841603597628	0.0331823033501801
chr19:51210487:G:T	19	51210487	0.273036868436527	0.279815265917336	0.329175750619414
chr19:51552139:T:A	19	51552139	-0.0759342566548421	0.1291917793655	0.556690816692781
chr19:52714810:C:T	19	52714810	0.125519068008902	0.114102997938508	0.271310088600636
chr19:53330671:T:C	19	53330671	-0.0594929623186233	0.131619037842322	0.651262648557068
chr19:54944544:G:A	19	54944544	-0.00598621223028117	0.21061688734313	0.977325354183923
chr19:57195010:G:C	19	57195010	-0.00504433816309851	0.178666564475458	0.977476116419194
chr20:1709120:A:G	20	1709120	-0.217479670891723	0.176129183690138	0.216914765370301
chr20:1735934:T:G	20	1735934	0.134040161288402	0.147282896988835	0.362776947046459
chr20:1906500:G:T	20	1906500	0.0516973842514498	0.163088119342186	0.751250811859186
chr20:3649460:G:A	20	3649460	-0.0509419130896797	0.127088666867944	0.6885397121524
chr20:5407753:C:T	20	5407753	-0.00190794504398295	0.142553834818731	0.989321406560784
chr20:5860313:T:C	20	5860313	-0.286708778311034	0.160344615241125	0.073763324481616
chr20:7000966:A:C	20	7000966	-0.124778330932541	0.144772940645779	0.388748124164187
chr20:12129436:G:A	20	12129436	0.0502911063062072	0.151382935263188	0.739729788584243
chr20:13244402:C:A	20	13244402	-0.234598861274063	0.345270739026794	0.496844233497962
chr20:31347432:T:C	20	31347432	0.154487853319829	0.15540895661305	0.320187311532149
chr20:37593342:C:T	20	37593342	0.0138019389652048	0.123221051419483	0.910815805816198
chr20:38200488:G:A	20	38200488	-0.183162016525631	0.162445636055641	0.259519274120324
chr20:38350608:A:G	20	38350608	0.122305518926114	0.143861909595431	0.395236609072736
chr20:45729681:A:G	20	45729681	0.189151769566056	0.120969903459651	0.117905263474102
chr20:48501317:C:T	20	48501317	0.0556790273919906	0.126113194892879	0.658850763955861
chr20:49036824:T:G	20	49036824	-0.024380718945899	0.116214991658902	0.83383174046013
chr20:50371082:C:T	20	50371082	0.242303474299019	0.149374056474841	0.104776467376137
chr20:52513956:G:A	20	52513956	-0.618575585653365	0.332158674071074	0.062562305480608
chr20:54253971:A:G	20	54253971	-0.1449782300405	0.111507127009921	0.193542683503747
chr20:58480201:T:G	20	58480201	0.12984199359128	0.138998400511429	0.350238999208968
chr20:60073360:C:T	20	60073360	0.0799358890572482	0.114824592480974	0.486330811939525
chr21:14869783:A:G	21	14869783	0.310795583462875	0.245872482572029	0.206211392433797
chr21:15297615:T:C	21	15297615	-0.12336873106979	0.186144752087116	0.507486219252524
chr21:15686888:A:G	21	15686888	-0.215892566512405	0.180945163753001	0.232815297349655
chr21:18805376:C:A	21	18805376	0.502823726445222	0.22421532071215	0.0249230669581467
chr21:22007486:G:T	21	22007486	0.0131609724088608	0.15463790805615	0.932175276697774
chr21:24026351:C:T	21	24026351	-0.345046190849056	0.170111674538976	0.042524433887313
chr21:26647335:G:C	21	26647335	0.218639058300272	0.143148002332421	0.126670604945431
chr21:28043199:C:G	21	28043199	-0.0254439288493288	0.156299933217402	0.870684473644928
chr21:29538421:G:A	21	29538421	-0.0337679433574826	0.277169346959841	0.903032506198007
chr21:31885030:A:G	21	31885030	-0.0135696830415779	0.136582767682453	0.920859304666346
chr21:35502622:A:T	21	35502622	-0.217462503166578	0.135293785318363	0.107980792276653
chr21:36306638:T:G	21	36306638	0.272025270562732	0.139211192015375	0.0506956094706635
chr21:41442549:G:A	21	41442549	0.0446445787369011	0.1039759571301	0.667651029053948
chr21:42627184:G:A	21	42627184	-0.532687852020467	0.207120995546721	0.0101151462192182
chr22:20147688:T:C	22	20147688	-0.134521753995443	0.14291015326322	0.346549612994565
chr22:23891985:A:G	22	23891985	-0.0336942720835415	0.17103472928844	0.84382556847051
chr22:24245985:G:T	22	24245985	0.179103951632273	0.145410487320381	0.218056404282851
chr22:28624303:G:A	22	28624303	-0.21819948990535	0.19152236949566	0.254582284167481
chr22:30376697:C:T	22	30376697	-0.146293604732202	0.257036597034128	0.569251113640489
chr22:30662128:G:A	22	30662128	-0.0570148384182312	0.13029584562259	0.661690870470674
chr22:36298345:C:A	22	36298345	-0.185128824013306	0.224812935255026	0.410235419522125
chr22:36977479:G:A	22	36977479	-0.00431722703257308	0.232318354503012	0.985173575493838
chr22:42350572:C:T	22	42350572	0.471152802581432	0.285977761449686	0.0994521272478905
chr22:42475109:T:G	22	42475109	0.10005871289828	0.12573040433836	0.426136931051671
chr22:44719519:A:G	22	44719519	0.237245180757779	0.114649544860011	0.0385172258178342
chr22:44805054:T:C	22	44805054	0.267169062857914	0.24877040599445	0.282841334636411
chr22:45210278:T:C	22	45210278	0.0719078374283784	0.12714907148173	0.571706784383106
chr22:47062473:C:T	22	47062473	0.156528416225458	0.16896532282967	0.354241399600466
chr22:48785864:A:G	22	48785864	-0.0658228565062367	0.209421585306244	0.75328720663983
chr22:49668266:A:G	22	49668266	0.108612568853163	0.174267860127502	0.533119777856785
chr22:49926053:G:A	22	49926053	0.131186609048501	0.198428785661133	0.508530931916949
