SNP	CHR	POS	est	stderr	pval
chr1:1837340:C:T	1	1837340	0.0356370150067359	0.063792288524179	0.576406462129089
chr1:2261200:G:C	1	2261200	0.0497022121107772	0.0595792947444691	0.404157279666572
chr1:14678191:A:C	1	14678191	0.123030383263316	0.0419998808632691	0.00339722918865448
chr1:14985097:C:T	1	14985097	-0.0399084213081896	0.121063329130636	0.741665094152099
chr1:15065941:C:T	1	15065941	-0.0657527055851625	0.0397455080508126	0.0980578277029107
chr1:20215506:G:C	1	20215506	-0.00369061646732583	0.0388827041784799	0.924381022374845
chr1:20533654:G:C	1	20533654	-0.0551082644410639	0.130761576693908	0.673433226240328
chr1:22009627:T:C	1	22009627	-0.0684000339560787	0.0499109725561304	0.170549338343753
chr1:22126221:C:T	1	22126221	-0.0918142602504639	0.0611779608103938	0.133414163984934
chr1:23180575:A:G	1	23180575	0.0765012050261203	0.0470328854471632	0.103833315063873
chr1:26058659:G:C	1	26058659	0.0855430424018271	0.0618097480009323	0.166366623033362
chr1:26181362:A:G	1	26181362	0.0073400929832009	0.0886893422325246	0.934040913769117
chr1:26848285:C:T	1	26848285	-0.033343712320568	0.0792497195631646	0.673943241315945
chr1:28670719:C:T	1	28670719	-0.0188968334957186	0.0604348474853014	0.754522969847085
chr1:29753056:A:C	1	29753056	0.0220543714749405	0.0612933049535591	0.718984009284374
chr1:29908726:A:G	1	29908726	0.0284475219151741	0.0509751058990003	0.576798667371527
chr1:31886486:G:T	1	31886486	-0.0756187018654143	0.0534118293243548	0.156843753643606
chr1:37838865:C:T	1	37838865	0.00337687958420478	0.0705213726686185	0.961808304693625
chr1:39880059:T:C	1	39880059	0.0757563932345423	0.0586217954166556	0.196256537479998
chr1:41175014:G:A	1	41175014	0.0816379580620581	0.090775995611805	0.368474672038688
chr1:41597921:C:T	1	41597921	0.047930798509804	0.0928441971459219	0.605679950209686
chr1:42635725:A:G	1	42635725	0.0122699447317116	0.0987021878481817	0.901067617840668
chr1:43202709:G:A	1	43202709	0.0506468160070255	0.0484646115952492	0.296010602015441
chr1:47498869:G:A	1	47498869	-0.131810021310123	0.0766488022337541	0.085493925705739
chr1:51034150:G:A	1	51034150	-0.112339566239145	0.101262060269367	0.2672600616098
chr1:54900240:G:A	1	54900240	0.007502802689737	0.0498069841952307	0.880261628966291
chr1:55459433:C:T	1	55459433	-0.0739033660660088	0.104874931562818	0.481008811102325
chr1:56563907:C:T	1	56563907	0.0599520304425407	0.0471303997979015	0.203356821767854
chr1:65351414:T:A	1	65351414	0.0765964577016067	0.0496372251290115	0.122800378323914
chr1:66254178:T:A	1	66254178	-0.0680518340244374	0.0775629619074446	0.380282775225103
chr1:73302339:T:C	1	73302339	0.00826435125300435	0.0463566676763012	0.858505040839007
chr1:73563666:T:C	1	73563666	-0.0807287578053644	0.101940479303896	0.428407018802297
chr1:76062379:T:C	1	76062379	-0.028156913445556	0.0557176375866609	0.613312963708324
chr1:86928231:G:T	1	86928231	-0.121344160807198	0.0740581419661814	0.101317729016889
chr1:88611347:G:A	1	88611347	-0.0328006093789794	0.0829786540585644	0.692629081220659
chr1:91057167:C:A	1	91057167	0.10536978807924	0.0757589254239236	0.164268969124122
chr1:91093925:G:A	1	91093925	0.0647285653814983	0.0567393538907617	0.253950883106532
chr1:92475800:A:G	1	92475800	-0.0231312535724185	0.0626911032936659	0.712148692698369
chr1:94752415:G:A	1	94752415	-0.0330093697392583	0.0667713475917844	0.621048929948999
chr1:95614324:G:A	1	95614324	0.0537754779329627	0.0731783020248027	0.462427500469831
chr1:99691102:T:C	1	99691102	0.0682359553899891	0.0503799224531749	0.175600010219568
chr1:104937367:T:A	1	104937367	0.0297861473071514	0.0688936273315282	0.665487183781927
chr1:115841221:A:T	1	115841221	-0.0239191400227534	0.0672928972488347	0.722253835670635
chr1:153704237:C:A	1	153704237	-0.0232000998749001	0.0594792050053474	0.696496641053757
chr1:155857667:G:T	1	155857667	-0.171398619636457	0.0894999511439567	0.0554836509127341
chr1:157334223:T:C	1	157334223	-0.0900624891196231	0.115614870552714	0.435987332168517
chr1:159540226:C:T	1	159540226	-0.113015112940913	0.0806934690067716	0.161349145461364
chr1:165647351:T:C	1	165647351	0.015075455344389	0.0498465120521249	0.762318558406565
chr1:167545338:A:T	1	167545338	0.0663238356773543	0.148697429572181	0.65557401550935
chr1:168863629:G:A	1	168863629	-0.000347991817755326	0.0672872553808887	0.995873571312078
chr1:171350391:G:A	1	171350391	-0.00329140340328261	0.0536885493765167	0.95111591009118
chr1:173013575:C:G	1	173013575	0.0269323158171312	0.0743638560226578	0.717225417712821
chr1:178947344:C:A	1	178947344	-0.0911483114681088	0.0693787383789749	0.188920674197906
chr1:182872646:T:G	1	182872646	0.0133361264443905	0.102448906178074	0.89642920831718
chr1:185127444:C:G	1	185127444	-0.086606718149984	0.0715943090704098	0.226398949349857
chr1:185619557:C:T	1	185619557	-0.050606446240114	0.0561099123005374	0.367101315371715
chr1:186638909:G:T	1	186638909	-0.0807451698687875	0.0982324210221974	0.411087790529903
chr1:188272062:T:C	1	188272062	0.0405223198056245	0.0572130384465488	0.47877715772265
chr1:193365737:C:T	1	193365737	-0.0281497770799578	0.0563010981753541	0.617084732612902
chr1:193791070:G:T	1	193791070	0.126730160205476	0.141480100512129	0.370388715447157
chr1:195033388:T:C	1	195033388	0.0381003970373685	0.0960908374120223	0.691733291055605
chr1:195907914:A:G	1	195907914	-0.0177163674651495	0.0495787650065325	0.720838925321262
chr1:196692375:G:C	1	196692375	0.0589456929486448	0.0549296248289965	0.283220431478832
chr1:197559019:A:G	1	197559019	0.0198082295578853	0.0878966473981718	0.821700632894188
chr1:199160726:G:A	1	199160726	-0.0605426267068317	0.0588917432319504	0.303934534668115
chr1:204277152:T:C	1	204277152	-0.0504833257009337	0.0618405602606722	0.414301978999908
chr1:207498131:C:T	1	207498131	-0.0845261107198142	0.0633732419920117	0.18227520173786
chr1:208744577:C:T	1	208744577	-0.0867885855929322	0.0836850645255216	0.299695908573935
chr1:210496535:G:A	1	210496535	0.0444936187554373	0.0675878198491992	0.510340084006066
chr1:212937214:T:G	1	212937214	0.0596500866951381	0.0405086367331059	0.140878452418588
chr1:219750864:A:G	1	219750864	-0.0347843033833681	0.0552241978404561	0.528776823675955
chr1:221920463:G:A	1	221920463	-0.00134900720099595	0.0904978176320804	0.988106761180376
chr1:227462684:A:G	1	227462684	-0.0881814183040596	0.0773393305887713	0.254207761536117
chr1:234456961:G:A	1	234456961	0.0327104260387803	0.0589097194633247	0.57871433601542
chr1:237308322:A:G	1	237308322	-0.0403515846115606	0.0541676390823719	0.456308622490298
chr1:239000642:T:C	1	239000642	-0.103328489538238	0.15697750185379	0.51038548608148
chr1:242239801:C:T	1	242239801	-0.228350369949521	0.170483608456961	0.180431663087353
chr1:244583991:C:T	1	244583991	0.0149199874728768	0.0518432856693472	0.773507370121328
chr1:246213578:G:A	1	246213578	-0.532428301150528	0.2974218766857	0.0734305957009418
chr1:247190028:T:C	1	247190028	-0.0956359693107049	0.0691023800289715	0.166366096956332
chr1:247897239:C:T	1	247897239	-0.00235330784987172	0.0667464836425261	0.971874487559573
chr2:3248328:A:G	2	3248328	-0.0289000344615726	0.0581046843267141	0.618921997535297
chr2:4505759:T:G	2	4505759	-0.0286522642889673	0.0659067181409209	0.663751406865527
chr2:6804400:G:A	2	6804400	0.0301572172069057	0.0647536082639332	0.641414090965898
chr2:9411790:A:C	2	9411790	0.0106539186412671	0.0542069200759163	0.844186220045642
chr2:12096367:C:T	2	12096367	-0.0494625261638822	0.0681536814770251	0.467992117292041
chr2:13545005:C:T	2	13545005	-0.0198084950441444	0.0560624378228366	0.723841673892237
chr2:16009716:A:G	2	16009716	-0.0377493904499644	0.0562678828622765	0.502292526263111
chr2:16367899:A:T	2	16367899	-0.019618033435755	0.0491866558766374	0.690004695466484
chr2:17630111:A:C	2	17630111	0.0593083789573575	0.0585674676757461	0.311227100539039
chr2:17928966:C:G	2	17928966	-0.0200891859714695	0.0812780108501859	0.804779517770825
chr2:18261494:A:T	2	18261494	-0.0655597360508127	0.0634710645286232	0.301647207294302
chr2:19530615:T:C	2	19530615	0.102286747813909	0.0657885598986074	0.119998435361758
chr2:19562158:T:C	2	19562158	0.0925093543119273	0.04892799965929	0.0586611667120953
chr2:27383116:G:A	2	27383116	-0.0139039386868757	0.0450855006201606	0.757785233348125
chr2:37762298:C:T	2	37762298	-0.021949911936705	0.0660463357393788	0.739631707782423
chr2:42010994:T:A	2	42010994	0.0114326387447683	0.0667067601079733	0.863919862053948
chr2:45824390:C:G	2	45824390	0.0265770052847989	0.0619580174501097	0.667958276556652
chr2:46742820:T:C	2	46742820	0.0470374836756645	0.0870617108200023	0.589005671132787
chr2:49789441:T:C	2	49789441	0.0764035212474368	0.0680713359284373	0.261690819914394
chr2:49994518:G:A	2	49994518	-0.013903533505059	0.0513834366604337	0.786711037795037
chr2:51284042:G:A	2	51284042	0.0138931358560258	0.0684699970763588	0.839206647998423
chr2:51344078:G:A	2	51344078	0.0384506001243287	0.0494272887770286	0.436614702155281
chr2:57278002:C:A	2	57278002	-0.0858952416140554	0.0718515839607081	0.231909817087719
chr2:57368273:A:G	2	57368273	0.0657212305985747	0.0900413784939137	0.465451119261063
chr2:60075157:T:C	2	60075157	-0.0209465573579325	0.0865309855333879	0.808725908381011
chr2:60373837:A:G	2	60373837	0.0523299183264295	0.0666777198273414	0.432559901432609
chr2:61147014:T:C	2	61147014	0.000211437752226443	0.0591850992364149	0.997149577150319
chr2:61693274:A:G	2	61693274	0.0411164068441151	0.0465277504521457	0.376860109476501
chr2:65295480:C:T	2	65295480	0.0370441980841107	0.0647296055417463	0.567124559264082
chr2:66031496:T:C	2	66031496	-0.085976719185312	0.061994881276047	0.165491845698252
chr2:69165635:T:C	2	69165635	-0.117361984343048	0.0676384814734973	0.082716666392918
chr2:71204755:G:A	2	71204755	0.0554537176190498	0.103175362376734	0.590942629897091
chr2:72022684:A:G	2	72022684	-0.0206554547231951	0.0423291866430804	0.625569726654231
chr2:76651386:C:A	2	76651386	-0.0721512521375241	0.0507216261241663	0.154882644411864
chr2:79784490:C:G	2	79784490	-0.0784467500932016	0.0571157571290719	0.169606438275745
chr2:82619301:T:C	2	82619301	0.0162791328417359	0.0750990905462607	0.828388599399727
chr2:83181917:T:C	2	83181917	0.0309486289592786	0.169241770436645	0.85490286729241
chr2:83400799:T:A	2	83400799	0.00975035296980532	0.0646795097368942	0.88017394341949
chr2:85744328:G:A	2	85744328	-0.0509048338804564	0.0694083122738544	0.463307667680834
chr2:85757440:T:A	2	85757440	-0.0760573441094168	0.0481722451606797	0.114367633911194
chr2:99811694:T:C	2	99811694	0.0409840484873832	0.065717730997794	0.53286560712725
chr2:101228073:A:C	2	101228073	0.0787229852559215	0.0616656066289251	0.201739653579511
chr2:106861882:T:C	2	106861882	0.0349101712928936	0.074712924917781	0.640315690203842
chr2:108083619:T:C	2	108083619	-0.0471364145398431	0.047829702047964	0.324376035351071
chr2:114129906:T:C	2	114129906	0.122659264178129	0.0701294113238999	0.0802838130822827
chr2:118004610:C:T	2	118004610	0.0158048885971031	0.0496147291277681	0.75006599088367
chr2:119455921:A:G	2	119455921	-0.025977399049138	0.0474940979038823	0.584405818786145
chr2:120644763:G:A	2	120644763	-0.054922215104876	0.0378027032592712	0.146261309163121
chr2:120916837:A:G	2	120916837	-0.132654935424551	0.0506263854659987	0.00878594800064392
chr2:122628686:C:A	2	122628686	-0.0540702473610312	0.0590051442957606	0.359475501259808
chr2:122629789:A:C	2	122629789	-0.0546915767823628	0.0488272453156278	0.262669585947892
chr2:126391403:A:G	2	126391403	-0.00830856410664463	0.0958963923524819	0.930956835534826
chr2:127192867:G:A	2	127192867	0.0262482328877551	0.0507671368185477	0.605133839960316
chr2:130915743:C:T	2	130915743	-0.101440995817982	0.0644666366763846	0.115593244078347
chr2:136107122:C:T	2	136107122	-0.0832667994086109	0.0698101057718422	0.232962831796778
chr2:136507185:G:C	2	136507185	-0.0993866918987323	0.0506186352517766	0.049594981058186
chr2:141023592:C:T	2	141023592	-0.0244342225587207	0.0516522475161585	0.636175755210137
chr2:143017176:T:C	2	143017176	-0.0396407518447692	0.0843301592624247	0.638307769661594
chr2:143920023:G:T	2	143920023	-0.14173650732285	0.0950976146707723	0.13611074097701
chr2:144729333:C:T	2	144729333	0.0724329611247044	0.0583424432827156	0.214415923302529
chr2:148561010:G:C	2	148561010	0.11911369907754	0.0686304029552064	0.0826377527443157
chr2:154835349:G:T	2	154835349	0.0697078535289224	0.081415096178508	0.391885476755372
chr2:164974626:C:A	2	164974626	-0.217804190114971	0.136385341810467	0.110270938635008
chr2:167086954:T:G	2	167086954	-0.115044084825063	0.0443806385002104	0.00953606055124723
chr2:167199229:C:T	2	167199229	-0.00550169820401185	0.107364789000854	0.95913185571671
chr2:167657344:C:T	2	167657344	-0.178125072531538	0.0991403235334687	0.0723838145441438
chr2:167884398:C:T	2	167884398	0.201280268830271	0.0877312947610134	0.0217743461081708
chr2:168647356:T:G	2	168647356	-0.0895751281893268	0.0754786794449252	0.235322036408748
chr2:170041677:A:G	2	170041677	-0.0127389307260398	0.0675230690721679	0.850358972898284
chr2:171274449:C:A	2	171274449	-0.136017421943842	0.0855259938369649	0.111752884737257
chr2:177787584:G:A	2	177787584	0.00902837196689653	0.0852653592015348	0.915673135666233
chr2:179648558:C:T	2	179648558	-0.153257248021319	0.0855661647155758	0.0732778297040393
chr2:180833197:G:A	2	180833197	0.0095858552021235	0.167560914066505	0.954379360856295
chr2:183527028:C:T	2	183527028	0.0019168864211995	0.0652445105340144	0.976561490581294
chr2:184516924:T:A	2	184516924	0.0963708719401574	0.0588700279961139	0.101628211846302
chr2:191922008:C:T	2	191922008	-0.0202946784540733	0.0878935570611871	0.81739199461053
chr2:195817951:G:C	2	195817951	0.102387906618627	0.062677463959718	0.102349567538362
chr2:197010424:G:A	2	197010424	0.0166485416494282	0.101564061630309	0.869792876987508
chr2:209101337:G:A	2	209101337	0.0306768772385975	0.0485576943127628	0.527542795929512
chr2:209103516:A:G	2	209103516	0.0794072323002872	0.0680597876801308	0.2433203957067
chr2:210957182:G:A	2	210957182	-0.0371831579317277	0.0867222402988387	0.668096798664476
chr2:214802180:T:C	2	214802180	-0.0311159849531124	0.0509437954177176	0.541338300625788
chr2:215209936:A:G	2	215209936	0.0282475152918949	0.0495442776244846	0.568578081345221
chr2:215367000:G:A	2	215367000	0.17567226307337	0.138644349763255	0.205129831204814
chr2:220997842:C:T	2	220997842	0.00765966390729744	0.0585515620688852	0.895918396288037
chr2:226027918:G:A	2	226027918	-0.0622532935500372	0.0792057588352831	0.4318854824393
chr2:228947684:G:A	2	228947684	0.0706681581914809	0.067212787435036	0.293070588934151
chr2:233152507:T:C	2	233152507	0.0023642242679209	0.041389136177989	0.954448126445569
chr2:235620294:A:T	2	235620294	0.0424271233955383	0.0568213525332883	0.455259339047596
chr2:237288548:A:G	2	237288548	-0.00492787481547095	0.0529478176054811	0.925847628942934
chr2:237513585:T:C	2	237513585	-0.113858109982017	0.0695389329775723	0.101561749434596
chr2:237920759:T:G	2	237920759	0.106675935808791	0.0563307011869771	0.0582589781214223
chr2:240429648:C:T	2	240429648	0.0557793325023205	0.0542687384555317	0.304027243816359
chr3:9841346:T:C	3	9841346	0.214212474436715	0.104545543935256	0.0404633730363456
chr3:10127208:T:G	3	10127208	-0.0606868075482776	0.0712692894144914	0.394483813038974
chr3:14082905:A:G	3	14082905	-0.000438667469811538	0.0518540311247262	0.993250248453277
chr3:16798495:T:G	3	16798495	0.0464854551715219	0.0526500357437225	0.377282723311744
chr3:18882818:T:C	3	18882818	-0.0327350846893265	0.040177738843656	0.415211551121472
chr3:20179943:G:A	3	20179943	0.0153412685561714	0.0540046917615127	0.776354526483508
chr3:22245167:A:G	3	22245167	0.0226669228753893	0.0462354008046707	0.623956733681682
chr3:24009496:G:A	3	24009496	0.0139664546141992	0.0495057978571715	0.777853373343677
chr3:24010534:C:T	3	24010534	-0.0184501334534923	0.0600885640544511	0.758806076460457
chr3:33111016:C:A	3	33111016	0.0780143987228864	0.106584806201015	0.464201091794322
chr3:33421913:A:G	3	33421913	-0.071866585713594	0.045718757041689	0.115967293715481
chr3:34471110:A:G	3	34471110	0.0394711920663552	0.0513989183745114	0.442523910458718
chr3:34498029:C:T	3	34498029	-0.109006628470653	0.125060959475867	0.383411374558865
chr3:35230331:G:A	3	35230331	-0.0797940855016553	0.0640674158302976	0.212958800659615
chr3:41413926:T:C	3	41413926	0.102606485054458	0.0637566242101643	0.107540647955796
chr3:42098050:T:C	3	42098050	0.0370024709621082	0.044274204127822	0.403291685771735
chr3:46489654:A:G	3	46489654	-0.185780709414121	0.0632805635204244	0.00332661103418974
chr3:56959175:A:G	3	56959175	0.0186788763278102	0.0848367909572393	0.825735454626609
chr3:64441608:G:A	3	64441608	0.0847044197812182	0.0442716117297392	0.0557109725428376
chr3:66150510:T:A	3	66150510	-0.120852647110779	0.129254019363855	0.349787745193348
chr3:66995763:G:T	3	66995763	-0.0554886684235429	0.0408616428994578	0.174474887190901
chr3:68498445:T:C	3	68498445	-0.0955617750078168	0.0780727472429211	0.22094868876975
chr3:68824246:G:A	3	68824246	-0.0511950028505623	0.069250131461614	0.459739045647933
chr3:69021248:A:C	3	69021248	0.108944360466263	0.054597976566089	0.0460001531419281
chr3:69617754:T:G	3	69617754	0.104869174499611	0.0591788562254702	0.0763826611736088
chr3:74191731:G:A	3	74191731	0.0778486695714659	0.0634782407243458	0.220054377205487
chr3:74732240:G:A	3	74732240	0.00295731809250324	0.0497241074780091	0.952574148940765
chr3:75709324:A:T	3	75709324	-0.0108870526887116	0.0553756652553929	0.844137787871616
chr3:84465702:T:C	3	84465702	0.00409569615805734	0.0596746554824977	0.945281143281389
chr3:84817748:G:A	3	84817748	-0.0383761369681566	0.0646962193154595	0.553064485696868
chr3:85705423:A:G	3	85705423	-0.0377483742988373	0.0617857666539645	0.541228822887377
chr3:88069353:C:T	3	88069353	0.00481739779846766	0.0595617657323652	0.935536822261097
chr3:93986190:G:A	3	93986190	-0.0634808532948763	0.0743555286061087	0.393244859765299
chr3:101022648:G:A	3	101022648	-0.0423895790474521	0.0627438947465164	0.499296627851941
chr3:105622159:T:C	3	105622159	0.0195908122560104	0.0692339106722073	0.77720323816366
chr3:106664728:C:T	3	106664728	-0.0216946070793315	0.0447089864927856	0.62750581795297
chr3:110774699:C:T	3	110774699	-0.0356424145894552	0.0721111024743891	0.621114921913973
chr3:113428518:G:A	3	113428518	0.0535801031045295	0.0592889663530843	0.366148557138046
chr3:121058963:T:G	3	121058963	-0.107737720397459	0.0984694097336614	0.273900704918306
chr3:122312606:G:A	3	122312606	-0.162752840802975	0.17901499595852	0.363266951359768
chr3:124193435:A:C	3	124193435	-0.0540831393799106	0.0547991875599093	0.323675370699853
chr3:124804582:A:T	3	124804582	-0.0614248432807493	0.0902328084653765	0.496037695869328
chr3:126773646:G:T	3	126773646	-0.0255248926382709	0.0643208243149351	0.691487553192695
chr3:131110446:C:G	3	131110446	0.0731128465583607	0.0681824939924486	0.283580313394797
chr3:131209978:G:T	3	131209978	0.0294147084583706	0.0695004688625346	0.672127198074066
chr3:133982842:C:T	3	133982842	0.0452262049295859	0.0539815574521208	0.40213829271379
chr3:134929007:C:T	3	134929007	0.0567692493955896	0.084184722574959	0.500094245994992
chr3:137777496:C:T	3	137777496	-0.243565408946354	0.132861044203932	0.0667677512062458
chr3:146265901:G:T	3	146265901	-0.0820091301497392	0.047078461780654	0.081514206496587
chr3:148006706:G:A	3	148006706	0.137659809263258	0.102404736013997	0.178860478102846
chr3:149679065:C:A	3	149679065	-0.025013089699949	0.0587625449082391	0.670352824563409
chr3:150888061:C:A	3	150888061	-0.00945496387690879	0.0943400414772478	0.920167943810484
chr3:152663712:G:C	3	152663712	-0.0236569240244862	0.0757673250257147	0.754864810184727
chr3:159417151:A:G	3	159417151	0.0439747803097107	0.0529901577803568	0.406614016092565
chr3:164899350:G:A	3	164899350	-0.00442353050974716	0.134839906830685	0.973829455963754
chr3:168053836:T:C	3	168053836	-0.0415243386162224	0.118725944667349	0.726526708687134
chr3:171028381:G:A	3	171028381	0.0214523215032693	0.0530266810765559	0.685803081560259
chr3:174497130:T:C	3	174497130	0.0140891775311915	0.052386237418062	0.787969643558034
chr3:176663180:T:G	3	176663180	-0.0275789370032104	0.0858326436587123	0.747975035191262
chr3:196706550:C:T	3	196706550	-0.0784319440915599	0.0717883191574395	0.274593775752245
chr4:332191:G:A	4	332191	-0.00119634718784075	0.0546854545394243	0.982546166556647
chr4:8816874:T:C	4	8816874	0.0645763269054812	0.0810094892650495	0.425366698089743
chr4:9851274:C:G	4	9851274	-0.0366082508802389	0.0686575003925386	0.593894418990626
chr4:10725805:A:G	4	10725805	-0.10063415821194	0.0508353425451706	0.0477473557238695
chr4:13219910:C:T	4	13219910	0.0352008740137732	0.0456715576823579	0.440861347700147
chr4:18747099:A:G	4	18747099	0.00493153552580525	0.0517392254155685	0.924064455836057
chr4:20840555:C:T	4	20840555	0.00267306733186003	0.0483501698912813	0.955910947677951
chr4:21137718:C:T	4	21137718	0.0195380796356964	0.0469982893683679	0.677615670968356
chr4:26851610:T:C	4	26851610	0.0439029612853636	0.0647178113687611	0.497533799400806
chr4:32302160:A:T	4	32302160	-0.0284474849123363	0.0632448432291556	0.65285517746394
chr4:34501888:A:G	4	34501888	-0.00824719634743314	0.139692831066158	0.952921778614444
chr4:40603484:A:G	4	40603484	-0.0260464679813583	0.0542006320999961	0.630831712991719
chr4:41002348:C:T	4	41002348	0.0801769601604299	0.0809977002525991	0.322239073168855
chr4:44018406:T:G	4	44018406	0.0362821744943508	0.0609137237257366	0.55142096923322
chr4:44680448:T:C	4	44680448	0.00199840431390337	0.0496277403155599	0.967879554263962
chr4:55337032:C:T	4	55337032	-0.0579690759350246	0.0596429377905915	0.3310827428943
chr4:55659669:G:A	4	55659669	-0.11702842280538	0.0889032720474286	0.188054329521534
chr4:56719096:C:T	4	56719096	0.0199755749837815	0.0600433346293492	0.739371341675071
chr4:58944563:C:T	4	58944563	0.0804937072843933	0.0825340588879081	0.329422047367784
chr4:61158247:C:G	4	61158247	-0.0984476015060452	0.0673154265768702	0.143609165988502
chr4:64485722:G:A	4	64485722	-0.0773832651732835	0.0827304154044784	0.349599417225492
chr4:67708732:C:T	4	67708732	0.0189039193031647	0.0790567163414458	0.811013737342181
chr4:67911021:C:T	4	67911021	-0.0617866937506609	0.0545441005857097	0.257304900423193
chr4:90022599:G:T	4	90022599	0.154461237374325	0.068495165461058	0.0241290777293529
chr4:95020597:A:T	4	95020597	-0.115743490715457	0.146803241071284	0.430447573287336
chr4:95433170:T:C	4	95433170	0.125462790659663	0.090695637672886	0.166561019569841
chr4:97398054:G:A	4	97398054	-0.0479206688544026	0.0475607250366908	0.313661854702895
chr4:98823404:T:C	4	98823404	-0.0971459270547708	0.0775569276002882	0.210360143313103
chr4:99262681:C:G	4	99262681	0.11722924305067	0.0614240539048602	0.0563236041358804
chr4:99355957:G:T	4	99355957	0.0172091407416445	0.066722803875366	0.796468705088074
chr4:101085120:T:C	4	101085120	0.00313166059452112	0.0455711553016637	0.945212309453958
chr4:102399971:C:T	4	102399971	-0.0314681216026953	0.0504023851067856	0.532405668389145
chr4:102884286:T:C	4	102884286	0.0408066336000112	0.0477408713474391	0.392688127711025
chr4:105992845:C:T	4	105992845	0.0838843220034212	0.062304860782572	0.178188774408271
chr4:108791253:G:A	4	108791253	-0.0799676016243388	0.0635030509618146	0.207932173432751
chr4:110191180:A:G	4	110191180	0.0101651223478834	0.170169686122381	0.952366526343112
chr4:110957298:T:A	4	110957298	-0.048412471517147	0.051963544522524	0.351511114241453
chr4:113348012:C:T	4	113348012	-0.124053524219965	0.0569070223103751	0.0292623914062056
chr4:115515844:A:G	4	115515844	0.00681602480917065	0.0937540940167915	0.942043981303166
chr4:115522695:G:A	4	115522695	-0.0304270188390289	0.0522622187426374	0.560432552157935
chr4:120770744:A:C	4	120770744	-0.0388893127618001	0.055289462964694	0.481821104635129
chr4:123964831:A:G	4	123964831	0.0526855861694687	0.0705151691628052	0.45497150206066
chr4:125256344:T:C	4	125256344	-0.0260288727647575	0.101468658691451	0.797548331497909
chr4:126268710:T:G	4	126268710	-0.118830720872096	0.0771887795786601	0.123686719144901
chr4:134094420:T:C	4	134094420	0.120366411093677	0.0816204034524149	0.14029057283239
chr4:134350906:C:T	4	134350906	0.0459838010859644	0.0491022531503003	0.34902062315791
chr4:138952375:G:A	4	138952375	0.120968574244475	0.0557148176666896	0.0299152950360397
chr4:141012527:T:G	4	141012527	-0.0017302869433554	0.110220926023428	0.987475041395657
chr4:141618953:G:A	4	141618953	-0.0195223495979684	0.0905987852821729	0.829392042168291
chr4:143626434:A:G	4	143626434	0.0555648973970659	0.0822342919029954	0.499237419142687
chr4:149616644:T:G	4	149616644	0.0836491858553248	0.0533373083256342	0.116809888610837
chr4:154030957:C:G	4	154030957	0.0487014498928401	0.0841740571889201	0.562872411452083
chr4:168588553:A:C	4	168588553	-0.0355854194065015	0.0837424737245088	0.670881349078913
chr4:171334248:A:T	4	171334248	-0.117648995046475	0.140006066340999	0.400732604396444
chr4:171974219:A:G	4	171974219	-0.00196871370523496	0.0575073736966454	0.972690467344478
chr4:176312841:C:T	4	176312841	-0.0231770959923207	0.0636530040499413	0.715771169283139
chr4:179329624:T:G	4	179329624	0.0480332003792121	0.0677290690393058	0.478202713097134
chr4:183032183:A:G	4	183032183	0.0392508216028872	0.0616494782050364	0.52433508088479
chr4:184991673:A:G	4	184991673	-0.0309129934890622	0.0703298966576942	0.660268340736087
chr4:189912372:C:T	4	189912372	0.0321027021163053	0.0557658860981417	0.564838808663265
chr5:79496:A:G	5	79496	-0.109424024780324	0.0638897199902435	0.0867674531498531
chr5:5313703:A:G	5	5313703	-0.0610710298287224	0.0791615922346322	0.440426629295202
chr5:7364955:T:A	5	7364955	-0.0428973231069146	0.115356425287892	0.709991390088575
chr5:8067079:G:C	5	8067079	-0.0606771338774153	0.069947530639234	0.385686503937039
chr5:13911296:G:T	5	13911296	0.0490183325547771	0.0512570729433839	0.338908927607056
chr5:15621966:C:G	5	15621966	-0.0709723265930756	0.0538045891795473	0.187143803247948
chr5:15997511:T:A	5	15997511	-0.202967476893798	0.123782273403692	0.101064730261921
chr5:17902851:T:C	5	17902851	-0.177051425762108	0.103824735802374	0.0881400966651549
chr5:20719353:A:C	5	20719353	0.0605960588234314	0.0649474403178301	0.350819197171104
chr5:20732163:G:T	5	20732163	-0.0715309791466956	0.0705629307933151	0.310716885641073
chr5:21913130:A:C	5	21913130	-0.030067353568929	0.0537678204569493	0.576020304150799
chr5:23682774:A:T	5	23682774	0.0970733021525346	0.123102517107125	0.430371206230733
chr5:23787194:A:C	5	23787194	-0.0141340020282776	0.0468978417775345	0.76312587380535
chr5:23895775:T:G	5	23895775	-0.0153359165042681	0.0577899122075579	0.79072167866956
chr5:25693600:A:G	5	25693600	0.210053624390209	0.118640338941786	0.0766426157761065
chr5:33466391:T:A	5	33466391	-0.11598159768343	0.0555213466292547	0.0367117692234994
chr5:33624899:A:G	5	33624899	-0.0738985604945096	0.0718965100967751	0.304022142157719
chr5:39550509:T:G	5	39550509	-0.0198509527166743	0.0465397257542942	0.669716002714469
chr5:39634108:G:A	5	39634108	-0.0702321605386493	0.0547776099618321	0.199796128002437
chr5:39978357:G:A	5	39978357	0.0494434875942755	0.049123918346266	0.314172529931797
chr5:40238036:C:A	5	40238036	-0.287196860657056	0.224816101443347	0.201434740037015
chr5:44011742:G:T	5	44011742	-0.0383913392396324	0.0567588974097049	0.498790955262606
chr5:50222627:G:A	5	50222627	-0.140758346655558	0.117829703107782	0.23224672202187
chr5:54814079:C:T	5	54814079	-0.0316204664084148	0.0504782465469977	0.531041011913248
chr5:66989845:C:A	5	66989845	0.0264063698534335	0.0398057365143577	0.507086562418331
chr5:66992139:G:A	5	66992139	-0.0810659776785786	0.0549908108523584	0.140434973118586
chr5:73076502:T:C	5	73076502	0.0406151850088893	0.05696554929536	0.475859353389138
chr5:76998986:C:A	5	76998986	0.012757966669759	0.0645386578506334	0.843295865533636
chr5:77675144:G:C	5	77675144	0.130002193358062	0.0764290140194038	0.0889517328469435
chr5:80530472:T:A	5	80530472	-0.0628589944598272	0.0669380103163906	0.347698509382967
chr5:81710558:G:T	5	81710558	0.101136658806341	0.0493442763065043	0.0404022333543623
chr5:82792281:C:G	5	82792281	-0.136863070541304	0.0968867447184737	0.157770773025444
chr5:84879932:A:G	5	84879932	0.099528735250392	0.0577559773271261	0.0848409864948226
chr5:85476293:A:G	5	85476293	0.114348673221453	0.0704493191460562	0.104560799125515
chr5:85809583:T:C	5	85809583	-0.0388725864998418	0.0554252277897715	0.483083457970704
chr5:92192959:A:T	5	92192959	0.071659156306292	0.0522126525651468	0.169923982124962
chr5:94648523:C:G	5	94648523	-0.157136100293411	0.0817199963779612	0.0544976527741465
chr5:98024666:G:A	5	98024666	-0.00535185031627169	0.0573343290400074	0.925629796817915
chr5:101328324:T:C	5	101328324	-0.0499286042987549	0.0466983953143516	0.284992292854181
chr5:101825779:A:C	5	101825779	0.0134391833250947	0.0540147608431704	0.803511039622922
chr5:106773905:G:A	5	106773905	0.00355845496922561	0.0551506589361789	0.948554241432194
chr5:110045491:C:T	5	110045491	-0.181640646566099	0.112568414762686	0.106613729996288
chr5:114915760:G:T	5	114915760	0.0808085074147007	0.0633681707331167	0.202230553717792
chr5:115102683:A:G	5	115102683	-0.182197456714499	0.0912703795392764	0.0459079553231163
chr5:117238479:G:A	5	117238479	-0.0381943102378874	0.0449930388691757	0.395940407680963
chr5:121740415:G:T	5	121740415	0.0130074797265923	0.0446561210721977	0.770836415415012
chr5:137227416:A:T	5	137227416	0.0780912875574981	0.0564415127237011	0.166487424832552
chr5:137406489:C:T	5	137406489	-0.12465003837004	0.0602567806632924	0.0385791775857243
chr5:140638650:G:A	5	140638650	-0.0130320190627531	0.078409252477663	0.867995531863108
chr5:142682003:T:C	5	142682003	-0.0734674771494758	0.0434051499425679	0.0905319805823573
chr5:144183699:A:G	5	144183699	-0.0576183232731694	0.0664384479447193	0.385808514698121
chr5:145690757:G:T	5	145690757	-0.0729566664685662	0.0533881076318686	0.171771403864573
chr5:147282093:C:T	5	147282093	0.105669440063712	0.0541474805350365	0.050996209571246
chr5:148033208:G:T	5	148033208	-0.107414229962051	0.0626542908147596	0.0864561269250534
chr5:151763317:T:C	5	151763317	0.00686321538728794	0.0675402732813009	0.91906097392864
chr5:153541577:C:T	5	153541577	-0.0659589294784222	0.0731767932598752	0.367394798298273
chr5:160435085:T:G	5	160435085	-0.0836492828637749	0.1406899219445	0.552134379191367
chr5:164252995:G:C	5	164252995	-0.159252065729175	0.0814943456403238	0.0506836397252834
chr5:168245100:T:C	5	168245100	0.112154764115651	0.0600973645003992	0.0620109165655581
chr5:169455657:C:T	5	169455657	-0.00152865977769055	0.0475550258560726	0.974356358909777
chr5:169808985:G:C	5	169808985	-0.0959506150719495	0.10200316435402	0.346877522991332
chr5:172672695:T:C	5	172672695	-0.124646949566793	0.106231495897913	0.240654634484354
chr5:173346700:A:C	5	173346700	0.0654054747007668	0.0577800621289312	0.257645753650519
chr5:177122146:G:C	5	177122146	-0.0568840783349747	0.0453411099379638	0.209631038224635
chr6:1084246:G:A	6	1084246	-0.11567990279513	0.0593626405314993	0.0513314123791458
chr6:3041612:C:A	6	3041612	0.042297209484462	0.0455326659881985	0.352919103368132
chr6:3673174:A:G	6	3673174	-0.0544354880380422	0.091654078372325	0.552563448140183
chr6:3786319:G:C	6	3786319	-0.0493371469688872	0.0531239065765041	0.353035067398338
chr6:6090729:G:T	6	6090729	0.167263387921206	0.0680955250136703	0.0140373908518354
chr6:6354181:A:T	6	6354181	-0.010835310917846	0.0625297269245951	0.862429334438702
chr6:6456261:T:C	6	6456261	-0.00945298787683032	0.0514384866024998	0.854191799376903
chr6:7642514:C:G	6	7642514	-0.0870554866897922	0.0484789965495619	0.0725364894558027
chr6:12212257:G:A	6	12212257	-0.0156538601531976	0.0707633974644896	0.824925743428142
chr6:21494280:T:C	6	21494280	-0.0704274878160056	0.0545490299239432	0.196673864653684
chr6:23163726:T:C	6	23163726	0.208018695187785	0.0740942759011652	0.00499297393938414
chr6:23344439:T:A	6	23344439	0.037826932081176	0.0567129600497178	0.504779029422267
chr6:24077828:C:T	6	24077828	-0.113678168249796	0.147229698185821	0.440046681520917
chr6:26287827:G:A	6	26287827	-0.0592899081914264	0.0648366998004236	0.360480535988406
chr6:27261142:G:T	6	27261142	0.000793980987294098	0.0681284085010083	0.990701517250757
chr6:31108549:A:G	6	31108549	0.0451579074491596	0.0589304756533413	0.443503027579287
chr6:31845997:T:C	6	31845997	0.00329278377008348	0.0654214006120868	0.95985789886508
chr6:32660000:G:C	6	32660000	0.0393170487236149	0.082884487131803	0.635243526808425
chr6:33148933:A:G	6	33148933	0.0769860718867724	0.05036852198311	0.126399348954653
chr6:37400014:G:T	6	37400014	-0.0895600355068663	0.0768558355526721	0.243897945891529
chr6:39124093:C:T	6	39124093	-0.113430688106168	0.0695355770735842	0.102835219062027
chr6:45195864:C:T	6	45195864	0.05189666707551	0.0891690508543108	0.56056456971779
chr6:46738257:G:A	6	46738257	0.0464495797632848	0.0666143516231904	0.485620775300321
chr6:47717919:C:A	6	47717919	0.110795074562181	0.0549708441132128	0.0438497378784785
chr6:48859012:C:A	6	48859012	0.13131692325267	0.0661937355998732	0.0472751234778627
chr6:49860743:T:G	6	49860743	-0.00310296360872183	0.0762508535108548	0.967539726002719
chr6:53292416:C:G	6	53292416	-0.0266952889349468	0.048099106878694	0.578890613038442
chr6:54457248:C:T	6	54457248	0.028309831700752	0.0769728029844031	0.713029782541656
chr6:57513520:G:A	6	57513520	0.251577755138747	0.0952856713484807	0.00828455020321406
chr6:67461006:G:C	6	67461006	-0.00652078548806322	0.117902622686564	0.955894256231129
chr6:69504128:A:G	6	69504128	0.0185899108013058	0.0513503501701695	0.717336254897359
chr6:81137001:T:C	6	81137001	-0.0408943328665536	0.0549716150006668	0.45692653648695
chr6:84758749:C:T	6	84758749	-0.0744308936767213	0.0638404482000036	0.243659216980054
chr6:86667874:G:T	6	86667874	-0.0356997134832596	0.131693440766926	0.786328011054212
chr6:87387916:G:T	6	87387916	0.0605920536946668	0.0455025909110715	0.182985858335835
chr6:88566465:G:A	6	88566465	-0.099088197827042	0.0588063303296801	0.0919901095022101
chr6:93273487:T:C	6	93273487	0.122890177500805	0.0654131489385247	0.0602886120617349
chr6:97788153:C:A	6	97788153	-0.0247179492426263	0.0759031250821755	0.744688215300296
chr6:98771646:C:T	6	98771646	-0.0809006373633226	0.0572474964704194	0.157604755243446
chr6:104918249:A:G	6	104918249	-0.0792034240318404	0.0557345775042273	0.155292822259486
chr6:107129138:A:G	6	107129138	0.0671543670359672	0.0506847852166979	0.185190609396944
chr6:112187089:T:C	6	112187089	0.0134625305175869	0.0455712709080557	0.767675308491717
chr6:118046853:T:C	6	118046853	-0.066301518606353	0.0682010127297157	0.330976630335228
chr6:121081137:A:G	6	121081137	-0.195539270329031	0.199278103914435	0.326475334144426
chr6:123103197:T:C	6	123103197	-0.11348192561124	0.0540336020261603	0.0357103488181206
chr6:127784009:G:A	6	127784009	0.127789513488597	0.0584607487578365	0.0288227184979193
chr6:129527930:G:A	6	129527930	0.00967571259057793	0.0643091285055037	0.880404637293013
chr6:137254996:T:C	6	137254996	0.022505191907789	0.0478013557324993	0.637778878742553
chr6:138165202:C:G	6	138165202	-0.0908327873006637	0.0839666055597481	0.279353509907181
chr6:139464917:T:A	6	139464917	0.0667494165944903	0.096337105550302	0.488389012400138
chr6:151547601:G:A	6	151547601	-0.0975137537044125	0.0679421736513421	0.151216922670982
chr6:152638179:C:T	6	152638179	-0.0357114029143888	0.0403519260405584	0.376157321467128
chr6:153842833:G:A	6	153842833	0.0670122164736369	0.0935773916721708	0.473920061087357
chr6:156754666:T:G	6	156754666	0.0809010761368151	0.134347066889703	0.547054528289794
chr6:160701242:A:G	6	160701242	0.100271097864405	0.0699950167289353	0.151987555341687
chr6:160909689:G:C	6	160909689	-0.00465491494603489	0.106675344679949	0.965194333939981
chr6:161970870:T:G	6	161970870	-0.0177723068938887	0.109833190620859	0.871454056006141
chr6:162760256:C:T	6	162760256	-0.0274739053250986	0.0659922697844741	0.677175819944119
chr6:163629327:G:A	6	163629327	-0.00678275719334564	0.0520749944685923	0.896368801824528
chr6:167509019:C:T	6	167509019	-0.0196663312224689	0.0593259750843268	0.740269762777254
chr7:6986920:C:A	7	6986920	-0.0389579843280808	0.08510215017991	0.647111164378534
chr7:7863676:G:A	7	7863676	0.0202539950493674	0.0559335361549973	0.717271136722483
chr7:8111839:A:G	7	8111839	0.0345728507656393	0.050989574166033	0.497747825115752
chr7:9602661:C:A	7	9602661	-0.0886605454450861	0.102965540688957	0.389199451687606
chr7:10804524:T:C	7	10804524	-0.0621190530212541	0.174974174496987	0.722575800113133
chr7:11334355:C:A	7	11334355	-0.116121094471734	0.0586239981651636	0.0476162350491544
chr7:12476280:G:A	7	12476280	0.0164659272441865	0.0578277437633321	0.775842607868645
chr7:12972158:C:G	7	12972158	-0.111172665133874	0.0868981754525873	0.200775921288042
chr7:20850990:A:T	7	20850990	0.0807536506817765	0.056435738515466	0.152460134440543
chr7:22822020:C:A	7	22822020	-0.0826688169387637	0.0620366643262497	0.182669678485423
chr7:24140802:T:C	7	24140802	0.000610722382706619	0.0435946952651922	0.988822722147763
chr7:24278575:A:G	7	24278575	-0.123587497607264	0.100085923716758	0.216899743944839
chr7:24620726:T:A	7	24620726	0.096351409487379	0.0497706565579766	0.0528789764389185
chr7:24740434:C:T	7	24740434	-0.0948198510593476	0.0495481190437224	0.0556594908148551
chr7:28505993:C:T	7	28505993	-0.0110201667011312	0.0584712890981189	0.850507120036432
chr7:36413989:G:A	7	36413989	-0.0804809880106814	0.0582956035896174	0.167412128113078
chr7:41157573:G:A	7	41157573	0.122815153750524	0.0671426175277478	0.0673743859110784
chr7:43755241:C:T	7	43755241	0.0956454982149285	0.0467745107962478	0.0408725164766521
chr7:44689517:A:G	7	44689517	-0.096678374460574	0.0554539468740407	0.0812638832654381
chr7:46192346:C:G	7	46192346	0.0252220059127002	0.0612298163380915	0.680395427813941
chr7:46368666:G:A	7	46368666	0.206613145895202	0.0883586541164944	0.0193692828190191
chr7:47748540:G:T	7	47748540	-0.123660617502953	0.121588059924076	0.309131674137065
chr7:48301675:T:C	7	48301675	0.0300531344827908	0.0505208058324114	0.551932717781462
chr7:51890159:C:T	7	51890159	-0.0414791103436639	0.0524834923128727	0.429336941395034
chr7:53046603:C:G	7	53046603	-0.0169877434609264	0.0725060318641187	0.814756580543035
chr7:55663907:C:A	7	55663907	0.073705191582893	0.056119094342884	0.189057961399068
chr7:56122201:A:G	7	56122201	-0.0154770334443056	0.0540579786811778	0.774645040929582
chr7:62910214:G:T	7	62910214	0.126696615330203	0.0697891761900794	0.0694595018609271
chr7:65406204:G:T	7	65406204	-0.272743518144903	0.180516957850748	0.130813300552001
chr7:67766433:G:A	7	67766433	0.121252087962983	0.0568972974797529	0.0330834275734957
chr7:68433432:T:C	7	68433432	-0.031506701337884	0.0570328343781274	0.580653149121337
chr7:71020152:T:G	7	71020152	0.0426439223929787	0.0592869018239898	0.471968004286236
chr7:71553830:T:C	7	71553830	-0.0534827203437318	0.075967805968648	0.481421420427713
chr7:78390279:T:G	7	78390279	0.123025935492756	0.0727802776936817	0.0909563041645911
chr7:83524616:A:T	7	83524616	-0.103566394079372	0.070751323842833	0.143246260588369
chr7:84786535:C:A	7	84786535	-0.0412871217717264	0.0446227821397779	0.354837132245949
chr7:86620755:G:A	7	86620755	-0.0914807148884677	0.0781110779833476	0.241533725183775
chr7:89207269:G:A	7	89207269	-0.000491282016613895	0.0763212809737991	0.994864032363448
chr7:91097147:A:G	7	91097147	0.052644677888748	0.0606762019855574	0.385595250282711
chr7:96212691:T:C	7	96212691	0.107614123440934	0.0876033243559503	0.219287426204946
chr7:103095283:G:A	7	103095283	0.0279359757754596	0.0836712107361272	0.738471628088612
chr7:104663551:G:A	7	104663551	-0.150733857322415	0.084960474638517	0.0760359457035376
chr7:113434486:A:C	7	113434486	-0.0389581690100479	0.054942637648881	0.478281118492988
chr7:113749820:G:A	7	113749820	-0.022918285247938	0.0493985983731581	0.642686389349601
chr7:117145973:C:G	7	117145973	-0.060229915541354	0.0643418867332168	0.349225900812505
chr7:119808046:G:A	7	119808046	0.0737103388930173	0.0506959941863565	0.145955256935121
chr7:122582926:C:G	7	122582926	-0.0116774516847703	0.0676584218631724	0.862970405515863
chr7:124802410:A:T	7	124802410	0.00802602442552402	0.0533592385267177	0.880437288007257
chr7:129047886:A:G	7	129047886	0.0125164937562789	0.0789093734667691	0.873969379536207
chr7:131384702:T:A	7	131384702	0.0324974526933487	0.0624908211477553	0.603038751243821
chr7:136870573:G:A	7	136870573	-0.0976806357199819	0.0845733234675432	0.248097945651111
chr7:142873374:T:C	7	142873374	-0.0311853295955564	0.0551764098956076	0.571942386982331
chr7:143187070:C:T	7	143187070	-0.00758855572119263	0.0950785502032661	0.93638555488799
chr7:145116884:A:G	7	145116884	0.0957038418161379	0.065339902096493	0.143000749669401
chr7:149242006:T:C	7	149242006	-0.0746132319441409	0.0629066345336376	0.235584864874782
chr7:153502245:G:A	7	153502245	0.00598524019103245	0.0618928815368585	0.922962092234321
chr7:153952270:G:A	7	153952270	0.0412541578959917	0.0484375193394152	0.394381506893184
chr7:154426289:T:C	7	154426289	-0.101024672080759	0.0731150163349337	0.167056885594958
chr7:156975524:A:T	7	156975524	0.125872194968959	0.078543763365605	0.1090287323549
chr7:157677820:C:T	7	157677820	-0.0182008703035122	0.0744872498763688	0.80696068980895
chr8:276778:A:T	8	276778	0.112392931292409	0.0629768821326454	0.0743149137611268
chr8:1102873:G:T	8	1102873	0.0360892066117004	0.0456844217105547	0.429546771775521
chr8:8710521:T:C	8	8710521	-0.0831648875377826	0.0872040876844917	0.340245105780223
chr8:9029509:T:C	8	9029509	0.047377055684797	0.061195110898967	0.438814452717989
chr8:9109096:A:G	8	9109096	-0.00926340690295762	0.0578419536360897	0.872762669611717
chr8:9827297:A:G	8	9827297	0.116025174491602	0.0671694858084431	0.0841049229182078
chr8:10675470:T:G	8	10675470	-0.0515859353891397	0.0691002555015605	0.455342757682589
chr8:13032868:C:A	8	13032868	0.0236645784954111	0.0707291095734593	0.737941581749235
chr8:14391498:A:G	8	14391498	-0.128301237770772	0.115982857181059	0.268636227550156
chr8:16627132:C:G	8	16627132	-0.141159158741185	0.115438283933364	0.221401235989049
chr8:17129593:A:G	8	17129593	-0.0958896531263678	0.0584210151832234	0.100723646724625
chr8:20741226:C:T	8	20741226	0.132166970697544	0.0654774092187159	0.0435379109228426
chr8:23115837:G:A	8	23115837	0.275211687068893	0.107430912532671	0.010414472949532
chr8:25783762:T:C	8	25783762	-0.163822251999682	0.0870469541492073	0.0598361961198772
chr8:27010051:G:C	8	27010051	-0.0811765477062513	0.096229521549318	0.398908513094326
chr8:27022227:G:T	8	27022227	-0.0247691184765141	0.0560590192718935	0.658604972927816
chr8:28150898:A:G	8	28150898	0.0592439574381291	0.0522099699424605	0.256490564771752
chr8:28528484:G:T	8	28528484	0.0794286945339941	0.0544514126968118	0.14464557812671
chr8:29917542:C:T	8	29917542	-0.0531279043874564	0.116635376554183	0.648746543607177
chr8:37085597:G:A	8	37085597	-0.00420113974998432	0.0782520546891791	0.957184319522689
chr8:41788192:C:T	8	41788192	-0.09678676991773	0.0864798940227265	0.263062359049514
chr8:42055528:T:G	8	42055528	-0.294576969206472	0.204772150913787	0.150275304142373
chr8:50763512:C:T	8	50763512	-0.0308858792862013	0.0484922745411461	0.524174539525537
chr8:51570259:T:G	8	51570259	-0.107635560626665	0.0679309416522692	0.113083383947719
chr8:53142705:G:A	8	53142705	0.148952458291691	0.0615611814550346	0.0155382655319919
chr8:60609620:T:A	8	60609620	-0.0403594895524786	0.0618943038171616	0.514355277589051
chr8:61304314:G:C	8	61304314	-0.0193114648568315	0.0683611133361519	0.77756631105759
chr8:61926940:A:T	8	61926940	0.0795758863535346	0.0467491034531829	0.088719636708841
chr8:63445672:G:A	8	63445672	0.130284068550309	0.0518078494942891	0.011911499707573
chr8:65343369:C:A	8	65343369	0.0630448599435352	0.0967821792776863	0.51478198685678
chr8:65418628:G:T	8	65418628	0.0155185202136981	0.0498523795851453	0.75558058086698
chr8:71273350:T:A	8	71273350	0.0277313335197432	0.0539774380306179	0.607421287412114
chr8:72033005:T:C	8	72033005	-0.0203245095912616	0.124693527961281	0.870521815779888
chr8:72065200:T:A	8	72065200	-0.11977142007954	0.0560286730784299	0.0325426568357389
chr8:73211475:T:C	8	73211475	0.0265557351462289	0.0520782223841197	0.610107402174151
chr8:75992459:A:G	8	75992459	-0.109601405604032	0.0819942334051295	0.181321721714544
chr8:78402394:T:A	8	78402394	0.31094305536947	0.159554024233791	0.0513161892999352
chr8:79795588:T:G	8	79795588	-0.131092591740477	0.130147625987312	0.313809499577339
chr8:86323708:T:C	8	86323708	0.0819364600186234	0.0564529694630518	0.146665452684135
chr8:89525432:A:G	8	89525432	-0.0413452688324328	0.0708670687650074	0.559610563420228
chr8:92001032:A:G	8	92001032	-0.0725832841523968	0.0793403969240302	0.360278839094417
chr8:92645879:A:G	8	92645879	-0.0252984575672122	0.0738139275711387	0.731799449187224
chr8:95906161:G:A	8	95906161	-0.0885237866555093	0.0471120307589888	0.0602436792195233
chr8:96365126:C:T	8	96365126	0.0191591316337144	0.0474097915216358	0.68612623601145
chr8:97430280:G:A	8	97430280	-0.379470552784339	0.205441658827223	0.0647331670897281
chr8:98002322:C:T	8	98002322	-0.0186552123412922	0.0826760793439415	0.821479717149079
chr8:98018653:A:G	8	98018653	0.00414112757350569	0.0577285706119878	0.942813235345916
chr8:104471980:T:G	8	104471980	-0.103187269025202	0.0877743811220997	0.239756092027272
chr8:106920372:G:A	8	106920372	-0.00177885258363378	0.0665183181338212	0.978665277486143
chr8:108142424:A:G	8	108142424	-0.00895220459822742	0.0420182511943868	0.831283950507513
chr8:109421925:C:T	8	109421925	-0.000484123051798397	0.063877343545471	0.993952932461039
chr8:116252872:C:T	8	116252872	-0.0746013536333428	0.051880788029251	0.150451662620786
chr8:116821900:C:T	8	116821900	-0.210598677307787	0.126735570819016	0.0965694916871951
chr8:119015250:G:A	8	119015250	-0.00221921426503782	0.131414346674257	0.986526641203793
chr8:121384602:C:T	8	121384602	-0.0794091593176379	0.0422123500646755	0.0599470165977303
chr8:127029052:C:T	8	127029052	-0.0704037894969748	0.0499105993991722	0.158363194658842
chr8:128437247:A:G	8	128437247	-0.0958702783099269	0.0710765631498291	0.177391225396944
chr8:131111695:G:T	8	131111695	0.136117560042533	0.0880748011694717	0.122230981359148
chr8:131315237:G:A	8	131315237	-0.0204700138052319	0.0566499670848365	0.717843781728037
chr8:135895676:A:T	8	135895676	-0.0058960782588655	0.0682807666444169	0.931187796107178
chr8:138585221:A:T	8	138585221	-0.0615364492212957	0.0648700328399467	0.34281831784316
chr8:141605122:C:T	8	141605122	-0.0304792117744562	0.0567506759362756	0.591217725783786
chr9:733358:A:C	9	733358	-0.0333390405212402	0.0743396451071063	0.653814616050052
chr9:5461379:C:T	9	5461379	0.0208854929797917	0.0674497665274324	0.756830818897431
chr9:11397008:T:G	9	11397008	0.0218633849519308	0.0662220292547044	0.741284548257329
chr9:11517950:T:C	9	11517950	-0.110671717087248	0.0659378054038601	0.0932639946927857
chr9:11955148:T:G	9	11955148	-0.00635963052197344	0.0546632164579573	0.907381462818566
chr9:12389360:A:G	9	12389360	-0.00924792767320887	0.0637210791267606	0.884607148809107
chr9:12615226:G:C	9	12615226	0.0478942281541942	0.0472867343961919	0.311133236205403
chr9:13582959:T:A	9	13582959	0.115919002213418	0.0880126247390009	0.187814344796801
chr9:13820455:C:G	9	13820455	0.0135378694580538	0.093178815322869	0.884482592892611
chr9:14098421:G:A	9	14098421	0.0151977068012448	0.0605390552332753	0.8017834087221
chr9:18952915:A:G	9	18952915	-0.0863496736828198	0.0494482239022098	0.0807650166350304
chr9:21476808:G:A	9	21476808	-0.285242937321899	0.238195211015797	0.231104904644109
chr9:29651949:A:G	9	29651949	-0.0594949933663403	0.0649830683052583	0.359905023879675
chr9:32058643:A:T	9	32058643	0.0340277135414988	0.0682534781478612	0.618097035412468
chr9:37013405:C:T	9	37013405	0.0897240481748547	0.0499051740617619	0.0721943306712871
chr9:37992585:C:T	9	37992585	-0.153684220274202	0.063275796985984	0.0151489098068743
chr9:72294932:G:A	9	72294932	-0.055333909671813	0.173892056356503	0.750326876031954
chr9:73616570:C:T	9	73616570	0.0505275771006875	0.0595040904584243	0.395800835572386
chr9:76464251:C:G	9	76464251	-0.0662624621786466	0.0714492888970369	0.353716045649987
chr9:79067117:C:T	9	79067117	-0.174464318858336	0.141153959875768	0.21646376606219
chr9:82773489:T:C	9	82773489	-0.0527426766524273	0.062372743726587	0.397773379632986
chr9:89995415:A:G	9	89995415	0.00728327582081926	0.0627849859481197	0.907649796916391
chr9:91844381:C:T	9	91844381	-0.0202961431553147	0.0557519675425437	0.715825502922208
chr9:94568472:C:A	9	94568472	0.0893668827171369	0.0496955458973218	0.072131447704772
chr9:95559980:C:T	9	95559980	-0.270339867691055	0.229159389851756	0.238118624196616
chr9:96162075:C:T	9	96162075	-0.107360102319371	0.0520332539484316	0.0390843358134111
chr9:97240484:A:G	9	97240484	-0.162749439889763	0.13968161538588	0.243960002532812
chr9:100192956:A:G	9	100192956	0.0247099527962349	0.0619695180825021	0.69008208996725
chr9:100529836:G:C	9	100529836	-0.14794376547142	0.069572726776723	0.0334648032147636
chr9:101460357:C:T	9	101460357	0.0309095228328725	0.0633260790855873	0.625478299391101
chr9:103293239:C:G	9	103293239	0.144039511596517	0.0623202365118634	0.0208173981121459
chr9:105684376:G:T	9	105684376	0.0360729108967275	0.143388675065753	0.801370096670345
chr9:106822394:G:C	9	106822394	0.108186670923692	0.0785432188352081	0.168383729458461
chr9:107904127:G:A	9	107904127	-0.13484256885301	0.0686083957248259	0.0493685867392784
chr9:117420412:T:C	9	117420412	-0.00521193450651035	0.0615623472074359	0.932530842310625
chr9:117972207:C:A	9	117972207	-0.0274722737302089	0.0565294435385316	0.626980157650036
chr9:118511323:G:A	9	118511323	-0.060350008477021	0.131573818956617	0.646465456519049
chr9:121356498:A:G	9	121356498	-0.0122875105015565	0.0780441640856781	0.874895694848312
chr9:124044726:T:G	9	124044726	-0.00104879775496636	0.0532295433284499	0.984280056865139
chr9:125005426:C:T	9	125005426	0.0448744811770688	0.0628424640502594	0.475178357290217
chr9:129533341:A:G	9	129533341	-0.00193028240601478	0.0651845763583543	0.976376045491936
chr9:136630984:C:T	9	136630984	-0.0320157888540036	0.0485020056369141	0.509194753177936
chr10:2050300:A:G	10	2050300	-0.0834286338847327	0.0462241623378348	0.0710949256884238
chr10:3113976:C:T	10	3113976	0.00196714197118347	0.0611414391893139	0.974333586425878
chr10:4591592:T:C	10	4591592	0.0720712590260748	0.0513225410503815	0.160235249216814
chr10:7462546:C:T	10	7462546	-0.166724469201487	0.0690205807578361	0.0157103367567442
chr10:7849544:T:G	10	7849544	-0.0117298475557724	0.0667743340741965	0.860557908281837
chr10:9367893:G:A	10	9367893	-0.0609191816510896	0.0668292133227504	0.36199767668312
chr10:10628189:C:T	10	10628189	0.141216047964276	0.0605270116500744	0.0196424838790467
chr10:14014383:T:C	10	14014383	-0.0559647740855486	0.0619718996683198	0.366490366280225
chr10:16341555:C:T	10	16341555	-0.0166309126122412	0.0489695832331105	0.734144825540706
chr10:18075702:C:T	10	18075702	0.165674412440011	0.0659691742775616	0.0120256304264866
chr10:20923823:C:G	10	20923823	0.0746419262173838	0.104767829788733	0.476185655479128
chr10:26220185:A:C	10	26220185	-0.133533794441338	0.180299661999457	0.458923007463429
chr10:27289376:T:C	10	27289376	0.00749564284270857	0.0530699866278672	0.887679782735201
chr10:27674317:A:G	10	27674317	-0.0555085855011575	0.0697526166028877	0.426152848797215
chr10:28771902:G:A	10	28771902	0.0325101014160081	0.06470121944109	0.61534043165362
chr10:28891836:C:T	10	28891836	-0.165429030826991	0.0568782699020973	0.00363196117021969
chr10:30622484:G:A	10	30622484	-0.0850798323213055	0.072223085222436	0.238790876998125
chr10:35177843:G:T	10	35177843	0.0263989285474999	0.0940956333774164	0.779052320951368
chr10:43613180:G:A	10	43613180	0.104992790930028	0.0707048602855695	0.137558535919172
chr10:44139011:T:C	10	44139011	-0.257332913406858	0.140285776244318	0.0666023740558458
chr10:45036473:A:G	10	45036473	0.0775814421050071	0.0627092432326412	0.216027245852439
chr10:51560095:T:G	10	51560095	0.0194909832542947	0.0449134386323815	0.664311870811035
chr10:54072488:A:G	10	54072488	0.0503163734063061	0.0468346874339468	0.2826703683301
chr10:54082016:C:T	10	54082016	-0.0037547646167063	0.0376735293694779	0.920609607157784
chr10:55299918:G:C	10	55299918	-0.022796168058702	0.0564466686583311	0.686320668966135
chr10:56747004:T:C	10	56747004	0.00117411012315073	0.082495833278914	0.988644605707209
chr10:57761967:T:C	10	57761967	0.0457861514459011	0.0515633777264649	0.37456295080519
chr10:61894829:G:A	10	61894829	-0.0380337899702336	0.139156501900932	0.784609811800271
chr10:62473064:C:G	10	62473064	-0.402407396759356	0.352981678366634	0.254276524538144
chr10:65713195:A:G	10	65713195	0.0478827896473216	0.0793777311224316	0.546357696405526
chr10:69232402:C:A	10	69232402	0.00970350307994961	0.0450213387845851	0.829353191154223
chr10:79437519:C:T	10	79437519	-0.0566832935299414	0.0862389886605331	0.510999916953372
chr10:81546102:G:A	10	81546102	0.0244801091621103	0.0610155603058922	0.688264840672906
chr10:82354363:C:G	10	82354363	-0.165681621924957	0.0669276519414158	0.0133037405657598
chr10:84591955:C:T	10	84591955	-0.0454088714724964	0.104992482581635	0.66538066308565
chr10:84989741:G:A	10	84989741	-0.0276952960846936	0.0699359848319145	0.692098212996184
chr10:86779196:C:A	10	86779196	0.141607890915338	0.10308915155591	0.169551939497741
chr10:91053424:A:C	10	91053424	0.0216053674711485	0.0719068237090467	0.763823723378913
chr10:93612452:G:A	10	93612452	-0.076884120037812	0.0559075169513511	0.169068878829868
chr10:93671121:T:C	10	93671121	-0.00833326525335672	0.0589260855083711	0.887538983261426
chr10:101249704:C:T	10	101249704	-0.0100790686252191	0.0751293987507337	0.89327912343108
chr10:102352980:T:C	10	102352980	-0.0672864157152486	0.0708066665122076	0.341968157119894
chr10:104637359:T:C	10	104637359	-0.0756165131936139	0.0788280519214606	0.337428316848797
chr10:108480456:T:C	10	108480456	0.0842784889569469	0.0531803702581096	0.113019312129328
chr10:109264424:C:T	10	109264424	-0.0556629466573739	0.0727915200557981	0.444456168950045
chr10:111352001:T:G	10	111352001	0.0797437057801702	0.07355379349619	0.278296123554132
chr10:118828443:C:T	10	118828443	-0.0726632226932399	0.0760934314065641	0.339617602016995
chr10:120152982:A:G	10	120152982	-0.0522721674543839	0.0662596342183467	0.430170967199646
chr10:121580593:A:G	10	121580593	-0.112892289526004	0.077105900473762	0.143161168789527
chr10:121611573:C:G	10	121611573	-0.0705653199351877	0.0629415534177017	0.262234855546925
chr10:121734173:T:C	10	121734173	0.066921397494145	0.0568197834101537	0.238882969514049
chr10:121910644:T:A	10	121910644	0.0577605401489128	0.0815123131861227	0.478565768198168
chr10:122561189:A:G	10	122561189	0.0835229351201901	0.0482586894528378	0.0834992903184948
chr10:123750431:C:G	10	123750431	-0.0329254320726097	0.057251851005881	0.565224937062379
chr10:127533155:T:C	10	127533155	-0.0445800621239825	0.0498581572334078	0.371248176483695
chr10:129953349:A:G	10	129953349	0.0197609273241009	0.0647739626320318	0.760308905757357
chr10:130263340:C:T	10	130263340	-0.0754089203103727	0.113357490901146	0.505902737068076
chr10:130662147:G:T	10	130662147	0.00561049911837912	0.0554993240142071	0.919477979902912
chr10:131485315:A:G	10	131485315	-0.124148911039718	0.180548757745811	0.491692200106445
chr10:131819683:A:G	10	131819683	0.100544940032062	0.0578269626590289	0.0820838938773398
chr10:131953941:A:C	10	131953941	-0.019938786181196	0.0738409774999403	0.787142310028568
chr11:388357:C:T	11	388357	-0.018162524927104	0.0483898668866319	0.707409583859035
chr11:2257707:C:T	11	2257707	0.027895730606119	0.0479657682687188	0.560852439630218
chr11:3623903:G:A	11	3623903	-0.0757373604426468	0.0639021752593978	0.235935272670474
chr11:5806222:C:T	11	5806222	-0.0192257354355093	0.0526758012180343	0.715124613758024
chr11:9789492:C:A	11	9789492	0.0332265610404834	0.0511366791448166	0.515847356459968
chr11:14569664:T:G	11	14569664	0.0244865495507708	0.0626222660452491	0.695782557848862
chr11:21819583:A:G	11	21819583	0.120244443564435	0.0769386958012267	0.118085425582268
chr11:36019710:C:A	11	36019710	-0.00450084836440678	0.0459998086827572	0.922055424300475
chr11:39635569:C:T	11	39635569	-0.0399480492782327	0.0576294779987364	0.488191722889849
chr11:40512905:C:G	11	40512905	-0.0430527286163296	0.0944308470106884	0.648448901776921
chr11:41632790:A:T	11	41632790	-0.1279440037872	0.0673418287246254	0.0574437815943658
chr11:42744986:A:G	11	42744986	0.00161481300338406	0.044254710746026	0.970892398014943
chr11:43201079:C:T	11	43201079	-0.0202963504808019	0.0808926439325812	0.801887733945019
chr11:43982585:G:A	11	43982585	-0.0382747156784108	0.134994293821069	0.776771816986966
chr11:44330300:A:G	11	44330300	0.00475638327927928	0.0500552708237277	0.92429685527784
chr11:49875094:A:G	11	49875094	0.0521034014098416	0.0437517135937924	0.233697459904579
chr11:50253126:G:T	11	50253126	0.0673423931133372	0.0633671060180249	0.287902489626256
chr11:55906271:G:A	11	55906271	0.0603849214204892	0.0492342446171029	0.220017294381649
chr11:56124264:C:A	11	56124264	0.13229230411803	0.0588432674669248	0.0245624971385311
chr11:57305789:G:A	11	57305789	-0.0484406308148773	0.0373724637886549	0.19492093724385
chr11:58998793:A:C	11	58998793	0.0912839234835799	0.0636688515489661	0.151649413023376
chr11:60456695:C:T	11	60456695	0.154483650435268	0.0906717493386093	0.0884243861246312
chr11:62505064:A:G	11	62505064	-0.0656194191339896	0.11399587315559	0.56486544916482
chr11:63184971:C:T	11	63184971	0.0158096513261433	0.0478011754954413	0.740842615221186
chr11:65009160:T:C	11	65009160	0.0783097800154336	0.0637296711149287	0.219154097654995
chr11:70801858:T:C	11	70801858	-0.092310885724444	0.0478636670641581	0.0537778981711473
chr11:71334794:T:G	11	71334794	0.0925490940990888	0.0544660510897018	0.0892801919888361
chr11:72713691:C:T	11	72713691	-0.0481089695610494	0.128126573399113	0.707303495960775
chr11:77208574:G:A	11	77208574	-0.00991745170324332	0.0642678150088786	0.877361814423895
chr11:77376654:A:G	11	77376654	0.0664427505238814	0.0752358156748797	0.377167870626488
chr11:77897055:A:G	11	77897055	-0.222181455781939	0.1385776408767	0.108868557262716
chr11:79339250:G:A	11	79339250	-0.494440520775475	0.240765219562656	0.0400123840683013
chr11:81783030:C:T	11	81783030	-0.0429317384643616	0.0585127458355586	0.46312183826847
chr11:83962252:C:T	11	83962252	-0.110716460624551	0.0908471823367692	0.222953900636475
chr11:86328783:G:T	11	86328783	-0.0805142289737571	0.0688040273695265	0.241921918785984
chr11:86644523:C:T	11	86644523	-0.0728752348214679	0.110734567370545	0.510469140882992
chr11:93046218:A:C	11	93046218	0.0240973661113966	0.056625170486069	0.670429025816922
chr11:99371984:G:C	11	99371984	0.136250136199328	0.0738106829979375	0.0649008312434178
chr11:100626548:G:A	11	100626548	-0.178174665056202	0.20129510449514	0.376080280763109
chr11:104129521:G:A	11	104129521	-0.113329987643661	0.0909951078503738	0.212965856680449
chr11:108728662:A:G	11	108728662	-0.00996372977008455	0.0929242788734112	0.91461113172878
chr11:110338613:G:A	11	110338613	-0.198402563749098	0.0817083485767623	0.0151748170307928
chr11:110396347:G:A	11	110396347	-0.136653638562726	0.100244839489434	0.172819885268548
chr11:113789228:G:C	11	113789228	0.0675936136618314	0.0742863247159271	0.362871793559788
chr11:113800784:C:T	11	113800784	-0.0663472976389162	0.104284150561998	0.524635317860175
chr11:115616504:A:T	11	115616504	-0.0280372338108837	0.0514205278050904	0.585579032672562
chr11:119630310:G:A	11	119630310	-0.0439113643152559	0.0632169864813998	0.48729762820875
chr11:123267436:G:A	11	123267436	-0.133070833654879	0.0708926903375625	0.0605079371837086
chr11:125907492:T:C	11	125907492	-0.0244388562129018	0.0494870487550292	0.621416725698948
chr11:126829359:G:A	11	126829359	0.117789928413183	0.062908611305734	0.0611516265343945
chr11:130038952:T:C	11	130038952	-0.100222209303174	0.0746925530094033	0.179661973915625
chr11:130290657:C:T	11	130290657	-0.099965979972811	0.0784669759851082	0.202667695328036
chr11:131355535:G:A	11	131355535	-0.0228246676155299	0.0565627780175743	0.686559802634692
chr11:133238417:A:G	11	133238417	-0.0188026893123948	0.0423145620363193	0.656785906702448
chr11:133300920:A:C	11	133300920	0.132117561688327	0.137662603017553	0.337196124277387
chr11:133409278:A:G	11	133409278	-0.0491522716102139	0.0383229615602343	0.199639191516111
chr11:134309503:C:T	11	134309503	0.0149662870689888	0.0406788642745448	0.712938031756282
chr12:5192681:C:T	12	5192681	0.0224317583967594	0.0529031885344609	0.671554695951866
chr12:5448727:G:A	12	5448727	0.0500957981050229	0.0554979936085734	0.366706570948714
chr12:6639294:C:T	12	6639294	0.119871452200224	0.0788702269231694	0.128546965146656
chr12:19523028:C:A	12	19523028	-0.0702152118544541	0.0641279203236808	0.273549846005178
chr12:19758400:A:T	12	19758400	0.0274043312324663	0.0896981477451989	0.759972235685032
chr12:20003679:T:A	12	20003679	-0.0573650585505332	0.070577732245112	0.416336978506116
chr12:21333090:G:A	12	21333090	-0.0176882545378841	0.0473498697702393	0.708727970738936
chr12:25518059:A:T	12	25518059	-0.0048226394923636	0.0471183593998454	0.918477599133308
chr12:28965843:C:T	12	28965843	-0.0308282059262181	0.0683608069817424	0.652016096759366
chr12:32086665:A:C	12	32086665	-0.00934848526329714	0.0621800090414713	0.880492028052147
chr12:44631613:C:T	12	44631613	0.0664066071451848	0.0838513773923368	0.428386292678378
chr12:48567461:T:G	12	48567461	0.0096783070238297	0.0609905501158026	0.873916777928197
chr12:51039498:T:C	12	51039498	-0.0952478462666395	0.0851225473183962	0.263161611027177
chr12:52880890:G:T	12	52880890	0.033347415108655	0.0570963866066349	0.559183485486618
chr12:53646626:C:G	12	53646626	-0.0613995677888538	0.0835138811919478	0.46221651538052
chr12:53680144:C:A	12	53680144	-0.111512326018751	0.0781365155548355	0.153537408580721
chr12:54366280:G:A	12	54366280	0.0265583347376035	0.0447834943840567	0.553155410754734
chr12:55599330:T:C	12	55599330	0.00152078542878764	0.102330330298852	0.98814264993421
chr12:56675083:C:T	12	56675083	-0.013859096673695	0.0561400399643465	0.80501152250957
chr12:57436134:C:T	12	57436134	0.0888019097827863	0.0616688038954024	0.14987275681686
chr12:58724212:C:T	12	58724212	-0.0746260080127648	0.0723416824379187	0.302270369662833
chr12:59048769:A:C	12	59048769	-0.0042957681885168	0.0559126931257565	0.938758841977236
chr12:59161225:G:A	12	59161225	0.00815924538728064	0.115773727587491	0.94381496614763
chr12:59226687:C:T	12	59226687	0.12867806880148	0.0627499379774739	0.0403011855563169
chr12:63113400:T:C	12	63113400	0.0881368308473959	0.0677468313119028	0.193267532679914
chr12:64271340:C:T	12	64271340	0.010356524442092	0.0600114469468023	0.862984862477256
chr12:64756705:C:T	12	64756705	0.0239424598495038	0.0499147292898892	0.631464034259399
chr12:67050802:C:T	12	67050802	-0.104698095389064	0.0633079281116168	0.0981699414234095
chr12:71564908:A:G	12	71564908	-0.0802558843142062	0.0502522939920621	0.110252529994671
chr12:73909094:G:A	12	73909094	0.0339679757356742	0.0488238608863879	0.486601128659376
chr12:81126959:G:A	12	81126959	0.0658864666132401	0.0498425643919748	0.186204253829463
chr12:83608380:A:G	12	83608380	0.0223701624912274	0.0510439245420469	0.661202758495358
chr12:90727178:A:C	12	90727178	-0.0141288128164587	0.0520881365721215	0.786200150720537
chr12:92596791:C:T	12	92596791	-0.0678752191778275	0.0622097312572547	0.275241744936516
chr12:95914573:A:T	12	95914573	-0.0269349493386829	0.0539489287551542	0.617590914259705
chr12:101611098:G:C	12	101611098	-0.0206459727742207	0.0638472762623749	0.746418853153659
chr12:105967464:T:C	12	105967464	0.0453200940747771	0.0530775040926771	0.393189492875021
chr12:109533295:C:T	12	109533295	-0.00656618769597472	0.0908883622132853	0.942407301916545
chr12:112209515:G:A	12	112209515	0.121751637735502	0.0742549354829232	0.10107926965516
chr12:120976632:C:A	12	120976632	0.0187666461958304	0.0941918140548237	0.842076097649933
chr12:125875525:T:C	12	125875525	0.0482456179690466	0.0663858398891422	0.46738180504787
chr12:126449337:A:G	12	126449337	-0.0920735940871634	0.051243539312831	0.072369847525855
chr12:131091094:G:A	12	131091094	0.0510113738664565	0.040416262780178	0.206894925045965
chr12:132776953:G:A	12	132776953	-0.291933730585447	0.186817164300317	0.118130042158731
chr13:19545220:A:G	13	19545220	-0.0432230462744944	0.0501336282541617	0.388601263005092
chr13:22977365:T:G	13	22977365	-0.15459290552035	0.0877836417366427	0.0782270040119895
chr13:24330599:T:C	13	24330599	0.115225898079174	0.0542129162306428	0.0335505346693173
chr13:24623185:A:C	13	24623185	0.0418810798839904	0.0585033721193934	0.474068764873095
chr13:25202506:T:G	13	25202506	-0.0992458661431363	0.0869187869284164	0.25352761866334
chr13:26234118:A:T	13	26234118	0.00892822487749725	0.062352152311705	0.886139871584021
chr13:26494236:G:A	13	26494236	0.0679309879288356	0.0531183355629477	0.200945874528825
chr13:27255876:A:G	13	27255876	-0.0479143909822086	0.120395552237067	0.690648791107823
chr13:42909938:A:G	13	42909938	-0.0347213262720315	0.0602118047549842	0.564173793793937
chr13:45470952:C:T	13	45470952	-0.0153844144739326	0.106481940967997	0.885122162952794
chr13:45708351:G:A	13	45708351	-0.0735333422255367	0.0946383049232966	0.437162639856641
chr13:45809177:C:G	13	45809177	0.02092282436304	0.0402987435428616	0.603626180627518
chr13:50558767:A:T	13	50558767	-0.0072221766575631	0.0887837494774139	0.935167027389721
chr13:58710908:G:A	13	58710908	0.0387039795580729	0.0580841719214607	0.505191906686201
chr13:58934154:C:T	13	58934154	0.0741508769972922	0.0527245827957073	0.159610875486594
chr13:70397215:T:C	13	70397215	0.0527857125071537	0.0613461168526071	0.389537025685881
chr13:70990050:T:C	13	70990050	-0.136114558520943	0.100336774180272	0.174915658945131
chr13:75832713:T:C	13	75832713	0.0563068815669243	0.0933417016198221	0.546353078328249
chr13:86776101:G:A	13	86776101	0.0604371392410394	0.0469079903445462	0.197600198542889
chr13:91472230:T:C	13	91472230	-0.0292154914031898	0.0548312902603374	0.594154610563765
chr13:93235990:C:T	13	93235990	0.120051640714625	0.056140654248532	0.0324836198542349
chr13:96765286:G:A	13	96765286	0.0822348736218532	0.0739293484949985	0.265990235220556
chr13:102180181:A:G	13	102180181	-0.00318450963833859	0.0662098750083796	0.96163877724277
chr13:104405113:C:T	13	104405113	0.0254665638301486	0.0608850682813801	0.675747724139269
chr13:106009559:G:C	13	106009559	0.0297294533705741	0.0570134173726222	0.602055687150819
chr13:106084136:A:G	13	106084136	0.0590937743603636	0.0553158232295493	0.285386183452528
chr13:112716578:T:C	13	112716578	0.0859741152334656	0.0550671935271236	0.118462808502432
chr14:21167555:A:G	14	21167555	-0.103310501209658	0.108000619290223	0.338782706143381
chr14:26929954:A:G	14	26929954	0.00235942100727432	0.0569037085506141	0.966926473424303
chr14:27823594:G:A	14	27823594	0.0123991050580854	0.0631379667451683	0.844311867216968
chr14:34182794:A:C	14	34182794	0.0576469399705943	0.0915865479919291	0.529070305013408
chr14:38216062:T:A	14	38216062	0.107359389693084	0.0661059683325529	0.104365164233435
chr14:38962987:G:A	14	38962987	-0.116054026323012	0.0922599600631361	0.208427051180611
chr14:39925237:C:T	14	39925237	-0.00894067010042103	0.081948851711065	0.913122687294727
chr14:44446011:A:G	14	44446011	0.021704194152138	0.0560855136292176	0.698768082827178
chr14:48685878:C:A	14	48685878	-0.0860564953868501	0.0616291945585904	0.16260634228957
chr14:51426205:T:C	14	51426205	-0.0330364014278121	0.0667225238078009	0.620507531082208
chr14:52881822:T:G	14	52881822	-0.0145679892503257	0.0762198233369682	0.848422773797551
chr14:53358297:A:G	14	53358297	-0.00830487759696414	0.057021520426916	0.884201942935105
chr14:56254615:G:A	14	56254615	0.0876141387803734	0.0579945796414582	0.130857310743238
chr14:57978070:T:C	14	57978070	0.0678879547427027	0.0567294003250649	0.231424322389718
chr14:62445185:T:C	14	62445185	-0.0100877015575438	0.0587708550028546	0.86371691984289
chr14:67518615:G:A	14	67518615	0.118351390741431	0.0545425619196377	0.0300151369239665
chr14:68863518:T:G	14	68863518	0.00649070487001635	0.0569391496729584	0.909242780267259
chr14:77734277:G:A	14	77734277	-0.0297959871949994	0.0763666560660621	0.696410756564513
chr14:81022028:G:A	14	81022028	-0.121132884285881	0.0927926771317736	0.191751824037198
chr14:81884763:T:G	14	81884763	0.0752885713185859	0.0996479685024304	0.449921759761642
chr14:82929256:T:A	14	82929256	0.00188623496046831	0.0798994747660783	0.981165608720709
chr14:84531019:T:G	14	84531019	-0.0877984911033765	0.0693946789371639	0.205797869481637
chr14:84812257:C:T	14	84812257	-0.0811209859091474	0.0464095710671364	0.0804750136003203
chr14:90804831:C:G	14	90804831	0.0214263446345254	0.0621923080993498	0.730457063453631
chr14:91397629:G:T	14	91397629	0.00631587234324038	0.0648581390614181	0.92242478901282
chr14:91532430:A:C	14	91532430	-0.0337527672557474	0.0680905653529558	0.620103247459769
chr14:91961156:T:C	14	91961156	-0.0748677711140263	0.0562846563740353	0.18346455010027
chr14:92998270:C:G	14	92998270	0.0869437060562892	0.0837886708885955	0.299430853577524
chr14:93757265:G:A	14	93757265	-0.0897408857643301	0.0686863971180124	0.191372149636425
chr14:93769225:C:T	14	93769225	-0.193059491325541	0.120458847366938	0.109000726309479
chr14:98340169:A:G	14	98340169	0.143233234189183	0.0589284506847335	0.0150726161161785
chr14:100721312:C:T	14	100721312	0.0946872417191469	0.059315490830461	0.110414592905442
chr14:102093442:A:G	14	102093442	-0.00878843933741913	0.0772865102195029	0.909465733551379
chr15:24165057:A:G	15	24165057	0.0487768810911254	0.0693421794809112	0.481792202590342
chr15:26353849:A:G	15	26353849	-0.0382057155394666	0.0549487359884883	0.486868917401018
chr15:28182824:G:A	15	28182824	0.000339936461812802	0.058769782081079	0.995384897943936
chr15:33665926:A:G	15	33665926	-0.0828216734828836	0.068046741653343	0.223555077768997
chr15:34880184:A:T	15	34880184	-0.103480795018343	0.055594703655814	0.0626957987870898
chr15:37080410:C:T	15	37080410	0.062481960948475	0.0602661191556601	0.299844169251928
chr15:37762539:C:G	15	37762539	-0.0419243247608863	0.123832943570172	0.734944606725706
chr15:52558833:C:G	15	52558833	-0.00939539861855523	0.0662706702681678	0.887259229457803
chr15:55712443:A:G	15	55712443	-0.0297278056524512	0.082416969475744	0.718323681508801
chr15:57522102:A:T	15	57522102	-0.0157293354016693	0.0476280128466519	0.741208148199779
chr15:57590535:T:C	15	57590535	0.0956902142462024	0.0848131289144282	0.259215341022776
chr15:58439508:G:A	15	58439508	-0.0283093884303977	0.061642744249579	0.646055136427212
chr15:69786285:T:C	15	69786285	-0.0272761648998272	0.0537863505262928	0.61207022069374
chr15:71331250:T:C	15	71331250	0.0905965224510212	0.0798307481398685	0.256435033773532
chr15:74245092:G:C	15	74245092	0.0664808626952838	0.0673453356007089	0.32356245208522
chr15:76807237:T:C	15	76807237	0.159128563571912	0.0818727973829178	0.0519428294101973
chr15:77734259:G:A	15	77734259	-0.00249782823718509	0.0531586920233176	0.962522677386251
chr15:79750604:G:T	15	79750604	-0.103944539688379	0.0618203368153605	0.0926857938667635
chr15:81697597:G:A	15	81697597	0.0608879150599502	0.06406134460457	0.341877225776484
chr15:87989871:C:T	15	87989871	-0.0633519006126548	0.0494861284692735	0.200476518660482
chr15:88891382:T:C	15	88891382	-0.00754128686926625	0.0531733065859913	0.887218494075431
chr15:89804552:C:T	15	89804552	-0.133361331987787	0.209839405366287	0.525076298825621
chr15:94791129:A:G	15	94791129	-0.0675804834340598	0.0719235965481867	0.34741512736894
chr15:97043895:A:G	15	97043895	0.0749121998502209	0.060331296587861	0.214354434761023
chr15:98725394:C:T	15	98725394	-0.269606100924075	0.134361094483537	0.0447945486158513
chr15:100978492:T:G	15	100978492	0.00983287460508961	0.0514382872326095	0.848401282551596
chr16:2671727:C:T	16	2671727	0.113458939596823	0.0653931835627286	0.0827360216147626
chr16:4957642:T:C	16	4957642	-0.0633053875621175	0.0552513466953454	0.25188994132551
chr16:5603936:C:T	16	5603936	0.164500035484573	0.110694913934688	0.137261455330565
chr16:5884026:G:T	16	5884026	-0.0138279899699071	0.0482610335072717	0.774476090644772
chr16:6848656:G:A	16	6848656	0.0700987396734967	0.0501277662084168	0.161992555643918
chr16:7909855:G:A	16	7909855	-0.0272464505313156	0.0538286945902915	0.6127375716282
chr16:8273542:C:G	16	8273542	0.0176335760967646	0.0454860702442298	0.698260401880672
chr16:12394716:C:T	16	12394716	0.000387514383605881	0.0702584203101672	0.995599243838145
chr16:13985277:C:A	16	13985277	0.0192307090940906	0.0624633857245008	0.758179956481865
chr16:17779668:G:A	16	17779668	-0.101438573587821	0.0867097483051513	0.242055886183792
chr16:29740733:G:C	16	29740733	-0.0947299077585488	0.0482299711753814	0.0495150793305087
chr16:31127124:G:A	16	31127124	0.0134047190787187	0.0673475508024914	0.842233051331747
chr16:56688556:C:T	16	56688556	0.00662682185907582	0.0571738538640268	0.907726636316928
chr16:60324635:A:C	16	60324635	-0.139561535514392	0.0849190316710586	0.100286568490273
chr16:60499572:C:T	16	60499572	-0.0513835164693344	0.052868941542854	0.331098491209647
chr16:62273123:C:T	16	62273123	0.00198854023626191	0.0512174547328323	0.969029561615411
chr16:65972427:C:T	16	65972427	-0.00999389722605044	0.041419798066548	0.809335709248353
chr16:69246420:T:C	16	69246420	-0.0842176083719415	0.0567331315937695	0.137689058936002
chr16:71908403:G:A	16	71908403	0.0841632414239749	0.0619209556919789	0.174081796739244
chr16:72103328:C:A	16	72103328	-0.0762245077493247	0.035198131621523	0.030342996468959
chr16:74837740:A:C	16	74837740	0.0574377743220668	0.0593729311002121	0.333340736949279
chr16:79886631:C:T	16	79886631	-0.0575907903577572	0.0907990207113706	0.52590681967189
chr16:81396153:C:A	16	81396153	0.0921810601229297	0.0474804338078393	0.0522032798000526
chr16:82294878:C:G	16	82294878	0.00178223085855658	0.0492629047710811	0.971140468591147
chr16:82421890:A:G	16	82421890	0.0174273082652378	0.0633079967453935	0.783102549507096
chr16:83827178:T:C	16	83827178	-0.143755350309498	0.0615103684885861	0.0194344345422007
chr16:84032337:C:T	16	84032337	-0.124337230456763	0.156068051033837	0.425633419920811
chr16:89303022:G:A	16	89303022	-0.0215968890886552	0.108874846049739	0.842760000440109
chr16:89331863:A:T	16	89331863	-0.148300722498069	0.0559406348505208	0.00802449239561909
chr16:89337630:T:C	16	89337630	-0.0687847959798319	0.0485906046307344	0.156893036788283
chr16:89479873:T:G	16	89479873	-0.109911684996667	0.073249284306354	0.133480926706864
chr16:90035976:C:A	16	90035976	0.0566449635873412	0.062577404620982	0.365360314353724
chr17:2489248:C:G	17	2489248	-0.0972654410526259	0.0603052475750284	0.106769452040194
chr17:4018176:C:A	17	4018176	-0.0332221534278708	0.0767043994031937	0.664928124508512
chr17:4147521:T:C	17	4147521	-0.0809262044985069	0.070519386781792	0.251144528342502
chr17:6949267:T:C	17	6949267	-0.128609412248997	0.0746031755809174	0.0847234822976504
chr17:7929448:A:G	17	7929448	-0.0735439739994704	0.0507203027278089	0.147061075571891
chr17:10308301:C:T	17	10308301	0.0255751132465795	0.162369900100891	0.874841809753868
chr17:12174148:T:C	17	12174148	0.00878912400874192	0.059416752161757	0.882403273800786
chr17:14402381:C:T	17	14402381	-0.11013747881032	0.101391851081044	0.277365868932841
chr17:15219976:C:T	17	15219976	-0.0416397063816949	0.0589620434213603	0.480056269131002
chr17:16482403:T:A	17	16482403	0.0157622112079448	0.0654350543696472	0.809645573152909
chr17:18684803:A:G	17	18684803	0.106500794287475	0.0662014928741826	0.107673850960825
chr17:20040710:T:C	17	20040710	-0.0526355687895394	0.0701882743899899	0.453303076472022
chr17:21275023:A:C	17	21275023	0.117667767335362	0.0557395935348539	0.0347700213913793
chr17:30609729:C:T	17	30609729	-0.125886403646257	0.0984466751027496	0.200993272235752
chr17:31554254:C:T	17	31554254	0.191441514213838	0.0671264845497301	0.00434516566292631
chr17:33472425:T:G	17	33472425	0.0610350559216465	0.0689049571861947	0.375732780915715
chr17:44156671:T:A	17	44156671	-0.0921587608251996	0.0586058331428581	0.115830336350201
chr17:45754773:C:T	17	45754773	0.0215648606622978	0.065603684496949	0.742371743314557
chr17:48779278:C:T	17	48779278	0.0526669275449743	0.0500296998395491	0.292472437489381
chr17:52703044:C:G	17	52703044	0.140253617897857	0.0697697315640055	0.0444062293438717
chr17:53282498:G:T	17	53282498	0.00729383703225367	0.0613804363356903	0.905410043316905
chr17:58411807:C:T	17	58411807	-0.0704553213633801	0.12744321157931	0.580375037579245
chr17:61409438:A:G	17	61409438	-0.0935534154308162	0.0505978166918842	0.0644633710892633
chr17:61905160:C:T	17	61905160	0.0972898085580102	0.101452618567464	0.337574896744172
chr17:66262233:G:T	17	66262233	-0.00313548900356784	0.0495018465408015	0.949495087986053
chr17:66751216:C:T	17	66751216	0.0859957570392001	0.0650170412980579	0.185946848166161
chr17:66971178:A:G	17	66971178	-0.0937754582445789	0.0768490368863311	0.222368041749545
chr17:68771033:G:A	17	68771033	-0.0235015861508935	0.0607976024413021	0.699086055974965
chr17:69081332:C:T	17	69081332	-0.0949857596717064	0.0610105022453943	0.119500033767136
chr17:69213412:T:C	17	69213412	0.103229772870424	0.0508670907232036	0.0424173671346233
chr17:72829246:G:A	17	72829246	0.0689119175085858	0.0436217616241924	0.114161821527889
chr17:73506492:C:T	17	73506492	-0.0394190635431948	0.0521443833223345	0.449673229898744
chr17:75360149:C:G	17	75360149	-0.0398037342841065	0.0595049697319212	0.503550050004455
chr17:77625920:A:T	17	77625920	-0.0067770770289476	0.0676583825338267	0.920212450477889
chr18:1137045:A:T	18	1137045	-0.0882273810372628	0.0626986546913589	0.159378332173424
chr18:4080016:T:A	18	4080016	0.0633351675892469	0.077004287588232	0.410798732595391
chr18:8920896:G:C	18	8920896	-0.0875415599988072	0.127049619224334	0.490801610858078
chr18:9609299:C:T	18	9609299	0.0075124146339747	0.0488348570060368	0.877741379768604
chr18:10572326:C:T	18	10572326	0.0123044193981651	0.0467000491514842	0.792182444677484
chr18:11017906:C:T	18	11017906	-0.102243538145034	0.0573678176844391	0.0747091967258481
chr18:12120157:A:G	18	12120157	-0.107867985434558	0.108292884582564	0.319213030895331
chr18:14686017:A:G	18	14686017	0.07493532382795	0.0606634256043128	0.216732401752895
chr18:14895123:C:T	18	14895123	-0.00840883824517236	0.0676202490268929	0.901035112699929
chr18:30059135:A:G	18	30059135	0.0211725767609344	0.0510030843211903	0.678051527360281
chr18:32490781:T:C	18	32490781	-0.0635618071381618	0.064281482801495	0.322758895951756
chr18:36255061:C:A	18	36255061	-0.0747253734550203	0.0745435961447849	0.316131837647894
chr18:42762909:A:C	18	42762909	0.0318288912712019	0.0449635901617334	0.479018881972757
chr18:43928870:G:A	18	43928870	0.0510104019776932	0.0795807809446553	0.521529856059851
chr18:44831686:A:G	18	44831686	-0.205448023528952	0.197106110303494	0.297262443079452
chr18:45461168:C:T	18	45461168	0.0275048480551637	0.0546437882916511	0.614719540794105
chr18:47992191:T:C	18	47992191	-0.181659200748181	0.107445921075647	0.0908934349807842
chr18:49146783:T:G	18	49146783	-0.0937857561800673	0.0751226765209072	0.211871907826404
chr18:49872731:C:G	18	49872731	0.0562739829977539	0.0531884880202639	0.290050619498021
chr18:50485733:T:C	18	50485733	-0.0135049725284089	0.0732334542228218	0.853691919370751
chr18:58120958:C:T	18	58120958	0.00149477273269813	0.0984049766577042	0.987880590366962
chr18:59256389:C:T	18	59256389	0.0499405542938338	0.0537897637577825	0.353179512322626
chr18:62622293:T:A	18	62622293	-0.13440834467635	0.0790736232472759	0.0891709314347817
chr18:62998306:G:A	18	62998306	0.0635029073958578	0.0495199545073481	0.199712859260171
chr18:66103927:C:T	18	66103927	0.113489880694575	0.0584990554086787	0.0523761308478536
chr18:66206557:C:T	18	66206557	0.0161081235851334	0.0638455605009303	0.800810535844097
chr18:68001558:G:A	18	68001558	0.0833965342144263	0.0647472736872358	0.197734965081556
chr18:69946690:A:G	18	69946690	-0.238206465975331	0.118372243109391	0.0441829817433853
chr18:71730181:C:T	18	71730181	-0.0353996253220584	0.0465766002191257	0.447236500564309
chr18:72912108:T:C	18	72912108	-0.00378784024713228	0.0561533683682811	0.946219275597464
chr18:73248491:G:A	18	73248491	-0.04340267541314	0.0647630392210829	0.502745199384148
chr18:77734991:G:A	18	77734991	-0.235814329924296	0.106890001506077	0.0273741843570663
chr19:2907557:G:A	19	2907557	-0.0203318062174569	0.0499566921602839	0.68401633147313
chr19:16021187:G:A	19	16021187	-0.00662257989288913	0.0508840540217649	0.896447437185226
chr19:17584922:G:A	19	17584922	0.0792331420396931	0.0496421797532265	0.110469801121957
chr19:18704666:C:T	19	18704666	0.0434837607701648	0.0701197734778695	0.535168581976758
chr19:18737022:C:T	19	18737022	-0.0649754685718022	0.0711267799068646	0.360971096148607
chr19:18805179:A:G	19	18805179	-0.0145068695573971	0.0641710289441742	0.821150309599495
chr19:21560366:G:T	19	21560366	0.0322111955605235	0.0562491873076675	0.566880512814147
chr19:21659434:G:C	19	21659434	-0.0464989953365238	0.058022494720642	0.422902428520548
chr19:33474662:T:C	19	33474662	0.026449615576924	0.0526500536326127	0.61540984066942
chr19:37956680:C:T	19	37956680	-0.0196917720024884	0.0579538416746701	0.734019407660769
chr19:38120117:A:T	19	38120117	-0.0993035833743837	0.0729543318872978	0.173458519684615
chr19:44380983:T:C	19	44380983	-0.126897031043588	0.0818191186820469	0.120914636524776
chr19:44819986:A:G	19	44819986	-0.0496224856618801	0.0557029151078472	0.373014042019551
chr19:48685001:C:T	19	48685001	-0.0697684948766991	0.0692204400538961	0.313494055860485
chr19:51210487:G:T	19	51210487	0.0224122651580776	0.0542002066421609	0.679233839212695
chr19:51552139:T:A	19	51552139	0.103393099864916	0.0509268415388048	0.0423333685075131
chr19:52714810:C:T	19	52714810	-0.00629268867961988	0.0624654579196173	0.919757893864438
chr19:53330671:T:C	19	53330671	0.0731137725390502	0.0641712218860435	0.254555311708996
chr19:54944544:G:A	19	54944544	-0.0520701799210028	0.0843982338098398	0.537262316454394
chr19:57195010:G:C	19	57195010	-0.0911250694039529	0.0797043193748205	0.252918631987866
chr20:1709120:A:G	20	1709120	0.0227809695856806	0.0795091433371787	0.77447978274287
chr20:1735934:T:G	20	1735934	0.0460644216689528	0.0643425311622186	0.47403770819783
chr20:1906500:G:T	20	1906500	0.0108697707304238	0.0458192651100023	0.812477238510715
chr20:3649460:G:A	20	3649460	0.0580250678130041	0.0458046787865356	0.20522914894155
chr20:5407753:C:T	20	5407753	-0.0626519691965167	0.0845068537031878	0.458461073531689
chr20:5860313:T:C	20	5860313	-0.0128119804983848	0.0775464367439345	0.868773277856981
chr20:7000966:A:C	20	7000966	0.0279934145124114	0.0594054614834512	0.637479155039723
chr20:12129436:G:A	20	12129436	-0.0752704941225521	0.0835482711212758	0.367629674657381
chr20:13244402:C:A	20	13244402	-0.135754667484178	0.161068008779472	0.399317562199929
chr20:31347432:T:C	20	31347432	0.0306402293400286	0.0470175298588853	0.514609747804986
chr20:37593342:C:T	20	37593342	-0.0649862606310568	0.0596444394621832	0.275906529672502
chr20:38200488:G:A	20	38200488	0.0599624471734754	0.0463657961296665	0.195925492544552
chr20:38350608:A:G	20	38350608	-0.0844188140741283	0.0759955735141335	0.266637841913176
chr20:45729681:A:G	20	45729681	-0.0461987692821012	0.0441711633214017	0.295605640901211
chr20:48501317:C:T	20	48501317	0.108047277462359	0.0581550158707082	0.0631805946601991
chr20:49036824:T:G	20	49036824	-0.0705126219016672	0.0561040619996671	0.208819372868906
chr20:50371082:C:T	20	50371082	-0.0912124435225953	0.0607858557127668	0.133471022275936
chr20:52513956:G:A	20	52513956	0.0320786132837696	0.097574828272092	0.742337775274894
chr20:54253971:A:G	20	54253971	0.155515936481731	0.0519804383489455	0.00277322844558581
chr20:58480201:T:G	20	58480201	-0.0488295707208764	0.0425203939016655	0.250811718914178
chr20:60073360:C:T	20	60073360	-0.00239003823232842	0.0493049418628774	0.961337992395075
chr21:14869783:A:G	21	14869783	0.0974973848553552	0.0701887257805341	0.164810029023695
chr21:15297615:T:C	21	15297615	-0.0378487429825355	0.0712497381747294	0.595271615052115
chr21:15686888:A:G	21	15686888	-0.267819613797337	0.166559723809188	0.107846253625654
chr21:18805376:C:A	21	18805376	-0.0491038514804779	0.056982750140572	0.388835087064472
chr21:22007486:G:T	21	22007486	-0.0476049893945085	0.0485496387833695	0.326818348622665
chr21:24026351:C:T	21	24026351	0.0560977018424693	0.0543895573519804	0.302350588575661
chr21:26647335:G:C	21	26647335	0.00941370865719928	0.0512956096154693	0.85439096999077
chr21:28043199:C:G	21	28043199	-0.0679410625858429	0.0628539181270236	0.279725585319876
chr21:29538421:G:A	21	29538421	-0.10964768932266	0.164817829184161	0.505880406561089
chr21:31885030:A:G	21	31885030	-0.0619912250433352	0.0515192699143236	0.228874609086047
chr21:35502622:A:T	21	35502622	0.0138198435989489	0.0560663307306081	0.805302202677225
chr21:36306638:T:G	21	36306638	-0.0673937325546864	0.0624400438412686	0.280438359755131
chr21:41442549:G:A	21	41442549	0.026594458858702	0.0741259291377109	0.719764136655266
chr21:42627184:G:A	21	42627184	0.00298098415617678	0.0606266832059714	0.960784211331934
chr22:20147688:T:C	22	20147688	-0.0350109000555085	0.0594099753152697	0.555653253161463
chr22:23891985:A:G	22	23891985	0.0304158446254417	0.0582937039693129	0.601831211990484
chr22:24245985:G:T	22	24245985	-0.0771294030939445	0.0636190811871222	0.225373560111922
chr22:28624303:G:A	22	28624303	0.0472372248693508	0.0962059175020009	0.623425569935265
chr22:30376697:C:T	22	30376697	-0.0817614458122214	0.141178068751454	0.562496723510542
chr22:30662128:G:A	22	30662128	0.00614862323465755	0.055236646055489	0.911367192997648
chr22:36298345:C:A	22	36298345	-0.0789264216570726	0.0390806388372468	0.0434271173312758
chr22:36977479:G:A	22	36977479	0.0835154685603945	0.0822229365308528	0.309762813852037
chr22:42350572:C:T	22	42350572	-0.112491963507748	0.119216471752207	0.345377090625952
chr22:42475109:T:G	22	42475109	0.0377243095687889	0.0459828827128848	0.411988703042338
chr22:44719519:A:G	22	44719519	-0.167112302822518	0.0899093513189328	0.0630731572078612
chr22:44805054:T:C	22	44805054	-0.00283221648590547	0.0994126171247771	0.977271736558498
chr22:45210278:T:C	22	45210278	-0.0319971124221807	0.0472428890446252	0.498222295297171
chr22:47062473:C:T	22	47062473	-0.257996244578941	0.111774216607002	0.0209885136502981
chr22:48785864:A:G	22	48785864	0.00971478285517896	0.110171358911477	0.929734533405448
chr22:49668266:A:G	22	49668266	-0.0200796502310607	0.0653755110476832	0.758734300511742
chr22:49926053:G:A	22	49926053	-0.117803912833512	0.10094381860479	0.243200462002889
