SNP	CHR	POS	est	stderr	pval
chr1:1837340:C:T	1	1837340	-0.0315349937797078	0.293328978632155	0.914386568739582
chr1:2261200:G:C	1	2261200	-0.0575642352300865	0.243472705784741	0.813099072220969
chr1:14678191:A:C	1	14678191	-0.189830975331296	0.19075028378187	0.31964845207598
chr1:14985097:C:T	1	14985097	0.113449871755583	0.259530886939029	0.662013899874216
chr1:20215506:G:C	1	20215506	0.269675326833693	0.202917652645776	0.183851601337899
chr1:22009627:T:C	1	22009627	-0.0348805302954629	0.223633162796507	0.87605502618478
chr1:22126221:C:T	1	22126221	0.19236009641798	0.228647600810005	0.400182658955707
chr1:23180575:A:G	1	23180575	-0.202096549712718	0.228090815668855	0.375598421864224
chr1:26058659:G:C	1	26058659	-0.375922403420531	0.228863050243124	0.100472996858764
chr1:28670719:C:T	1	28670719	-0.0646286259618367	0.192306578985926	0.736817476853545
chr1:29753056:A:C	1	29753056	0.0566890513724121	0.211591396296711	0.788762773981394
chr1:29908726:A:G	1	29908726	-0.211369868501949	0.291070771051633	0.467728228912663
chr1:31886486:G:T	1	31886486	0.123685116662854	0.187899255669324	0.51037602508181
chr1:37838865:C:T	1	37838865	0.283449270107953	0.312052392287749	0.363699292103442
chr1:39880059:T:C	1	39880059	0.000900310303592658	0.197640030009769	0.996365406305726
chr1:43202709:G:A	1	43202709	0.19489806109954	0.214812359690373	0.364251109898186
chr1:47498869:G:A	1	47498869	0.394276102107425	0.230852695390714	0.0876526614408024
chr1:54900240:G:A	1	54900240	0.033910097744275	0.197223329044085	0.863486618564802
chr1:65351414:T:A	1	65351414	0.271896595536337	0.196675753925564	0.16683014106457
chr1:66254178:T:A	1	66254178	-0.0310049044651037	0.204685273636396	0.879600249476172
chr1:73302339:T:C	1	73302339	-0.0234925447825163	0.166952169614691	0.888095708772638
chr1:73563666:T:C	1	73563666	0.0309565132413797	0.299434281809302	0.917658741791213
chr1:76062379:T:C	1	76062379	-0.189061546991324	0.215375253538383	0.380039287298167
chr1:86928231:G:T	1	86928231	0.341766273974378	0.269538915043595	0.204809968088166
chr1:88611347:G:A	1	88611347	-0.40478046437441	0.272167521513702	0.136949456382336
chr1:91057167:C:A	1	91057167	-0.195907629681149	0.265025607147384	0.45978395523097
chr1:91093925:G:A	1	91093925	0.351012784052178	0.238070656339667	0.140372332639636
chr1:92475800:A:G	1	92475800	0.177299698066768	0.200267532876378	0.375987173447265
chr1:94752415:G:A	1	94752415	-0.0749837809060935	0.28191441055299	0.790254103979701
chr1:95614324:G:A	1	95614324	-0.651623367126088	0.437304596371942	0.136200476340662
chr1:99691102:T:C	1	99691102	-0.177335832633566	0.206681813799002	0.390884885580106
chr1:104937367:T:A	1	104937367	0.104541040670102	0.209595747613266	0.617938164860816
chr1:153704237:C:A	1	153704237	0.0624575036592677	0.216744537609352	0.773222861567877
chr1:159540226:C:T	1	159540226	0.0185630170526713	0.240783437504488	0.938548572093974
chr1:165647351:T:C	1	165647351	0.0387991832833875	0.205910238790533	0.850541422984052
chr1:168863629:G:A	1	168863629	0.0948673563373755	0.275917211132964	0.73097756747836
chr1:171350391:G:A	1	171350391	-0.430052385646733	0.256044381145423	0.0930349828629601
chr1:173013575:C:G	1	173013575	0.125367581420111	0.301518725175182	0.677565835424187
chr1:178947344:C:A	1	178947344	-0.140530991747957	0.283433585229794	0.620024023013419
chr1:186638909:G:T	1	186638909	0.321280192498443	0.234046999788372	0.169840478913692
chr1:188272062:T:C	1	188272062	-0.0441526182700374	0.250306417232076	0.859984204313114
chr1:193365737:C:T	1	193365737	-0.383798783459655	0.247623640273371	0.121158827406423
chr1:195033388:T:C	1	195033388	0.455686587732451	0.279026342531121	0.102441434481112
chr1:195907914:A:G	1	195907914	0.106270770068468	0.22079303984032	0.630293384162397
chr1:196692375:G:C	1	196692375	-0.17343638589795	0.219571368005897	0.429594251604275
chr1:197559019:A:G	1	197559019	0.114385696047288	0.257255956273435	0.656581600096025
chr1:199160726:G:A	1	199160726	-0.0051719033162369	0.221967225940722	0.981410731114732
chr1:204277152:T:C	1	204277152	-0.419984063874662	0.272251847604488	0.122920399850443
chr1:207498131:C:T	1	207498131	0.0365014757290493	0.233241082958121	0.875641466344432
chr1:210496535:G:A	1	210496535	-0.330177194586881	0.31323414894575	0.29184140637828
chr1:212937214:T:G	1	212937214	-0.026112200943539	0.16609128384375	0.875074649000602
chr1:219750864:A:G	1	219750864	0.253302204112999	0.210910779046606	0.229754220422094
chr1:221920463:G:A	1	221920463	-0.130608036754588	0.302146840888665	0.665547541135058
chr1:227462684:A:G	1	227462684	-0.579260601594179	0.441916574253966	0.189928129144434
chr1:234456961:G:A	1	234456961	-0.0233452811132461	0.244001261166571	0.923777198104668
chr1:237308322:A:G	1	237308322	-0.312265788066716	0.226140749159174	0.167325991120425
chr1:244583991:C:T	1	244583991	-0.416766410472042	0.32314088919846	0.197142365144442
chr1:247190028:T:C	1	247190028	-0.123796844719992	0.252864580931368	0.624432802285892
chr1:247897239:C:T	1	247897239	-0.326430597142908	0.255748833253276	0.201824122041452
chr2:3248328:A:G	2	3248328	-0.0354903238639196	0.168592203345894	0.833269744222415
chr2:6804400:G:A	2	6804400	-1.45022075470888	0.495903055979475	0.00345116794209188
chr2:9411790:A:C	2	9411790	0.279090245504172	0.244122999716483	0.252940544649557
chr2:12096367:C:T	2	12096367	0.119238104697071	0.237150106666266	0.615107766512575
chr2:13545005:C:T	2	13545005	0.045033459801778	0.237620552231886	0.849686558592494
chr2:16009716:A:G	2	16009716	0.167188700697979	0.21382912424736	0.434285141007334
chr2:16367899:A:T	2	16367899	-0.34560142946709	0.183505722714702	0.0596559578949559
chr2:17630111:A:C	2	17630111	-0.407124864943106	0.272769519011088	0.135552408466586
chr2:17928966:C:G	2	17928966	-0.548828916503939	0.312392858679024	0.0789425489464806
chr2:18261494:A:T	2	18261494	-0.249547488929871	0.216700271420459	0.249494101507376
chr2:19530615:T:C	2	19530615	-0.0884119015388149	0.21975088748519	0.68744276290319
chr2:19562158:T:C	2	19562158	-0.218738928945367	0.293796255187989	0.456558362489441
chr2:27383116:G:A	2	27383116	-0.105462470866596	0.193324540739037	0.585395689270033
chr2:37762298:C:T	2	37762298	0.27615891900405	0.266250884299909	0.299636529853905
chr2:42010994:T:A	2	42010994	0.181058343241528	0.205559531384572	0.378422108419286
chr2:45824390:C:G	2	45824390	-0.0339854327467674	0.314685822277297	0.913997295558042
chr2:49789441:T:C	2	49789441	-0.0814420174731556	0.237227748258322	0.731367290415701
chr2:49994518:G:A	2	49994518	0.274363430302666	0.219304411022698	0.210911832783466
chr2:51284042:G:A	2	51284042	-0.051162676692023	0.28917860029038	0.859567972601099
chr2:51344078:G:A	2	51344078	-0.416269275691289	0.251850679331524	0.0983631085114813
chr2:57278002:C:A	2	57278002	0.34915655451096	0.250475808720708	0.163325709909741
chr2:57368273:A:G	2	57368273	-0.223509707774862	0.215879099699001	0.300507040078369
chr2:60373837:A:G	2	60373837	-0.204867177652878	0.321250423490282	0.523657265996788
chr2:61147014:T:C	2	61147014	-0.108945317550893	0.204923072387521	0.594975303321625
chr2:61693274:A:G	2	61693274	-0.0298475108437505	0.205305780858033	0.884410253065832
chr2:65295480:C:T	2	65295480	0.00839708122972315	0.185388179321016	0.963872501045944
chr2:66031496:T:C	2	66031496	-0.221316590603023	0.226271917376744	0.328024806188804
chr2:69165635:T:C	2	69165635	0.404449195349578	0.259375606447077	0.118921002651948
chr2:76651386:C:A	2	76651386	0.275815552219383	0.235591774732011	0.241705285089794
chr2:79784490:C:G	2	79784490	0.489727917930768	0.258341565583402	0.0580049431751645
chr2:82619301:T:C	2	82619301	-0.0615919945696204	0.249967173964169	0.805372349522005
chr2:83400799:T:A	2	83400799	0.301450437369925	0.298669876274907	0.312826074764078
chr2:85744328:G:A	2	85744328	-0.334839779040725	0.297607731212582	0.26054478111181
chr2:85757440:T:A	2	85757440	-0.115141583000572	0.199274944763279	0.563397393613336
chr2:99811694:T:C	2	99811694	0.0247014042055999	0.204931177639286	0.904059260250523
chr2:101228073:A:C	2	101228073	-0.18469248785794	0.247894846289622	0.456245316085144
chr2:106861882:T:C	2	106861882	0.147182584737205	0.270756654675418	0.586718622502532
chr2:108083619:T:C	2	108083619	0.0365799203175697	0.219540531493702	0.867668780117873
chr2:118004610:C:T	2	118004610	-0.348293966546028	0.171017605282983	0.0416904292044831
chr2:119455921:A:G	2	119455921	0.0649558101643324	0.221716762416296	0.769546977765028
chr2:120644763:G:A	2	120644763	0.0544008949047928	0.187385548714903	0.771575022233532
chr2:120916837:A:G	2	120916837	0.286771255316134	0.195702658249348	0.142827729633548
chr2:122628686:C:A	2	122628686	0.27016529816711	0.207449797456405	0.192808206846706
chr2:122629789:A:C	2	122629789	0.196927059043342	0.193248260608429	0.308185569967556
chr2:127192867:G:A	2	127192867	-0.280897663325917	0.169648546700081	0.0977699706769386
chr2:130915743:C:T	2	130915743	0.121036379278037	0.166941313532517	0.468437599580426
chr2:136507185:G:C	2	136507185	0.0882205810262111	0.154570563277359	0.56817161152527
chr2:141023592:C:T	2	141023592	-0.305979694065512	0.253581614449165	0.227573892148779
chr2:143017176:T:C	2	143017176	-0.168597929892448	0.403259102981068	0.675882528007239
chr2:143920023:G:T	2	143920023	0.291874922908368	0.219164957147219	0.182939366565709
chr2:144729333:C:T	2	144729333	0.204477009898494	0.18239539967614	0.262260402761462
chr2:148561010:G:C	2	148561010	-0.633990456264914	0.425737572891455	0.136445802497793
chr2:154835349:G:T	2	154835349	-0.298563425221089	0.307304368137892	0.33127144451252
chr2:164974626:C:A	2	164974626	0.193361731542176	0.327777909017028	0.555246356011512
chr2:167086954:T:G	2	167086954	0.0517929399081998	0.164336859064384	0.752637700915896
chr2:167657344:C:T	2	167657344	0.306846585046303	0.257150734953515	0.232769239023802
chr2:168647356:T:G	2	168647356	0.0612538124977339	0.222779630508953	0.783352745053506
chr2:170041677:A:G	2	170041677	0.259063475240443	0.350649252321458	0.460021857121855
chr2:171274449:C:A	2	171274449	0.395434069810102	0.173292423934779	0.0224958965346946
chr2:177787584:G:A	2	177787584	-0.355462085791011	0.35985060869746	0.323248355364907
chr2:179648558:C:T	2	179648558	-0.201121763938579	0.334709215782803	0.547916551137255
chr2:183527028:C:T	2	183527028	-0.325634733358922	0.310532240748674	0.294346500927219
chr2:184516924:T:A	2	184516924	-0.0391889977642987	0.274241431587783	0.886369454651174
chr2:197010424:G:A	2	197010424	0.174431311945578	0.327201188737518	0.59396360123757
chr2:209101337:G:A	2	209101337	-0.193678666162422	0.268336399272899	0.470432451937372
chr2:209103516:A:G	2	209103516	-0.37714442277965	0.334788380099529	0.259947227651482
chr2:210957182:G:A	2	210957182	0.112811458458684	0.210974903216056	0.592846904600989
chr2:214802180:T:C	2	214802180	0.0083865074959433	0.218337211438469	0.969360148229851
chr2:215209936:A:G	2	215209936	-0.288225873570119	0.224586550072157	0.199365234512922
chr2:220997842:C:T	2	220997842	-0.0241550423509625	0.183814549812281	0.895451097352735
chr2:226027918:G:A	2	226027918	0.0167950299766401	0.285480880515158	0.953086983806663
chr2:228947684:G:A	2	228947684	-0.0443677863131661	0.323157017164702	0.890797760280017
chr2:233152507:T:C	2	233152507	0.0979262850445286	0.172426430256896	0.570081939120272
chr2:235620294:A:T	2	235620294	0.0875902342021406	0.241804440472704	0.71717580036322
chr2:237288548:A:G	2	237288548	0.0877856258750396	0.178426526345896	0.622720235342314
chr2:237513585:T:C	2	237513585	-0.0217732849503179	0.264200831675861	0.934319196191666
chr2:237920759:T:G	2	237920759	0.107780339642067	0.216840645044777	0.6191547778261
chr2:240429648:C:T	2	240429648	0.0954382807191835	0.199284535890307	0.632006499158174
chr3:10127208:T:G	3	10127208	-0.0320636803297469	0.3174775231873	0.919554334600437
chr3:14082905:A:G	3	14082905	0.132382866950143	0.174371935877533	0.447733978311479
chr3:16798495:T:G	3	16798495	0.115091316668209	0.215251786430563	0.592869574427621
chr3:18882818:T:C	3	18882818	-0.0952668110226172	0.173144318917982	0.582171086278216
chr3:22245167:A:G	3	22245167	0.0393375727894139	0.198551658709534	0.842949135445889
chr3:24009496:G:A	3	24009496	-0.0420915008495223	0.189368706780424	0.824101573624586
chr3:24010534:C:T	3	24010534	0.0440735646644366	0.329723424511072	0.893664884996621
chr3:33421913:A:G	3	33421913	-0.0374384737917332	0.15717936128681	0.811734119020556
chr3:34471110:A:G	3	34471110	-0.291602357943448	0.195262482720993	0.135336041627631
chr3:35230331:G:A	3	35230331	0.309555380431386	0.211647926357986	0.143577997325536
chr3:41413926:T:C	3	41413926	-0.349876908459512	0.216852811858954	0.106651043506649
chr3:42098050:T:C	3	42098050	-0.170035640281887	0.179112308271752	0.342455773131226
chr3:46489654:A:G	3	46489654	-0.294843886709855	0.204461582693124	0.149288184141079
chr3:56959175:A:G	3	56959175	0.531383919861996	0.34392725637241	0.122334793912045
chr3:64441608:G:A	3	64441608	0.21740974188393	0.170211305735728	0.201498756541976
chr3:66995763:G:T	3	66995763	-0.119160778130379	0.230959166807253	0.605897205990851
chr3:68498445:T:C	3	68498445	-0.148020350892933	0.235625230550418	0.529871315035838
chr3:68824246:G:A	3	68824246	-0.804861491115359	0.30271856839702	0.00784246036470071
chr3:69021248:A:C	3	69021248	-0.276341432888226	0.295153380817141	0.349137369398493
chr3:69617754:T:G	3	69617754	-0.357118331036784	0.223514347518523	0.110100337281863
chr3:74191731:G:A	3	74191731	0.254500475598724	0.20280039793738	0.209503864020549
chr3:74732240:G:A	3	74732240	-0.284990039141891	0.208494909756517	0.171659137431308
chr3:75709324:A:T	3	75709324	0.0906917332404008	0.212319846752617	0.669272441249095
chr3:84465702:T:C	3	84465702	0.188945700332524	0.209468779564857	0.367044539959519
chr3:84817748:G:A	3	84817748	0.419332014205261	0.204695952401913	0.0405051240300475
chr3:85705423:A:G	3	85705423	-0.501457870215772	0.217385245156901	0.0210676177491296
chr3:88069353:C:T	3	88069353	0.192945794792723	0.281998849693195	0.493843997318662
chr3:93986190:G:A	3	93986190	-0.152212343725817	0.288106711165739	0.597277719591135
chr3:101022648:G:A	3	101022648	-0.360794467178411	0.299227451720307	0.22791265292016
chr3:106664728:C:T	3	106664728	0.0225348691755013	0.199892015363956	0.910240482281185
chr3:110774699:C:T	3	110774699	0.0947100770117879	0.228728834829159	0.678821791323656
chr3:113428518:G:A	3	113428518	0.151717272296615	0.228508442514926	0.506724856766708
chr3:121058963:T:G	3	121058963	-0.228292427814361	0.337635449247823	0.498945002673737
chr3:124193435:A:C	3	124193435	0.30956305649768	0.210452255972581	0.141306810417274
chr3:126773646:G:T	3	126773646	0.128372901795024	0.251503262525546	0.609755558940405
chr3:131209978:G:T	3	131209978	-0.84471919309759	0.488026559270107	0.0834717869164033
chr3:133982842:C:T	3	133982842	0.0352162683774605	0.212184362833489	0.868180449159123
chr3:137777496:C:T	3	137777496	0.155315906232048	0.257888780358937	0.547001574260324
chr3:146265901:G:T	3	146265901	-0.0507200582643204	0.236239561543157	0.830003122335371
chr3:149679065:C:A	3	149679065	0.221256221135516	0.225867917477123	0.327292330118672
chr3:152663712:G:C	3	152663712	-0.280464939314664	0.32923725278372	0.394290294239211
chr3:159417151:A:G	3	159417151	0.0211018859463596	0.23571542843636	0.928666499316203
chr3:164899350:G:A	3	164899350	0.429364142018857	0.301317770284548	0.154170325854666
chr3:168053836:T:C	3	168053836	-0.244618974123441	0.398827967557138	0.539648519138197
chr3:171028381:G:A	3	171028381	-0.0425928875415788	0.20477032398069	0.835226450121561
chr3:174497130:T:C	3	174497130	0.0632581054008387	0.194774061104018	0.745349969020939
chr3:196706550:C:T	3	196706550	0.138959663531938	0.213005212979453	0.514158113944528
chr4:332191:G:A	4	332191	0.1414587538449	0.204153044431831	0.488368899327265
chr4:8816874:T:C	4	8816874	-0.367996551887156	0.250915319831257	0.142480404904165
chr4:9851274:C:G	4	9851274	0.634300469449892	0.251078624259581	0.0115270293650948
chr4:10725805:A:G	4	10725805	0.184828015810873	0.202197673057659	0.360666581746624
chr4:13219910:C:T	4	13219910	0.414412568876752	0.214387015345488	0.0532347795561822
chr4:18747099:A:G	4	18747099	-0.198777343718924	0.188408807650062	0.2914106349801
chr4:20840555:C:T	4	20840555	0.278858252584775	0.194736974770394	0.152151309579334
chr4:21137718:C:T	4	21137718	-0.150172057916126	0.195463000276178	0.44231555421117
chr4:26851610:T:C	4	26851610	-0.49687480037895	0.2886828134368	0.0852183446294226
chr4:32302160:A:T	4	32302160	-0.257183609323141	0.318253302114786	0.419027381970521
chr4:40603484:A:G	4	40603484	-0.0388295240988141	0.25748289554249	0.880130105566729
chr4:41002348:C:T	4	41002348	0.213095815918114	0.284141253406283	0.453276164483341
chr4:44018406:T:G	4	44018406	0.0174572738183263	0.244325313935158	0.943038867377863
chr4:44680448:T:C	4	44680448	0.485352488946673	0.210083649134459	0.0208725426281871
chr4:55337032:C:T	4	55337032	-0.262846857783418	0.196343256690121	0.180664806587372
chr4:55659669:G:A	4	55659669	0.364104026771545	0.24454172179981	0.136507395582351
chr4:56719096:C:T	4	56719096	-0.865259227249826	0.32600420229744	0.00795119627992946
chr4:61158247:C:G	4	61158247	0.288666269397675	0.175959021325988	0.100894760888854
chr4:64485722:G:A	4	64485722	0.124027061224747	0.271097529786345	0.64731185776177
chr4:67708732:C:T	4	67708732	-0.654649800569802	0.252876381188809	0.00963072260034437
chr4:67911021:C:T	4	67911021	0.218194760045626	0.274351571806625	0.426432749724701
chr4:90022599:G:T	4	90022599	-0.233370697709792	0.193920747627236	0.228808663254649
chr4:97398054:G:A	4	97398054	0.30289110119111	0.236425961091372	0.200149924749152
chr4:98823404:T:C	4	98823404	0.304889184015503	0.303501760688276	0.315103281871849
chr4:99262681:C:G	4	99262681	-0.401895142104387	0.242648506938127	0.0976640668285599
chr4:99355957:G:T	4	99355957	-0.105194262049892	0.187913234067726	0.575614289518112
chr4:101085120:T:C	4	101085120	-0.249174626598906	0.204944277882452	0.224054846814108
chr4:102399971:C:T	4	102399971	-0.415228319614684	0.211233267101572	0.049329397420767
chr4:102884286:T:C	4	102884286	0.0463697430751404	0.173065897206414	0.788752323732951
chr4:105992845:C:T	4	105992845	-0.115011710556791	0.178733763184187	0.519912293940016
chr4:108791253:G:A	4	108791253	0.511196796660019	0.278324251692187	0.0662549151343846
chr4:110957298:T:A	4	110957298	0.0221947713511849	0.221980113076915	0.920355913059893
chr4:113348012:C:T	4	113348012	-0.0730660764114639	0.22993290067216	0.75065842357114
chr4:115522695:G:A	4	115522695	0.177022966374834	0.182479694298369	0.331998247002433
chr4:120770744:A:C	4	120770744	0.464416657406441	0.218441197533304	0.03349919203221
chr4:123964831:A:G	4	123964831	0.0948119025607526	0.228123099687372	0.677690078857804
chr4:125256344:T:C	4	125256344	-0.231580225236725	0.385855068556014	0.548390201121322
chr4:126268710:T:G	4	126268710	0.0209979499805561	0.236985697412531	0.929396396823223
chr4:134094420:T:C	4	134094420	-0.234900381476675	0.274248896803844	0.391708770805654
chr4:134350906:C:T	4	134350906	-0.108624891442044	0.199558684282266	0.586217464924914
chr4:138952375:G:A	4	138952375	-0.19816989188807	0.253247496878105	0.433912143128578
chr4:141618953:G:A	4	141618953	-0.053148902609799	0.314539759390044	0.865817439131767
chr4:149616644:T:G	4	149616644	-0.000208931030720029	0.241301976574864	0.999309152684031
chr4:154030957:C:G	4	154030957	-0.167519396306162	0.271109352045259	0.53663900328165
chr4:168588553:A:C	4	168588553	0.056971103671308	0.39994475827838	0.886726599194557
chr4:171334248:A:T	4	171334248	0.364120382679979	0.352891759945811	0.302156970127262
chr4:171974219:A:G	4	171974219	0.245475064355519	0.214373948705427	0.252176515730667
chr4:176312841:C:T	4	176312841	-0.196481249047251	0.191483305005603	0.304843884726602
chr4:179329624:T:G	4	179329624	0.178406870444928	0.238327285551254	0.454110817810266
chr4:183032183:A:G	4	183032183	0.116997494692165	0.218835152270638	0.592900496925277
chr4:184991673:A:G	4	184991673	0.0234700360319572	0.206379214984159	0.909457484816964
chr4:189912372:C:T	4	189912372	-0.33183870773901	0.258705456056036	0.19960096714324
chr5:5313703:A:G	5	5313703	0.404197839812276	0.281507853523472	0.15105029788861
chr5:7364955:T:A	5	7364955	0.0430197217841235	0.347120577790966	0.901368262056725
chr5:8067079:G:C	5	8067079	-0.320122630528972	0.271234786703707	0.237904061874424
chr5:13911296:G:T	5	13911296	-0.0585538905517678	0.232815682599827	0.801425083906492
chr5:15621966:C:G	5	15621966	0.091596025915482	0.18037973731699	0.61159673868717
chr5:17902851:T:C	5	17902851	-0.029312820877274	0.321625528745089	0.927381670184184
chr5:20719353:A:C	5	20719353	-0.573975789966991	0.322563430728511	0.075170945132536
chr5:20732163:G:T	5	20732163	-0.277233207735155	0.194101288892403	0.153207993135552
chr5:21913130:A:C	5	21913130	0.0691708198962496	0.237218527878191	0.770599253918348
chr5:23787194:A:C	5	23787194	-0.136681147712796	0.188033196828651	0.467287813630028
chr5:23895775:T:G	5	23895775	-0.0509591827324514	0.256567369855318	0.842560703582099
chr5:33466391:T:A	5	33466391	0.125179175745808	0.193515719129805	0.517717212160089
chr5:33624899:A:G	5	33624899	0.356460702648104	0.287547048909836	0.215101013298619
chr5:39550509:T:G	5	39550509	-0.06352025798045	0.210965882569102	0.763343913032045
chr5:39634108:G:A	5	39634108	-0.00911415947705319	0.249160360384314	0.9708202953819
chr5:39978357:G:A	5	39978357	-0.261706821210125	0.176795451612941	0.138798462789307
chr5:44011742:G:T	5	44011742	-0.141217186507595	0.261315775475799	0.588915557605883
chr5:50222627:G:A	5	50222627	-0.0170633118614461	0.374542953074388	0.963662792380516
chr5:54814079:C:T	5	54814079	0.0405132923421674	0.231483814320372	0.861067329279966
chr5:66989845:C:A	5	66989845	0.0329415565528165	0.177890972378013	0.853089150454737
chr5:66992139:G:A	5	66992139	0.178458761088183	0.263572463407346	0.498357321763876
chr5:73076502:T:C	5	73076502	-0.00401655844208108	0.212131590199555	0.984893534771036
chr5:76998986:C:A	5	76998986	-0.00864606938936131	0.21550175331943	0.967996942545718
chr5:80530472:T:A	5	80530472	0.124268021317352	0.387523315431755	0.748458685314499
chr5:81710558:G:T	5	81710558	-0.0436516487625892	0.188489406890214	0.81685900133397
chr5:84879932:A:G	5	84879932	0.195221854161396	0.215457793776126	0.36489386317547
chr5:85476293:A:G	5	85476293	-0.164926149338386	0.279488172064454	0.555123179483814
chr5:85809583:T:C	5	85809583	-0.0556247311422765	0.18441535770188	0.762936092125847
chr5:92192959:A:T	5	92192959	0.330711298713468	0.324330023581618	0.307882502235165
chr5:94648523:C:G	5	94648523	-0.536094655065618	0.308089239761678	0.0818479743479472
chr5:98024666:G:A	5	98024666	0.21758565555589	0.186017129542632	0.2421186469647
chr5:101825779:A:C	5	101825779	0.295046389990084	0.230723319992098	0.200971450463386
chr5:106773905:G:A	5	106773905	-0.0876393065993741	0.234229603706578	0.708285414696484
chr5:114915760:G:T	5	114915760	0.43537515848022	0.251605561608338	0.0835610374441237
chr5:115102683:A:G	5	115102683	-0.342217876853604	0.22605570501631	0.130060018735281
chr5:117238479:G:A	5	117238479	0.392893298286934	0.198806495722473	0.0481253528096842
chr5:121740415:G:T	5	121740415	-0.25118344719087	0.226211693285548	0.26683053883096
chr5:137227416:A:T	5	137227416	-0.245648424036714	0.30488531876526	0.420411455770621
chr5:137406489:C:T	5	137406489	-0.175873254441693	0.222746614839117	0.429781006814802
chr5:140638650:G:A	5	140638650	0.08329045126432	0.233184407873066	0.720951778294087
chr5:142682003:T:C	5	142682003	-0.149067974439336	0.19820531253615	0.451997723210475
chr5:144183699:A:G	5	144183699	-0.367939151445916	0.265138677544917	0.16522128271491
chr5:145690757:G:T	5	145690757	0.0735441043287127	0.213129219785004	0.730043141553773
chr5:147282093:C:T	5	147282093	-0.00846644298744483	0.279093390707949	0.975799469159969
chr5:151763317:T:C	5	151763317	-0.58205921543639	0.248653197317514	0.0192400241356113
chr5:153541577:C:T	5	153541577	-0.323265464525472	0.338416093516882	0.339461010110139
chr5:164252995:G:C	5	164252995	0.334012510645117	0.200270207628719	0.095353593248238
chr5:168245100:T:C	5	168245100	0.0680033263850631	0.178350695888696	0.702988116545859
chr5:169455657:C:T	5	169455657	0.222515272197705	0.170424567343855	0.191670738526349
chr5:169808985:G:C	5	169808985	0.145022870436867	0.308566494091505	0.638362847726768
chr5:172672695:T:C	5	172672695	0.396127651125986	0.259613562144931	0.127050777999627
chr5:173346700:A:C	5	173346700	-0.239819940406954	0.348891248499577	0.491844969599071
chr6:3041612:C:A	6	3041612	-0.0211818928711629	0.190923623453972	0.91166049485596
chr6:3673174:A:G	6	3673174	0.351011506261389	0.306415846318988	0.251985673859563
chr6:3786319:G:C	6	3786319	-0.542553103410203	0.260136607739311	0.0370106218056618
chr6:6090729:G:T	6	6090729	-0.55127272301034	0.345314980472272	0.110391834936348
chr6:6354181:A:T	6	6354181	0.0233963161796099	0.22892683798838	0.918597950857748
chr6:6456261:T:C	6	6456261	-0.374844793617308	0.240593131017214	0.119232562866817
chr6:7642514:C:G	6	7642514	0.232742780449788	0.258988910419972	0.368834187803365
chr6:23163726:T:C	6	23163726	-0.171975593370255	0.342810729979492	0.615904320124058
chr6:23344439:T:A	6	23344439	-0.281760129085179	0.187650043023643	0.133221342919045
chr6:26287827:G:A	6	26287827	0.13658640099425	0.206512107935791	0.508358021474539
chr6:31108549:A:G	6	31108549	0.0978462068900135	0.214890214961784	0.648871025468776
chr6:31845997:T:C	6	31845997	-0.162781101186304	0.22583931597103	0.471043141296583
chr6:32660000:G:C	6	32660000	0.0538085872790477	0.212020489251163	0.799658137170149
chr6:33148933:A:G	6	33148933	0.0613187522674361	0.211204293380836	0.771564479059029
chr6:37400014:G:T	6	37400014	0.213553973439795	0.222122673443892	0.336339238398936
chr6:39124093:C:T	6	39124093	-0.27956780431307	0.262547046780456	0.286953155389701
chr6:45195864:C:T	6	45195864	0.680400275898475	0.287645641588009	0.0180100527094749
chr6:46738257:G:A	6	46738257	0.0412200900859721	0.219884613955136	0.851298127781916
chr6:47717919:C:A	6	47717919	-0.0615203448305302	0.242220352019557	0.799507118656667
chr6:48859012:C:A	6	48859012	0.0483801241299464	0.2439876232311	0.842818757761698
chr6:49860743:T:G	6	49860743	-0.0694239424254773	0.348454210222067	0.842079667758361
chr6:53292416:C:G	6	53292416	-0.266355353275564	0.192245280185065	0.165900399291818
chr6:69504128:A:G	6	69504128	-0.0958514160256087	0.352265267185244	0.785545049168043
chr6:81137001:T:C	6	81137001	0.141107138129193	0.24048855017605	0.557370277447183
chr6:84758749:C:T	6	84758749	0.209904806848053	0.245447200121458	0.392444131666147
chr6:87387916:G:T	6	87387916	0.0216825193322794	0.219008014759074	0.92113563855745
chr6:88566465:G:A	6	88566465	0.268499359908939	0.231993067452527	0.247125549815
chr6:93273487:T:C	6	93273487	0.0518638527195749	0.251236807164658	0.836451809905854
chr6:97788153:C:A	6	97788153	-0.0397441241249471	0.232719927856136	0.864396029778909
chr6:98771646:C:T	6	98771646	-0.131917751463628	0.237106059606044	0.577960672547742
chr6:104918249:A:G	6	104918249	-0.185906432536104	0.243317464374998	0.444838123123199
chr6:107129138:A:G	6	107129138	0.0929703158806116	0.182525924238374	0.610504089373008
chr6:112187089:T:C	6	112187089	-0.079644757039151	0.192123351176941	0.678471274119849
chr6:118046853:T:C	6	118046853	-0.347639295249155	0.211749187649305	0.10064175990699
chr6:123103197:T:C	6	123103197	-0.107089324774147	0.33212421252074	0.74712122427642
chr6:127784009:G:A	6	127784009	-0.312981615158016	0.18427317832635	0.0894199601175241
chr6:129527930:G:A	6	129527930	-0.0498889403843805	0.18561144823924	0.788097760388481
chr6:137254996:T:C	6	137254996	0.0798444762626743	0.215260878233947	0.710697425135341
chr6:138165202:C:G	6	138165202	0.498047477776321	0.305759116591798	0.103336646486497
chr6:139464917:T:A	6	139464917	-0.334027857930212	0.34410110665325	0.33168478866194
chr6:151547601:G:A	6	151547601	-0.219528746032681	0.275256849345313	0.42513664131904
chr6:152638179:C:T	6	152638179	0.10246221970805	0.223858103829961	0.647160394991018
chr6:153842833:G:A	6	153842833	0.0722097463771994	0.24172234118576	0.765145965871852
chr6:160701242:A:G	6	160701242	0.117363738279039	0.258606142439371	0.649949762329302
chr6:162760256:C:T	6	162760256	0.190139591313785	0.261547726708343	0.467239086123287
chr6:163629327:G:A	6	163629327	0.268031526507408	0.179534207411729	0.135456207926469
chr6:167509019:C:T	6	167509019	0.0454815309245132	0.211311996410577	0.829584866596561
chr7:7863676:G:A	7	7863676	0.428208460980544	0.215480859576492	0.0468977205951422
chr7:8111839:A:G	7	8111839	0.0107653537635791	0.193237496213741	0.955572450243856
chr7:9602661:C:A	7	9602661	0.202243655917476	0.233792095879814	0.387007112641765
chr7:11334355:C:A	7	11334355	0.170811113484838	0.232012941903886	0.461600637527345
chr7:12476280:G:A	7	12476280	0.115960686315054	0.251601165480711	0.644876884541524
chr7:20850990:A:T	7	20850990	0.0529377655635579	0.218254604315615	0.808353623755847
chr7:22822020:C:A	7	22822020	-0.0584863938120543	0.222377719276026	0.792546927189291
chr7:24140802:T:C	7	24140802	0.152373527416746	0.18224160759557	0.403094576112476
chr7:24278575:A:G	7	24278575	0.11771998398867	0.307244157462996	0.701610032401778
chr7:24620726:T:A	7	24620726	-0.00281125631783448	0.199326114294827	0.988747166126302
chr7:24740434:C:T	7	24740434	-0.123422067006179	0.211645626220242	0.559789400725691
chr7:28505993:C:T	7	28505993	0.342156128787659	0.237592269600364	0.149839702826482
chr7:36413989:G:A	7	36413989	-0.353287474761574	0.312319330270971	0.257981905130258
chr7:43755241:C:T	7	43755241	-0.266719450994616	0.187037364001203	0.153861906742766
chr7:44689517:A:G	7	44689517	-0.281797220172532	0.282160130167658	0.317933346154287
chr7:46192346:C:G	7	46192346	0.470101569799031	0.266845747080577	0.0781203670852462
chr7:48301675:T:C	7	48301675	-0.657014972687039	0.289547655383212	0.0232617439943124
chr7:51890159:C:T	7	51890159	-0.142523262020421	0.267279654774337	0.593869892576637
chr7:53046603:C:G	7	53046603	0.0732461872707425	0.205392933680973	0.721380096727824
chr7:55663907:C:A	7	55663907	-0.10882960521755	0.256852550061025	0.671781265018812
chr7:56122201:A:G	7	56122201	0.414465525240873	0.224638060392453	0.0650321615501218
chr7:67766433:G:A	7	67766433	-0.399394710534582	0.255664741613126	0.118245255035454
chr7:68433432:T:C	7	68433432	0.467967675483124	0.292836998397455	0.11003222214111
chr7:71020152:T:G	7	71020152	0.0914945339372029	0.338945992256203	0.78720765555725
chr7:71553830:T:C	7	71553830	-0.0371578478223545	0.232837667384066	0.87320647775042
chr7:78390279:T:G	7	78390279	-0.214642309468788	0.238137396958768	0.367408580934997
chr7:83524616:A:T	7	83524616	-0.180970705426683	0.272658802569051	0.506865768116164
chr7:84786535:C:A	7	84786535	-0.382241989962687	0.17615005374358	0.0300084056769707
chr7:86620755:G:A	7	86620755	-0.125063120009862	0.276073542136629	0.650544032475483
chr7:89207269:G:A	7	89207269	0.213030686525053	0.224916881816441	0.343560850062437
chr7:91097147:A:G	7	91097147	-0.0471718627845511	0.257299126573167	0.854535395085118
chr7:103095283:G:A	7	103095283	-0.450964566481013	0.359287233211427	0.209419063819281
chr7:113434486:A:C	7	113434486	0.0184816370862867	0.226168957801788	0.934872503661332
chr7:113749820:G:A	7	113749820	0.198812702938235	0.182059518014929	0.274824146098077
chr7:117145973:C:G	7	117145973	0.0792530837014277	0.275536072297231	0.773628191041689
chr7:119808046:G:A	7	119808046	-0.438951335378449	0.331651744685223	0.185658884153811
chr7:122582926:C:G	7	122582926	0.116365676716548	0.26509362295888	0.660690028148461
chr7:124802410:A:T	7	124802410	-0.103512149832417	0.231406111516379	0.654645376127728
chr7:131384702:T:A	7	131384702	0.0256346026423612	0.255027593080557	0.919933905603388
chr7:136870573:G:A	7	136870573	0.250859861067748	0.310497286335111	0.419131272187244
chr7:142873374:T:C	7	142873374	0.0766688520055476	0.175569844801539	0.662339254112851
chr7:145116884:A:G	7	145116884	0.0982991298837481	0.260970242148881	0.706420372971066
chr7:149242006:T:C	7	149242006	0.312152525052761	0.20597820768877	0.129654981572102
chr7:153502245:G:A	7	153502245	0.265449804369066	0.170790719995553	0.120127129609404
chr7:153952270:G:A	7	153952270	-0.0185712532249879	0.244766012871203	0.939519742778982
chr7:154426289:T:C	7	154426289	-0.538409815317111	0.634306023820067	0.395983059726972
chr7:156975524:A:T	7	156975524	-0.0158152071717893	0.234761983635535	0.946289551133053
chr7:157677820:C:T	7	157677820	0.242583464368545	0.28981256573083	0.402572500321801
chr8:276778:A:T	8	276778	0.137338070600602	0.236408199064002	0.561283482653389
chr8:1102873:G:T	8	1102873	0.00427819599790186	0.229458786470202	0.985124523548832
chr8:8710521:T:C	8	8710521	0.244791230437627	0.271810352443323	0.367803329906492
chr8:9029509:T:C	8	9029509	-0.15610185955386	0.320897225518237	0.626645045687323
chr8:9109096:A:G	8	9109096	0.0131555518121399	0.290427688609776	0.963870444706265
chr8:13032868:C:A	8	13032868	-0.3653244952579	0.384004037958636	0.34142375470945
chr8:20741226:C:T	8	20741226	0.215838666931689	0.188624123319655	0.252507853369484
chr8:25783762:T:C	8	25783762	0.180860990618364	0.256088075062673	0.480035625003064
chr8:27022227:G:T	8	27022227	-0.0408909032364926	0.272564080250788	0.880746404909685
chr8:28150898:A:G	8	28150898	0.142802908833075	0.29158303181327	0.624310527018955
chr8:28528484:G:T	8	28528484	0.0257818065905098	0.252813462723324	0.918772896418893
chr8:37085597:G:A	8	37085597	-0.454399072955019	0.335605424645902	0.175746523074315
chr8:41788192:C:T	8	41788192	0.227519374245753	0.205774707676228	0.268868425831303
chr8:53142705:G:A	8	53142705	-0.205226046621895	0.225858132658774	0.363534777643885
chr8:61304314:G:C	8	61304314	0.047139974581383	0.171644611386548	0.783595076892755
chr8:61926940:A:T	8	61926940	-0.139116366802924	0.170053348883431	0.413314452305798
chr8:63445672:G:A	8	63445672	-0.331025793149588	0.3505917719275	0.345071765800239
chr8:65343369:C:A	8	65343369	-0.036038161646222	0.278561865655836	0.897063143271182
chr8:65418628:G:T	8	65418628	-0.0290436372084888	0.199530358073704	0.884268753729718
chr8:71273350:T:A	8	71273350	-0.181466179501034	0.359401415233669	0.613620465301693
chr8:72033005:T:C	8	72033005	-0.0195252217431538	0.294579179295141	0.947153517454657
chr8:72065200:T:A	8	72065200	0.0598396780844233	0.264131382977612	0.820771575492357
chr8:73211475:T:C	8	73211475	0.257628404976714	0.217316293590896	0.2358199257134
chr8:86323708:T:C	8	86323708	-0.0681209329139344	0.207160594113505	0.742283037715536
chr8:89525432:A:G	8	89525432	-0.36608811585235	0.209659973011481	0.0807928832599873
chr8:92001032:A:G	8	92001032	0.0818033547102214	0.273490553130244	0.764857245329278
chr8:92645879:A:G	8	92645879	-0.168492417189479	0.28378515616621	0.552691167113395
chr8:95906161:G:A	8	95906161	-0.0175272120954821	0.145106791185247	0.903858665804385
chr8:96365126:C:T	8	96365126	-0.577593516056248	0.197895662624022	0.00351520264772376
chr8:98002322:C:T	8	98002322	0.521950107502067	0.23540979843856	0.0266095719754902
chr8:106920372:G:A	8	106920372	-0.126987222940244	0.268643660906073	0.636428914726773
chr8:108142424:A:G	8	108142424	-0.357398218720518	0.206249367765705	0.0831231936518066
chr8:109421925:C:T	8	109421925	-0.344496659215473	0.211367093711747	0.103133201775625
chr8:116252872:C:T	8	116252872	0.200196341470203	0.174026073853453	0.24998685776807
chr8:121384602:C:T	8	121384602	0.262696147869892	0.203145386295932	0.195961412056872
chr8:127029052:C:T	8	127029052	0.389760365064748	0.227026982020961	0.0860153648525762
chr8:128437247:A:G	8	128437247	-0.0976564939895101	0.327191845071154	0.765345533331306
chr8:131315237:G:A	8	131315237	-0.176713164904621	0.232946600187384	0.448092196351728
chr8:135895676:A:T	8	135895676	-0.179027417957701	0.316158169532283	0.571217708034164
chr8:141605122:C:T	8	141605122	0.170166170957275	0.218540342603254	0.436186636403467
chr9:733358:A:C	9	733358	0.482764876783451	0.235929118594684	0.040733898589788
chr9:5461379:C:T	9	5461379	-0.0080752280528338	0.212068275387327	0.969625145166572
chr9:11397008:T:G	9	11397008	-0.0239624119962546	0.304545924869024	0.937285224682313
chr9:11955148:T:G	9	11955148	0.214399634278772	0.198505250591426	0.280110856721861
chr9:12389360:A:G	9	12389360	-0.128103763383208	0.225471782550033	0.569927186511142
chr9:12615226:G:C	9	12615226	-0.235171727579566	0.224543084302248	0.294945311774411
chr9:13582959:T:A	9	13582959	0.392026648519217	0.295267080897073	0.184276623316598
chr9:14098421:G:A	9	14098421	-0.156459268452549	0.190944747431007	0.412560796576464
chr9:18952915:A:G	9	18952915	0.134903045741466	0.192838736666046	0.484199606269666
chr9:29651949:A:G	9	29651949	0.333643122052406	0.212133590570356	0.115765778995645
chr9:32058643:A:T	9	32058643	0.214916708995976	0.359647998822604	0.550123445443376
chr9:37013405:C:T	9	37013405	-0.159887897220526	0.193739555707341	0.409216989487675
chr9:37992585:C:T	9	37992585	0.0408107477658983	0.194141611048319	0.833502811437916
chr9:76464251:C:G	9	76464251	0.27114958837626	0.281880275101757	0.336083884891116
chr9:89995415:A:G	9	89995415	0.0939726334135725	0.255551539713079	0.713078462364137
chr9:94568472:C:A	9	94568472	-0.118503054301207	0.201356131452082	0.556180168313946
chr9:96162075:C:T	9	96162075	0.339852455572205	0.183219542174172	0.063611656428429
chr9:100192956:A:G	9	100192956	0.0881109607322609	0.3189251009299	0.782337028292043
chr9:100529836:G:C	9	100529836	0.286002939138323	0.212150756606237	0.177622425537461
chr9:107904127:G:A	9	107904127	0.151319956839855	0.191333457300349	0.429019656698161
chr9:117420412:T:C	9	117420412	-0.24995237672061	0.221904500346864	0.259997872135872
chr9:117972207:C:A	9	117972207	-0.211307914053338	0.244271273577406	0.387008989567734
chr9:121356498:A:G	9	121356498	0.0305608132467284	0.274526298876846	0.911361020166563
chr9:124044726:T:G	9	124044726	-0.254333728823293	0.271528166198531	0.348925601032865
chr9:125005426:C:T	9	125005426	0.137197565508319	0.318923136004107	0.667057386336229
chr9:129533341:A:G	9	129533341	0.547995490891392	0.273617875064468	0.0452012673460589
chr9:136630984:C:T	9	136630984	-0.341083582487184	0.215162878848772	0.112913102858303
chr10:2050300:A:G	10	2050300	-0.0308078625072559	0.191604140188206	0.872259488890375
chr10:3113976:C:T	10	3113976	-0.334983476239143	0.245039779377388	0.171607272924323
chr10:4591592:T:C	10	4591592	-1.04742398381898	0.513302683468188	0.0412947636636852
chr10:7462546:C:T	10	7462546	0.110502383915368	0.187641289426729	0.555926825514082
chr10:7849544:T:G	10	7849544	0.0604318192130455	0.353052072920451	0.864090327726943
chr10:9367893:G:A	10	9367893	-0.236541472510727	0.28839212801309	0.412097656834256
chr10:10628189:C:T	10	10628189	-0.53606295471934	0.263736048403783	0.0420956112280967
chr10:14014383:T:C	10	14014383	-0.114432977887251	0.220246959769474	0.603365638630143
chr10:16341555:C:T	10	16341555	-0.298019392504268	0.233917513412315	0.202650568097773
chr10:27289376:T:C	10	27289376	-0.0730090808693272	0.20672599011696	0.723962219378618
chr10:27674317:A:G	10	27674317	-0.234171409116752	0.25090042903655	0.350652672027021
chr10:28771902:G:A	10	28771902	-0.252657133438861	0.252707516476154	0.317407002304447
chr10:28891836:C:T	10	28891836	0.0498981409212908	0.22287942023371	0.822851040417276
chr10:30622484:G:A	10	30622484	0.113610627289505	0.356231634871498	0.749784550331456
chr10:35177843:G:T	10	35177843	0.32677058970955	0.265734207281492	0.218813364690248
chr10:45036473:A:G	10	45036473	-0.101736242740846	0.242644005332592	0.675010113497693
chr10:51560095:T:G	10	51560095	-0.00538528545909366	0.227490056496187	0.981113746667318
chr10:54072488:A:G	10	54072488	0.09121900493495	0.206750598087314	0.659065968710167
chr10:54082016:C:T	10	54082016	-0.0660399780672877	0.229556564702455	0.773587880610035
chr10:55299918:G:C	10	55299918	-0.309346978073131	0.300934417200698	0.3039710909171
chr10:56747004:T:C	10	56747004	0.369211811014717	0.341675754413956	0.27987900192699
chr10:57761967:T:C	10	57761967	-0.137327847868715	0.237282494626431	0.562756154967296
chr10:69232402:C:A	10	69232402	-0.273656225322469	0.21845557151446	0.210320020847966
chr10:84591955:C:T	10	84591955	0.322424515907632	0.278358971022742	0.246739697218832
chr10:84989741:G:A	10	84989741	-0.214743624485995	0.207990076846089	0.301851747148376
chr10:91053424:A:C	10	91053424	-0.295181383760506	0.232853405254161	0.204915657503535
chr10:93612452:G:A	10	93612452	-0.264648226919657	0.353933198795914	0.454620038467748
chr10:93671121:T:C	10	93671121	0.390016564375379	0.215123923521982	0.069834050357519
chr10:101249704:C:T	10	101249704	0.409911933506947	0.260491797926442	0.115578141373824
chr10:102352980:T:C	10	102352980	-0.188039063643889	0.241081164542949	0.43540123885978
chr10:104637359:T:C	10	104637359	0.486157155399116	0.265845789614834	0.0674417660308911
chr10:108480456:T:C	10	108480456	-0.167517177687648	0.267609836617266	0.53133106911257
chr10:109264424:C:T	10	109264424	-0.154606487433994	0.272370049749912	0.570283548798039
chr10:111352001:T:G	10	111352001	-0.0293604582137204	0.254924976734905	0.908308049275691
chr10:118828443:C:T	10	118828443	-0.0111295632952987	0.233523659788632	0.961987808190743
chr10:120152982:A:G	10	120152982	0.025954920568987	0.27941980592103	0.925992045455757
chr10:121611573:C:G	10	121611573	0.154262532038432	0.273996557300404	0.573428744754398
chr10:121734173:T:C	10	121734173	0.132535007560756	0.16169723622227	0.412416127144071
chr10:121910644:T:A	10	121910644	0.278134847871648	0.281152664759113	0.322532882505127
chr10:122561189:A:G	10	122561189	0.0408088121168735	0.220564299952005	0.853213329675228
chr10:123750431:C:G	10	123750431	0.289951922395181	0.226786529082811	0.201064880136904
chr10:127533155:T:C	10	127533155	0.0760158402755037	0.206840124766901	0.713238540186693
chr10:129953349:A:G	10	129953349	-0.161010794100639	0.302184347932286	0.594156057598586
chr10:131819683:A:G	10	131819683	0.0872762195544153	0.22477209529078	0.697803205595
chr10:131953941:A:C	10	131953941	-0.103565865828261	0.326544364759835	0.751124395152734
chr11:388357:C:T	11	388357	0.0619560210614853	0.232352541223907	0.789741252884243
chr11:2257707:C:T	11	2257707	0.0402921875782517	0.22732497970617	0.859316048599257
chr11:3623903:G:A	11	3623903	0.14232968000054	0.267837333495262	0.595139239197019
chr11:5806222:C:T	11	5806222	-0.0371972633178239	0.18574723052345	0.841279252787251
chr11:9789492:C:A	11	9789492	0.450468374020293	0.237747170654952	0.0581272459588537
chr11:14569664:T:G	11	14569664	0.360284019390005	0.20642798882365	0.0809282369206817
chr11:36019710:C:A	11	36019710	-0.0117262449685181	0.216211989097002	0.956747980918137
chr11:39635569:C:T	11	39635569	0.190325002883389	0.226944482073077	0.401670658591881
chr11:40512905:C:G	11	40512905	-0.353427096166815	0.357898734645354	0.323394713745072
chr11:41632790:A:T	11	41632790	0.392993699224564	0.261815698093833	0.13334732627968
chr11:42744986:A:G	11	42744986	-0.203121214641473	0.179054974565756	0.256623868579821
chr11:43201079:C:T	11	43201079	-0.469418660750781	0.337853062484847	0.164706098740264
chr11:43982585:G:A	11	43982585	0.415609042482019	0.215751396976739	0.054062803563324
chr11:44330300:A:G	11	44330300	-0.311992853622346	0.248884800620293	0.210000775309737
chr11:49875094:A:G	11	49875094	0.217815845736212	0.199557735300327	0.275056066428333
chr11:50253126:G:T	11	50253126	-0.577610929893093	0.23472209969106	0.0138616448623601
chr11:55906271:G:A	11	55906271	-0.0203175904766792	0.188489550005067	0.914161005038901
chr11:57305789:G:A	11	57305789	0.214558922401017	0.176483741324819	0.224082731920093
chr11:58998793:A:C	11	58998793	0.105894491676103	0.298275330656346	0.722572639531418
chr11:63184971:C:T	11	63184971	0.0472745290616645	0.213612579955125	0.824851322962458
chr11:70801858:T:C	11	70801858	0.426171195871665	0.208027333680683	0.0404982338867058
chr11:71334794:T:G	11	71334794	0.217345966446338	0.336950907249088	0.518902892967337
chr11:77208574:G:A	11	77208574	0.251336003435976	0.233324487217651	0.281393096490055
chr11:77376654:A:G	11	77376654	-0.135496310292555	0.217120616931904	0.532588127174303
chr11:81783030:C:T	11	81783030	0.117802315477093	0.232523450219543	0.61241759382086
chr11:83962252:C:T	11	83962252	0.20293536790354	0.293784192387738	0.489714238908292
chr11:86328783:G:T	11	86328783	0.0519151223165299	0.206933155036431	0.80190788759683
chr11:86644523:C:T	11	86644523	0.258516236504005	0.296266561673269	0.382892119097912
chr11:93046218:A:C	11	93046218	-0.0798613776295612	0.293611766830563	0.785624698236311
chr11:104129521:G:A	11	104129521	0.169130459979181	0.28574340690982	0.553920044083677
chr11:110396347:G:A	11	110396347	0.0839234756307223	0.253388167099178	0.740489501391272
chr11:113800784:C:T	11	113800784	-0.235502177514016	0.306361332295456	0.442067119501414
chr11:115616504:A:T	11	115616504	-0.716270504149982	0.440684133874402	0.104085805906763
chr11:119630310:G:A	11	119630310	0.387695428537771	0.277120659301178	0.161809059189873
chr11:123267436:G:A	11	123267436	0.33986871032275	0.20925401438168	0.104334823254892
chr11:125907492:T:C	11	125907492	0.0396611542306931	0.206270975272061	0.847525271873932
chr11:126829359:G:A	11	126829359	-0.392616591097507	0.405814763929322	0.333305460366896
chr11:130290657:C:T	11	130290657	0.408647259747178	0.305891661229013	0.181574919026932
chr11:131355535:G:A	11	131355535	-0.254631334298276	0.207288247037181	0.219299650557633
chr11:133238417:A:G	11	133238417	0.329177681950256	0.226435358708185	0.146018962880284
chr11:134309503:C:T	11	134309503	0.00048732915941486	0.195494714551632	0.998011035692119
chr12:5192681:C:T	12	5192681	-0.0993960526278893	0.154811038317406	0.520842289678528
chr12:5448727:G:A	12	5448727	-0.49859273289611	0.240093756338997	0.0378330921351161
chr12:6639294:C:T	12	6639294	-0.613341077030318	0.34915236418004	0.078976226332429
chr12:19523028:C:A	12	19523028	0.25197491661432	0.192891414137546	0.191449037438989
chr12:20003679:T:A	12	20003679	0.243929229870742	0.276111986711137	0.376996911892326
chr12:21333090:G:A	12	21333090	0.216869823973363	0.166300991770364	0.19220625266473
chr12:25518059:A:T	12	25518059	0.00738917162652558	0.244649258237264	0.975905057914035
chr12:28965843:C:T	12	28965843	-0.0302781211903802	0.211875031848164	0.886364763248132
chr12:32086665:A:C	12	32086665	0.161277593599609	0.220685014598351	0.464898597088465
chr12:48567461:T:G	12	48567461	-0.240608145842437	0.263551984931806	0.361272109435594
chr12:51039498:T:C	12	51039498	0.624958672451397	0.330219722765724	0.0584171998550311
chr12:53646626:C:G	12	53646626	0.268301407224724	0.308848949367088	0.385003580166796
chr12:53680144:C:A	12	53680144	0.187766269442043	0.210579693118946	0.372573212948962
chr12:54366280:G:A	12	54366280	0.0379386679810758	0.221483760904524	0.863993206370493
chr12:56675083:C:T	12	56675083	-0.0734629064532839	0.196934750139203	0.709124843968016
chr12:57436134:C:T	12	57436134	-0.161873997097367	0.282116654590584	0.566114038254562
chr12:58724212:C:T	12	58724212	0.0899687589724093	0.292632315099741	0.758503596451923
chr12:59048769:A:C	12	59048769	-0.251605327959522	0.25235921421521	0.318758371598036
chr12:59226687:C:T	12	59226687	-0.1380567216094	0.198566799171507	0.486888688786695
chr12:63113400:T:C	12	63113400	-0.295327733364228	0.371005596614961	0.426020632705098
chr12:64271340:C:T	12	64271340	0.228729596166533	0.273535329890465	0.403043728221031
chr12:64756705:C:T	12	64756705	-0.0349082835680226	0.18549797194157	0.850730161291309
chr12:67050802:C:T	12	67050802	-0.0716519626707713	0.193564123160086	0.711254553127092
chr12:73909094:G:A	12	73909094	0.312612821640722	0.251691180239769	0.214218420766858
chr12:81126959:G:A	12	81126959	-0.175858723081134	0.19015646957504	0.355064423927728
chr12:83608380:A:G	12	83608380	-0.0884673871251493	0.180249295455628	0.623563856608107
chr12:90727178:A:C	12	90727178	0.0243048640286664	0.225668054870115	0.914232212392837
chr12:92596791:C:T	12	92596791	0.0331442696605043	0.232584534074026	0.886681773315596
chr12:95914573:A:T	12	95914573	0.237147642201146	0.282202701451216	0.400714951400796
chr12:105967464:T:C	12	105967464	0.140792914253925	0.216212994388	0.514932279763143
chr12:109533295:C:T	12	109533295	0.188681381702754	0.238711524108384	0.429284925518441
chr12:120976632:C:A	12	120976632	-1.62540744791119	0.818508892691269	0.0470538409237065
chr12:125875525:T:C	12	125875525	-0.00112062533600387	0.239037497255696	0.996259472304069
chr12:126449337:A:G	12	126449337	0.130988638116805	0.188417744969006	0.486927904438074
chr12:131091094:G:A	12	131091094	-0.464860888089643	0.272498188237262	0.0880224432857799
chr13:19545220:A:G	13	19545220	0.0274627027583572	0.240699794998847	0.90916228932303
chr13:22977365:T:G	13	22977365	0.20490686869992	0.241464466051644	0.396103623876828
chr13:24330599:T:C	13	24330599	0.0789779936695305	0.291547164529375	0.786473572685315
chr13:24623185:A:C	13	24623185	0.222155211566052	0.194753881367109	0.253995942759729
chr13:25202506:T:G	13	25202506	0.377161331181873	0.309149976102536	0.222466885492302
chr13:26234118:A:T	13	26234118	0.25252937188796	0.226252242366384	0.264361845383797
chr13:26494236:G:A	13	26494236	0.356998122105426	0.221366050404515	0.106808627708786
chr13:27255876:A:G	13	27255876	-0.34310900534948	0.38263832493588	0.369882899394035
chr13:42909938:A:G	13	42909938	-0.0666422152307319	0.236931826897796	0.77850202270086
chr13:45708351:G:A	13	45708351	0.359592418010271	0.263365875199149	0.172136128374401
chr13:45809177:C:G	13	45809177	-0.0578018918205985	0.153890945753204	0.707212103995656
chr13:50558767:A:T	13	50558767	-0.185208762474946	0.419862551604523	0.659127860205865
chr13:58710908:G:A	13	58710908	-0.40892284559616	0.28624569902504	0.153127030629186
chr13:58934154:C:T	13	58934154	-0.0788339269194913	0.249087612257694	0.751630039878822
chr13:70397215:T:C	13	70397215	0.0599306104279223	0.24519941111562	0.806908805528218
chr13:70990050:T:C	13	70990050	0.0799189059292859	0.367564955751834	0.827874827663961
chr13:86776101:G:A	13	86776101	0.0840756610164878	0.171707961764023	0.624386297733648
chr13:91472230:T:C	13	91472230	-0.0839503221464395	0.223548511276771	0.707262515315093
chr13:93235990:C:T	13	93235990	-0.291141737340112	0.26742115372152	0.276285661939988
chr13:96765286:G:A	13	96765286	-0.635560118052117	0.303463058231121	0.036228149800311
chr13:102180181:A:G	13	102180181	-0.042241566392501	0.241476159328217	0.86113417556788
chr13:106009559:G:C	13	106009559	0.16717881770904	0.185425763966531	0.367272403286622
chr13:106084136:A:G	13	106084136	-0.282516225536111	0.235829234611676	0.230928898809402
chr13:112716578:T:C	13	112716578	-0.113102552890806	0.192505580632982	0.556848683282873
chr14:21167555:A:G	14	21167555	-0.51162009299557	0.345947957875451	0.139168852902869
chr14:26929954:A:G	14	26929954	-0.0810203600474549	0.235766130096741	0.731111656826452
chr14:27823594:G:A	14	27823594	-0.355594367007392	0.286361660292899	0.214322661238866
chr14:38216062:T:A	14	38216062	-0.541468492138785	0.290263342130744	0.0621199271508827
chr14:39925237:C:T	14	39925237	-0.193428829712417	0.392681185636602	0.622305906707752
chr14:44446011:A:G	14	44446011	-0.0195560365786367	0.193839145557224	0.919639398348622
chr14:51426205:T:C	14	51426205	-0.0299013446398405	0.35251000404538	0.932401231740513
chr14:52881822:T:G	14	52881822	-0.41527190890844	0.38985600464657	0.286788575426924
chr14:53358297:A:G	14	53358297	-0.192967042614759	0.250734963199431	0.441533856542695
chr14:56254615:G:A	14	56254615	-0.424996205245571	0.23931519332409	0.075751912960622
chr14:57978070:T:C	14	57978070	-0.319791243783724	0.177403495309836	0.071447776467503
chr14:62445185:T:C	14	62445185	0.043716978234131	0.205831779936543	0.831801397680919
chr14:67518615:G:A	14	67518615	-0.594770787061849	0.279983657778662	0.0336446171871263
chr14:68863518:T:G	14	68863518	0.0215978459549282	0.2319874103413	0.925824740512422
chr14:77734277:G:A	14	77734277	-0.0291685700587203	0.290987862878413	0.92015393597107
chr14:84531019:T:G	14	84531019	0.0766668742032875	0.336761586461592	0.819911191273675
chr14:90804831:C:G	14	90804831	0.0771535940114783	0.258414476815245	0.765271750254364
chr14:91397629:G:T	14	91397629	0.188795032370794	0.267031805462268	0.479558225737965
chr14:91961156:T:C	14	91961156	-0.465914197543995	0.205397539416768	0.0233076783887635
chr14:92998270:C:G	14	92998270	-0.548511835224883	0.453680884676339	0.226652983795077
chr14:98340169:A:G	14	98340169	-0.180104809488466	0.208766439992933	0.388297159300108
chr14:100721312:C:T	14	100721312	-0.812873530269317	0.446511216972398	0.0686829440387441
chr15:24165057:A:G	15	24165057	-0.201137903550586	0.280001003613964	0.47254330747701
chr15:26353849:A:G	15	26353849	0.450077569330949	0.27715357010352	0.104391078447417
chr15:33665926:A:G	15	33665926	0.141499101674824	0.250287012587437	0.57183752183412
chr15:34880184:A:T	15	34880184	0.106840728507342	0.244546486687705	0.662188710587477
chr15:37080410:C:T	15	37080410	-0.250159917539225	0.302700328782499	0.408561551110507
chr15:57522102:A:T	15	57522102	0.616684939846122	0.205199987562016	0.00265329999239561
chr15:57590535:T:C	15	57590535	-1.1299111840293	0.523568144836253	0.0309202402819402
chr15:69786285:T:C	15	69786285	0.291743031522082	0.226514317028457	0.197757349070795
chr15:71331250:T:C	15	71331250	-0.223519649172673	0.368460937647835	0.544096143100174
chr15:76807237:T:C	15	76807237	0.503010130483157	0.298559490737733	0.0920290392939815
chr15:77734259:G:A	15	77734259	-0.416213634493839	0.247587040659212	0.09274736702477
chr15:79750604:G:T	15	79750604	-0.0325081080635393	0.238979007030786	0.891798247133251
chr15:81697597:G:A	15	81697597	-0.233463582803238	0.225784181914902	0.301130492692033
chr15:87989871:C:T	15	87989871	-0.125233704093094	0.244403925756172	0.608367848559605
chr15:88891382:T:C	15	88891382	0.0850534599691092	0.1623643854872	0.600387686284487
chr15:94791129:A:G	15	94791129	0.0489757903049241	0.244529651070871	0.84125715220713
chr15:100978492:T:G	15	100978492	-0.376494857353261	0.219540871595935	0.0863600407351162
chr16:4957642:T:C	16	4957642	0.111503731981072	0.203367816540646	0.583495520870686
chr16:5884026:G:T	16	5884026	0.463659980485238	0.253150041599536	0.067016712065491
chr16:6848656:G:A	16	6848656	0.0928956472146187	0.20154494201131	0.644857595066975
chr16:7909855:G:A	16	7909855	-0.0310033392540426	0.278052276729832	0.911218410062814
chr16:8273542:C:G	16	8273542	-0.025281017915288	0.17797222445954	0.887040230273275
chr16:12394716:C:T	16	12394716	0.0832871240550517	0.198530420323891	0.674837458338215
chr16:17779668:G:A	16	17779668	0.418132099462194	0.241338735208434	0.0831751861904836
chr16:31127124:G:A	16	31127124	0.263358952865111	0.246529550202041	0.285400876556963
chr16:56688556:C:T	16	56688556	-0.129908129997696	0.219575397687837	0.554096130744761
chr16:60324635:A:C	16	60324635	0.0260121147736466	0.182655153108188	0.886755323328182
chr16:60499572:C:T	16	60499572	0.191721932104174	0.194756198527055	0.324908959654107
chr16:62273123:C:T	16	62273123	0.0327928468514973	0.213182242044507	0.877747394068241
chr16:65972427:C:T	16	65972427	-0.116574451869365	0.252831551090067	0.64474438738639
chr16:69246420:T:C	16	69246420	0.199612487645479	0.288180438149222	0.488519842397061
chr16:71908403:G:A	16	71908403	0.17617652020225	0.231459429408809	0.446564445709478
chr16:72103328:C:A	16	72103328	-0.0283449988638847	0.156333161350258	0.856123085557919
chr16:74837740:A:C	16	74837740	-0.228024954120335	0.332783804493564	0.493214896473655
chr16:79886631:C:T	16	79886631	-0.271613280553404	0.37165425267343	0.464887594122413
chr16:81396153:C:A	16	81396153	-0.2016443678482	0.189433192829683	0.28711962124093
chr16:82294878:C:G	16	82294878	-0.117479194593245	0.332070686288116	0.723505507315428
chr16:82421890:A:G	16	82421890	0.384730902750767	0.223116746354576	0.0846450490701979
chr16:83827178:T:C	16	83827178	0.257303928921678	0.221668370098132	0.245739235691583
chr16:89331863:A:T	16	89331863	0.0269364926780703	0.225142900454082	0.904766938249339
chr16:89337630:T:C	16	89337630	-0.054419041250546	0.223511036533346	0.807638518267544
chr16:89479873:T:G	16	89479873	0.170979591116669	0.230682672197551	0.458578505197269
chr16:90035976:C:A	16	90035976	-0.529232526495325	0.254224813834416	0.037365303669716
chr17:2489248:C:G	17	2489248	0.146802523029043	0.249809098908438	0.556761314119606
chr17:4147521:T:C	17	4147521	0.452410976185349	0.244364931922473	0.0641157111365654
chr17:6949267:T:C	17	6949267	0.428235509431674	0.275193789446001	0.11967873944805
chr17:7929448:A:G	17	7929448	0.0696639483696444	0.174772577260592	0.69018965217402
chr17:12174148:T:C	17	12174148	-0.0383007245864834	0.302389457451501	0.899209307474928
chr17:14402381:C:T	17	14402381	-0.213436201228366	0.313974150009081	0.49663801669136
chr17:15219976:C:T	17	15219976	-0.0980246360396066	0.165014489996556	0.552487676425768
chr17:16482403:T:A	17	16482403	0.0330948629041279	0.207595180793294	0.873337833997888
chr17:18684803:A:G	17	18684803	-0.358590500871487	0.194004145765038	0.0645495375258713
chr17:20040710:T:C	17	20040710	-0.131276336255225	0.222568980179018	0.555309222788661
chr17:21275023:A:C	17	21275023	0.282221943303282	0.210964275204829	0.180971014777502
chr17:30609729:C:T	17	30609729	-0.311710051545756	0.325217681812156	0.337827888771855
chr17:31554254:C:T	17	31554254	-0.528300951802764	0.411165273517324	0.198831742931046
chr17:33472425:T:G	17	33472425	-0.0883571654850288	0.325072242167059	0.785769820422178
chr17:44156671:T:A	17	44156671	-0.00134032885082968	0.185562432963432	0.99423688092288
chr17:45754773:C:T	17	45754773	0.1005402985102	0.238858326099539	0.67381334166916
chr17:48779278:C:T	17	48779278	-0.183616148507902	0.190004108267023	0.333854125057867
chr17:52703044:C:G	17	52703044	-0.65641419009119	0.396534598565417	0.0978480812453812
chr17:53282498:G:T	17	53282498	0.416540928362248	0.260790372473076	0.110215539969872
chr17:58411807:C:T	17	58411807	-0.139338976374893	0.381262812659241	0.714762835831922
chr17:61409438:A:G	17	61409438	-0.110652208932285	0.217654542089978	0.611183677635154
chr17:66262233:G:T	17	66262233	-0.0195882112393746	0.190484591159588	0.918095058565092
chr17:66751216:C:T	17	66751216	-0.0107803003976162	0.197858281655571	0.956548791632017
chr17:66971178:A:G	17	66971178	0.378482685009071	0.301878713097658	0.209930179940322
chr17:68771033:G:A	17	68771033	-0.0680522425371522	0.212558429965722	0.748848700028777
chr17:69081332:C:T	17	69081332	0.36278701132184	0.214020194466774	0.0900552295501562
chr17:69213412:T:C	17	69213412	-0.65582228851256	0.347671564069516	0.0592508913740097
chr17:72829246:G:A	17	72829246	-0.334417037057027	0.324818023524294	0.303220370207622
chr17:73506492:C:T	17	73506492	-0.479659492830121	0.346386824088284	0.166128625865705
chr17:75360149:C:G	17	75360149	-0.0607471401779161	0.340802116653643	0.858528573056309
chr17:77625920:A:T	17	77625920	-0.495908788453132	0.25574626177062	0.0524933460746466
chr18:1137045:A:T	18	1137045	0.197405481172362	0.170796069202996	0.247764447701733
chr18:4080016:T:A	18	4080016	0.034449232789185	0.299116666196533	0.908310466134582
chr18:8920896:G:C	18	8920896	0.509469943779599	0.270752522725309	0.059879307837799
chr18:9609299:C:T	18	9609299	0.208068070871188	0.25901057442572	0.42179047871453
chr18:10572326:C:T	18	10572326	0.201682518110585	0.175498614257656	0.250474670488412
chr18:11017906:C:T	18	11017906	0.125601220142988	0.24380996374344	0.606440991042901
chr18:14686017:A:G	18	14686017	0.394432264936404	0.268472971479435	0.141786857414651
chr18:14895123:C:T	18	14895123	-0.12173782816863	0.20847267880943	0.559253282842099
chr18:30059135:A:G	18	30059135	-0.278827497037729	0.198846291403322	0.160847684021554
chr18:32490781:T:C	18	32490781	0.2159022729272	0.266471313598885	0.417809679293766
chr18:36255061:C:A	18	36255061	-0.290761683151603	0.202987013021495	0.152025030607239
chr18:42762909:A:C	18	42762909	-0.0147235629493731	0.194834402236153	0.939761502117293
chr18:45461168:C:T	18	45461168	-0.0597850120102794	0.261535973441849	0.819186100181341
chr18:49146783:T:G	18	49146783	0.109667911426814	0.198739059207074	0.581072635558026
chr18:49872731:C:G	18	49872731	-0.0159790586333217	0.229925495360612	0.944594275039999
chr18:50485733:T:C	18	50485733	0.409482989411898	0.313168573847148	0.191026613169801
chr18:59256389:C:T	18	59256389	0.359503713358244	0.23887627892374	0.132329551212337
chr18:62622293:T:A	18	62622293	-0.274005301463412	0.252885514247008	0.278579802707789
chr18:62998306:G:A	18	62998306	0.131455957704924	0.195544784631315	0.501421377134737
chr18:66103927:C:T	18	66103927	0.0886363561690975	0.199087538815489	0.656165848329176
chr18:66206557:C:T	18	66206557	-0.186417156253334	0.240658273378794	0.438568056064322
chr18:68001558:G:A	18	68001558	-0.0575588919346894	0.18109699951091	0.750610405478693
chr18:71730181:C:T	18	71730181	0.487473147438189	0.170034879265936	0.00414512795455058
chr18:72912108:T:C	18	72912108	0.0248699233132341	0.183458104671153	0.892167652270078
chr18:73248491:G:A	18	73248491	-0.416445186476117	0.273554184963507	0.127921430707049
chr19:2907557:G:A	19	2907557	0.161656095677278	0.217710915723621	0.457768481619818
chr19:16021187:G:A	19	16021187	-0.222236625754182	0.51948086343653	0.668792935228425
chr19:17584922:G:A	19	17584922	-0.625004191262896	0.311424402307267	0.044758069141861
chr19:18704666:C:T	19	18704666	0.186982745007971	0.243631099901496	0.442794354035511
chr19:18737022:C:T	19	18737022	0.0238363590384836	0.192381922288412	0.90139346984711
chr19:18805179:A:G	19	18805179	0.0463405440516725	0.264174765528157	0.860752580815523
chr19:21560366:G:T	19	21560366	0.350614811837259	0.182294517318311	0.0544370372514957
chr19:21659434:G:C	19	21659434	-0.362203717846345	0.259961856342902	0.163530412232521
chr19:33474662:T:C	19	33474662	-0.0234013104079105	0.204825258099415	0.909039521616254
chr19:37956680:C:T	19	37956680	0.26023607327433	0.238845824575249	0.275908456639832
chr19:38120117:A:T	19	38120117	-0.0820548684553185	0.284194391608287	0.772789560422926
chr19:44380983:T:C	19	44380983	0.145037172890452	0.228157374603504	0.524979034338791
chr19:44819986:A:G	19	44819986	0.0537573389863388	0.227172416926152	0.812938619176961
chr19:48685001:C:T	19	48685001	0.138496371200336	0.183745389783913	0.451004962353978
chr19:51552139:T:A	19	51552139	0.253965324551329	0.236121349985868	0.282119071908678
chr19:52714810:C:T	19	52714810	-0.0903203377238935	0.229233338953522	0.693573302509662
chr19:53330671:T:C	19	53330671	-0.134900610274592	0.237262330471909	0.569646938600334
chr19:54944544:G:A	19	54944544	0.300586070877425	0.307442837097367	0.328223994569534
chr19:57195010:G:C	19	57195010	-0.492539052978955	0.342691530055153	0.15064228628917
chr20:1709120:A:G	20	1709120	-0.420881163635758	0.295960609023948	0.155001556210679
chr20:1735934:T:G	20	1735934	0.282841293798225	0.261736192366956	0.279859501140496
chr20:1906500:G:T	20	1906500	-0.099246092781602	0.227456823959931	0.66259777543153
chr20:3649460:G:A	20	3649460	-0.181261762386463	0.195299308595878	0.353343817496763
chr20:5407753:C:T	20	5407753	0.0356810131067087	0.201453184485106	0.859415594412916
chr20:5860313:T:C	20	5860313	0.180874116871778	0.230431763796729	0.432491271791638
chr20:7000966:A:C	20	7000966	-0.461859261171217	0.22342936441226	0.0387211811266243
chr20:12129436:G:A	20	12129436	0.186761767168433	0.297415487524333	0.530037329839916
chr20:31347432:T:C	20	31347432	0.187281475201592	0.230232537201608	0.415963045115386
chr20:37593342:C:T	20	37593342	-0.105325008625746	0.212633224294797	0.620362571971642
chr20:38200488:G:A	20	38200488	-0.245166722102755	0.189886990877034	0.196662379517595
chr20:38350608:A:G	20	38350608	0.501067787563418	0.23077195744931	0.0299109128634599
chr20:45729681:A:G	20	45729681	-0.00952025118122146	0.202119601321828	0.962431879239319
chr20:48501317:C:T	20	48501317	0.271620217584882	0.2039867995682	0.183005534113532
chr20:49036824:T:G	20	49036824	0.242399224492234	0.254277108848967	0.340444353201397
chr20:50371082:C:T	20	50371082	0.211676313955971	0.248982343432904	0.395232821937547
chr20:54253971:A:G	20	54253971	-0.0472381742783384	0.221629826239435	0.831217790128213
chr20:58480201:T:G	20	58480201	0.120992493576281	0.199376871885879	0.543948335909115
chr20:60073360:C:T	20	60073360	-0.275105752901118	0.22455781084244	0.220537580693992
chr21:15297615:T:C	21	15297615	0.00897526442820358	0.262993599220569	0.972775629904728
chr21:15686888:A:G	21	15686888	0.0911784987246749	0.314758089648351	0.772062576739187
chr21:24026351:C:T	21	24026351	0.217140709106616	0.211875596004646	0.305433959804908
chr21:26647335:G:C	21	26647335	0.0729654843998117	0.166935695886709	0.662047985954493
chr21:28043199:C:G	21	28043199	-0.104661308080423	0.24767918960819	0.672610453576734
chr21:31885030:A:G	21	31885030	0.0417763324201333	0.189497783052993	0.825514354886234
chr21:35502622:A:T	21	35502622	0.0269671134050577	0.261040370793286	0.917719880112475
chr21:36306638:T:G	21	36306638	-0.210072975066295	0.213526134086185	0.325200122797232
chr21:41442549:G:A	21	41442549	-0.216194143701268	0.305377885159533	0.478972505392934
chr22:20147688:T:C	22	20147688	-0.198013519954317	0.257882615501453	0.442580098687339
chr22:23891985:A:G	22	23891985	0.0366291027618278	0.287868678498974	0.898748544379887
chr22:24245985:G:T	22	24245985	-0.186197914184232	0.242463322643146	0.442521287648686
chr22:30662128:G:A	22	30662128	-0.323943990045263	0.203637694818381	0.111657749067469
chr22:36977479:G:A	22	36977479	0.0999118091239827	0.326172752570833	0.759364346971017
chr22:42475109:T:G	22	42475109	0.128098517803119	0.177197107041782	0.469731860606105
chr22:44719519:A:G	22	44719519	0.0179893329930466	0.275066777353798	0.947855623206092
chr22:45210278:T:C	22	45210278	0.000685735920354676	0.209246160213161	0.997385198735698
chr22:48785864:A:G	22	48785864	-0.28982734985225	0.358352509419143	0.418643295970677
chr22:49668266:A:G	22	49668266	-0.481731543813709	0.255435593294751	0.0593054986737319
