SNP	CHR	POS	est	stderr	pval
chr1:1837340:C:T	1	1837340	-0.0640568008214002	0.308981355260954	0.835763023347398
chr1:2261200:G:C	1	2261200	-0.267810833083913	0.130048973251511	0.0394647852411532
chr1:14678191:A:C	1	14678191	-0.354170230185492	0.168808746943504	0.035900185272452
chr1:14985097:C:T	1	14985097	0.0156453268550142	0.198363890612358	0.937134554601298
chr1:15065941:C:T	1	15065941	0.329724470264774	0.195679690352606	0.0919844383620282
chr1:20215506:G:C	1	20215506	0.166805722624149	0.137025974591772	0.223478981506192
chr1:20533654:G:C	1	20533654	-0.779671494633974	0.778708040894571	0.316712123438917
chr1:22009627:T:C	1	22009627	0.0766156159667101	0.153596689667293	0.617913007234925
chr1:22126221:C:T	1	22126221	0.120158514764324	0.115836399546348	0.299590364526297
chr1:23180575:A:G	1	23180575	0.256269021689809	0.152614070983482	0.0931137438668984
chr1:26058659:G:C	1	26058659	0.215706311059781	0.197542311287217	0.274855113897046
chr1:26181362:A:G	1	26181362	0.290024872756065	0.227946915817082	0.203254065624725
chr1:26848285:C:T	1	26848285	-0.564545872997512	0.576134129835192	0.3271423043482
chr1:28670719:C:T	1	28670719	-0.224257201853369	0.129458091830514	0.0832243555082178
chr1:29753056:A:C	1	29753056	0.291617760793978	0.218117587554778	0.181230798665933
chr1:29908726:A:G	1	29908726	-0.509747882263677	0.249851641309398	0.0413301851549189
chr1:31886486:G:T	1	31886486	0.0974475447860085	0.145328190180112	0.502517211328136
chr1:37838865:C:T	1	37838865	0.117450490569703	0.142086563452977	0.408456885192095
chr1:39880059:T:C	1	39880059	0.110879750332447	0.144677743697045	0.443443564365899
chr1:41175014:G:A	1	41175014	0.490643484072738	0.336155568243041	0.144407551886011
chr1:41597921:C:T	1	41597921	-0.214244026592267	0.241122263193265	0.374256479417024
chr1:42635725:A:G	1	42635725	0.178078303869135	0.226587166528418	0.431917154578813
chr1:43202709:G:A	1	43202709	-0.389643127951415	0.227330581581345	0.0865299287125446
chr1:47498869:G:A	1	47498869	0.122563251309148	0.176925770518817	0.488473820819528
chr1:51034150:G:A	1	51034150	-0.383734204183667	0.459082521810741	0.403226942228379
chr1:54900240:G:A	1	54900240	-0.199612662163953	0.133543666362832	0.134983088162557
chr1:55459433:C:T	1	55459433	0.495535198524243	0.208947351961507	0.0177122490871856
chr1:56563907:C:T	1	56563907	-0.223388157101656	0.379158424427495	0.555748321968822
chr1:65351414:T:A	1	65351414	-0.409453527624139	0.234347192475307	0.0806010883217827
chr1:66254178:T:A	1	66254178	0.281623144567613	0.163861767008369	0.0856757657403785
chr1:73302339:T:C	1	73302339	0.0626322473433186	0.157482619903598	0.690844739644257
chr1:73563666:T:C	1	73563666	-0.136221488534009	0.290278397814663	0.638870390446845
chr1:76062379:T:C	1	76062379	-0.0607478660099571	0.237069976695522	0.797762087211675
chr1:86928231:G:T	1	86928231	0.333371066496279	0.149259005669558	0.0255155148776074
chr1:88611347:G:A	1	88611347	-0.312125229805146	0.339333494202313	0.357667607654675
chr1:91057167:C:A	1	91057167	-0.087916852998975	0.234358048459575	0.707557064890199
chr1:91093925:G:A	1	91093925	-0.253267060958564	0.271838753927764	0.351501296540689
chr1:92475800:A:G	1	92475800	-0.36998388371977	0.2282805420206	0.105072961873852
chr1:94752415:G:A	1	94752415	0.153660316872929	0.176949922058327	0.385184658877089
chr1:95614324:G:A	1	95614324	-0.0787049492236094	0.243908713977239	0.746936092964516
chr1:99691102:T:C	1	99691102	-0.424007445088156	0.31875973003267	0.183459357147091
chr1:104937367:T:A	1	104937367	0.0770061815000952	0.153560222783952	0.616038843848945
chr1:115841221:A:T	1	115841221	0.242941626297412	0.311139114465424	0.434912182721264
chr1:153704237:C:A	1	153704237	-0.297369935204033	0.187265493494536	0.112295599211423
chr1:155857667:G:T	1	155857667	0.364363577102866	0.26984245650587	0.176925347538018
chr1:157334223:T:C	1	157334223	-0.761271406350952	0.593057120686184	0.199268204470404
chr1:159540226:C:T	1	159540226	-0.174922649059953	0.16532688047932	0.290036664963993
chr1:165647351:T:C	1	165647351	0.0586912467781244	0.26464487691096	0.824490132734566
chr1:167545338:A:T	1	167545338	0.227989689912266	0.25033142373831	0.362426384819807
chr1:168863629:G:A	1	168863629	0.102395012499255	0.191145652703912	0.592172100663516
chr1:171350391:G:A	1	171350391	-0.214439027047374	0.143033664653148	0.133816393558879
chr1:173013575:C:G	1	173013575	0.30708219979653	0.196542520774825	0.118188797689485
chr1:178947344:C:A	1	178947344	0.217214267438552	0.17151882011063	0.205363999181617
chr1:182872646:T:G	1	182872646	0.102712387680366	0.27118827144574	0.704873985922885
chr1:185127444:C:G	1	185127444	0.267315873368394	0.253134699024975	0.290958051547885
chr1:185619557:C:T	1	185619557	0.12559236697011	0.170043623445833	0.460156544394338
chr1:186638909:G:T	1	186638909	0.171169306212104	0.206479746390835	0.407110994181322
chr1:188272062:T:C	1	188272062	-0.044679559571345	0.191963585985282	0.815955399525463
chr1:193365737:C:T	1	193365737	-0.101953846773362	0.0924271533654568	0.269995702529116
chr1:193791070:G:T	1	193791070	0.192302274774449	0.210510940027523	0.360978307412782
chr1:195033388:T:C	1	195033388	-0.139688076420022	0.229504438245268	0.542755877270247
chr1:195907914:A:G	1	195907914	0.113759985349491	0.173268060748186	0.511467189304177
chr1:196692375:G:C	1	196692375	0.453051308917061	0.185942083820872	0.0148294149005734
chr1:197559019:A:G	1	197559019	0.339432854053611	0.207162747502336	0.101320762119761
chr1:199160726:G:A	1	199160726	-0.00742113878476399	0.219477779477178	0.973026499625146
chr1:204277152:T:C	1	204277152	-0.106956590627806	0.19458165083636	0.582542583039129
chr1:207498131:C:T	1	207498131	-0.287750878537561	0.233840365893373	0.218493429931467
chr1:208744577:C:T	1	208744577	0.0485992833260674	0.305942213143159	0.87378612037366
chr1:210496535:G:A	1	210496535	-0.298423350726696	0.247516551263588	0.227944647141663
chr1:212937214:T:G	1	212937214	-0.0146956415810241	0.171619961498958	0.931761363456702
chr1:219750864:A:G	1	219750864	0.304682654944835	0.205575791227548	0.138315274423914
chr1:221920463:G:A	1	221920463	0.0432068694702101	0.252122540940439	0.863930878819264
chr1:227462684:A:G	1	227462684	-0.491477141227624	0.342720971905578	0.151559550617544
chr1:234456961:G:A	1	234456961	0.111008064639188	0.205407798357934	0.588902107131339
chr1:237308322:A:G	1	237308322	-0.0972119315093163	0.0948649791572857	0.305485919804047
chr1:239000642:T:C	1	239000642	0.00759940195283774	0.224238064372855	0.972964960086577
chr1:242239801:C:T	1	242239801	0.541385771751477	0.255564812465729	0.0341421088067505
chr1:244583991:C:T	1	244583991	-0.0579484523371189	0.16359892104198	0.723181150247674
chr1:246213578:G:A	1	246213578	-0.00570218114444457	0.155767431346724	0.970798347823357
chr1:247190028:T:C	1	247190028	-0.297327336235027	0.271946455305715	0.274248744736272
chr1:247897239:C:T	1	247897239	0.274904651369989	0.216947679002091	0.205102648957636
chr2:3248328:A:G	2	3248328	0.0171315110039075	0.153766321491665	0.911289141404068
chr2:4505759:T:G	2	4505759	0.3357268584348	0.255686102084979	0.189168443407007
chr2:6804400:G:A	2	6804400	-0.254544251528005	0.242197772389262	0.293269223046589
chr2:9411790:A:C	2	9411790	-0.0174057386973432	0.19089799857947	0.92735098500133
chr2:12096367:C:T	2	12096367	0.0808694911992867	0.200082586048886	0.686079949732232
chr2:13545005:C:T	2	13545005	-0.190840205632612	0.1858288767755	0.304435796708868
chr2:16009716:A:G	2	16009716	0.114285804424693	0.145946841364407	0.433589179971253
chr2:16367899:A:T	2	16367899	-0.227807222242742	0.18106663667401	0.208341041629048
chr2:17630111:A:C	2	17630111	-0.101031912075898	0.172624647817763	0.558366633484517
chr2:17928966:C:G	2	17928966	-0.272956540101774	0.201523721093687	0.175588526117696
chr2:18261494:A:T	2	18261494	-0.216917828569383	0.156815620353551	0.166583098924983
chr2:19530615:T:C	2	19530615	0.00264114300635221	0.169876142472812	0.987595419217843
chr2:19562158:T:C	2	19562158	-0.120880714617405	0.209970794387579	0.564816274438712
chr2:27383116:G:A	2	27383116	0.228257824456159	0.192498951244391	0.235716542155956
chr2:37762298:C:T	2	37762298	0.147303313006631	0.241842266202728	0.542465862371086
chr2:42010994:T:A	2	42010994	-0.0464804387357363	0.24123195388595	0.847210023137968
chr2:45824390:C:G	2	45824390	-0.174075946417375	0.403140299370423	0.665886842367351
chr2:46742820:T:C	2	46742820	-0.348485800334222	0.407833337226169	0.392838583401961
chr2:49789441:T:C	2	49789441	0.0496743823609882	0.202270923356453	0.806004735739231
chr2:49994518:G:A	2	49994518	0.167685677685557	0.253984013360845	0.509111769298358
chr2:51284042:G:A	2	51284042	-0.271999799787196	0.284710895439726	0.339398518058722
chr2:51344078:G:A	2	51344078	-0.262634446027705	0.245217534122815	0.284157571758214
chr2:57278002:C:A	2	57278002	0.25264202586187	0.17795806813971	0.155703292627987
chr2:57368273:A:G	2	57368273	-0.056528654703404	0.230235105229355	0.80604934633268
chr2:60075157:T:C	2	60075157	0.211856281694171	0.224305418710669	0.344914626027105
chr2:60373837:A:G	2	60373837	-0.162638086380987	0.209323525829901	0.437176508131224
chr2:61147014:T:C	2	61147014	0.0183182456788904	0.170614419018601	0.914498357099413
chr2:61693274:A:G	2	61693274	0.274114825388762	0.163508180681305	0.0936482436484083
chr2:65295480:C:T	2	65295480	0.323222819456098	0.193778318392678	0.0953151281304653
chr2:66031496:T:C	2	66031496	-0.0919364708948461	0.135953432891478	0.498891448533315
chr2:69165635:T:C	2	69165635	0.289201484992777	0.191122515182332	0.130235647109499
chr2:71204755:G:A	2	71204755	0.312972488815689	0.256652510329685	0.222677011655025
chr2:72022684:A:G	2	72022684	0.338549115984595	0.223825678024611	0.130392201044498
chr2:76651386:C:A	2	76651386	-0.103472198432869	0.17065787068548	0.544306488517175
chr2:79784490:C:G	2	79784490	0.285503308421513	0.191691667721925	0.136385173380728
chr2:82619301:T:C	2	82619301	0.35327338648534	0.207144870487615	0.0881121789134967
chr2:83181917:T:C	2	83181917	-0.763991244163412	1.02013541692426	0.453910490064718
chr2:83400799:T:A	2	83400799	-0.0311278038051262	0.253876936413319	0.902416083097838
chr2:85744328:G:A	2	85744328	0.1448630885066	0.192599769551858	0.451963443790606
chr2:85757440:T:A	2	85757440	0.119423977328713	0.150389193086267	0.427137530770269
chr2:99811694:T:C	2	99811694	0.135208388802419	0.175885251004455	0.442053207207176
chr2:101228073:A:C	2	101228073	-0.0508216231376387	0.151970727965845	0.738064772958901
chr2:106861882:T:C	2	106861882	0.361870477758196	0.236536707367979	0.1260488421511
chr2:108083619:T:C	2	108083619	0.200072016449372	0.168522048338977	0.235142561652592
chr2:114129906:T:C	2	114129906	0.419903594017161	0.212341659049536	0.0479862236716886
chr2:118004610:C:T	2	118004610	0.249742361561469	0.187322660269089	0.182459540051405
chr2:119455921:A:G	2	119455921	0.0424981780677787	0.145297516947588	0.769911439873527
chr2:120644763:G:A	2	120644763	0.110747082276553	0.128111497213008	0.38733602747521
chr2:120916837:A:G	2	120916837	0.130607442044565	0.157058973489511	0.405644829483417
chr2:122628686:C:A	2	122628686	0.285296347133056	0.167661634579793	0.0888266745212392
chr2:122629789:A:C	2	122629789	0.266228285087045	0.159756250753301	0.0956207282479561
chr2:126391403:A:G	2	126391403	-0.00812575050453172	0.238147468671964	0.972780928099056
chr2:127192867:G:A	2	127192867	0.218310625695458	0.172776367465301	0.206393571299686
chr2:130915743:C:T	2	130915743	0.172469123332485	0.205429465402067	0.401158516596287
chr2:136107122:C:T	2	136107122	0.389200176039803	0.312008481043105	0.212249930656733
chr2:136507185:G:C	2	136507185	0.185760242268306	0.110989440733601	0.0941945073026519
chr2:141023592:C:T	2	141023592	-0.324398369475324	0.208818469188545	0.120305012388933
chr2:143017176:T:C	2	143017176	0.434809315667191	0.226142106284484	0.0545144652192669
chr2:143920023:G:T	2	143920023	0.0405876099377007	0.244810585002121	0.868320727487039
chr2:144729333:C:T	2	144729333	-0.227082977433132	0.233031748382068	0.329822099860343
chr2:148561010:G:C	2	148561010	-0.188627736585689	0.224516710695549	0.40082423350559
chr2:154835349:G:T	2	154835349	-0.357498389340351	0.354624181669523	0.313404086410543
chr2:164974626:C:A	2	164974626	0.200642916614482	0.184157108371105	0.275924487181776
chr2:167086954:T:G	2	167086954	0.293995643442782	0.14895950553546	0.0484202438996132
chr2:167199229:C:T	2	167199229	0.413638618906212	0.206898176913092	0.0455826498893808
chr2:167657344:C:T	2	167657344	0.192101788728858	0.183020134078359	0.293892366478175
chr2:167884398:C:T	2	167884398	0.361281804215647	0.228334472702968	0.113592925086873
chr2:168647356:T:G	2	168647356	-0.0384348791120378	0.179254943432677	0.830223748040993
chr2:170041677:A:G	2	170041677	0.181947119366908	0.279940699650919	0.515725300167465
chr2:171274449:C:A	2	171274449	0.379717513937137	0.164130638583981	0.0206947359577101
chr2:177787584:G:A	2	177787584	0.103626865609102	0.2011777502532	0.606482425643182
chr2:179648558:C:T	2	179648558	0.460430886702834	0.21386069102594	0.0313227876767463
chr2:180833197:G:A	2	180833197	-0.0876336248184587	0.266849818719496	0.742608834035951
chr2:183527028:C:T	2	183527028	0.0563415319411279	0.236141565520719	0.811421826089542
chr2:184516924:T:A	2	184516924	-0.315099092876368	0.268958546979084	0.241376716196365
chr2:191922008:C:T	2	191922008	0.145062006681438	0.227607930221076	0.523908069664057
chr2:195817951:G:C	2	195817951	-0.372986869914591	0.423576026212966	0.378552483074665
chr2:197010424:G:A	2	197010424	-0.241036459039031	0.315539572718433	0.44493480900981
chr2:209101337:G:A	2	209101337	0.271863294662325	0.166573621764298	0.10266033545644
chr2:209103516:A:G	2	209103516	0.109824810553417	0.177497839399459	0.536088406453799
chr2:210957182:G:A	2	210957182	-0.407994267948565	0.338508327585669	0.228098703951653
chr2:214802180:T:C	2	214802180	0.133007198171286	0.163195825593603	0.415063189572994
chr2:215209936:A:G	2	215209936	0.163432329837853	0.156139330143556	0.29523414329852
chr2:215367000:G:A	2	215367000	-0.0851634159550028	0.197669213420889	0.666586139923124
chr2:220997842:C:T	2	220997842	-0.0962829615595027	0.154384369278815	0.532852574781984
chr2:226027918:G:A	2	226027918	0.374072794245204	0.206063309156647	0.0694732953890422
chr2:228947684:G:A	2	228947684	-0.193962873194242	0.179681891618439	0.280374140021108
chr2:233152507:T:C	2	233152507	-0.051024753228171	0.181404199299974	0.778498270025065
chr2:235620294:A:T	2	235620294	0.467083286816331	0.199910381583119	0.0194671037780536
chr2:237288548:A:G	2	237288548	-0.0945508430732768	0.0981999632972977	0.335627872705572
chr2:237513585:T:C	2	237513585	0.149224105190237	0.194017709608103	0.441818391537698
chr2:237920759:T:G	2	237920759	-0.0402624334765936	0.205364767656072	0.844568474432939
chr2:240429648:C:T	2	240429648	0.0291423091399426	0.146342219970851	0.842154731871686
chr3:9841346:T:C	3	9841346	-0.0952673390223892	0.24649261283448	0.699132578328651
chr3:10127208:T:G	3	10127208	0.0826772260930527	0.268329506732827	0.757992332012789
chr3:14082905:A:G	3	14082905	-0.270634182259507	0.167723259985244	0.106619483913951
chr3:16798495:T:G	3	16798495	0.265691307006133	0.165861577918874	0.109180864367065
chr3:18882818:T:C	3	18882818	0.225740470350738	0.154431904970874	0.143810381190445
chr3:20179943:G:A	3	20179943	0.132763240203612	0.302601956343012	0.660850759311568
chr3:22245167:A:G	3	22245167	0.0531662907614935	0.166275271224891	0.749158889357406
chr3:24009496:G:A	3	24009496	-0.0173044104273219	0.152410991500972	0.909604187614103
chr3:24010534:C:T	3	24010534	-0.14296796091388	0.161751731641806	0.376764865248242
chr3:33111016:C:A	3	33111016	0.272689289205826	0.223290673712625	0.22199891504031
chr3:33421913:A:G	3	33421913	-0.0391081204692581	0.21335506798115	0.854562132401511
chr3:34471110:A:G	3	34471110	-0.123763239673422	0.190399886969892	0.515680981609692
chr3:34498029:C:T	3	34498029	0.271417371056535	0.230976975918089	0.239961072577637
chr3:35230331:G:A	3	35230331	0.198620849210725	0.201166263299329	0.323472696842748
chr3:41413926:T:C	3	41413926	0.0612803143817639	0.0998091198783073	0.539231781336797
chr3:42098050:T:C	3	42098050	-0.135381347163639	0.197358057391768	0.49273317507323
chr3:46489654:A:G	3	46489654	-0.112893780391175	0.106261394308546	0.288046980553894
chr3:56959175:A:G	3	56959175	0.387477600479382	0.230743659683037	0.0931022251371976
chr3:64441608:G:A	3	64441608	0.138451433292297	0.163368414370688	0.396727734258262
chr3:66150510:T:A	3	66150510	-0.39781279353259	0.398060857486196	0.317612184937788
chr3:66995763:G:T	3	66995763	-0.122685724981655	0.145948419654939	0.400566362797747
chr3:68498445:T:C	3	68498445	0.16008626973049	0.195693684101256	0.413331405122402
chr3:68824246:G:A	3	68824246	0.0456189414232263	0.18084422977924	0.800843625432947
chr3:69021248:A:C	3	69021248	0.00720357975627712	0.178443191749874	0.967798915253478
chr3:69617754:T:G	3	69617754	-0.238288619716934	0.1782628583441	0.181312051265836
chr3:74191731:G:A	3	74191731	-0.0760427533758042	0.269489367884722	0.777810490540585
chr3:74732240:G:A	3	74732240	0.269688089893425	0.214553771580792	0.208763763746164
chr3:75709324:A:T	3	75709324	0.101437049279953	0.189099069133889	0.591666387769672
chr3:84465702:T:C	3	84465702	0.083942132541223	0.157273991095797	0.593527095040805
chr3:84817748:G:A	3	84817748	-0.57034678503548	0.309482974569177	0.0653433239090068
chr3:85705423:A:G	3	85705423	-0.304577598941004	0.262996735791581	0.246821555603268
chr3:88069353:C:T	3	88069353	0.42240252122767	0.203004053672928	0.0374559663962007
chr3:93986190:G:A	3	93986190	-0.41478394878502	0.24763452123639	0.0939373013372673
chr3:101022648:G:A	3	101022648	0.236640944056803	0.239739304266537	0.323605319854933
chr3:105622159:T:C	3	105622159	-0.501886642872967	0.431902657875776	0.245220648430871
chr3:106664728:C:T	3	106664728	-0.0715985846923027	0.167420025491427	0.6688998215829
chr3:110774699:C:T	3	110774699	-0.214162358203149	0.176893170179714	0.226015177052664
chr3:113428518:G:A	3	113428518	0.0525053411268578	0.144927741646271	0.717138064741697
chr3:121058963:T:G	3	121058963	-0.0644458372236259	0.30270916318877	0.831407393852673
chr3:122312606:G:A	3	122312606	0.0815728988213646	0.200137159522974	0.683578398195617
chr3:124193435:A:C	3	124193435	0.206915445285021	0.168534059557487	0.219545835551405
chr3:124804582:A:T	3	124804582	0.311380172710472	0.232186524351378	0.179895222975092
chr3:126773646:G:T	3	126773646	0.235328855161899	0.14910957015592	0.114513306920521
chr3:131110446:C:G	3	131110446	0.165902382941292	0.184250499201252	0.367898085046858
chr3:131209978:G:T	3	131209978	-0.165064155546231	0.255173652313532	0.517716146580841
chr3:133982842:C:T	3	133982842	-0.316488665449111	0.180046964444966	0.0787795493812605
chr3:134929007:C:T	3	134929007	0.179078287090047	0.190941821328371	0.348312080410776
chr3:137777496:C:T	3	137777496	0.0574579471354321	0.329580317735609	0.86160085327577
chr3:146265901:G:T	3	146265901	-0.0332462905118372	0.148580519404111	0.822944509227883
chr3:148006706:G:A	3	148006706	0.532588950030433	0.283028541482612	0.0598699712628986
chr3:149679065:C:A	3	149679065	-0.231930763039569	0.205247498285066	0.258473986773732
chr3:150888061:C:A	3	150888061	0.286968609293075	0.203375788158677	0.158236825373952
chr3:152663712:G:C	3	152663712	-0.000158241892774275	0.177742117169038	0.999289652061938
chr3:159417151:A:G	3	159417151	0.158723465530314	0.187589714915624	0.397485638254577
chr3:164899350:G:A	3	164899350	0.394195239767039	0.199185258238943	0.0478117027965288
chr3:168053836:T:C	3	168053836	-0.478771857197844	0.385630655729692	0.214410186291586
chr3:171028381:G:A	3	171028381	0.0464663514081389	0.13446676807369	0.7296733273496
chr3:174497130:T:C	3	174497130	-0.101586709660458	0.128788533827497	0.430236561374526
chr3:176663180:T:G	3	176663180	0.0312287212644944	0.35700880495043	0.93029534550174
chr3:196706550:C:T	3	196706550	-0.0217752015712446	0.161358589963886	0.892652093511135
chr4:332191:G:A	4	332191	-0.0442852075595044	0.126310119188843	0.725883230413125
chr4:8816874:T:C	4	8816874	-0.251616910578418	0.165256631360789	0.127863106431374
chr4:9851274:C:G	4	9851274	0.272073871331631	0.197343332638266	0.167992554696488
chr4:10725805:A:G	4	10725805	0.348998311154121	0.145382657930955	0.016370462838399
chr4:13219910:C:T	4	13219910	-0.00371736958664405	0.218237306456406	0.986409801215818
chr4:18747099:A:G	4	18747099	-0.179027517650562	0.184275654748613	0.331289308006772
chr4:20840555:C:T	4	20840555	-0.136395706353006	0.133459203978943	0.306779482263988
chr4:21137718:C:T	4	21137718	-0.0176386243937656	0.143422699212108	0.902120170129439
chr4:26851610:T:C	4	26851610	0.156168844598267	0.170959154758003	0.360986839153893
chr4:32302160:A:T	4	32302160	-0.0542554756852534	0.220227793323754	0.805403017363913
chr4:34501888:A:G	4	34501888	0.285720764738112	0.244976243886743	0.243484971160781
chr4:40603484:A:G	4	40603484	0.15474898589403	0.145090645248724	0.286167123360263
chr4:41002348:C:T	4	41002348	0.199988206543006	0.175487686054085	0.254447191240074
chr4:44018406:T:G	4	44018406	-0.0243456721381542	0.167904289361185	0.884712986987241
chr4:44680448:T:C	4	44680448	-0.030453143232184	0.150909723077718	0.840075355235659
chr4:55337032:C:T	4	55337032	0.08454661136982	0.0945811329774023	0.371372361985842
chr4:55659669:G:A	4	55659669	0.0307540003645584	0.199615952998292	0.877557818873561
chr4:56719096:C:T	4	56719096	-0.233422271267888	0.202626215457793	0.249327418867126
chr4:58944563:C:T	4	58944563	0.155329353423513	0.283587276135798	0.583877080435213
chr4:61158247:C:G	4	61158247	0.48447954732349	0.204694170003708	0.0179404032669258
chr4:64485722:G:A	4	64485722	0.188249614938627	0.216727895409038	0.385066547808456
chr4:67708732:C:T	4	67708732	-0.152365670752885	0.211279237907554	0.470812431340479
chr4:67911021:C:T	4	67911021	0.196519034575967	0.15285413438617	0.198560403432048
chr4:90022599:G:T	4	90022599	-0.0474617034131408	0.237309778355898	0.841481412471216
chr4:95020597:A:T	4	95020597	0.0942262573001704	0.256802855325546	0.713678246307765
chr4:95433170:T:C	4	95433170	-0.0773969386508914	0.176472973943898	0.660968266148577
chr4:97398054:G:A	4	97398054	0.120595370653056	0.162777601537306	0.458778491850402
chr4:98823404:T:C	4	98823404	-0.066427646159581	0.226192645156125	0.769004498914703
chr4:99262681:C:G	4	99262681	-0.132264581755811	0.181042314291357	0.465040160462065
chr4:99355957:G:T	4	99355957	-0.226205881667903	0.233943810917849	0.333582035925907
chr4:101085120:T:C	4	101085120	0.138951792320662	0.146028564039329	0.341331113618477
chr4:102399971:C:T	4	102399971	-0.0037668603928791	0.146598133697489	0.97950049581475
chr4:102884286:T:C	4	102884286	0.168029547720531	0.155369993746465	0.27948363279965
chr4:105992845:C:T	4	105992845	-0.0278792136003264	0.196775921185936	0.88733276888785
chr4:108791253:G:A	4	108791253	-0.114791939174334	0.209878544611546	0.58441678513078
chr4:110191180:A:G	4	110191180	0.497918006737124	0.294362888336916	0.0907392855613578
chr4:110957298:T:A	4	110957298	0.372783016504354	0.182806772577067	0.0414281904484736
chr4:113348012:C:T	4	113348012	0.305380202199144	0.190765998863703	0.109418911012739
chr4:115515844:A:G	4	115515844	0.121482587101495	0.220191246646253	0.581144336330827
chr4:115522695:G:A	4	115522695	0.21233714719901	0.190461679356626	0.264912581787703
chr4:120770744:A:C	4	120770744	0.140562901206182	0.170680907575533	0.410199825920401
chr4:123964831:A:G	4	123964831	-0.00393435817404196	0.193540458904989	0.983781440483887
chr4:125256344:T:C	4	125256344	-0.0373496295328917	0.355253578162018	0.916268587604938
chr4:126268710:T:G	4	126268710	0.286754868576675	0.184112669943659	0.119352612857371
chr4:134094420:T:C	4	134094420	0.191451959223306	0.183513155967191	0.296827830598382
chr4:134350906:C:T	4	134350906	-0.164842210550003	0.211782933542093	0.436360023239967
chr4:138952375:G:A	4	138952375	-0.445689821678396	0.232429628028386	0.0551711592752682
chr4:141012527:T:G	4	141012527	0.138853361536671	0.216742977241752	0.521759181661161
chr4:141618953:G:A	4	141618953	0.266309915435748	0.173520277798664	0.12484571748901
chr4:143626434:A:G	4	143626434	-0.37505969170106	0.502218341096141	0.455180647748335
chr4:149616644:T:G	4	149616644	0.000863843980096116	0.175406481047705	0.996070584254293
chr4:154030957:C:G	4	154030957	-0.0739605988581649	0.235643025745415	0.753621960510468
chr4:168588553:A:C	4	168588553	0.313217726660722	0.199546354709165	0.116496803231626
chr4:171334248:A:T	4	171334248	0.463411597454798	0.247024697252207	0.0606590235794915
chr4:171974219:A:G	4	171974219	0.155935258416437	0.157077858326935	0.320843549097099
chr4:176312841:C:T	4	176312841	0.394244437751459	0.148255482598124	0.00783210278628099
chr4:179329624:T:G	4	179329624	-0.120447056420437	0.189122688934234	0.524207839213127
chr4:183032183:A:G	4	183032183	-0.122817861289228	0.232282883839261	0.596984005116051
chr4:184991673:A:G	4	184991673	0.201210047691718	0.233604921823792	0.389058390578394
chr4:189912372:C:T	4	189912372	-0.29444654350585	0.153545916267515	0.0551560525391853
chr5:79496:A:G	5	79496	0.220439664184337	0.276960020444283	0.426075083873463
chr5:5313703:A:G	5	5313703	0.216971452057835	0.188548328617896	0.249836272328056
chr5:7364955:T:A	5	7364955	-0.284652638087219	0.322402103364381	0.377283899624933
chr5:8067079:G:C	5	8067079	-0.359874177595065	0.266329036490335	0.176618889306211
chr5:13911296:G:T	5	13911296	0.147856561835658	0.167169793912373	0.376442891559833
chr5:15621966:C:G	5	15621966	0.290034649554362	0.179223765030766	0.105601769968784
chr5:15997511:T:A	5	15997511	0.537438990075895	0.301324075648377	0.0744901055813647
chr5:17902851:T:C	5	17902851	0.0388287144325943	0.266081354225686	0.883978243488973
chr5:20719353:A:C	5	20719353	0.00608925793337483	0.172500823405889	0.971840621019047
chr5:20732163:G:T	5	20732163	0.166549841501193	0.192002983491809	0.38570447196612
chr5:21913130:A:C	5	21913130	0.43176128308664	0.17767139730758	0.015094183828079
chr5:23682774:A:T	5	23682774	0.0543686966690935	0.234680963964831	0.81679381191332
chr5:23787194:A:C	5	23787194	-0.326615127377142	0.162905756042105	0.044970209443522
chr5:23895775:T:G	5	23895775	-0.33703283823491	0.119399482814554	0.00476162357570709
chr5:25693600:A:G	5	25693600	0.16181975866538	0.222148209323939	0.466349471822278
chr5:33466391:T:A	5	33466391	0.168735845511476	0.110893591432491	0.128108983081541
chr5:33624899:A:G	5	33624899	0.221398775018862	0.20209866732144	0.273298328058932
chr5:39550509:T:G	5	39550509	0.0481098520346687	0.175084243711972	0.783484371311802
chr5:39634108:G:A	5	39634108	-0.118699702016389	0.166384981837228	0.475595834185681
chr5:39978357:G:A	5	39978357	0.17681928983785	0.187823751138868	0.346494430181886
chr5:40238036:C:A	5	40238036	0.451639699739691	0.292726329132079	0.122861468538865
chr5:44011742:G:T	5	44011742	0.247852666269232	0.147345512836016	0.0925457936439635
chr5:50222627:G:A	5	50222627	0.0663971318321799	0.19836271124635	0.737831881842576
chr5:54814079:C:T	5	54814079	0.205656357536686	0.145966202139578	0.158855469888512
chr5:66989845:C:A	5	66989845	-0.0651715666443037	0.144530523359658	0.652047891304416
chr5:66992139:G:A	5	66992139	0.251068564561012	0.14710232642147	0.0878664197957949
chr5:73076502:T:C	5	73076502	0.185405133865462	0.205915479923775	0.367910428657806
chr5:76998986:C:A	5	76998986	-0.370385700636241	0.212939277537612	0.0819651536064042
chr5:77675144:G:C	5	77675144	0.0880125617275564	0.199037138518799	0.658350524113095
chr5:80530472:T:A	5	80530472	-0.16258725116455	0.27791871613741	0.558536098284739
chr5:81710558:G:T	5	81710558	-0.208639044219603	0.10246225668595	0.041724989368697
chr5:82792281:C:G	5	82792281	0.27009999301625	0.183219496714305	0.140430965813078
chr5:84879932:A:G	5	84879932	-0.095100525052008	0.191218132047505	0.618948942875903
chr5:85476293:A:G	5	85476293	0.193143895525397	0.177385180712015	0.276224908007147
chr5:85809583:T:C	5	85809583	-0.532833941512021	0.28143151448605	0.0583181480375667
chr5:92192959:A:T	5	92192959	-0.288644713448635	0.320387923145587	0.367629486126639
chr5:94648523:C:G	5	94648523	0.107964589910266	0.213243758112092	0.612648448804282
chr5:98024666:G:A	5	98024666	0.0544593420346874	0.151485169975433	0.71921898713692
chr5:101328324:T:C	5	101328324	0.183074352063621	0.257685298899288	0.477420720510355
chr5:101825779:A:C	5	101825779	-0.252537086176779	0.246712723077327	0.30602052418339
chr5:106773905:G:A	5	106773905	0.212396497608054	0.159931770382851	0.18416342802242
chr5:110045491:C:T	5	110045491	-0.351581658953059	0.637316796178678	0.581181884409934
chr5:114915760:G:T	5	114915760	0.0698925659175442	0.147087637706725	0.634661286834866
chr5:115102683:A:G	5	115102683	-0.29076007339148	0.34251718027532	0.395941424604383
chr5:117238479:G:A	5	117238479	-0.0303531032809044	0.208651047341932	0.884337396007719
chr5:121740415:G:T	5	121740415	0.137053302916933	0.165463143935735	0.407500004200925
chr5:137227416:A:T	5	137227416	-0.0461621493042862	0.282318240217249	0.870116080810686
chr5:137406489:C:T	5	137406489	0.190169537638321	0.172286047786701	0.269679405995722
chr5:140638650:G:A	5	140638650	0.413723651678426	0.198412321833029	0.0370537665766323
chr5:142682003:T:C	5	142682003	0.151013063815451	0.140507330547049	0.28247771442928
chr5:144183699:A:G	5	144183699	-0.524273870801676	0.345540400006619	0.12920160555012
chr5:145690757:G:T	5	145690757	0.113705583393707	0.159758715712556	0.476629999229602
chr5:147282093:C:T	5	147282093	-0.541178116041097	0.398628236578121	0.174590306829338
chr5:148033208:G:T	5	148033208	-0.250702686019887	0.308920442443728	0.417053048575093
chr5:151763317:T:C	5	151763317	0.103546711467614	0.149641435667052	0.488958992487233
chr5:153541577:C:T	5	153541577	0.0209862204733165	0.245529032122554	0.931884979305592
chr5:160435085:T:G	5	160435085	0.210807811847404	0.172006787567903	0.220357352060732
chr5:164252995:G:C	5	164252995	0.371459238364051	0.180152882030199	0.0392161946301079
chr5:168245100:T:C	5	168245100	0.0664322166035758	0.127606913470877	0.602645135639094
chr5:169455657:C:T	5	169455657	0.0712867260816178	0.210981432528002	0.735452478014121
chr5:169808985:G:C	5	169808985	-0.284500251497085	0.342174668466279	0.405720909768406
chr5:172672695:T:C	5	172672695	0.298400823199733	0.226384950470545	0.187466005182502
chr5:173346700:A:C	5	173346700	-0.0950034054573956	0.232200147999995	0.682433646235541
chr5:177122146:G:C	5	177122146	0.342122938965937	0.213577583050629	0.109184964486984
chr6:1084246:G:A	6	1084246	0.580465738948365	0.231162348071714	0.0120364496676173
chr6:3041612:C:A	6	3041612	0.0697046748536064	0.17799896865457	0.695352630714232
chr6:3673174:A:G	6	3673174	-0.0305559941385675	0.374054037793153	0.93489425153365
chr6:3786319:G:C	6	3786319	0.137306747157813	0.172261509386273	0.425402739539817
chr6:6090729:G:T	6	6090729	-0.0865870876251758	0.245751259730384	0.724586073808903
chr6:6354181:A:T	6	6354181	0.178510908191586	0.165717934644492	0.281392140877892
chr6:6456261:T:C	6	6456261	0.0280537990334644	0.163203507566294	0.86352040458643
chr6:7642514:C:G	6	7642514	-0.155132974706664	0.18303435362762	0.396681908477619
chr6:12212257:G:A	6	12212257	-0.474060391260553	0.331552442931009	0.152768620420949
chr6:21494280:T:C	6	21494280	0.32541701216716	0.257149035345194	0.205699242455935
chr6:23163726:T:C	6	23163726	0.364778500130582	0.20787151040756	0.0792889357567856
chr6:23344439:T:A	6	23344439	0.142410614703244	0.197749243866674	0.471427985529024
chr6:24077828:C:T	6	24077828	-0.147784734630022	0.468753719853903	0.752555447225202
chr6:26287827:G:A	6	26287827	-0.17862938318188	0.189506554061816	0.345884175413265
chr6:27261142:G:T	6	27261142	0.364205991776599	0.211574933645545	0.0851774920514705
chr6:31108549:A:G	6	31108549	-0.572191949608619	0.272948128291545	0.0360520829010272
chr6:31845997:T:C	6	31845997	-0.0313450424185026	0.157509410045304	0.842259418059616
chr6:32660000:G:C	6	32660000	-0.11854193323434	0.223517910371459	0.595871737610232
chr6:33148933:A:G	6	33148933	0.139958114566114	0.0910801821739189	0.124379706836653
chr6:37400014:G:T	6	37400014	-0.15038080644912	0.155211506453233	0.33260673041264
chr6:39124093:C:T	6	39124093	0.204264537059405	0.192741982533231	0.289243661648381
chr6:45195864:C:T	6	45195864	-0.216277598601487	0.209220342011434	0.301261835434041
chr6:46738257:G:A	6	46738257	-0.0411746521788828	0.172983051952185	0.811860084490929
chr6:47717919:C:A	6	47717919	-0.248203180880183	0.232965387411887	0.286691350910357
chr6:48859012:C:A	6	48859012	0.161497199783387	0.204356129143558	0.429368155635466
chr6:49860743:T:G	6	49860743	0.264489561507843	0.17725956818806	0.135672104099296
chr6:53292416:C:G	6	53292416	-0.180437822211925	0.194266855197331	0.352985361391883
chr6:54457248:C:T	6	54457248	0.330236009672249	0.219911537639188	0.133180650542881
chr6:57513520:G:A	6	57513520	-0.133001903710316	0.2584093258692	0.606766395850788
chr6:67461006:G:C	6	67461006	0.0853936764269773	0.259234418302794	0.741847948107819
chr6:69504128:A:G	6	69504128	-0.0373435251407843	0.189372529094314	0.843674078494268
chr6:81137001:T:C	6	81137001	0.188530105316592	0.161722233543422	0.24370950741162
chr6:84758749:C:T	6	84758749	0.0451707346075442	0.148619822497532	0.761177571854689
chr6:86667874:G:T	6	86667874	0.713598271462135	0.264726760946924	0.00702613351746306
chr6:87387916:G:T	6	87387916	-0.111186796289736	0.179523263871612	0.535689250653894
chr6:88566465:G:A	6	88566465	0.108070273712557	0.202796823273809	0.594103328912746
chr6:93273487:T:C	6	93273487	-0.293803575687128	0.266228760621614	0.269777261785168
chr6:97788153:C:A	6	97788153	0.0717627658672856	0.188185050189717	0.70294987696513
chr6:98771646:C:T	6	98771646	-0.716427534316599	0.479602932552346	0.135229714874835
chr6:104918249:A:G	6	104918249	0.207724037918125	0.165639118984327	0.209814395637261
chr6:107129138:A:G	6	107129138	-0.284981123414303	0.142420940011155	0.0453947943108873
chr6:112187089:T:C	6	112187089	0.133769780803115	0.140186737274622	0.339969432501486
chr6:118046853:T:C	6	118046853	0.10900519986732	0.132717694587285	0.411457569792825
chr6:121081137:A:G	6	121081137	0.324905330086147	0.225308672525785	0.149289572327691
chr6:123103197:T:C	6	123103197	0.0594399925697997	0.233048404773545	0.798681177499093
chr6:127784009:G:A	6	127784009	-0.167816850712832	0.188693801245923	0.373809260211406
chr6:129527930:G:A	6	129527930	0.0293719366719139	0.180133353458563	0.870473850860243
chr6:137254996:T:C	6	137254996	0.235597220664772	0.154786306829919	0.127988909153167
chr6:138165202:C:G	6	138165202	0.45376973698459	0.214003476810849	0.0339736005599369
chr6:139464917:T:A	6	139464917	0.14708836068226	0.211433971004018	0.486635250421677
chr6:151547601:G:A	6	151547601	0.256808959808609	0.188052458207495	0.172056993583462
chr6:152638179:C:T	6	152638179	0.314874329728802	0.1704862770534	0.0647588930113548
chr6:153842833:G:A	6	153842833	0.349659017447292	0.206998422750616	0.0911836247285708
chr6:156754666:T:G	6	156754666	-0.393214730137319	0.504101768900567	0.435372951628847
chr6:160701242:A:G	6	160701242	-0.142200384110684	0.256815037119315	0.579779116396626
chr6:160909689:G:C	6	160909689	-0.0402684901317846	0.312326170340509	0.897412336454961
chr6:161970870:T:G	6	161970870	0.10260949768941	0.190339301972833	0.589826628028636
chr6:162760256:C:T	6	162760256	0.225094225134932	0.182066208795847	0.216335293101412
chr6:163629327:G:A	6	163629327	0.104070549578531	0.213553582605278	0.626026209224395
chr6:167509019:C:T	6	167509019	0.357416310017379	0.164716604991951	0.0300154579221963
chr7:6986920:C:A	7	6986920	0.565867014703646	0.212657061496963	0.00779235667452394
chr7:7863676:G:A	7	7863676	0.0318193021000329	0.177148992571579	0.857451788471699
chr7:8111839:A:G	7	8111839	0.0160648644848213	0.142012347212948	0.909933031005296
chr7:9602661:C:A	7	9602661	-0.0420239333317057	0.241015321125295	0.861580911512789
chr7:10804524:T:C	7	10804524	0.0691815143069485	0.199391013249435	0.728618323867083
chr7:11334355:C:A	7	11334355	0.123070481722007	0.211771100175035	0.56114029553539
chr7:12476280:G:A	7	12476280	0.240411416349164	0.192000491161193	0.210519003731841
chr7:12972158:C:G	7	12972158	0.404149300120318	0.216232036246239	0.0616153354825429
chr7:20850990:A:T	7	20850990	-0.0445522011919464	0.17401811159231	0.797935020199772
chr7:22822020:C:A	7	22822020	0.165797225651083	0.143153948678602	0.246792910076875
chr7:24140802:T:C	7	24140802	-0.0230635501104401	0.188196437567868	0.90246312740662
chr7:24278575:A:G	7	24278575	0.399285112437219	0.223304610660324	0.0737641101491798
chr7:24620726:T:A	7	24620726	0.0191091524428487	0.172365544923015	0.911724107514884
chr7:24740434:C:T	7	24740434	0.117478630949447	0.20798154937916	0.57217496812494
chr7:28505993:C:T	7	28505993	0.0515037758510472	0.194219587934232	0.790868320264318
chr7:36413989:G:A	7	36413989	0.240338368543615	0.168235729356721	0.153124694809146
chr7:41157573:G:A	7	41157573	-0.0117085531809311	0.238859496419543	0.960904489549822
chr7:43755241:C:T	7	43755241	-0.0867884782650454	0.17695680275934	0.623815445438703
chr7:44689517:A:G	7	44689517	0.0392526506138409	0.180819330293709	0.828144317486222
chr7:46192346:C:G	7	46192346	0.365652806527576	0.177259965893674	0.0391311252484868
chr7:46368666:G:A	7	46368666	-0.634547008220943	0.463332886460424	0.170834526570681
chr7:47748540:G:T	7	47748540	-0.453769725951677	0.458822210101825	0.322668942468997
chr7:48301675:T:C	7	48301675	0.105011892480227	0.160283747422366	0.512363168400451
chr7:51890159:C:T	7	51890159	0.11149410353509	0.170544287283291	0.513269953440256
chr7:53046603:C:G	7	53046603	-0.0175303141521244	0.211273258255614	0.933871736000181
chr7:55663907:C:A	7	55663907	-0.111076186827803	0.186363487661633	0.551162507851846
chr7:56122201:A:G	7	56122201	-0.195270826548811	0.215386379637313	0.364614592250566
chr7:62910214:G:T	7	62910214	-0.227797174271797	0.299610519255582	0.447068706681575
chr7:65406204:G:T	7	65406204	0.220629750292866	0.216954729430927	0.309182394778162
chr7:67766433:G:A	7	67766433	-0.229376178809115	0.157488209231029	0.145263918011009
chr7:68433432:T:C	7	68433432	0.216834411931993	0.154418567241782	0.160259572134435
chr7:71020152:T:G	7	71020152	0.0324114083815329	0.247863928886161	0.895962865310892
chr7:71553830:T:C	7	71553830	0.0842849593772171	0.174333335133277	0.628761967004002
chr7:78390279:T:G	7	78390279	0.160539732325264	0.225764863535721	0.477026831915347
chr7:83524616:A:T	7	83524616	-0.00983717766374039	0.15992831642493	0.950953115770251
chr7:84786535:C:A	7	84786535	0.279097853230611	0.139623552733862	0.045615815907004
chr7:86620755:G:A	7	86620755	0.154282507880415	0.206673784984223	0.455363890676863
chr7:89207269:G:A	7	89207269	0.360325152381838	0.204133825181596	0.0775399331456019
chr7:91097147:A:G	7	91097147	0.142795678651972	0.195019083129417	0.464038036561978
chr7:96212691:T:C	7	96212691	-0.0355785321781215	0.240347139341877	0.882319272611394
chr7:103095283:G:A	7	103095283	0.321460164264777	0.204318747764616	0.11564316383062
chr7:104663551:G:A	7	104663551	0.528642511228316	0.260497778190088	0.0424221284222266
chr7:113434486:A:C	7	113434486	-0.00736465984577806	0.143996328321003	0.959210157184247
chr7:113749820:G:A	7	113749820	0.249395858840228	0.141569336360696	0.0781281669820214
chr7:117145973:C:G	7	117145973	-0.236552915290399	0.182711987502926	0.195431852244418
chr7:119808046:G:A	7	119808046	0.109301921550528	0.150338351405633	0.467201751718984
chr7:122582926:C:G	7	122582926	0.057363723614556	0.180457438941338	0.750576330062437
chr7:124802410:A:T	7	124802410	-0.114151765016667	0.160394079761306	0.476653276756405
chr7:129047886:A:G	7	129047886	-0.0395966231430926	0.201201254842896	0.843983210234795
chr7:131384702:T:A	7	131384702	-0.0838230374034078	0.157609743258096	0.594837380654409
chr7:136870573:G:A	7	136870573	-0.383758044673224	0.308604865643098	0.213674220584935
chr7:142873374:T:C	7	142873374	0.446805393006041	0.194569119336891	0.021653940727322
chr7:143187070:C:T	7	143187070	0.00115652480647598	0.182601807717011	0.994946560883277
chr7:145116884:A:G	7	145116884	-0.0459672956641743	0.206427194628936	0.823784236566412
chr7:149242006:T:C	7	149242006	0.19303559380605	0.148958133291652	0.19500820698528
chr7:153502245:G:A	7	153502245	0.208038275227608	0.167816580077383	0.215095062437857
chr7:153952270:G:A	7	153952270	0.279769219409012	0.175209647927576	0.110317354723136
chr7:154426289:T:C	7	154426289	0.292777294149239	0.189850536977259	0.123038057498334
chr7:156975524:A:T	7	156975524	-0.386159240229974	0.350466704346409	0.270529988079499
chr7:157677820:C:T	7	157677820	0.257051660304523	0.313869110196455	0.412799394266016
chr8:276778:A:T	8	276778	-0.368673660766571	0.187183559017016	0.0488861171840219
chr8:1102873:G:T	8	1102873	0.0137912516062175	0.165202297022271	0.93346909095991
chr8:8710521:T:C	8	8710521	-0.387144961352935	0.230708687256401	0.0933337437033408
chr8:9029509:T:C	8	9029509	0.0919384079880779	0.187174963905928	0.623292307321301
chr8:9109096:A:G	8	9109096	0.141624449457083	0.213693366255303	0.507493166263369
chr8:9827297:A:G	8	9827297	0.0129762833313113	0.335076230063495	0.96910855545692
chr8:10675470:T:G	8	10675470	0.0250330094399367	0.254070428352365	0.921513169737174
chr8:13032868:C:A	8	13032868	-0.170778058555928	0.292504873212997	0.559323332350005
chr8:14391498:A:G	8	14391498	0.780106261307627	0.289172900576041	0.00698170467979808
chr8:16627132:C:G	8	16627132	0.459446439409416	0.289558748506733	0.112577810219774
chr8:17129593:A:G	8	17129593	0.146882370991129	0.179731600573401	0.41379599976112
chr8:20741226:C:T	8	20741226	-0.158671790047275	0.254540029343336	0.533043544754927
chr8:23115837:G:A	8	23115837	-0.150090084487138	0.250192359673933	0.548573713775767
chr8:25783762:T:C	8	25783762	0.0887086458249247	0.216649091555805	0.682203779135106
chr8:27010051:G:C	8	27010051	0.118126186580547	0.168352437759374	0.482891167985435
chr8:27022227:G:T	8	27022227	0.165175088913804	0.177380025144407	0.351753589019942
chr8:28150898:A:G	8	28150898	-0.0938319787310471	0.101444425412167	0.354987006818432
chr8:28528484:G:T	8	28528484	0.0337328554588734	0.147613382298456	0.819240717747697
chr8:29917542:C:T	8	29917542	0.175982219454296	0.204781298139077	0.39013825973826
chr8:37085597:G:A	8	37085597	-0.278130260793272	0.309747757365667	0.369225525510388
chr8:41788192:C:T	8	41788192	-0.262524619444208	0.353967260182962	0.458291201356255
chr8:42055528:T:G	8	42055528	0.0247845115949708	0.195011515831206	0.898867144766575
chr8:50763512:C:T	8	50763512	0.353116597363107	0.226912372109626	0.119665188818671
chr8:51570259:T:G	8	51570259	0.681135312278455	0.26193753453404	0.00931224601406033
chr8:53142705:G:A	8	53142705	-0.31764964606475	0.241505399259986	0.188412444468262
chr8:60609620:T:A	8	60609620	0.418543153613387	0.223033450890078	0.0605738108583397
chr8:61304314:G:C	8	61304314	-0.00236849101173551	0.165203432594044	0.988561268709733
chr8:61926940:A:T	8	61926940	-0.0867063954932898	0.22286027429273	0.697230510357492
chr8:63445672:G:A	8	63445672	0.126409931119658	0.159099204975138	0.426883879708192
chr8:65343369:C:A	8	65343369	0.203043681835073	0.204668893034234	0.321168591622195
chr8:65418628:G:T	8	65418628	-0.193554471990783	0.169387713867836	0.253175107783707
chr8:71273350:T:A	8	71273350	0.379123369869442	0.180758707531359	0.0359581533540773
chr8:72033005:T:C	8	72033005	-0.181080232463934	0.378346291906252	0.632216265250872
chr8:72065200:T:A	8	72065200	0.368557661666082	0.217226882164859	0.0897631364570911
chr8:73211475:T:C	8	73211475	-0.12265403767578	0.247643307039523	0.620398893965359
chr8:75992459:A:G	8	75992459	0.247774567152476	0.197275839891935	0.209123115253759
chr8:78402394:T:A	8	78402394	0.342961707278393	0.294652511691473	0.244443014788835
chr8:79795588:T:G	8	79795588	0.435955605690172	0.227757002893266	0.0556040554470776
chr8:86323708:T:C	8	86323708	-0.0245167333820419	0.168096214515521	0.884040270916167
chr8:89525432:A:G	8	89525432	-0.0879613795408923	0.145746328517778	0.546160280590066
chr8:92001032:A:G	8	92001032	0.0193962627510654	0.225799748448971	0.931545684930111
chr8:92645879:A:G	8	92645879	0.118573036181474	0.181200896083952	0.512871303965532
chr8:95906161:G:A	8	95906161	0.08566271713977	0.198416975669466	0.665937088374091
chr8:96365126:C:T	8	96365126	-0.00544909054602116	0.166632209801228	0.973912784020908
chr8:97430280:G:A	8	97430280	0.601501069316169	0.251067206572096	0.0165851717686333
chr8:98002322:C:T	8	98002322	0.0466106972314566	0.208752783529975	0.823316191339173
chr8:98018653:A:G	8	98018653	0.0530200115665031	0.292372787869648	0.856097676945348
chr8:104471980:T:G	8	104471980	-0.00837629653266009	0.320875537215465	0.979173985142816
chr8:106920372:G:A	8	106920372	0.0917845515459716	0.23213245674029	0.692549685754557
chr8:108142424:A:G	8	108142424	0.0155387817605701	0.19661669455795	0.937008096108864
chr8:109421925:C:T	8	109421925	0.0872356527488835	0.1629529098329	0.592412896144329
chr8:116252872:C:T	8	116252872	0.193561165678607	0.153037343480625	0.20594412406426
chr8:116821900:C:T	8	116821900	0.484201000569644	0.265766019560248	0.0684690813513478
chr8:119015250:G:A	8	119015250	0.399753931486527	0.357198078672845	0.263081284814608
chr8:121384602:C:T	8	121384602	0.048798540614653	0.221746919243367	0.82582121802789
chr8:127029052:C:T	8	127029052	0.14822529041455	0.2205079925984	0.501456906985067
chr8:128437247:A:G	8	128437247	0.151390037749413	0.222131203755898	0.495533461541383
chr8:131111695:G:T	8	131111695	-0.0526388883211112	0.292585229034159	0.857223547054916
chr8:131315237:G:A	8	131315237	0.0748009869751686	0.167693586702541	0.65555569028176
chr8:135895676:A:T	8	135895676	0.289965978321282	0.207160643893278	0.161598510010978
chr8:138585221:A:T	8	138585221	-0.213862148168588	0.338765845743019	0.527845796125088
chr8:141605122:C:T	8	141605122	0.176964631252708	0.18422197249839	0.336750586099158
chr9:733358:A:C	9	733358	-0.091218281472119	0.251659569963928	0.717003102877092
chr9:5461379:C:T	9	5461379	0.083891445493926	0.171489317947336	0.624704769381512
chr9:11397008:T:G	9	11397008	0.227577442031989	0.180418499907935	0.207169665939591
chr9:11517950:T:C	9	11517950	0.288829892091699	0.203012858113732	0.154818142419345
chr9:11955148:T:G	9	11955148	-0.148058058170105	0.153584765244019	0.335038272721762
chr9:12389360:A:G	9	12389360	-0.204291985226496	0.170740740137381	0.231499923287099
chr9:12615226:G:C	9	12615226	0.321030489050205	0.187288140473558	0.0865104721483364
chr9:13582959:T:A	9	13582959	0.219223846684473	0.192749238349212	0.255390915482821
chr9:13820455:C:G	9	13820455	-0.758071791483468	0.489310643005606	0.121318060121496
chr9:14098421:G:A	9	14098421	0.228699475346551	0.180001146058303	0.203890723874655
chr9:18952915:A:G	9	18952915	0.121973158179124	0.0949448855012924	0.198906476678961
chr9:21476808:G:A	9	21476808	0.104627852034207	0.22285698736852	0.63872351941322
chr9:29651949:A:G	9	29651949	-0.0836534623412096	0.21951156930308	0.70313714886952
chr9:32058643:A:T	9	32058643	-0.15809370251863	0.173472369002996	0.362112024749366
chr9:37013405:C:T	9	37013405	-0.0511634194958175	0.214705844277552	0.811651972794245
chr9:37992585:C:T	9	37992585	0.212558517396791	0.174304767364965	0.22266785180495
chr9:72294932:G:A	9	72294932	0.238379548192428	0.248101848118596	0.336646064709905
chr9:73616570:C:T	9	73616570	0.5294710411082	0.221255941880064	0.0167100940561287
chr9:76464251:C:G	9	76464251	0.266969452820502	0.194592302483726	0.170081333942913
chr9:79067117:C:T	9	79067117	-0.528365217022053	0.709017872103734	0.456146476203908
chr9:82773489:T:C	9	82773489	0.488266708582364	0.229642235831901	0.0334861075140547
chr9:89995415:A:G	9	89995415	-0.31319682607783	0.383056273253422	0.413570690763656
chr9:91844381:C:T	9	91844381	0.237171827504058	0.184837190149102	0.199443344183266
chr9:94568472:C:A	9	94568472	0.0361270724875062	0.163522743709861	0.825146972573186
chr9:95559980:C:T	9	95559980	0.287568304052863	0.283946040439515	0.311176304916687
chr9:96162075:C:T	9	96162075	0.171350123243059	0.145836758920671	0.240016850845648
chr9:97240484:A:G	9	97240484	0.00447737081296662	0.186931115508121	0.980890910095562
chr9:100192956:A:G	9	100192956	0.232792427636069	0.216798342453969	0.282923976841278
chr9:100529836:G:C	9	100529836	0.179651365752774	0.169468090550342	0.28910382413392
chr9:101460357:C:T	9	101460357	0.559296315036184	0.199285387217118	0.00500814492904389
chr9:103293239:C:G	9	103293239	-0.197097122600649	0.233000043561289	0.397602819983902
chr9:105684376:G:T	9	105684376	0.0634437860363487	0.279238322778162	0.820265891171327
chr9:106822394:G:C	9	106822394	-0.0785279269167216	0.453214092459327	0.862440034048682
chr9:107904127:G:A	9	107904127	0.18791893842046	0.195409053473841	0.336215617833399
chr9:117420412:T:C	9	117420412	0.261258948146826	0.203411578267134	0.199006989586028
chr9:117972207:C:A	9	117972207	0.361366483681267	0.165132547969671	0.0286447026052714
chr9:118511323:G:A	9	118511323	-0.606194846600508	0.49990504312426	0.225275143915484
chr9:121356498:A:G	9	121356498	0.111520134764536	0.195444645532555	0.568272830517918
chr9:124044726:T:G	9	124044726	-0.135803284196385	0.285022353721422	0.633742865558049
chr9:125005426:C:T	9	125005426	0.17033090446809	0.184064614476844	0.354764912368191
chr9:129533341:A:G	9	129533341	0.202083522446531	0.174563650445479	0.247007100647041
chr9:136630984:C:T	9	136630984	0.18090717776414	0.166429473020427	0.277041216167854
chr10:2050300:A:G	10	2050300	-0.179406915783458	0.195752285941598	0.359404852829677
chr10:3113976:C:T	10	3113976	-0.101378122233436	0.216061376689075	0.638919658470451
chr10:4591592:T:C	10	4591592	-0.295126443391975	0.197338166567394	0.134774464995738
chr10:7462546:C:T	10	7462546	-0.177474637443014	0.139783510563515	0.204213146392841
chr10:7849544:T:G	10	7849544	0.0551664534337548	0.220032258654128	0.8020307177822
chr10:9367893:G:A	10	9367893	0.378427522171261	0.209538568153003	0.0709176924507299
chr10:10628189:C:T	10	10628189	0.00675565899199385	0.226070755885432	0.976160411123673
chr10:14014383:T:C	10	14014383	0.211828053421115	0.184080283930944	0.24984031630913
chr10:16341555:C:T	10	16341555	0.148871258203629	0.163801783007431	0.363429284726675
chr10:18075702:C:T	10	18075702	0.102460096486228	0.258074710708102	0.691354784289031
chr10:20923823:C:G	10	20923823	0.226276322656073	0.213516893005522	0.28925452299552
chr10:26220185:A:C	10	26220185	0.519494695172953	0.29759937584503	0.0808774295275675
chr10:27289376:T:C	10	27289376	-0.21783573646546	0.202870712475288	0.282927432850699
chr10:27674317:A:G	10	27674317	0.140584640725151	0.171124586626362	0.411342250328976
chr10:28771902:G:A	10	28771902	0.0499621190580704	0.142961136399902	0.726728662254024
chr10:28891836:C:T	10	28891836	-0.178506546614133	0.196822390971919	0.364437325040035
chr10:30622484:G:A	10	30622484	-0.254598751569277	0.276281845121294	0.356779938025754
chr10:35177843:G:T	10	35177843	0.10141736014103	0.248245457744437	0.682879751445597
chr10:43613180:G:A	10	43613180	-0.233669000356889	0.388981970817782	0.54802692243782
chr10:44139011:T:C	10	44139011	0.292371331239799	0.23145279204407	0.206517057766106
chr10:45036473:A:G	10	45036473	0.0185027774358782	0.281397266631066	0.947574297633472
chr10:51560095:T:G	10	51560095	0.00790295611708126	0.122495530157528	0.948559143285737
chr10:54072488:A:G	10	54072488	-0.0806603198545157	0.197391748814404	0.682810729623178
chr10:54082016:C:T	10	54082016	0.255252893883965	0.149197987199396	0.0871118791579031
chr10:55299918:G:C	10	55299918	0.30770522703529	0.16238286979543	0.0581008147533079
chr10:56747004:T:C	10	56747004	0.140359026255724	0.21911809264226	0.52180639763805
chr10:57761967:T:C	10	57761967	-0.536103870817014	0.242394717356565	0.0269875504242874
chr10:61894829:G:A	10	61894829	-0.190385697824316	0.397089925714078	0.631616859374227
chr10:62473064:C:G	10	62473064	-1.4234833843129	1.00620647091899	0.157155573644395
chr10:65713195:A:G	10	65713195	-0.895460230243938	0.638885789329108	0.161035705399084
chr10:69232402:C:A	10	69232402	-0.210918705789265	0.199615268882152	0.29068225771747
chr10:79437519:C:T	10	79437519	0.010390077115914	0.219495858459368	0.96224535954663
chr10:81546102:G:A	10	81546102	0.150304782680178	0.177451475671884	0.396984495980066
chr10:82354363:C:G	10	82354363	0.17756002106753	0.179903520667303	0.323655592830908
chr10:84591955:C:T	10	84591955	-0.0262144984589784	0.294061713772718	0.928965683101252
chr10:84989741:G:A	10	84989741	0.145717318103747	0.181497385514485	0.42205461593223
chr10:86779196:C:A	10	86779196	-0.118695897255698	0.480405235700763	0.804850545780603
chr10:91053424:A:C	10	91053424	-0.0867567015556638	0.218336910029361	0.691107590075392
chr10:93612452:G:A	10	93612452	0.22142813234353	0.160716362649326	0.168278251858355
chr10:93671121:T:C	10	93671121	0.269948157574073	0.161359370510192	0.0943347009124251
chr10:101249704:C:T	10	101249704	0.627954936271002	0.239794775854524	0.00882608331220247
chr10:102352980:T:C	10	102352980	0.130819569674995	0.15437879980728	0.396775905050357
chr10:104637359:T:C	10	104637359	-0.255888428062157	0.262654803783107	0.329938121350093
chr10:108480456:T:C	10	108480456	0.132932599829198	0.172220358456023	0.44018842889451
chr10:109264424:C:T	10	109264424	0.0958678410539515	0.202931853553158	0.63663134015799
chr10:111352001:T:G	10	111352001	-0.315870090852717	0.207148153447894	0.127296239552343
chr10:118828443:C:T	10	118828443	-0.113573346178465	0.206581020569463	0.582472825925774
chr10:120152982:A:G	10	120152982	0.194697745386412	0.168469682601227	0.247810365281315
chr10:121580593:A:G	10	121580593	0.0845712707139128	0.300074248802794	0.778070428792265
chr10:121611573:C:G	10	121611573	0.161746403302803	0.195175144602474	0.407260379325666
chr10:121734173:T:C	10	121734173	0.384843619938658	0.205762318461287	0.0614378826830728
chr10:121910644:T:A	10	121910644	0.0891210833093337	0.310929400615008	0.774397145430269
chr10:122561189:A:G	10	122561189	0.118136111519691	0.167623924733134	0.480954130683713
chr10:123750431:C:G	10	123750431	0.0317530119383557	0.17659758773621	0.85730617974592
chr10:127533155:T:C	10	127533155	-0.0244626519100512	0.209372923428252	0.906988663910846
chr10:129953349:A:G	10	129953349	0.433620527679806	0.18961345664949	0.022203657851168
chr10:130263340:C:T	10	130263340	-0.577737241517975	0.589796332406588	0.327306417186145
chr10:130662147:G:T	10	130662147	0.215510116443184	0.223692753123541	0.335336694313159
chr10:131485315:A:G	10	131485315	-0.435173341955184	0.574324768402714	0.448622816136736
chr10:131819683:A:G	10	131819683	-0.0247111517059557	0.228994500488479	0.914065854300847
chr10:131953941:A:C	10	131953941	0.23905188451475	0.182792284318773	0.190948327751017
chr11:388357:C:T	11	388357	0.332159923313554	0.196866536987202	0.0915583576709532
chr11:2257707:C:T	11	2257707	0.23420799830305	0.165606336249185	0.157289863791404
chr11:3623903:G:A	11	3623903	0.0387588933674734	0.214377221487151	0.856526424185488
chr11:5806222:C:T	11	5806222	0.0574538227052504	0.166089392750263	0.729402023323174
chr11:9789492:C:A	11	9789492	-0.0121564141801879	0.162350284650358	0.940312028032692
chr11:14569664:T:G	11	14569664	0.206373901129088	0.17573228393889	0.240248727046122
chr11:21819583:A:G	11	21819583	-0.434951210320894	0.622081329938957	0.484435142160716
chr11:36019710:C:A	11	36019710	0.0933435965678226	0.137291755470056	0.496572707466698
chr11:39635569:C:T	11	39635569	-0.0627481717718592	0.209853833252976	0.764933225993188
chr11:40512905:C:G	11	40512905	-0.0319440284869953	0.241609974023371	0.894815658495715
chr11:41632790:A:T	11	41632790	0.37837773247347	0.178282124076734	0.0338080439487783
chr11:42744986:A:G	11	42744986	0.377093214556464	0.199535244297582	0.0587769963655651
chr11:43201079:C:T	11	43201079	0.144819003720971	0.157976344151009	0.359292934811284
chr11:43982585:G:A	11	43982585	0.176857900063712	0.333353593136914	0.595736575285285
chr11:44330300:A:G	11	44330300	0.111294168830961	0.128402597656596	0.386073807616935
chr11:49875094:A:G	11	49875094	-0.191108799158847	0.237490244496033	0.420991848844313
chr11:50253126:G:T	11	50253126	0.164965791216621	0.187877715027355	0.3799172682464
chr11:55906271:G:A	11	55906271	0.173036307222412	0.172505169900515	0.315822763128023
chr11:56124264:C:A	11	56124264	-0.00603210188373143	0.192765348681699	0.975036303841288
chr11:57305789:G:A	11	57305789	0.0386006599876791	0.148039698087256	0.794288906284927
chr11:58998793:A:C	11	58998793	0.149838750602153	0.169174175253168	0.375775437312673
chr11:60456695:C:T	11	60456695	0.136920599621137	0.181383794810464	0.450328924980793
chr11:62505064:A:G	11	62505064	0.385460813329449	0.276165618001178	0.162786899064843
chr11:63184971:C:T	11	63184971	-0.236847745095309	0.205815591379351	0.249824196628611
chr11:65009160:T:C	11	65009160	0.324802499778353	0.219800108594679	0.139483368346891
chr11:70801858:T:C	11	70801858	0.209629304290275	0.141012491662157	0.13712023634542
chr11:71334794:T:G	11	71334794	-0.274799701679256	0.309834152964522	0.375119201748383
chr11:72713691:C:T	11	72713691	-0.277996667966652	0.466575018732015	0.551292702877728
chr11:77208574:G:A	11	77208574	0.0825058264566685	0.161579098087599	0.609615836177071
chr11:77376654:A:G	11	77376654	0.230028596658523	0.219255419377236	0.294115858810866
chr11:77897055:A:G	11	77897055	0.096303380330618	0.164923196143917	0.559268312439747
chr11:79339250:G:A	11	79339250	0.406278117981297	0.266657503024927	0.127609838297148
chr11:81783030:C:T	11	81783030	0.129791069743539	0.156942288557066	0.40823779422868
chr11:83962252:C:T	11	83962252	-0.0760950569559479	0.199299840332803	0.702600868121644
chr11:86328783:G:T	11	86328783	-0.0986113186977445	0.186483403735525	0.596948309438058
chr11:86644523:C:T	11	86644523	-0.315775307591696	0.267428299549201	0.237688169798179
chr11:93046218:A:C	11	93046218	-0.0474838413531999	0.123216178184343	0.699963169091046
chr11:99371984:G:C	11	99371984	-0.546948452377342	0.509759538916477	0.283291829589473
chr11:100626548:G:A	11	100626548	0.211903172997151	0.207613255893797	0.307414120059588
chr11:104129521:G:A	11	104129521	0.352103178267909	0.193662973104976	0.0690452780694597
chr11:108728662:A:G	11	108728662	-0.238529392743038	0.379090409395701	0.529208274065874
chr11:110338613:G:A	11	110338613	0.161857884578139	0.236553951013779	0.493828407421201
chr11:110396347:G:A	11	110396347	0.195629711304592	0.201104787277587	0.330665135791335
chr11:113789228:G:C	11	113789228	0.103954504420401	0.200192476130303	0.603570529543329
chr11:113800784:C:T	11	113800784	-0.101856738618009	0.206553880122302	0.621924758213468
chr11:115616504:A:T	11	115616504	0.138568486737809	0.226474405886346	0.540636650202274
chr11:119630310:G:A	11	119630310	0.258534684204636	0.151200947273094	0.0872890337446538
chr11:123267436:G:A	11	123267436	0.192481768953819	0.19058891170182	0.312528050661576
chr11:125907492:T:C	11	125907492	-0.00485410942908883	0.138682859603251	0.972078537198353
chr11:126829359:G:A	11	126829359	0.0897240067765911	0.265113278642908	0.735034281687378
chr11:130038952:T:C	11	130038952	0.337216577626544	0.2421535106433	0.163748781441457
chr11:130290657:C:T	11	130290657	0.312324876911506	0.220397312980334	0.156453898567356
chr11:131355535:G:A	11	131355535	0.111000671402752	0.156060259556148	0.476918166599025
chr11:133238417:A:G	11	133238417	0.226172127139101	0.225351715061511	0.315551884912903
chr11:133300920:A:C	11	133300920	0.0636044989322224	0.259259362207528	0.806199731390406
chr11:133409278:A:G	11	133409278	0.27480271949079	0.209756516684633	0.190160868391012
chr11:134309503:C:T	11	134309503	0.173522235045944	0.145728628743591	0.233762871002691
chr12:5192681:C:T	12	5192681	-0.109309312689496	0.158545517918629	0.490539709726049
chr12:5448727:G:A	12	5448727	-0.129435721041027	0.268810669077285	0.630152235080071
chr12:6639294:C:T	12	6639294	0.144068079572692	0.173364309874538	0.405966010647415
chr12:19523028:C:A	12	19523028	0.260515201107547	0.164845546131015	0.114024593883525
chr12:19758400:A:T	12	19758400	0.206814668143053	0.232380364059459	0.373474795790715
chr12:20003679:T:A	12	20003679	-0.221087160411852	0.259683419714941	0.39456280899288
chr12:21333090:G:A	12	21333090	0.00367382785548939	0.12033870114756	0.975645114814043
chr12:25518059:A:T	12	25518059	0.208221374989714	0.173816399558427	0.230940919715699
chr12:28965843:C:T	12	28965843	-0.0385441655698567	0.209904349695151	0.854305857771777
chr12:32086665:A:C	12	32086665	0.118116981810465	0.161490390035547	0.464523859977484
chr12:44631613:C:T	12	44631613	-0.241228490290604	0.282789138516422	0.393640958979065
chr12:48567461:T:G	12	48567461	0.0431376627112161	0.134288611908993	0.748035354842269
chr12:51039498:T:C	12	51039498	0.278393916508577	0.21905488349528	0.203768993531371
chr12:52880890:G:T	12	52880890	0.0133397933583932	0.193821712221597	0.945128860589449
chr12:53646626:C:G	12	53646626	0.0496219814713323	0.188210951674505	0.792048955021939
chr12:53680144:C:A	12	53680144	-0.0938720445383644	0.185520741737359	0.612862139417775
chr12:54366280:G:A	12	54366280	0.204618360402428	0.17889481576622	0.252710137252408
chr12:55599330:T:C	12	55599330	-0.361125570263883	0.499963117996612	0.470107335647223
chr12:56675083:C:T	12	56675083	-0.115301831980728	0.108699569468257	0.288808700833141
chr12:57436134:C:T	12	57436134	-0.250069134598917	0.290885324221111	0.389963871949652
chr12:58724212:C:T	12	58724212	0.594915227359759	0.206739989247677	0.00400711443571977
chr12:59048769:A:C	12	59048769	-0.0558659113357282	0.168193862434413	0.739774560395042
chr12:59161225:G:A	12	59161225	0.437563827182108	0.271459584951266	0.106985207739481
chr12:59226687:C:T	12	59226687	0.0166712422754864	0.202576175302681	0.934411204248228
chr12:63113400:T:C	12	63113400	-0.0437676931481887	0.20470900114567	0.830699563176751
chr12:64271340:C:T	12	64271340	-0.18879683120215	0.198723795400451	0.342088664215209
chr12:64756705:C:T	12	64756705	0.0580139683920817	0.150236837929254	0.699385515258253
chr12:67050802:C:T	12	67050802	0.0940512331681102	0.173586321778704	0.587947702384799
chr12:71564908:A:G	12	71564908	0.451339999384256	0.23057399687081	0.0502930925719942
chr12:73909094:G:A	12	73909094	0.0412236390511433	0.141730574115323	0.771159019218888
chr12:81126959:G:A	12	81126959	-0.0731598696560024	0.174394483444125	0.674844956653746
chr12:83608380:A:G	12	83608380	0.204041073301783	0.15089449572042	0.176308087844856
chr12:90727178:A:C	12	90727178	-0.0833499327407868	0.194072749354238	0.667575563899298
chr12:92596791:C:T	12	92596791	0.24926101976959	0.178549672413706	0.162704920643819
chr12:95914573:A:T	12	95914573	0.310926105744991	0.183364991366167	0.0899488157996712
chr12:101611098:G:C	12	101611098	-0.390058620049524	0.490306190743095	0.426298939090795
chr12:105967464:T:C	12	105967464	-0.442330160548467	0.26996093003612	0.101318069723459
chr12:109533295:C:T	12	109533295	0.310174573269017	0.190257055920681	0.103039778624162
chr12:112209515:G:A	12	112209515	-0.588132815946098	0.468960412155374	0.209798249438914
chr12:120976632:C:A	12	120976632	-0.0554571991051929	0.183784563312976	0.762841790091071
chr12:125875525:T:C	12	125875525	0.0400152623855617	0.1837214122938	0.827581811284368
chr12:126449337:A:G	12	126449337	-0.0566567748204516	0.214158060959047	0.791351610034439
chr12:131091094:G:A	12	131091094	0.0719703595082561	0.136242299384758	0.597323971575618
chr12:132776953:G:A	12	132776953	0.519982357232143	0.235061324360289	0.0269588152482798
chr13:19545220:A:G	13	19545220	8.00903763653705e-06	0.168139565526695	0.99996199414781
chr13:22977365:T:G	13	22977365	0.0167408010991546	0.207221338240427	0.935611305143851
chr13:24330599:T:C	13	24330599	0.352600292775921	0.198304108825069	0.0753909461323969
chr13:24623185:A:C	13	24623185	0.103583108901922	0.190014672871008	0.585662626029534
chr13:25202506:T:G	13	25202506	0.0640316928703099	0.276542530152339	0.81689240560528
chr13:26234118:A:T	13	26234118	0.111707739701604	0.213621730038088	0.601027760855718
chr13:26494236:G:A	13	26494236	-0.290917921461621	0.253085159659237	0.250355516440656
chr13:27255876:A:G	13	27255876	0.307890633025034	0.207299055632608	0.137477981080053
chr13:42909938:A:G	13	42909938	0.157450456567635	0.159744843330376	0.324311187370838
chr13:45470952:C:T	13	45470952	0.348793774866136	0.230395825859857	0.130053919122152
chr13:45708351:G:A	13	45708351	0.0511728259560704	0.298234251439347	0.863763004866335
chr13:45809177:C:G	13	45809177	-0.0344380684451106	0.153395284699519	0.822364072177058
chr13:50558767:A:T	13	50558767	-0.00705736606163156	0.157639460821429	0.964291409239081
chr13:58710908:G:A	13	58710908	-0.276324198311926	0.151432740757175	0.0680414514949904
chr13:58934154:C:T	13	58934154	0.0418757696054619	0.165847837555406	0.800658385805204
chr13:70397215:T:C	13	70397215	0.0197128016468244	0.150960960096147	0.896105890705984
chr13:70990050:T:C	13	70990050	-0.299710086698184	0.345752619550675	0.386033032695186
chr13:75832713:T:C	13	75832713	-0.563499893989808	0.660236190777153	0.393391906371389
chr13:86776101:G:A	13	86776101	-0.508832438351932	0.269822870887535	0.0593216769129796
chr13:91472230:T:C	13	91472230	0.0180487432912048	0.216183235555586	0.933463381428012
chr13:93235990:C:T	13	93235990	-0.230595043184314	0.161501406101356	0.153343486562338
chr13:96765286:G:A	13	96765286	-0.0732155376476254	0.187911021297203	0.696811084452506
chr13:102180181:A:G	13	102180181	0.012719095506699	0.242253694702943	0.958127741270891
chr13:104405113:C:T	13	104405113	-0.0389648628921273	0.184392390017399	0.832641542383184
chr13:106009559:G:C	13	106009559	-0.116914762830618	0.225213104371524	0.603670448458947
chr13:106084136:A:G	13	106084136	0.029478163059417	0.148457252168751	0.842604358146303
chr13:112716578:T:C	13	112716578	0.211072405788174	0.172661854186514	0.221533293502587
chr14:21167555:A:G	14	21167555	0.177800399800824	0.181067997382276	0.326122631773644
chr14:26929954:A:G	14	26929954	0.101492335988897	0.129232505247019	0.432250256431645
chr14:27823594:G:A	14	27823594	-0.157273796419186	0.206939501925051	0.447255234914701
chr14:34182794:A:C	14	34182794	0.182495848625194	0.193748378088079	0.346232605165576
chr14:38216062:T:A	14	38216062	-0.34902255090246	0.33124854572753	0.292039703230557
chr14:38962987:G:A	14	38962987	0.18512575904457	0.226711477550047	0.414174286277573
chr14:39925237:C:T	14	39925237	-0.26929993739677	0.253711800518503	0.288489836607412
chr14:44446011:A:G	14	44446011	0.144304663238192	0.164185472829599	0.379448724362664
chr14:48685878:C:A	14	48685878	0.211775302223464	0.264931100889236	0.424081746684609
chr14:51426205:T:C	14	51426205	0.0859933985518929	0.180374662364616	0.633541029338596
chr14:52881822:T:G	14	52881822	0.151337027770786	0.222829962477653	0.497036970912138
chr14:53358297:A:G	14	53358297	-0.168565042115219	0.142985923007986	0.238440957071523
chr14:56254615:G:A	14	56254615	-0.234749017384095	0.15091828279183	0.119833927970611
chr14:57978070:T:C	14	57978070	-0.006607900517756	0.0839080182996112	0.937230108898189
chr14:62445185:T:C	14	62445185	0.364632982680311	0.209662912487758	0.0820102869562331
chr14:67518615:G:A	14	67518615	0.0924215681626158	0.170394590971731	0.587544830844768
chr14:68863518:T:G	14	68863518	0.155819071982303	0.222002275012315	0.482753678920628
chr14:77734277:G:A	14	77734277	-0.459294140538588	0.293192705462193	0.117225411416647
chr14:81022028:G:A	14	81022028	0.255340558730001	0.246097349172284	0.299475340002821
chr14:81884763:T:G	14	81884763	0.342102117462955	0.212396651921277	0.107250433541471
chr14:82929256:T:A	14	82929256	-0.494353864727189	0.399310320884126	0.215708922465446
chr14:84531019:T:G	14	84531019	0.455897340824381	0.173708368788737	0.00867766931727676
chr14:84812257:C:T	14	84812257	-0.0215246785937633	0.282200358613755	0.939200748472165
chr14:90804831:C:G	14	90804831	-0.165789432953276	0.138125506448796	0.230030192698033
chr14:91397629:G:T	14	91397629	0.282013267792712	0.178363790771751	0.113852254767969
chr14:91532430:A:C	14	91532430	0.573105066590814	0.273282424589404	0.0359832686176301
chr14:91961156:T:C	14	91961156	0.169499348243233	0.180315464788395	0.347209563323553
chr14:92998270:C:G	14	92998270	-0.359603760301702	0.329064746469547	0.27447921228209
chr14:93757265:G:A	14	93757265	0.449227011029271	0.215267420063483	0.0369032939009029
chr14:93769225:C:T	14	93769225	0.346110049242966	0.253708778319202	0.17250396612373
chr14:98340169:A:G	14	98340169	-0.240243925134608	0.245777821486939	0.328329520430908
chr14:100721312:C:T	14	100721312	0.021927969147397	0.24120928771022	0.927565313876607
chr14:102093442:A:G	14	102093442	0.0422862763630123	0.310649012623098	0.89172455226098
chr15:24165057:A:G	15	24165057	0.0272275921566097	0.153145297413583	0.858888466575304
chr15:26353849:A:G	15	26353849	-0.0949927296455492	0.207434326927738	0.646994668602663
chr15:28182824:G:A	15	28182824	0.50297009743724	0.254251678230864	0.0479019675217782
chr15:33665926:A:G	15	33665926	0.191462465405497	0.169367513573803	0.258284269301277
chr15:34880184:A:T	15	34880184	-0.0468124106075682	0.137393958085395	0.733316894903802
chr15:37080410:C:T	15	37080410	0.00992081011990219	0.169513055660089	0.953330174440242
chr15:37762539:C:G	15	37762539	0.270297256081873	0.210592089015407	0.199313119386014
chr15:52558833:C:G	15	52558833	0.037102001696861	0.286811169315791	0.897072496814882
chr15:55712443:A:G	15	55712443	-0.0216935760640227	0.311550949036692	0.94448743409298
chr15:57522102:A:T	15	57522102	0.240295220074074	0.181970012598075	0.18666113477327
chr15:57590535:T:C	15	57590535	-0.414238975131707	0.282374015073171	0.142379624665696
chr15:58439508:G:A	15	58439508	0.414832968447377	0.298969589216074	0.165276444620909
chr15:69786285:T:C	15	69786285	-0.319661562170988	0.25670385488978	0.213038312735684
chr15:71331250:T:C	15	71331250	-0.242202539056692	0.270741480441565	0.371006461248951
chr15:74245092:G:C	15	74245092	-0.182410168901168	0.399225879457871	0.647735965893241
chr15:76807237:T:C	15	76807237	0.611006582894066	0.23437415689674	0.00913471502597663
chr15:77734259:G:A	15	77734259	0.152846656194732	0.25982713217045	0.556355859304112
chr15:79750604:G:T	15	79750604	-0.31073713673628	0.220035794333806	0.157887618371538
chr15:81697597:G:A	15	81697597	0.164441176090919	0.165962750358107	0.321767702684115
chr15:87989871:C:T	15	87989871	0.174844257041865	0.155880975574451	0.262010299030473
chr15:88891382:T:C	15	88891382	0.0450957363689325	0.221297926080135	0.838526676254707
chr15:89804552:C:T	15	89804552	0.648789079745734	0.258778872169375	0.0121720187550998
chr15:94791129:A:G	15	94791129	0.157225745420336	0.212448518480975	0.459260461592731
chr15:97043895:A:G	15	97043895	0.252982516906862	0.20278239508507	0.212193477638868
chr15:98725394:C:T	15	98725394	0.412859991244399	0.21600727022395	0.0559628903924387
chr15:100978492:T:G	15	100978492	-0.0222205958875802	0.177971177968978	0.900638324458902
chr16:2671727:C:T	16	2671727	-0.216524879377796	0.297896961048558	0.467320989544477
chr16:4957642:T:C	16	4957642	-0.0877084635158364	0.186613748056853	0.638355010179494
chr16:5603936:C:T	16	5603936	-0.250803495243024	0.28917426712031	0.385772630534607
chr16:5884026:G:T	16	5884026	0.142957940467969	0.178792231119816	0.423956615655293
chr16:6848656:G:A	16	6848656	0.460967715008491	0.207766837544943	0.0265086376604543
chr16:7909855:G:A	16	7909855	0.134784558718449	0.131404295102705	0.305021628268375
chr16:8273542:C:G	16	8273542	-0.0053715365836358	0.189195840190023	0.977349975628583
chr16:12394716:C:T	16	12394716	-0.100267301035923	0.174117533695402	0.564709899413684
chr16:13985277:C:A	16	13985277	-0.305912367051341	0.419492208818635	0.465852142677006
chr16:17779668:G:A	16	17779668	0.23716692268759	0.150206164809948	0.114349207868175
chr16:29740733:G:C	16	29740733	0.113003620682158	0.275739073461424	0.68193737232072
chr16:31127124:G:A	16	31127124	-0.333497236155605	0.267900731603752	0.213185506318947
chr16:56688556:C:T	16	56688556	-0.15948266248772	0.239534917778212	0.505538106280462
chr16:60324635:A:C	16	60324635	-0.0378701318278754	0.14221670307049	0.790019957024789
chr16:60499572:C:T	16	60499572	-0.0286292797855284	0.112578645425562	0.799260161280125
chr16:62273123:C:T	16	62273123	0.202374680659767	0.183669286058251	0.270530019043562
chr16:65972427:C:T	16	65972427	-0.0394897576664126	0.11448206860503	0.73013742339579
chr16:69246420:T:C	16	69246420	0.101599603026539	0.163860101503177	0.53523231359346
chr16:71908403:G:A	16	71908403	-0.0510158087685603	0.13794952334739	0.711520306708849
chr16:72103328:C:A	16	72103328	-0.0287823831999555	0.145792578861832	0.84349881394629
chr16:74837740:A:C	16	74837740	-0.201596896704749	0.296554459112475	0.496632867559913
chr16:79886631:C:T	16	79886631	-0.0147791119569217	0.327210709359293	0.96397423205427
chr16:81396153:C:A	16	81396153	-0.261903750424195	0.167426038738602	0.117748256514605
chr16:82294878:C:G	16	82294878	-0.0655358232695104	0.201365742773221	0.744835474485744
chr16:82421890:A:G	16	82421890	-0.255425071993987	0.244967303722918	0.297091675068217
chr16:83827178:T:C	16	83827178	0.537371108863086	0.213457087394149	0.0118202143259321
chr16:84032337:C:T	16	84032337	-0.779891514080245	0.687253249711773	0.256461244518559
chr16:89303022:G:A	16	89303022	0.0521670076084632	0.212862033280091	0.806398924382433
chr16:89331863:A:T	16	89331863	-0.056664955813616	0.166472033966144	0.733564928283231
chr16:89337630:T:C	16	89337630	-0.0548097873685858	0.149393039830977	0.713706189070409
chr16:89479873:T:G	16	89479873	0.00308096121576027	0.183739067493754	0.986621592092553
chr16:90035976:C:A	16	90035976	-0.0495285327078868	0.249950655336116	0.842925169470988
chr17:2489248:C:G	17	2489248	0.123996813192987	0.154468586194313	0.422129892296703
chr17:4018176:C:A	17	4018176	0.479411278808806	0.222369736952074	0.0310899421522295
chr17:4147521:T:C	17	4147521	0.481280971629549	0.197023780615942	0.014575598433652
chr17:6949267:T:C	17	6949267	0.100128881835511	0.229890838283704	0.663163484236456
chr17:7929448:A:G	17	7929448	-0.155393637504759	0.142590414301187	0.275805567572156
chr17:10308301:C:T	17	10308301	0.0869750910891057	0.228516138232384	0.703494076810705
chr17:12174148:T:C	17	12174148	0.232402157061464	0.184849062323911	0.208661804250311
chr17:14402381:C:T	17	14402381	0.125248639282336	0.190722440416441	0.511369745319429
chr17:15219976:C:T	17	15219976	0.245765550746231	0.202269741443514	0.224351355919641
chr17:16482403:T:A	17	16482403	0.219372326020258	0.162826335820902	0.177890742617958
chr17:18684803:A:G	17	18684803	-0.0113803554784844	0.15209697203307	0.940355522191539
chr17:20040710:T:C	17	20040710	-0.273691243282552	0.176008410279944	0.119948551936675
chr17:21275023:A:C	17	21275023	-0.164935547050099	0.215167419394336	0.44335198313223
chr17:30609729:C:T	17	30609729	0.00731596028169598	0.175126341347009	0.966677803558824
chr17:31554254:C:T	17	31554254	-0.436627509656567	0.506134867232028	0.388318775101478
chr17:33472425:T:G	17	33472425	0.201898120767386	0.189110783003939	0.285692753754623
chr17:44156671:T:A	17	44156671	0.35512468402791	0.180284293836048	0.0488608628532756
chr17:45754773:C:T	17	45754773	0.445057292756993	0.186228439938687	0.0168554386847741
chr17:48779278:C:T	17	48779278	0.0627024361625903	0.153788733164911	0.683480714010103
chr17:52703044:C:G	17	52703044	-0.176055433523424	0.2012091411345	0.381580841936612
chr17:53282498:G:T	17	53282498	0.0437225629750341	0.14024484725612	0.755223849898453
chr17:58411807:C:T	17	58411807	-0.478674748548866	0.329547917486074	0.146357234578093
chr17:61409438:A:G	17	61409438	0.0455825332766203	0.14201785305015	0.748238125604903
chr17:61905160:C:T	17	61905160	0.262857995741937	0.204434042729377	0.198518499164416
chr17:66262233:G:T	17	66262233	0.396571715791578	0.182471656698572	0.0297552458921497
chr17:66751216:C:T	17	66751216	-0.390183529415426	0.214799595643053	0.0692936623251706
chr17:66971178:A:G	17	66971178	0.485634305608681	0.206024770736087	0.0184150800130671
chr17:68771033:G:A	17	68771033	0.0096661008078619	0.136000882357655	0.943339012415198
chr17:69081332:C:T	17	69081332	0.0355140393918531	0.223489751004115	0.873742309399205
chr17:69213412:T:C	17	69213412	-0.236058544035946	0.175270695354543	0.178037355042334
chr17:72829246:G:A	17	72829246	0.257111690025829	0.179941962039348	0.153044766747231
chr17:73506492:C:T	17	73506492	-0.240343813986181	0.165066870647745	0.145381817440164
chr17:75360149:C:G	17	75360149	0.213178645358879	0.162424084726276	0.18935764309983
chr17:77625920:A:T	17	77625920	-0.143482074546383	0.188302068261208	0.446073004141492
chr18:1137045:A:T	18	1137045	0.154898766264763	0.136621825372253	0.256887846302341
chr18:4080016:T:A	18	4080016	-0.0778796640075404	0.235720445068457	0.74110534091458
chr18:8920896:G:C	18	8920896	0.0576309826005246	0.276658157492374	0.834986015848309
chr18:9609299:C:T	18	9609299	0.104015697823979	0.156913609601781	0.507404128744032
chr18:10572326:C:T	18	10572326	0.175818020213828	0.158236880169566	0.266522526362003
chr18:11017906:C:T	18	11017906	0.054608329105613	0.140740234115757	0.698010153606504
chr18:12120157:A:G	18	12120157	-0.811896610295814	0.866291680984798	0.348650912617628
chr18:14686017:A:G	18	14686017	0.21514165418229	0.171263035489154	0.209041288932019
chr18:14895123:C:T	18	14895123	-0.246857800324222	0.119903022775456	0.0395122371215829
chr18:30059135:A:G	18	30059135	-0.0847663947243878	0.142237847992922	0.551209807380573
chr18:32490781:T:C	18	32490781	0.456581138979548	0.201302906507499	0.0233212911270393
chr18:36255061:C:A	18	36255061	-0.380255741788794	0.255754637019129	0.137067902390698
chr18:42762909:A:C	18	42762909	0.0334243490491071	0.148405783511517	0.821806042594239
chr18:43928870:G:A	18	43928870	-0.132052684892941	0.239819026887878	0.581884096729242
chr18:44831686:A:G	18	44831686	0.425462065522189	0.249400328603617	0.0880191998466273
chr18:45461168:C:T	18	45461168	0.225253800243823	0.204994860549015	0.271843718827805
chr18:47992191:T:C	18	47992191	0.368806040317073	0.309842681587231	0.233928124909059
chr18:49146783:T:G	18	49146783	0.228017560978329	0.177132508144273	0.197999808262761
chr18:49872731:C:G	18	49872731	0.246257097847449	0.171373505698757	0.150728986371051
chr18:50485733:T:C	18	50485733	0.246639003163718	0.240366214862081	0.304845959950334
chr18:58120958:C:T	18	58120958	-0.489544132659319	0.461015084929702	0.288288753104848
chr18:59256389:C:T	18	59256389	-0.0615567764812921	0.242106652050121	0.799298723029784
chr18:62622293:T:A	18	62622293	0.107800113466603	0.172124157680254	0.531122935443562
chr18:62998306:G:A	18	62998306	0.0619811496522184	0.121441046816917	0.609784872532931
chr18:66103927:C:T	18	66103927	-0.0413008645706487	0.161080650123832	0.797643014171767
chr18:66206557:C:T	18	66206557	0.0702191152900956	0.151207724080615	0.642369488858365
chr18:68001558:G:A	18	68001558	0.0926098242878796	0.188609656872448	0.62341713732995
chr18:69946690:A:G	18	69946690	0.477629203918909	0.277603366347542	0.0853333427184455
chr18:71730181:C:T	18	71730181	-0.132411643954976	0.178015347721499	0.456984467898201
chr18:72912108:T:C	18	72912108	-0.079897971555519	0.215464179333835	0.710773178327437
chr18:73248491:G:A	18	73248491	0.112497571655153	0.165670677089817	0.497110394756514
chr18:77734991:G:A	18	77734991	0.175402299119714	0.205481841153005	0.393318567695368
chr19:2907557:G:A	19	2907557	-0.178724451760464	0.15557034445334	0.250624567468036
chr19:16021187:G:A	19	16021187	0.0758226758996861	0.235278746856469	0.747250108892442
chr19:17584922:G:A	19	17584922	-0.340816365050124	0.20820429071829	0.101644579335928
chr19:18704666:C:T	19	18704666	-0.171962712579395	0.319615189437101	0.590556008598132
chr19:18737022:C:T	19	18737022	-0.270521160269653	0.209624231455619	0.196875308319136
chr19:18805179:A:G	19	18805179	-0.104024729618636	0.206608354787505	0.614621547540635
chr19:21560366:G:T	19	21560366	0.0536856792090467	0.166795355591274	0.747554551051672
chr19:21659434:G:C	19	21659434	-0.230132806018084	0.199051363821346	0.247620687243725
chr19:33474662:T:C	19	33474662	0.198816969067286	0.146690709925235	0.175306689702734
chr19:37956680:C:T	19	37956680	0.0777523258388295	0.193182160891776	0.687329396227889
chr19:38120117:A:T	19	38120117	-0.0192631981432186	0.224779139437614	0.931706225205344
chr19:44380983:T:C	19	44380983	0.326173673202691	0.152963046725543	0.0329765161207457
chr19:44819986:A:G	19	44819986	-0.352184599596822	0.2150756222271	0.101527720025157
chr19:48685001:C:T	19	48685001	0.193846776811583	0.162394872840648	0.232604937955165
chr19:51210487:G:T	19	51210487	0.415661439483006	0.284914936792049	0.144593562409191
chr19:51552139:T:A	19	51552139	0.0130498193967738	0.164023229976118	0.936586573403835
chr19:52714810:C:T	19	52714810	-0.0735020733622905	0.152584723027959	0.630009706279692
chr19:53330671:T:C	19	53330671	0.0292459714058215	0.161136123177559	0.855976277533275
chr19:54944544:G:A	19	54944544	-0.0768018109543762	0.171841024173266	0.654921812281802
chr19:57195010:G:C	19	57195010	-0.119344084643971	0.245449393969371	0.626806339432877
chr20:1709120:A:G	20	1709120	-0.511465185269229	0.291222847053873	0.0790427651271223
chr20:1735934:T:G	20	1735934	0.420758957084166	0.218467284714381	0.0541095369832019
chr20:1906500:G:T	20	1906500	-0.334288586570008	0.29638227306516	0.259363549365095
chr20:3649460:G:A	20	3649460	-0.000300558352889781	0.19400370086291	0.998763885573346
chr20:5407753:C:T	20	5407753	0.157569564507489	0.157333055289293	0.316583574887821
chr20:5860313:T:C	20	5860313	-0.21934598704101	0.167996949359967	0.191670049012707
chr20:7000966:A:C	20	7000966	0.0312167569196983	0.172423058096468	0.856330322873198
chr20:12129436:G:A	20	12129436	0.439835882015035	0.174091875123999	0.0115219029764828
chr20:13244402:C:A	20	13244402	-0.675663847003852	0.631003604429924	0.284269924447698
chr20:31347432:T:C	20	31347432	0.103402195962452	0.240383710107164	0.66708307183354
chr20:37593342:C:T	20	37593342	-0.0334712331335768	0.146647514565907	0.819457522723838
chr20:38200488:G:A	20	38200488	-0.292134419177129	0.208006948556956	0.160186235215305
chr20:38350608:A:G	20	38350608	0.0324556980955755	0.214336088764148	0.879641000171648
chr20:45729681:A:G	20	45729681	0.111647553241442	0.147206199658297	0.448185655105378
chr20:48501317:C:T	20	48501317	0.353901588374923	0.184731176333098	0.0553949688810427
chr20:49036824:T:G	20	49036824	0.189328289238612	0.135860711691482	0.163454438203848
chr20:50371082:C:T	20	50371082	0.415801976908696	0.180203630526242	0.0210324942039397
chr20:52513956:G:A	20	52513956	0.335825692011903	0.234338161075007	0.151834537154787
chr20:54253971:A:G	20	54253971	-0.209007935011213	0.139758230559097	0.134784930645967
chr20:58480201:T:G	20	58480201	0.278556882051618	0.144997622830834	0.0547174075237663
chr20:60073360:C:T	20	60073360	0.0570766113381947	0.122472540607458	0.641189741683079
chr21:14869783:A:G	21	14869783	0.105390963026646	0.220489196294851	0.632659478570497
chr21:15297615:T:C	21	15297615	-0.33050154245688	0.233111172446051	0.156253521215589
chr21:15686888:A:G	21	15686888	0.226315720445652	0.166786311451138	0.174806557491592
chr21:18805376:C:A	21	18805376	0.445732390804227	0.227838645458649	0.0504238052351363
chr21:22007486:G:T	21	22007486	0.361205910076916	0.209598047471494	0.0848294632230121
chr21:24026351:C:T	21	24026351	-0.189193770240275	0.159278990318622	0.234906807234569
chr21:26647335:G:C	21	26647335	0.268476828135959	0.180468358209532	0.136838724145943
chr21:28043199:C:G	21	28043199	-0.0828091438588219	0.207847062984764	0.690325167064885
chr21:29538421:G:A	21	29538421	0.43914734886189	0.283878600124214	0.121874157435744
chr21:31885030:A:G	21	31885030	0.422017539980493	0.179493111581726	0.0187148399556687
chr21:35502622:A:T	21	35502622	-0.1186503359809	0.178481007568675	0.506192177929569
chr21:36306638:T:G	21	36306638	0.266361844948825	0.179545599671693	0.137932821729768
chr21:41442549:G:A	21	41442549	-0.0580186886842357	0.119434632575978	0.627124741844165
chr21:42627184:G:A	21	42627184	-0.148997858146532	0.299633206330176	0.619000420627202
chr22:20147688:T:C	22	20147688	-0.00860021014669214	0.175171287290683	0.960842788255474
chr22:23891985:A:G	22	23891985	-0.190278021973218	0.202964465008479	0.348504372333329
chr22:24245985:G:T	22	24245985	0.26945736903488	0.181981722054224	0.138690880273575
chr22:28624303:G:A	22	28624303	0.190139369851803	0.199668051766194	0.34095632482814
chr22:30376697:C:T	22	30376697	0.253905056638304	0.236546392906396	0.283098967942504
chr22:30662128:G:A	22	30662128	-0.200583065222581	0.18610950547889	0.281136834055737
chr22:36298345:C:A	22	36298345	0.360857891814872	0.222921229307372	0.105497055191923
chr22:36977479:G:A	22	36977479	-0.212409914956951	0.384886526023866	0.58103281675416
chr22:42350572:C:T	22	42350572	0.507733180131485	0.276513277573433	0.066328350101348
chr22:42475109:T:G	22	42475109	0.301545259507782	0.185874637973144	0.104738168081869
chr22:44719519:A:G	22	44719519	0.170670966120404	0.174220468392538	0.327270580192988
chr22:44805054:T:C	22	44805054	0.477369242263709	0.283857368978128	0.0926227189180744
chr22:45210278:T:C	22	45210278	0.0685251306393854	0.15031818741774	0.648485479873096
chr22:47062473:C:T	22	47062473	0.190547304414089	0.197699650576911	0.335135094205782
chr22:48785864:A:G	22	48785864	-0.457055625222175	0.287348372096263	0.111700169499729
chr22:49668266:A:G	22	49668266	-0.137910643397367	0.199086660621436	0.488487391923029
chr22:49926053:G:A	22	49926053	-0.270089839683374	0.317115825083505	0.394376609043552
