SNP	CHR	POS	est	stderr	pval
chr1:1837340:C:T	1	1837340	-0.236542306035984	0.165343352671782	0.152541235488533
chr1:2261200:G:C	1	2261200	-0.169877519936742	0.15627658938147	0.277023045506426
chr1:14678191:A:C	1	14678191	-0.205632373649303	0.136273842546592	0.131307887041742
chr1:14985097:C:T	1	14985097	-0.155689441622183	0.202646808160622	0.442320995206613
chr1:15065941:C:T	1	15065941	0.352881737176502	0.178963236253013	0.0486311482888979
chr1:20215506:G:C	1	20215506	-0.197342524961378	0.122908160889829	0.108359711413412
chr1:20533654:G:C	1	20533654	-0.287592927280825	0.426420314743075	0.500034585194091
chr1:22009627:T:C	1	22009627	0.250894228194063	0.133322475728973	0.0598550327880696
chr1:22126221:C:T	1	22126221	-0.141333629664584	0.156098804037486	0.365247502415348
chr1:23180575:A:G	1	23180575	0.101641102194529	0.132385896673493	0.442627510735327
chr1:26058659:G:C	1	26058659	0.0663921522881237	0.199969076503204	0.739880125081315
chr1:26181362:A:G	1	26181362	0.0176583673806122	0.183111176943269	0.923174917705773
chr1:26848285:C:T	1	26848285	0.151248892715833	0.228660552975798	0.508319928716189
chr1:28670719:C:T	1	28670719	-0.148134032815906	0.108482711097	0.172093373965452
chr1:29753056:A:C	1	29753056	-0.209145485333175	0.117643408814115	0.0754380587968583
chr1:29908726:A:G	1	29908726	0.213629701830496	0.12023571699492	0.0756081610508804
chr1:31886486:G:T	1	31886486	0.235389323463523	0.129183566442587	0.0684351786964613
chr1:37838865:C:T	1	37838865	0.156500532913911	0.141050816946571	0.26720032624318
chr1:39880059:T:C	1	39880059	-0.137320727804713	0.179219032157577	0.443547000088977
chr1:41175014:G:A	1	41175014	0.110952142048971	0.134041570204335	0.407815340505355
chr1:41597921:C:T	1	41597921	-0.319952624662201	0.225881463617044	0.156640133496095
chr1:42635725:A:G	1	42635725	0.395056239514566	0.208007844595898	0.0575332936849001
chr1:43202709:G:A	1	43202709	0.0280231080937869	0.138906251136477	0.840119083885794
chr1:47498869:G:A	1	47498869	-0.177025500176689	0.142156114192967	0.213025395735562
chr1:51034150:G:A	1	51034150	0.133626075545618	0.212147115034491	0.528776643766289
chr1:54900240:G:A	1	54900240	0.203585142975397	0.143166524324904	0.155021495205999
chr1:55459433:C:T	1	55459433	0.132472509229562	0.17248580682586	0.442475441150796
chr1:56563907:C:T	1	56563907	0.147291400691739	0.19901869080695	0.45924642928757
chr1:65351414:T:A	1	65351414	-0.169553255873543	0.139879084395909	0.225458185466082
chr1:66254178:T:A	1	66254178	0.344428758356579	0.149644374531079	0.0213549995864688
chr1:73302339:T:C	1	73302339	0.00824225898261814	0.134074022997076	0.950980576851613
chr1:73563666:T:C	1	73563666	-0.0921074138878582	0.286737016260794	0.748039053310469
chr1:76062379:T:C	1	76062379	0.177529693753296	0.134772628413779	0.18775372273268
chr1:86928231:G:T	1	86928231	0.261458249064701	0.139418312248739	0.0607444733727176
chr1:88611347:G:A	1	88611347	0.222370055965703	0.154931161850936	0.151206482600224
chr1:91057167:C:A	1	91057167	-0.114692282552278	0.177391070881248	0.517922914381715
chr1:91093925:G:A	1	91093925	0.0210741802612748	0.153964580574014	0.891128171185465
chr1:92475800:A:G	1	92475800	-0.19805279879718	0.18567094319188	0.28611315702959
chr1:94752415:G:A	1	94752415	-0.033017187109065	0.166614836761913	0.842916167683758
chr1:95614324:G:A	1	95614324	0.162417538061032	0.178445314888804	0.362727053974199
chr1:99691102:T:C	1	99691102	-0.402493994345135	0.129975186744047	0.00195688650727854
chr1:104937367:T:A	1	104937367	-0.30668155133764	0.154325841045936	0.0468964767880333
chr1:115841221:A:T	1	115841221	0.63393703079294	0.287831375981215	0.0276328467363915
chr1:153704237:C:A	1	153704237	-0.200674889481965	0.143791736897908	0.162836781436804
chr1:155857667:G:T	1	155857667	0.482703728416836	0.209850982318187	0.021435677844626
chr1:157334223:T:C	1	157334223	-0.401521357123285	0.266875708448422	0.132446065891634
chr1:159540226:C:T	1	159540226	-0.225359064544101	0.168478159218261	0.181021678678495
chr1:165647351:T:C	1	165647351	0.17617194608456	0.155637244118894	0.257659865788755
chr1:167545338:A:T	1	167545338	0.312196855620533	0.26119639280467	0.231986576547798
chr1:168863629:G:A	1	168863629	0.0309261765333262	0.172423370743704	0.857653576794823
chr1:171350391:G:A	1	171350391	-0.0156055832708822	0.152272974056464	0.91837230468647
chr1:173013575:C:G	1	173013575	0.16145038026789	0.152231101230618	0.288889420486939
chr1:178947344:C:A	1	178947344	0.334316605611526	0.163524217472301	0.0409094023089881
chr1:182872646:T:G	1	182872646	0.221992739791327	0.222113876412693	0.317574512160875
chr1:185127444:C:G	1	185127444	-0.0854151391966097	0.259666108614388	0.742199381945909
chr1:185619557:C:T	1	185619557	0.2048139075804	0.155208505824229	0.186966960070121
chr1:186638909:G:T	1	186638909	-0.0717668947447244	0.180438633213787	0.690824983628311
chr1:188272062:T:C	1	188272062	-0.141661572631751	0.204036710858301	0.487497519547523
chr1:193365737:C:T	1	193365737	0.342049271795405	0.128507609683419	0.00777461183029426
chr1:193791070:G:T	1	193791070	-0.698560338929425	0.439857819995816	0.112252351241452
chr1:195033388:T:C	1	195033388	-0.297668785189699	0.196764802337782	0.130326604946018
chr1:195907914:A:G	1	195907914	0.143380201378515	0.144026785606994	0.319487958959569
chr1:196692375:G:C	1	196692375	-0.121059010532169	0.159237944009792	0.447111304422771
chr1:197559019:A:G	1	197559019	-0.164955995511071	0.217011538305101	0.447179595024058
chr1:199160726:G:A	1	199160726	0.0572692828760473	0.142707807555027	0.68819596368698
chr1:204277152:T:C	1	204277152	0.346738994910198	0.142389988670123	0.0148861913588267
chr1:207498131:C:T	1	207498131	-0.0186287838262567	0.150060562533743	0.901203026331732
chr1:208744577:C:T	1	208744577	0.408660097022069	0.18188691286558	0.0246540135913981
chr1:210496535:G:A	1	210496535	0.200766025843822	0.166654394376247	0.228324982711755
chr1:212937214:T:G	1	212937214	-0.174931530100271	0.146880077769551	0.233660647753717
chr1:219750864:A:G	1	219750864	0.154709943430778	0.185195179372688	0.40349894087844
chr1:221920463:G:A	1	221920463	0.0388511968590959	0.176183398285987	0.825469584223455
chr1:227462684:A:G	1	227462684	-0.0106543760073677	0.185286338992659	0.954145136960185
chr1:234456961:G:A	1	234456961	0.0326885649684511	0.151910121610069	0.829624186368299
chr1:237308322:A:G	1	237308322	0.240020969341577	0.13749701623218	0.0808726697532844
chr1:239000642:T:C	1	239000642	-0.198871276703008	0.340492401433967	0.559173455078124
chr1:242239801:C:T	1	242239801	0.581183930678917	0.285345557243778	0.0416728640565505
chr1:244583991:C:T	1	244583991	0.339914984431125	0.158363338978718	0.0318391094027948
chr1:246213578:G:A	1	246213578	0.508629442014383	0.332392618788769	0.125965551360715
chr1:247190028:T:C	1	247190028	0.0401670146662268	0.17575017150451	0.819221728754762
chr1:247897239:C:T	1	247897239	-0.0579732407980049	0.14583976356022	0.690989005514252
chr2:3248328:A:G	2	3248328	-0.0622977696988588	0.130592900157998	0.633335096438443
chr2:4505759:T:G	2	4505759	0.212771679293661	0.228452880699752	0.351667817653114
chr2:6804400:G:A	2	6804400	0.0443901684217466	0.154014811216599	0.77317824320846
chr2:9411790:A:C	2	9411790	0.0727241591782572	0.151413642036512	0.631013211250135
chr2:12096367:C:T	2	12096367	0.109755759703068	0.165395773088791	0.506949745423243
chr2:13545005:C:T	2	13545005	0.0577886724854793	0.121714947958152	0.634938814558517
chr2:16009716:A:G	2	16009716	-0.030765527159551	0.155943203124437	0.84360315040745
chr2:16367899:A:T	2	16367899	0.184260212203554	0.129043624549569	0.153323274420442
chr2:17630111:A:C	2	17630111	-0.329752256726536	0.151486322284169	0.0294970549160153
chr2:17928966:C:G	2	17928966	0.00192082417705464	0.139788281698932	0.989036650937961
chr2:18261494:A:T	2	18261494	0.418035714443379	0.142059496393928	0.00325384005229357
chr2:19530615:T:C	2	19530615	-0.242579995019555	0.216858140633462	0.263305944677331
chr2:19562158:T:C	2	19562158	-0.0554586322354877	0.18724814189494	0.767094752291445
chr2:27383116:G:A	2	27383116	-0.0687482180858061	0.13731160036676	0.616601240393956
chr2:37762298:C:T	2	37762298	0.0312170972003431	0.149546237049632	0.834646954264899
chr2:42010994:T:A	2	42010994	0.018649182796527	0.133089707379235	0.888561302227006
chr2:45824390:C:G	2	45824390	-0.0125278820953322	0.181258618323554	0.944897235126329
chr2:46742820:T:C	2	46742820	0.276203438023639	0.2271461018834	0.223995356630055
chr2:49789441:T:C	2	49789441	0.264069217000478	0.155741809308917	0.0899696827881579
chr2:49994518:G:A	2	49994518	0.0688699792760672	0.112335127633509	0.539826038109403
chr2:51284042:G:A	2	51284042	-0.0858713082247393	0.167435259987699	0.608047330333461
chr2:51344078:G:A	2	51344078	-0.0705763393340246	0.119756113467501	0.555637297421711
chr2:57278002:C:A	2	57278002	-0.217732473081855	0.15020056131903	0.147166864833169
chr2:57368273:A:G	2	57368273	0.134068434332871	0.170791969437517	0.432464765682698
chr2:60075157:T:C	2	60075157	0.635078228123454	0.246819354685997	0.0100807011928883
chr2:60373837:A:G	2	60373837	0.297097714269446	0.170229036314587	0.080935751375543
chr2:61147014:T:C	2	61147014	-0.172516820356051	0.169006564375107	0.307363449997752
chr2:61693274:A:G	2	61693274	0.142300595763137	0.13091938740276	0.277066443678944
chr2:65295480:C:T	2	65295480	-0.265795351277838	0.15082060293458	0.0780139183981466
chr2:66031496:T:C	2	66031496	-0.0411503272904637	0.148883925272303	0.782246993270286
chr2:69165635:T:C	2	69165635	0.195614555510886	0.167283695321265	0.242259356377422
chr2:71204755:G:A	2	71204755	0.0648948346336284	0.190442848715457	0.733286125448338
chr2:72022684:A:G	2	72022684	0.432097235163353	0.171688767902931	0.01184437612914
chr2:76651386:C:A	2	76651386	-0.223407300323943	0.133764888692912	0.0948898797370378
chr2:79784490:C:G	2	79784490	0.377194512090263	0.142974409524989	0.00833483985498229
chr2:82619301:T:C	2	82619301	0.261458919517671	0.171154380156677	0.126606818359831
chr2:83181917:T:C	2	83181917	-1.00565007480127	0.775969808615758	0.194978502767511
chr2:83400799:T:A	2	83400799	-0.0545328536946997	0.181015176801461	0.763215307053198
chr2:85744328:G:A	2	85744328	-0.0183891391664651	0.267849542890916	0.945264450033466
chr2:85757440:T:A	2	85757440	0.277127895386379	0.132817191268604	0.0369300675023023
chr2:99811694:T:C	2	99811694	0.0716464946994558	0.13171628274156	0.586478896577851
chr2:101228073:A:C	2	101228073	0.108651243347543	0.123566396807674	0.379241660022297
chr2:106861882:T:C	2	106861882	0.0171614598231608	0.21364731306188	0.935977884142259
chr2:108083619:T:C	2	108083619	-0.113532280755891	0.185912757358365	0.541414732555714
chr2:114129906:T:C	2	114129906	-0.163836360629846	0.328174934422143	0.617613953618374
chr2:118004610:C:T	2	118004610	0.144139158983673	0.121664839123057	0.236126901774771
chr2:119455921:A:G	2	119455921	-0.0735834931222616	0.141993408185382	0.604306407716067
chr2:120644763:G:A	2	120644763	0.211454509926248	0.11878094932917	0.0750423209837732
chr2:120916837:A:G	2	120916837	0.244305623747065	0.143707795508777	0.0891278216746825
chr2:122628686:C:A	2	122628686	0.215475934392527	0.1469341068701	0.142517555997745
chr2:122629789:A:C	2	122629789	0.180593115382396	0.133280622257584	0.175422643493484
chr2:126391403:A:G	2	126391403	0.101693468990217	0.291794669002477	0.727456924873199
chr2:127192867:G:A	2	127192867	-0.0252671932249303	0.168342568076515	0.880690529534034
chr2:130915743:C:T	2	130915743	0.226046246618691	0.148721587113542	0.128528832068384
chr2:136107122:C:T	2	136107122	-0.321771813821106	0.575911179747425	0.576354345368702
chr2:136507185:G:C	2	136507185	0.229907318621329	0.121103605086985	0.0576388069369916
chr2:141023592:C:T	2	141023592	-0.318236112696633	0.238765697743277	0.182584810691908
chr2:143017176:T:C	2	143017176	-0.0367279746228862	0.237966374311902	0.877340849915264
chr2:143920023:G:T	2	143920023	0.37346918706263	0.170967271243266	0.0289293128886945
chr2:144729333:C:T	2	144729333	-0.0399373829124051	0.104273850741352	0.701716222400451
chr2:148561010:G:C	2	148561010	-0.201976514459333	0.166466885153822	0.22500999397095
chr2:154835349:G:T	2	154835349	-0.0782430759321414	0.199011747128537	0.69420273084979
chr2:164974626:C:A	2	164974626	0.0761439178555043	0.209747895358833	0.716585539088582
chr2:167086954:T:G	2	167086954	0.0665883804792286	0.10178363781563	0.512973312468761
chr2:167199229:C:T	2	167199229	0.0556366658037468	0.185408921938209	0.764119604362063
chr2:167657344:C:T	2	167657344	-0.0223421500616178	0.176081179460963	0.899031016163358
chr2:167884398:C:T	2	167884398	0.100409933078938	0.225507211638135	0.656129974028052
chr2:168647356:T:G	2	168647356	0.243626257751448	0.166170168599816	0.142614204427752
chr2:170041677:A:G	2	170041677	-0.0413776991145723	0.17709638702969	0.8152605291699
chr2:171274449:C:A	2	171274449	0.0113542289388073	0.169490611134778	0.946589415695976
chr2:177787584:G:A	2	177787584	-0.179803164420022	0.184738621860685	0.330412119609715
chr2:179648558:C:T	2	179648558	-0.0930525731805645	0.195793080202471	0.634601833753334
chr2:180833197:G:A	2	180833197	0.00357612000642985	0.215843741827972	0.986781176136225
chr2:183527028:C:T	2	183527028	-0.0676624569388741	0.161892641321349	0.675986260077051
chr2:184516924:T:A	2	184516924	0.122037023293057	0.183016947051139	0.504895274692909
chr2:191922008:C:T	2	191922008	0.202270960034338	0.198068936176156	0.307152607778733
chr2:195817951:G:C	2	195817951	0.102194301491349	0.139864865615096	0.464984063289824
chr2:197010424:G:A	2	197010424	0.138058957746915	0.183844033902556	0.452678555612701
chr2:209101337:G:A	2	209101337	-0.0318684308615388	0.153080742360573	0.835088006360261
chr2:209103516:A:G	2	209103516	0.110964304014287	0.159110824013708	0.485550868355526
chr2:210957182:G:A	2	210957182	-0.0143145379899437	0.14250327150838	0.919986606205033
chr2:214802180:T:C	2	214802180	-0.437703902970016	0.200311171805446	0.0288800655672538
chr2:215209936:A:G	2	215209936	0.0283782601404488	0.134116830734686	0.832424119588365
chr2:215367000:G:A	2	215367000	0.411239310792748	0.303821851645733	0.175878681380162
chr2:220997842:C:T	2	220997842	-0.298869362972218	0.158247481475447	0.0589427613119526
chr2:226027918:G:A	2	226027918	0.346864196708886	0.157279168508174	0.0274257177751118
chr2:228947684:G:A	2	228947684	0.0791687655101952	0.146042630337815	0.587754073256272
chr2:233152507:T:C	2	233152507	-0.118299488823567	0.132074840632914	0.370412791710372
chr2:235620294:A:T	2	235620294	-0.153997668639522	0.209424908579794	0.462134905863461
chr2:237288548:A:G	2	237288548	-0.189061893466077	0.12766498819158	0.138627351821293
chr2:237513585:T:C	2	237513585	0.131006431374304	0.17343635107668	0.450034565933944
chr2:237920759:T:G	2	237920759	-0.0633472923594582	0.11708856343948	0.588493575196591
chr2:240429648:C:T	2	240429648	-0.0292798226529877	0.156775811620196	0.851846949539108
chr3:9841346:T:C	3	9841346	0.183388716199692	0.245554833097553	0.455163725227104
chr3:10127208:T:G	3	10127208	0.333814170653994	0.183237320737677	0.068491617264381
chr3:14082905:A:G	3	14082905	-0.183088263363976	0.12723021750868	0.150141659114329
chr3:16798495:T:G	3	16798495	0.168209092037367	0.151620824548747	0.267254962668257
chr3:18882818:T:C	3	18882818	0.129404931274835	0.130471060837197	0.32128113743185
chr3:20179943:G:A	3	20179943	0.364803924575262	0.250495388998	0.145301444019724
chr3:22245167:A:G	3	22245167	0.0336683044398771	0.135913711770618	0.804352424046639
chr3:24009496:G:A	3	24009496	-0.247828173270874	0.147494009909953	0.0929068874364289
chr3:24010534:C:T	3	24010534	0.28908210905208	0.141321474442603	0.0407992944351163
chr3:33111016:C:A	3	33111016	0.00646541434412898	0.382579853779707	0.986516778922219
chr3:33421913:A:G	3	33421913	-0.00872358781810095	0.130127646733117	0.946550897108581
chr3:34471110:A:G	3	34471110	-0.0511295976277331	0.130072851549494	0.694257209124766
chr3:34498029:C:T	3	34498029	-0.16017773068677	0.185615464300919	0.38816239361698
chr3:35230331:G:A	3	35230331	0.255961239361066	0.138499379575125	0.0645873180804003
chr3:41413926:T:C	3	41413926	0.157852094440839	0.135272768460271	0.243243886064187
chr3:42098050:T:C	3	42098050	-0.271215800836625	0.156667124301091	0.0834232974936521
chr3:46489654:A:G	3	46489654	0.120917126186901	0.129658469718882	0.35103594543066
chr3:56959175:A:G	3	56959175	-0.273463580406218	0.243740482262931	0.261885537837904
chr3:64441608:G:A	3	64441608	-0.261391301750442	0.167235582470902	0.118049660485368
chr3:66150510:T:A	3	66150510	-0.201614685134952	0.316375943568154	0.523953542819832
chr3:66995763:G:T	3	66995763	0.0854282701530072	0.133143310214997	0.521115751648223
chr3:68498445:T:C	3	68498445	0.192165896059068	0.149311794735938	0.198090515275013
chr3:68824246:G:A	3	68824246	-0.0404611922926621	0.106221090864969	0.703266423248621
chr3:69021248:A:C	3	69021248	-0.222350998244197	0.186746804364336	0.233789088594552
chr3:69617754:T:G	3	69617754	-0.0365605139349557	0.115361111867368	0.751302527536084
chr3:74191731:G:A	3	74191731	-0.00521035332044536	0.13029420087191	0.968101782676418
chr3:74732240:G:A	3	74732240	0.0212697315203154	0.176958373555117	0.904327694516541
chr3:75709324:A:T	3	75709324	0.0343207412279135	0.121650251798428	0.777846630999609
chr3:84465702:T:C	3	84465702	-0.109774251057205	0.150323091880047	0.465234078710158
chr3:84817748:G:A	3	84817748	-0.242465862096899	0.122873538716357	0.0484618487230997
chr3:85705423:A:G	3	85705423	0.00605866636927435	0.184632881443279	0.973822382596129
chr3:88069353:C:T	3	88069353	0.0300142187234236	0.16880779950112	0.858879154205781
chr3:93986190:G:A	3	93986190	0.0190470881077912	0.170686314394704	0.911147561618105
chr3:101022648:G:A	3	101022648	0.180829548672303	0.172572299195846	0.294708616420095
chr3:105622159:T:C	3	105622159	0.523286073916225	0.24519854063153	0.0328319697424554
chr3:106664728:C:T	3	106664728	-0.0237074922227413	0.145674451466789	0.870720816382797
chr3:110774699:C:T	3	110774699	-0.0280536350462994	0.137493305914797	0.838325077497629
chr3:113428518:G:A	3	113428518	-0.351602145986144	0.166299749708915	0.0344924317157672
chr3:121058963:T:G	3	121058963	-0.00955446008369019	0.185579627883532	0.958939513942242
chr3:122312606:G:A	3	122312606	-0.0900395818614148	0.174880893699495	0.606649236100011
chr3:124193435:A:C	3	124193435	-0.0241367648285666	0.157609201636669	0.878285412325453
chr3:124804582:A:T	3	124804582	0.351511599251491	0.205082696950361	0.0865288542150346
chr3:126773646:G:T	3	126773646	0.0274106084953455	0.180540458008816	0.879324730015349
chr3:131110446:C:G	3	131110446	0.0852483029652223	0.168794867577514	0.613530146511195
chr3:131209978:G:T	3	131209978	0.0700679738037489	0.168099144470576	0.676806206443259
chr3:133982842:C:T	3	133982842	-0.188981382937055	0.122297726828505	0.122284182186714
chr3:134929007:C:T	3	134929007	0.251885247839378	0.189516057609074	0.183815927760207
chr3:137777496:C:T	3	137777496	0.649220996512931	0.208381834134495	0.00183611262082395
chr3:146265901:G:T	3	146265901	-0.0437009946658134	0.112626456028118	0.698003354053256
chr3:148006706:G:A	3	148006706	0.612042058026851	0.261754297168045	0.0193752590826819
chr3:149679065:C:A	3	149679065	-0.2425548978365	0.14388318564825	0.0918388494132696
chr3:150888061:C:A	3	150888061	-0.0290338875226843	0.174535104163924	0.867881641818509
chr3:152663712:G:C	3	152663712	-0.180177333615144	0.138686045862098	0.193884151179828
chr3:159417151:A:G	3	159417151	-0.053415115612019	0.12137559125825	0.65987829909674
chr3:164899350:G:A	3	164899350	-0.366437805848839	0.201319667621712	0.068731769279737
chr3:168053836:T:C	3	168053836	-0.158031705583297	0.281612542014838	0.574683599703469
chr3:171028381:G:A	3	171028381	-0.0669564428308106	0.140592252250154	0.6338994097277
chr3:174497130:T:C	3	174497130	-0.209484071186308	0.136849555489423	0.125828275080375
chr3:176663180:T:G	3	176663180	0.147721046283056	0.262152527616445	0.573099401843662
chr3:196706550:C:T	3	196706550	0.0525223095453728	0.146877631352528	0.720648443889566
chr4:332191:G:A	4	332191	0.0991529134395461	0.118718695993942	0.403609573952915
chr4:8816874:T:C	4	8816874	-0.0865601631871076	0.162139000279733	0.593435682119358
chr4:9851274:C:G	4	9851274	-0.0248258527090591	0.14691647232553	0.865812869610218
chr4:10725805:A:G	4	10725805	0.440203799162712	0.133009859054156	0.000934435139917644
chr4:13219910:C:T	4	13219910	-0.0540748572130869	0.148201112983258	0.715204837070148
chr4:18747099:A:G	4	18747099	0.0388272068657754	0.132495147532316	0.769486796003739
chr4:20840555:C:T	4	20840555	-0.0737926010289329	0.124738511701228	0.554132985210813
chr4:21137718:C:T	4	21137718	0.0230564391391916	0.12449294833206	0.853069994877173
chr4:26851610:T:C	4	26851610	0.0320756941731761	0.284849536866254	0.910343130557787
chr4:32302160:A:T	4	32302160	-0.252870568082462	0.208348080193176	0.224865048842554
chr4:34501888:A:G	4	34501888	-0.1287358813497	0.483647939323238	0.790103016923501
chr4:40603484:A:G	4	40603484	0.00157715181500099	0.113516395973309	0.988914864775235
chr4:41002348:C:T	4	41002348	-0.481164867234817	0.241170150975818	0.0460291263695518
chr4:44018406:T:G	4	44018406	-0.145370789859672	0.138326255232517	0.293292140504384
chr4:44680448:T:C	4	44680448	0.0595079934163238	0.154556682887997	0.700219820525646
chr4:55337032:C:T	4	55337032	0.0921693511770484	0.179210873842031	0.607037585751218
chr4:55659669:G:A	4	55659669	0.0816436986538485	0.189665563274358	0.666860059697827
chr4:56719096:C:T	4	56719096	0.0546478800212587	0.153878711950425	0.722487660467226
chr4:58944563:C:T	4	58944563	-0.109034557208276	0.219710528397309	0.619707739628485
chr4:61158247:C:G	4	61158247	-0.155817711815231	0.160274395287203	0.330954335530619
chr4:64485722:G:A	4	64485722	0.492316138705328	0.19185539943113	0.0102855357450675
chr4:67708732:C:T	4	67708732	-0.0198479229639611	0.162169303566315	0.902590050868594
chr4:67911021:C:T	4	67911021	-0.0242008161372479	0.117780106773735	0.83720136877072
chr4:90022599:G:T	4	90022599	0.237353094325038	0.170607651747882	0.164158160862789
chr4:95020597:A:T	4	95020597	-0.00341412489077916	0.219956955551232	0.987615903517666
chr4:95433170:T:C	4	95433170	0.232956820895652	0.208194937683686	0.263167422707045
chr4:97398054:G:A	4	97398054	0.0105409085902486	0.130265047869513	0.935506423536208
chr4:98823404:T:C	4	98823404	-0.136712357370579	0.2009385181472	0.496270785691246
chr4:99262681:C:G	4	99262681	0.307086660371105	0.176665022263275	0.0821680829518411
chr4:99355957:G:T	4	99355957	-0.179372534825963	0.0927707987154785	0.0531743737174607
chr4:101085120:T:C	4	101085120	-0.0071371203026105	0.098591156533558	0.942290683278387
chr4:102399971:C:T	4	102399971	0.0869266760689006	0.133477401934052	0.514887449241964
chr4:102884286:T:C	4	102884286	-0.025720186950469	0.113571115724794	0.82083769485872
chr4:105992845:C:T	4	105992845	0.154497681365569	0.151547628522885	0.307981703021979
chr4:108791253:G:A	4	108791253	0.128375771163818	0.205071789796454	0.531312284215927
chr4:110191180:A:G	4	110191180	0.0766671799779678	0.435639802110183	0.860303726118121
chr4:110957298:T:A	4	110957298	0.147277548774051	0.143306420993011	0.304085911609274
chr4:113348012:C:T	4	113348012	0.292252545948338	0.14746844063736	0.0475019405526872
chr4:115515844:A:G	4	115515844	-0.0712797684927664	0.255977496917564	0.780658442885948
chr4:115522695:G:A	4	115522695	0.120703654774168	0.142834827914936	0.398078688186527
chr4:120770744:A:C	4	120770744	0.0358023169311074	0.127706727879585	0.779210580882611
chr4:123964831:A:G	4	123964831	0.0921217628220058	0.147421886288057	0.532046371276248
chr4:125256344:T:C	4	125256344	-0.269444680570465	0.2584684879954	0.297195555799989
chr4:126268710:T:G	4	126268710	-0.108677158089316	0.20190950024559	0.590406620512997
chr4:134094420:T:C	4	134094420	-0.364998968064337	0.211618356479526	0.0845638396859726
chr4:134350906:C:T	4	134350906	0.0719483399069351	0.123747083001867	0.560961173424612
chr4:138952375:G:A	4	138952375	0.115107708938937	0.141131901490465	0.414726800591556
chr4:141012527:T:G	4	141012527	-0.306640628457648	0.394720721173149	0.43724452855052
chr4:141618953:G:A	4	141618953	-0.103071614824421	0.196012477265256	0.598997913024582
chr4:143626434:A:G	4	143626434	-0.419824287575553	0.355140185983011	0.237151419558605
chr4:149616644:T:G	4	149616644	0.0314838837577563	0.13401845948485	0.814269278341271
chr4:154030957:C:G	4	154030957	-0.19495982930011	0.319953334970323	0.542300208760521
chr4:168588553:A:C	4	168588553	-0.0190303818333314	0.274922551386231	0.944813800543025
chr4:171334248:A:T	4	171334248	-0.0284139863511058	0.302689050499685	0.925210941854958
chr4:171974219:A:G	4	171974219	-0.0636169949373911	0.116103068228181	0.583736178987393
chr4:176312841:C:T	4	176312841	0.162242921241588	0.178720376765897	0.363982233114836
chr4:179329624:T:G	4	179329624	0.00543685123728329	0.148064576074999	0.970708692491894
chr4:183032183:A:G	4	183032183	0.235360515918263	0.128330232198422	0.0666506743867583
chr4:184991673:A:G	4	184991673	0.0737851803111348	0.131973609473978	0.576100014773351
chr4:189912372:C:T	4	189912372	0.135876864092643	0.158869908437503	0.392401003584647
chr5:79496:A:G	5	79496	0.566809952778635	0.297402536481008	0.0566673444623947
chr5:5313703:A:G	5	5313703	-0.316774011522494	0.156957355604587	0.043568660990886
chr5:7364955:T:A	5	7364955	0.270539158296937	0.169515873372358	0.110499561596313
chr5:8067079:G:C	5	8067079	0.00462648570278597	0.22150737345212	0.983336296741725
chr5:13911296:G:T	5	13911296	-0.0357219045155048	0.157517367562658	0.820594244073326
chr5:15621966:C:G	5	15621966	-0.133406600741299	0.127439873770712	0.295182632974427
chr5:15997511:T:A	5	15997511	0.375155438218534	0.194925217137039	0.0542779001821014
chr5:17902851:T:C	5	17902851	0.0156750699582559	0.266435586073673	0.953085526988792
chr5:20719353:A:C	5	20719353	-0.0872755981550772	0.197515333694398	0.65858512122254
chr5:20732163:G:T	5	20732163	-0.0338476700190859	0.163646738572493	0.836139690639286
chr5:21913130:A:C	5	21913130	0.146654170776632	0.121315788743209	0.226715475283402
chr5:23682774:A:T	5	23682774	-0.100162531753221	0.187111173933909	0.592435330654091
chr5:23787194:A:C	5	23787194	0.049462720476743	0.109478079616003	0.65140962060861
chr5:23895775:T:G	5	23895775	0.149179190639429	0.152069469463841	0.326595851123645
chr5:25693600:A:G	5	25693600	0.531244421235258	0.260563044525243	0.0414667406921263
chr5:33466391:T:A	5	33466391	0.0615246666286591	0.136642802043193	0.652523618170103
chr5:33624899:A:G	5	33624899	0.106170235692141	0.130460956998672	0.415754665038639
chr5:39550509:T:G	5	39550509	0.116112983634173	0.126535646423421	0.358812281813621
chr5:39634108:G:A	5	39634108	0.0140741413120314	0.12096780581037	0.90737819296901
chr5:39978357:G:A	5	39978357	0.240163571107308	0.156082901546281	0.123879413721161
chr5:40238036:C:A	5	40238036	-0.552521976525235	0.462214968819174	0.231939063276979
chr5:44011742:G:T	5	44011742	0.00868510167264036	0.156725991986418	0.95580718091721
chr5:50222627:G:A	5	50222627	-0.00974685853284336	0.264507283911992	0.970605314893647
chr5:54814079:C:T	5	54814079	0.29261640258045	0.120983005013855	0.015577917733907
chr5:66989845:C:A	5	66989845	-0.144644141810172	0.129569825140601	0.264276086824929
chr5:66992139:G:A	5	66992139	0.038151540546782	0.199783227870098	0.848553263712172
chr5:73076502:T:C	5	73076502	0.0650151747072329	0.166451331427329	0.69609610281265
chr5:76998986:C:A	5	76998986	-0.12257121852771	0.168223357702468	0.466232992959811
chr5:77675144:G:C	5	77675144	0.302158536366919	0.201879669227938	0.134464585437284
chr5:80530472:T:A	5	80530472	0.306692375272359	0.154102937864932	0.0465712604274571
chr5:81710558:G:T	5	81710558	-0.19931742490106	0.124881291647	0.110476487600537
chr5:82792281:C:G	5	82792281	0.270956876419864	0.145016013180566	0.0616977343328285
chr5:84879932:A:G	5	84879932	-0.0735968026549645	0.199383082104775	0.712036340523022
chr5:85476293:A:G	5	85476293	-0.343454988354783	0.244229996326505	0.159641933519946
chr5:85809583:T:C	5	85809583	-0.0190945050955532	0.126593629539664	0.880107402908967
chr5:92192959:A:T	5	92192959	-0.0188788153741187	0.170336507738346	0.91174919900048
chr5:94648523:C:G	5	94648523	-0.177032091844228	0.28986185584374	0.541367467140345
chr5:98024666:G:A	5	98024666	0.060687935190445	0.132371792307191	0.646617851951398
chr5:101328324:T:C	5	101328324	0.379432294498001	0.156337223274249	0.0152237583221267
chr5:101825779:A:C	5	101825779	-0.232236161066654	0.119306214611499	0.0515880552394153
chr5:106773905:G:A	5	106773905	0.0588120017630887	0.126859269701295	0.642934103955763
chr5:110045491:C:T	5	110045491	0.341528342654276	0.232852125313365	0.142452855373453
chr5:114915760:G:T	5	114915760	-0.1982181688451	0.155480175476727	0.202352623572661
chr5:115102683:A:G	5	115102683	0.195253801307888	0.162301042443392	0.228962856085945
chr5:117238479:G:A	5	117238479	0.0136011867449702	0.130465962882762	0.916970286068312
chr5:121740415:G:T	5	121740415	0.259455415709397	0.137732684708369	0.0595973544845566
chr5:137227416:A:T	5	137227416	-0.0906437858527074	0.197474590329725	0.646223442558901
chr5:137406489:C:T	5	137406489	0.0373082537105697	0.185087988823462	0.840252613911447
chr5:140638650:G:A	5	140638650	-0.0442689680401058	0.155056409811292	0.775259310892584
chr5:142682003:T:C	5	142682003	0.230182149236351	0.123832289438885	0.063052412723708
chr5:144183699:A:G	5	144183699	0.214125820669017	0.165281363035108	0.195139844433166
chr5:145690757:G:T	5	145690757	0.0664789762764842	0.149199466888415	0.655907062689535
chr5:147282093:C:T	5	147282093	-0.0526604379656295	0.155017861369359	0.73407823264351
chr5:148033208:G:T	5	148033208	0.227876491198773	0.186202884877297	0.221024845936515
chr5:151763317:T:C	5	151763317	0.232138378771955	0.145076983373208	0.109575334343113
chr5:153541577:C:T	5	153541577	0.0142208803876503	0.218603220598953	0.94813149181436
chr5:160435085:T:G	5	160435085	-0.340706168132613	0.406741224497032	0.402228156930611
chr5:164252995:G:C	5	164252995	0.323195949689329	0.130396882667326	0.0131915475946351
chr5:168245100:T:C	5	168245100	-0.177130783975204	0.14023032378644	0.206538223285372
chr5:169455657:C:T	5	169455657	-0.0138492771817335	0.110900782191324	0.900618641318656
chr5:169808985:G:C	5	169808985	0.182378250663504	0.225199454194107	0.41802518515292
chr5:172672695:T:C	5	172672695	0.114758913281969	0.215304921573097	0.594029111031712
chr5:173346700:A:C	5	173346700	0.170653390448543	0.175945808935981	0.332086281006914
chr5:177122146:G:C	5	177122146	0.588503304330998	0.25197684326457	0.0195149580389117
chr6:1084246:G:A	6	1084246	0.154730588490246	0.195216239640164	0.428004349884092
chr6:3041612:C:A	6	3041612	-0.0728555328103798	0.136500843068603	0.593523596000118
chr6:3673174:A:G	6	3673174	0.0740747637494034	0.15736865913964	0.637848921493841
chr6:3786319:G:C	6	3786319	-0.0364029809093935	0.216999587250868	0.866775245465788
chr6:6090729:G:T	6	6090729	-0.328331983516638	0.206325698476164	0.111535645114131
chr6:6354181:A:T	6	6354181	-0.0110410406546847	0.139541745531806	0.936934338504663
chr6:6456261:T:C	6	6456261	0.0925688738777345	0.136318321171224	0.497097267563594
chr6:7642514:C:G	6	7642514	-0.0039786248110692	0.149640797304241	0.978788476184867
chr6:12212257:G:A	6	12212257	-0.0424302138582805	0.161358738304026	0.792584657778997
chr6:21494280:T:C	6	21494280	0.365576187686031	0.233674747066887	0.117708180793436
chr6:23163726:T:C	6	23163726	-0.117639670876998	0.20423680921019	0.564617601591635
chr6:23344439:T:A	6	23344439	-0.0835216986474558	0.15272456691642	0.584462582780648
chr6:24077828:C:T	6	24077828	0.00225894190821514	0.190805110397799	0.990554064482962
chr6:26287827:G:A	6	26287827	-0.262963032418007	0.147431302027499	0.0744836539724644
chr6:27261142:G:T	6	27261142	-0.0561234503355001	0.301971853825287	0.852557247730957
chr6:31108549:A:G	6	31108549	-0.0736862087237328	0.150151791099985	0.623606965413908
chr6:31845997:T:C	6	31845997	0.0387249738554923	0.142683646589885	0.786079994779737
chr6:32660000:G:C	6	32660000	-0.117824274833002	0.159168006949165	0.459147712691744
chr6:33148933:A:G	6	33148933	0.269979208788188	0.113724989266018	0.0175981914544318
chr6:37400014:G:T	6	37400014	-0.150454371861893	0.180182126208638	0.403710532293774
chr6:39124093:C:T	6	39124093	0.218405499320328	0.139532702865836	0.117521049601434
chr6:45195864:C:T	6	45195864	-0.264028497104932	0.164191102425115	0.107822901651373
chr6:46738257:G:A	6	46738257	0.186154663630609	0.148849526724058	0.211072001302784
chr6:47717919:C:A	6	47717919	-0.12766474624112	0.111000614163479	0.250091779215199
chr6:48859012:C:A	6	48859012	0.2680798278811	0.155843009939905	0.0853976296172015
chr6:49860743:T:G	6	49860743	0.208377594920246	0.157075300860345	0.184637873572988
chr6:53292416:C:G	6	53292416	0.241600630635102	0.140607501542765	0.0857487026206909
chr6:54457248:C:T	6	54457248	-0.238167407472023	0.353337218219125	0.500278706449852
chr6:57513520:G:A	6	57513520	-0.85063182645982	0.389698972339538	0.0290511259401491
chr6:67461006:G:C	6	67461006	-0.23369491667056	0.273421067879151	0.392713341911859
chr6:69504128:A:G	6	69504128	-0.0788564171442682	0.154163710157599	0.608993362393416
chr6:81137001:T:C	6	81137001	-0.0818849887416204	0.145883679268427	0.574590800958153
chr6:84758749:C:T	6	84758749	-0.37933859552061	0.178816175979243	0.033889114616514
chr6:86667874:G:T	6	86667874	0.12811050308835	0.220804538743928	0.561780640118604
chr6:87387916:G:T	6	87387916	-0.0517441873658857	0.110840170377366	0.640617181199376
chr6:88566465:G:A	6	88566465	0.0448585540612386	0.130200058986981	0.73044353598901
chr6:93273487:T:C	6	93273487	0.193737917874848	0.153011814315565	0.205454684339501
chr6:97788153:C:A	6	97788153	-0.0581841895354822	0.150481378437128	0.699012558860807
chr6:98771646:C:T	6	98771646	0.113781980471234	0.184577245209576	0.537599929810746
chr6:104918249:A:G	6	104918249	0.151560102332486	0.128581111580147	0.238512865920476
chr6:107129138:A:G	6	107129138	-0.163405384965277	0.143101759273493	0.253502891794929
chr6:112187089:T:C	6	112187089	0.0712779681859566	0.119602062794813	0.551202379824766
chr6:118046853:T:C	6	118046853	0.358216890585625	0.181552811803689	0.0484872838550806
chr6:121081137:A:G	6	121081137	-0.130152293084452	0.162145385339182	0.422154598442231
chr6:123103197:T:C	6	123103197	0.362666105410974	0.164541267766671	0.0275170142673373
chr6:127784009:G:A	6	127784009	0.10257388916351	0.132809554146211	0.439914158680416
chr6:129527930:G:A	6	129527930	-0.0584856411715227	0.194277325683665	0.763382442289468
chr6:137254996:T:C	6	137254996	-0.0158451487833819	0.137671429205437	0.908370654121517
chr6:138165202:C:G	6	138165202	0.104279234300923	0.164498263334254	0.526131067824742
chr6:139464917:T:A	6	139464917	-0.141064313217221	0.281986410034099	0.616897528801443
chr6:151547601:G:A	6	151547601	-0.0643487707979485	0.12979025877267	0.620042263444764
chr6:152638179:C:T	6	152638179	0.139684206332889	0.125917650164146	0.267287918074166
chr6:153842833:G:A	6	153842833	0.137511808894984	0.15810471009585	0.384436220912562
chr6:156754666:T:G	6	156754666	-0.242834766672937	0.253569024449191	0.338230543614366
chr6:160701242:A:G	6	160701242	-0.132458091873867	0.151952935826363	0.383369482881264
chr6:160909689:G:C	6	160909689	-0.259874999807208	0.342672137436586	0.448224742596141
chr6:161970870:T:G	6	161970870	0.311221678475197	0.175101339132199	0.0755056824822172
chr6:162760256:C:T	6	162760256	0.107006050594292	0.172313445015051	0.53460190947845
chr6:163629327:G:A	6	163629327	0.0949738703097261	0.133073540876538	0.475416033328102
chr6:167509019:C:T	6	167509019	0.184198843753184	0.132951805142299	0.16591315217883
chr7:6986920:C:A	7	6986920	0.210452078979807	0.303739023032603	0.488390265824731
chr7:7863676:G:A	7	7863676	-0.626177828975596	0.241001539070932	0.00937052523459547
chr7:8111839:A:G	7	8111839	-0.175111130758633	0.15712743348564	0.265084921146327
chr7:9602661:C:A	7	9602661	0.029992712949002	0.184480385234773	0.870849596470343
chr7:10804524:T:C	7	10804524	0.40905096190313	0.242321444461458	0.091401435189149
chr7:11334355:C:A	7	11334355	0.228007363314313	0.146504253428068	0.119632239152083
chr7:12476280:G:A	7	12476280	0.377453675299706	0.15541272745802	0.0151523163210207
chr7:12972158:C:G	7	12972158	0.0744891169579612	0.167258996774082	0.656065445393673
chr7:20850990:A:T	7	20850990	-0.126160937332589	0.152333145812594	0.40756235122827
chr7:22822020:C:A	7	22822020	0.255092439771739	0.127777992289659	0.0458934175013872
chr7:24140802:T:C	7	24140802	-0.180511656816238	0.14805465966124	0.222759537675297
chr7:24278575:A:G	7	24278575	-0.228188520321973	0.282611502181518	0.419419776873282
chr7:24620726:T:A	7	24620726	-0.181162687271389	0.167702858549106	0.280026423793768
chr7:24740434:C:T	7	24740434	0.1910682434159	0.151321789836726	0.206710748164272
chr7:28505993:C:T	7	28505993	0.0315751776081066	0.173252592618061	0.855387022109954
chr7:36413989:G:A	7	36413989	0.0421172088767109	0.195509652550401	0.829437806706879
chr7:41157573:G:A	7	41157573	-0.360592259716444	0.44277680308106	0.415422523887885
chr7:43755241:C:T	7	43755241	-0.347006016980859	0.1434106261966	0.0155347086710951
chr7:44689517:A:G	7	44689517	0.177354568256012	0.133562879146339	0.184219998333954
chr7:46192346:C:G	7	46192346	-0.142684319792811	0.212006150784653	0.500934746651229
chr7:46368666:G:A	7	46368666	0.0152502473362892	0.181316510549085	0.932970220905923
chr7:47748540:G:T	7	47748540	0.404581598956538	0.182912864417709	0.0269748470269809
chr7:48301675:T:C	7	48301675	0.00739993877119908	0.151243045407871	0.960977101371798
chr7:51890159:C:T	7	51890159	-0.0976542027485583	0.152052042005116	0.520716087187774
chr7:53046603:C:G	7	53046603	-0.0513328582994081	0.232063479782313	0.824935311610582
chr7:55663907:C:A	7	55663907	-0.209065760216535	0.135902079753831	0.123961629510495
chr7:56122201:A:G	7	56122201	-0.380532463699827	0.178303356254806	0.032827587152172
chr7:62910214:G:T	7	62910214	0.164384400859273	0.168223811980951	0.328481647464394
chr7:65406204:G:T	7	65406204	0.181439435131657	0.215096903036729	0.398935357765721
chr7:67766433:G:A	7	67766433	0.150007639109929	0.134981091434089	0.266429190912096
chr7:68433432:T:C	7	68433432	-0.0850678844256022	0.132922956121441	0.522186330887634
chr7:71020152:T:G	7	71020152	0.133178843664283	0.174598054743412	0.445598233769228
chr7:71553830:T:C	7	71553830	0.0320406827412447	0.157836182477632	0.839135340733087
chr7:78390279:T:G	7	78390279	-0.222575199765359	0.144431263823029	0.123305627344486
chr7:83524616:A:T	7	83524616	0.172199636623602	0.135739524948094	0.204582514904072
chr7:84786535:C:A	7	84786535	0.270703216065023	0.120605714665047	0.024798282917487
chr7:86620755:G:A	7	86620755	0.1898113347592	0.155403442009599	0.221930782280747
chr7:89207269:G:A	7	89207269	0.0239590309259711	0.152528488031565	0.875182543488566
chr7:91097147:A:G	7	91097147	0.0560487981774798	0.128543094285131	0.662814101210353
chr7:96212691:T:C	7	96212691	-0.2209000136938	0.299821600528706	0.461261310710145
chr7:103095283:G:A	7	103095283	0.195702203064819	0.241842433657286	0.418392253784065
chr7:104663551:G:A	7	104663551	0.186597080137963	0.203589363894985	0.359385579899502
chr7:113434486:A:C	7	113434486	0.248598621772327	0.161459107190266	0.123633444834312
chr7:113749820:G:A	7	113749820	0.213388672138839	0.130936186174553	0.103161736764593
chr7:117145973:C:G	7	117145973	0.194919610857331	0.158228158535415	0.217990355345756
chr7:119808046:G:A	7	119808046	0.163049123969118	0.157251473152902	0.299797072342786
chr7:122582926:C:G	7	122582926	-0.19010497568926	0.215329746713256	0.377314538934506
chr7:124802410:A:T	7	124802410	-0.0776375479112463	0.0980389634950728	0.428416056317326
chr7:129047886:A:G	7	129047886	-0.0500133628331021	0.153721559178861	0.744915929240317
chr7:131384702:T:A	7	131384702	-0.142644581905488	0.0854360556648995	0.0949972712668664
chr7:136870573:G:A	7	136870573	-0.13764812209301	0.243781126350921	0.572319916826868
chr7:142873374:T:C	7	142873374	0.23401985256654	0.134668151885485	0.0822545187653391
chr7:143187070:C:T	7	143187070	-0.0319996571633108	0.186526568029118	0.863787000747416
chr7:145116884:A:G	7	145116884	0.0632471559018161	0.165279461267961	0.701965966359023
chr7:149242006:T:C	7	149242006	0.1128468601633	0.148377062810597	0.446931189124545
chr7:153502245:G:A	7	153502245	-0.445031102532894	0.20297244109018	0.0283384394431747
chr7:153952270:G:A	7	153952270	-0.0138763401710002	0.118383961267864	0.906689920538581
chr7:154426289:T:C	7	154426289	-0.0568424754500583	0.226071729727031	0.8014773657222
chr7:156975524:A:T	7	156975524	-0.0830333056218786	0.172471958008212	0.630210380030027
chr7:157677820:C:T	7	157677820	0.10786170037798	0.189445921682938	0.569116260129439
chr8:276778:A:T	8	276778	-0.0849489127316394	0.103472595455834	0.411657763276708
chr8:1102873:G:T	8	1102873	0.150244748963705	0.161458076096375	0.352086593041406
chr8:8710521:T:C	8	8710521	0.111369154931775	0.180469928411934	0.537164521627232
chr8:9029509:T:C	8	9029509	0.02510038681463	0.207233262291431	0.903594864080926
chr8:9109096:A:G	8	9109096	0.146041545196009	0.158016862148812	0.355374417231783
chr8:9827297:A:G	8	9827297	0.534300351413553	0.197988131351564	0.00696216919322878
chr8:10675470:T:G	8	10675470	0.22844365567689	0.140998877982099	0.105193473879895
chr8:13032868:C:A	8	13032868	-0.259224722819763	0.258067879124676	0.315146000565736
chr8:14391498:A:G	8	14391498	-0.215121340643868	0.257380735345205	0.403261913046477
chr8:16627132:C:G	8	16627132	0.453865740249932	0.234985833560598	0.0534261902343884
chr8:17129593:A:G	8	17129593	0.329584514812734	0.141112773104694	0.019511535961333
chr8:20741226:C:T	8	20741226	-0.083193076020575	0.144696118077266	0.565324912306045
chr8:23115837:G:A	8	23115837	0.125596904200859	0.259394969299171	0.628249791130924
chr8:25783762:T:C	8	25783762	-0.0415724919186023	0.16292578342051	0.798597869581281
chr8:27010051:G:C	8	27010051	0.238489029682712	0.180581576909789	0.186610759009721
chr8:27022227:G:T	8	27022227	0.0256534836242628	0.142260410840748	0.856895360671166
chr8:28150898:A:G	8	28150898	-0.303031326391954	0.126347580936148	0.0164671253559378
chr8:28528484:G:T	8	28528484	-0.107830858502871	0.108779045409118	0.321547231998631
chr8:29917542:C:T	8	29917542	-0.195698350532597	0.385284711541526	0.6115011843741
chr8:37085597:G:A	8	37085597	-0.18429513185827	0.337476673174801	0.584998990845075
chr8:41788192:C:T	8	41788192	0.144617253949649	0.130106772942681	0.26634136674433
chr8:42055528:T:G	8	42055528	0.718104970140759	0.304993990443507	0.018548196829888
chr8:50763512:C:T	8	50763512	0.303496020334719	0.171782605626307	0.0772709816978834
chr8:51570259:T:G	8	51570259	0.439764245544416	0.268292710802076	0.101188039724469
chr8:53142705:G:A	8	53142705	-0.00273795125151271	0.133136793173264	0.983592701855099
chr8:60609620:T:A	8	60609620	0.263790565334299	0.203045568245469	0.193885840502355
chr8:61304314:G:C	8	61304314	-0.0557518960617683	0.11533046928168	0.628804686708441
chr8:61926940:A:T	8	61926940	-0.41905107557825	0.160080906261529	0.00885127868511271
chr8:63445672:G:A	8	63445672	-0.0548543427510771	0.198015991552595	0.781764932250585
chr8:65343369:C:A	8	65343369	-0.0578737037279638	0.174441123336279	0.740065656529966
chr8:65418628:G:T	8	65418628	-0.108715252602572	0.161240821603889	0.500157792621605
chr8:71273350:T:A	8	71273350	-0.236035748544588	0.233568343288222	0.312225175347246
chr8:72033005:T:C	8	72033005	-0.06051155996879	0.185192870626307	0.743857839339779
chr8:72065200:T:A	8	72065200	0.156297566334908	0.134374470145314	0.244768946449716
chr8:73211475:T:C	8	73211475	-0.104959748900963	0.131781673369129	0.425760671575363
chr8:75992459:A:G	8	75992459	0.081560493374239	0.161455236504506	0.613447479743385
chr8:78402394:T:A	8	78402394	-0.674928116511541	0.867954776434927	0.436800456765543
chr8:79795588:T:G	8	79795588	0.0832067372348949	0.290025574450909	0.774193114944085
chr8:86323708:T:C	8	86323708	-0.113826702648049	0.127201309249654	0.370864709609931
chr8:89525432:A:G	8	89525432	0.215345065974593	0.145757778213153	0.139563806377507
chr8:92001032:A:G	8	92001032	-0.190828362169976	0.220771638115396	0.387384714009983
chr8:92645879:A:G	8	92645879	-0.114105134458302	0.243429621792743	0.639255686924304
chr8:95906161:G:A	8	95906161	0.187206137380346	0.107879546357297	0.082683151698451
chr8:96365126:C:T	8	96365126	0.1404602795317	0.117483894048855	0.231864203937381
chr8:97430280:G:A	8	97430280	-1.01215410711286	0.564634666527059	0.0730397392898521
chr8:98002322:C:T	8	98002322	-0.184425160917552	0.205881976509776	0.370369744313147
chr8:98018653:A:G	8	98018653	0.361550223972883	0.195391714897318	0.0642578393882403
chr8:104471980:T:G	8	104471980	0.167829709242897	0.164721177653593	0.308263987456855
chr8:106920372:G:A	8	106920372	-0.11457007019749	0.192566408398511	0.551867571330146
chr8:108142424:A:G	8	108142424	-0.0790027021250161	0.123103687570116	0.521030715204007
chr8:109421925:C:T	8	109421925	0.0922245288098833	0.140071090052996	0.510273232729815
chr8:116252872:C:T	8	116252872	0.0406718577344271	0.127236997705005	0.749230381134317
chr8:116821900:C:T	8	116821900	0.318282983307381	0.196457113369003	0.10520772112231
chr8:119015250:G:A	8	119015250	0.514270691697545	0.285646190348862	0.0718012070866505
chr8:121384602:C:T	8	121384602	0.110819719706817	0.139945966642894	0.428433534673259
chr8:127029052:C:T	8	127029052	-0.0213967580242102	0.137474410713715	0.876315413277922
chr8:128437247:A:G	8	128437247	-0.086466229864994	0.193696944965779	0.65530865485164
chr8:131111695:G:T	8	131111695	0.105952840602678	0.263975804176012	0.688145301416781
chr8:131315237:G:A	8	131315237	0.210007415295397	0.119049175886189	0.0777253763757746
chr8:135895676:A:T	8	135895676	-0.132790025587425	0.230578438141268	0.564683059802986
chr8:138585221:A:T	8	138585221	0.130561763297848	0.161218706442443	0.41803069193176
chr8:141605122:C:T	8	141605122	-0.156656257695455	0.157387486612546	0.319564143386832
chr9:733358:A:C	9	733358	-0.37253254282258	0.160442527688649	0.0202379724560839
chr9:5461379:C:T	9	5461379	0.113733306318573	0.173444674902143	0.511996268582319
chr9:11397008:T:G	9	11397008	0.281299329907585	0.185465700006183	0.129337673930342
chr9:11517950:T:C	9	11517950	0.43116439566471	0.197122428270781	0.0287211828104674
chr9:11955148:T:G	9	11955148	-0.268085568697873	0.194677110174418	0.168488128639844
chr9:12389360:A:G	9	12389360	0.0896562272396605	0.156578883710416	0.566919199731174
chr9:12615226:G:C	9	12615226	-0.0755825836926266	0.11499780448025	0.511018633648273
chr9:13582959:T:A	9	13582959	-0.0591964036381077	0.178570739554964	0.740265980428367
chr9:13820455:C:G	9	13820455	-0.167568131146881	0.239572879021239	0.48427376819093
chr9:14098421:G:A	9	14098421	0.368815717237957	0.162125707516857	0.0229134300606237
chr9:18952915:A:G	9	18952915	0.264103605173888	0.136805643787092	0.0535446348611418
chr9:21476808:G:A	9	21476808	0.0224843471754707	0.277896489829678	0.935514265005156
chr9:29651949:A:G	9	29651949	-0.0183260339268009	0.139619868533934	0.895572296297115
chr9:32058643:A:T	9	32058643	-0.22488267423449	0.166924388708292	0.177911704469876
chr9:37013405:C:T	9	37013405	-0.100185194854091	0.161202944911798	0.53428063172135
chr9:37992585:C:T	9	37992585	-0.180887132471912	0.166640060674979	0.277701999365169
chr9:72294932:G:A	9	72294932	-0.000106767583722054	0.36980169183848	0.999769638140272
chr9:73616570:C:T	9	73616570	0.0694107164018433	0.203585390932414	0.733147593038351
chr9:76464251:C:G	9	76464251	-0.399995406436457	0.291534292747875	0.170052378953225
chr9:79067117:C:T	9	79067117	0.368730921769163	0.267927298964203	0.168748894631841
chr9:82773489:T:C	9	82773489	0.484711623037614	0.224008107816065	0.0304787152487271
chr9:89995415:A:G	9	89995415	-0.247299815072107	0.177157334978722	0.162734595612622
chr9:91844381:C:T	9	91844381	0.129712257196895	0.17875205733745	0.468050524671768
chr9:94568472:C:A	9	94568472	-0.146907028872044	0.10747975421656	0.171677207420094
chr9:95559980:C:T	9	95559980	0.433221917618423	0.248312497906169	0.0810433439763578
chr9:96162075:C:T	9	96162075	0.0385133305062212	0.120823708373778	0.749911241444696
chr9:97240484:A:G	9	97240484	0.106977308115489	0.16111290451008	0.506696907460665
chr9:100192956:A:G	9	100192956	0.167683246840885	0.154055871295305	0.27639325106025
chr9:100529836:G:C	9	100529836	0.219423196815794	0.146474141572819	0.134124501081746
chr9:101460357:C:T	9	101460357	0.1846903447447	0.177727825434535	0.298723272089867
chr9:103293239:C:G	9	103293239	-0.0884309618144442	0.231928312251107	0.702991222074339
chr9:105684376:G:T	9	105684376	-0.562616358771082	0.406446120062768	0.166286951124459
chr9:106822394:G:C	9	106822394	0.17562201460517	0.307369024423919	0.567747592394248
chr9:107904127:G:A	9	107904127	0.0273167276092041	0.147904811355343	0.853471193057149
chr9:117420412:T:C	9	117420412	0.082234141217303	0.126300428603761	0.5149822832641
chr9:117972207:C:A	9	117972207	-0.0382815300108803	0.140698588487896	0.785559097114462
chr9:118511323:G:A	9	118511323	0.312948102914821	0.274380646768687	0.254052293289612
chr9:121356498:A:G	9	121356498	0.27121242253244	0.181390436954159	0.134865934051337
chr9:124044726:T:G	9	124044726	0.168472082943457	0.144541395203936	0.243791228614855
chr9:125005426:C:T	9	125005426	-0.187678903087197	0.140274205912788	0.180914992424921
chr9:129533341:A:G	9	129533341	-0.188891503111245	0.133993981614167	0.158627871981241
chr9:136630984:C:T	9	136630984	-0.0511712381417402	0.110524400559822	0.643374479829162
chr10:2050300:A:G	10	2050300	0.179417874589804	0.114579512988916	0.117376494614338
chr10:3113976:C:T	10	3113976	0.298345843579297	0.165978645675693	0.0722570158887963
chr10:4591592:T:C	10	4591592	0.0563393633006129	0.138184841881393	0.683486481145653
chr10:7462546:C:T	10	7462546	-0.0566882799255633	0.119714917657452	0.635837039525243
chr10:7849544:T:G	10	7849544	0.00274813320578211	0.186767610687921	0.988260202461794
chr10:9367893:G:A	10	9367893	0.194081785440562	0.153364466885712	0.205694361449355
chr10:10628189:C:T	10	10628189	-0.398552016445153	0.219141798216988	0.0689580280959974
chr10:14014383:T:C	10	14014383	0.172310211486536	0.133430212712257	0.196569076216452
chr10:16341555:C:T	10	16341555	-0.116199993544949	0.135002969333662	0.389391304825655
chr10:18075702:C:T	10	18075702	0.0805760609435216	0.147524680522884	0.58493740940723
chr10:20923823:C:G	10	20923823	0.280406268305518	0.160515435508207	0.0806526819546126
chr10:26220185:A:C	10	26220185	-0.454879853423043	0.552236577591391	0.41010737961972
chr10:27289376:T:C	10	27289376	-0.0198020406034047	0.154972886996445	0.898325094602923
chr10:27674317:A:G	10	27674317	0.0918654648600037	0.118394071533647	0.437790552847189
chr10:28771902:G:A	10	28771902	-0.207280701900921	0.154435563928612	0.179536848917684
chr10:28891836:C:T	10	28891836	0.14418528552079	0.116869993726994	0.217305865295734
chr10:30622484:G:A	10	30622484	0.276019270262335	0.177270773928094	0.119458866921675
chr10:35177843:G:T	10	35177843	0.0374558431728282	0.173537042983479	0.829114229290321
chr10:43613180:G:A	10	43613180	-0.0552507659823341	0.209340346142486	0.79183544697344
chr10:44139011:T:C	10	44139011	-0.0964232674589253	0.163177314594399	0.554580066277883
chr10:45036473:A:G	10	45036473	-0.0463505896228218	0.15714281615561	0.768025678058622
chr10:51560095:T:G	10	51560095	-0.056845104331501	0.149331300278289	0.703452315450053
chr10:54072488:A:G	10	54072488	-0.383388406855153	0.182168550009099	0.0353278267523475
chr10:54082016:C:T	10	54082016	0.0654475635511651	0.147788926509551	0.657877967331321
chr10:55299918:G:C	10	55299918	0.368386381518132	0.168006359118279	0.0283294994510854
chr10:56747004:T:C	10	56747004	0.403759233733847	0.197619984475725	0.0410416166999394
chr10:57761967:T:C	10	57761967	-0.0376247466576892	0.129916843959595	0.772117386862951
chr10:61894829:G:A	10	61894829	0.29020932900248	0.202307003399184	0.15142972405798
chr10:62473064:C:G	10	62473064	0.056195537656261	0.351784234030202	0.873082476997086
chr10:65713195:A:G	10	65713195	0.259283982859403	0.235082648190119	0.270049662325051
chr10:69232402:C:A	10	69232402	-0.0477695755009043	0.136128540437008	0.725651959496593
chr10:79437519:C:T	10	79437519	-0.192431697263994	0.280657061024164	0.492935678900442
chr10:81546102:G:A	10	81546102	-0.235962461742666	0.25867615737276	0.361667368859371
chr10:82354363:C:G	10	82354363	0.110549270014487	0.154851909252455	0.47528705256347
chr10:84591955:C:T	10	84591955	-0.423750149693797	0.282428472595655	0.133515889068766
chr10:84989741:G:A	10	84989741	0.112848454699688	0.135442895295993	0.404742624247249
chr10:86779196:C:A	10	86779196	0.192950675951649	0.235516886529712	0.412635396944036
chr10:91053424:A:C	10	91053424	0.173957326771164	0.163113288551944	0.286205975896434
chr10:93612452:G:A	10	93612452	0.0715404167011693	0.136928320755167	0.601345787883837
chr10:93671121:T:C	10	93671121	-0.361949729017097	0.16792209947581	0.0311256877015879
chr10:101249704:C:T	10	101249704	0.00450504806253781	0.18636138953172	0.980714040348658
chr10:102352980:T:C	10	102352980	0.23501268254541	0.130079169922645	0.0708106912838311
chr10:104637359:T:C	10	104637359	-0.285309294810997	0.238686501176334	0.231957862312059
chr10:108480456:T:C	10	108480456	0.0776645124583329	0.13388863827527	0.561868773151923
chr10:109264424:C:T	10	109264424	0.194053098588556	0.161111590663039	0.228410317928657
chr10:111352001:T:G	10	111352001	0.199424573672876	0.164890727385604	0.226495869583114
chr10:118828443:C:T	10	118828443	-0.024215258568021	0.218360778469619	0.911699102005218
chr10:120152982:A:G	10	120152982	0.312182602966569	0.149255624226395	0.0364745888639323
chr10:121580593:A:G	10	121580593	0.379448868251133	0.199586775539849	0.0572794354707827
chr10:121611573:C:G	10	121611573	0.163916367945369	0.166082859073744	0.323664523115197
chr10:121734173:T:C	10	121734173	-0.154936887622187	0.103170924393937	0.133161806050741
chr10:121910644:T:A	10	121910644	0.0143642098656775	0.176444039742718	0.935116344706335
chr10:122561189:A:G	10	122561189	0.127090510748552	0.13289233227543	0.338899507882534
chr10:123750431:C:G	10	123750431	0.195329134977306	0.131556280111332	0.137608151594094
chr10:127533155:T:C	10	127533155	0.00973321910384033	0.132187767466602	0.941303392067653
chr10:129953349:A:G	10	129953349	-0.134186989001983	0.173207523114007	0.43850630175337
chr10:130263340:C:T	10	130263340	-0.0442297461160942	0.261190866958382	0.8655301642806
chr10:130662147:G:T	10	130662147	0.0303441440880124	0.17419986244275	0.861714925964467
chr10:131485315:A:G	10	131485315	-0.112150078641621	0.215175832182319	0.602226046312098
chr10:131819683:A:G	10	131819683	-0.0190071532069574	0.13818583668296	0.890597839244311
chr10:131953941:A:C	10	131953941	0.297893181163977	0.158621589815924	0.0603795821200592
chr11:388357:C:T	11	388357	0.266841603880035	0.140152732123005	0.0569187320399489
chr11:2257707:C:T	11	2257707	0.087988173141173	0.138476208698494	0.52516573109254
chr11:3623903:G:A	11	3623903	0.229754405441337	0.177401337823024	0.195281976935793
chr11:5806222:C:T	11	5806222	0.137612978594489	0.124763847047777	0.270032541841354
chr11:9789492:C:A	11	9789492	-0.246063671132759	0.161980482654096	0.128738694130807
chr11:14569664:T:G	11	14569664	-0.0723992970693558	0.219736758985144	0.741791430605565
chr11:21819583:A:G	11	21819583	-0.0906779873382089	0.338835820513503	0.788994685745048
chr11:36019710:C:A	11	36019710	-0.103828177316378	0.12822215405106	0.418082583229805
chr11:39635569:C:T	11	39635569	-0.208818973053113	0.2421260597903	0.388445950330501
chr11:40512905:C:G	11	40512905	-0.0245241402117966	0.236058902222975	0.917256707353646
chr11:41632790:A:T	11	41632790	0.182999694371368	0.128387113653152	0.154049028174818
chr11:42744986:A:G	11	42744986	0.141985021654557	0.128280307038406	0.268365650383603
chr11:43201079:C:T	11	43201079	0.214094924374861	0.252543503208759	0.396574634527922
chr11:43982585:G:A	11	43982585	-0.182647628250927	0.222381659524677	0.411461141168495
chr11:44330300:A:G	11	44330300	0.322218348764963	0.125038582313945	0.00996759663190805
chr11:49875094:A:G	11	49875094	-0.186132662442996	0.144110511090304	0.196496842940471
chr11:50253126:G:T	11	50253126	0.0786846473926835	0.12248022920974	0.52059575523722
chr11:55906271:G:A	11	55906271	0.069196295523655	0.134431507915493	0.606739806701358
chr11:56124264:C:A	11	56124264	-0.662223715056151	0.260547450657468	0.0110326611444879
chr11:57305789:G:A	11	57305789	-0.304286549580576	0.140621261581555	0.0304740984915433
chr11:58998793:A:C	11	58998793	-0.499852216018353	0.309613852214906	0.106432561497842
chr11:60456695:C:T	11	60456695	-0.423113696581992	0.403880164564803	0.294812853396392
chr11:62505064:A:G	11	62505064	0.103739978064519	0.179360740602363	0.563002652820506
chr11:63184971:C:T	11	63184971	0.120337800560566	0.126670838294828	0.342110230188178
chr11:65009160:T:C	11	65009160	-0.183323622840914	0.218813200141226	0.40213810021725
chr11:70801858:T:C	11	70801858	0.083683824755463	0.130817179245366	0.522367281710299
chr11:71334794:T:G	11	71334794	0.197136857622627	0.169237257122926	0.244077709346025
chr11:72713691:C:T	11	72713691	0.015629912168365	0.30031368983061	0.958492608503329
chr11:77208574:G:A	11	77208574	-0.200818521959916	0.182938613399857	0.27231925918168
chr11:77376654:A:G	11	77376654	0.0584541526517375	0.145387640071037	0.687641904258781
chr11:77897055:A:G	11	77897055	0.378834073658258	0.190359577275006	0.0465802222949036
chr11:79339250:G:A	11	79339250	-0.0208056534081282	0.315197356477962	0.947371187763978
chr11:81783030:C:T	11	81783030	-0.11197313010074	0.139700726246984	0.422829825391113
chr11:83962252:C:T	11	83962252	0.180508946608185	0.159304871376879	0.257170688198419
chr11:86328783:G:T	11	86328783	-0.211691014048025	0.20956825603574	0.312433395830254
chr11:86644523:C:T	11	86644523	0.0708218566580076	0.173918331157849	0.683851337882353
chr11:93046218:A:C	11	93046218	0.11087519722496	0.156091292361845	0.477504010499073
chr11:99371984:G:C	11	99371984	-0.27920602430639	0.224208534126812	0.213022910412798
chr11:100626548:G:A	11	100626548	0.363863561086729	0.279062251936732	0.192274656771727
chr11:104129521:G:A	11	104129521	-0.401249022243639	0.313742255655329	0.200927724715031
chr11:108728662:A:G	11	108728662	-0.144759378564651	0.26498202287434	0.58486051573776
chr11:110338613:G:A	11	110338613	0.367059444990508	0.204843794176324	0.0731491031444665
chr11:110396347:G:A	11	110396347	0.166433204111743	0.156658095092248	0.288055165335771
chr11:113789228:G:C	11	113789228	-0.40766132128881	0.324841656712928	0.209495476212726
chr11:113800784:C:T	11	113800784	0.0165338569995318	0.245455781019194	0.946295256238999
chr11:115616504:A:T	11	115616504	0.115480839544186	0.150760221087691	0.443682182127579
chr11:119630310:G:A	11	119630310	0.234404011947832	0.168257501690319	0.163581491430683
chr11:123267436:G:A	11	123267436	0.36503409271639	0.13759993983952	0.00798117361540363
chr11:125907492:T:C	11	125907492	0.109511001749275	0.108440762683916	0.312557892302411
chr11:126829359:G:A	11	126829359	0.123573577371039	0.185857379160615	0.506124760079499
chr11:130038952:T:C	11	130038952	-0.193374776091965	0.226654346835617	0.393564824471908
chr11:130290657:C:T	11	130290657	0.0519150927826485	0.183298210228075	0.777002453503577
chr11:131355535:G:A	11	131355535	0.203184208690028	0.11919913721714	0.0882731858723043
chr11:133238417:A:G	11	133238417	0.0132358163090754	0.138878929407149	0.924072800406671
chr11:133300920:A:C	11	133300920	-0.535282876453542	0.485410213072706	0.270138642729809
chr11:133409278:A:G	11	133409278	0.228681333325345	0.128258749413902	0.0745914016043248
chr11:134309503:C:T	11	134309503	-0.287686418054569	0.213545433546176	0.177918828504524
chr12:5192681:C:T	12	5192681	0.161747145946365	0.123413215583593	0.189988048535744
chr12:5448727:G:A	12	5448727	0.0852846000992931	0.133232947080234	0.522096900127573
chr12:6639294:C:T	12	6639294	-0.176122816902504	0.213330347845499	0.409038265719542
chr12:19523028:C:A	12	19523028	-0.156501471587834	0.181127838023208	0.387566601495778
chr12:19758400:A:T	12	19758400	-0.177507605832088	0.178919270504548	0.321143846102249
chr12:20003679:T:A	12	20003679	-0.187663031029029	0.166960035886484	0.261013151230649
chr12:21333090:G:A	12	21333090	0.178862927476956	0.123329227695944	0.146978159565599
chr12:25518059:A:T	12	25518059	0.0736891160045054	0.130929677307391	0.573561230868141
chr12:28965843:C:T	12	28965843	-0.242682441908344	0.151886920693433	0.110091129648914
chr12:32086665:A:C	12	32086665	-0.0168979383833937	0.131004687176966	0.897367713125899
chr12:44631613:C:T	12	44631613	0.303951503263632	0.287514351345012	0.290434077859144
chr12:48567461:T:G	12	48567461	-0.0609917704001752	0.147007211044198	0.678222686589873
chr12:51039498:T:C	12	51039498	0.123322448117432	0.138744502982079	0.374086037524076
chr12:52880890:G:T	12	52880890	-0.269535408620494	0.279229805996147	0.334403758873876
chr12:53646626:C:G	12	53646626	0.215643384465939	0.198145477325596	0.276458990021531
chr12:53680144:C:A	12	53680144	0.157026744395775	0.155989117268661	0.314102074716231
chr12:54366280:G:A	12	54366280	-0.0717785688843871	0.143105114006182	0.615963453941207
chr12:55599330:T:C	12	55599330	-0.155063696824899	0.29641642363121	0.600885261513926
chr12:56675083:C:T	12	56675083	-0.243357167536204	0.142326210464568	0.0872927090897463
chr12:57436134:C:T	12	57436134	0.166092040042826	0.187291116981334	0.375180039577568
chr12:58724212:C:T	12	58724212	0.213833355939216	0.189390394782912	0.258871996272534
chr12:59048769:A:C	12	59048769	0.223439190278986	0.130043567676959	0.085762479902318
chr12:59161225:G:A	12	59161225	-0.142116069382005	0.287674326081084	0.621294021765432
chr12:59226687:C:T	12	59226687	-0.116430423242465	0.146230263081256	0.425908295271787
chr12:63113400:T:C	12	63113400	-0.175026861438352	0.178064276938872	0.325635971551777
chr12:64271340:C:T	12	64271340	-0.193189979183394	0.204222679622264	0.344160264067638
chr12:64756705:C:T	12	64756705	-0.115307248878215	0.121963554388746	0.344442548657585
chr12:67050802:C:T	12	67050802	0.394397663904214	0.145369236455242	0.00666619856996309
chr12:71564908:A:G	12	71564908	0.35520517703858	0.19001339793761	0.0615714787888973
chr12:73909094:G:A	12	73909094	-0.263954787099837	0.12497664288738	0.0346836236613873
chr12:81126959:G:A	12	81126959	-0.0688078725617664	0.151433804438601	0.649558288764608
chr12:83608380:A:G	12	83608380	-0.0687442641251339	0.163001758063627	0.673215240431602
chr12:90727178:A:C	12	90727178	-0.121580139660765	0.125157424964422	0.331340310928241
chr12:92596791:C:T	12	92596791	0.0885458391199296	0.131727636800867	0.501463524648926
chr12:95914573:A:T	12	95914573	0.232876899214427	0.14927749535121	0.118753538862663
chr12:101611098:G:C	12	101611098	0.117102190518225	0.143038915116145	0.412972635071153
chr12:105967464:T:C	12	105967464	-0.478221462536348	0.177418478160206	0.00702950233947308
chr12:109533295:C:T	12	109533295	-0.0406747950723198	0.155495262644339	0.793643557837392
chr12:112209515:G:A	12	112209515	0.503793711648273	0.205928703366983	0.0144271904164449
chr12:120976632:C:A	12	120976632	0.173985732541405	0.2066976139879	0.399933278506897
chr12:125875525:T:C	12	125875525	0.0879349740227152	0.138849865770121	0.526531386363188
chr12:126449337:A:G	12	126449337	-0.170490983700742	0.12796102172411	0.182739771757965
chr12:131091094:G:A	12	131091094	0.0830114602259377	0.125211785346314	0.507350776137777
chr12:132776953:G:A	12	132776953	0.545319912586017	0.244982448391832	0.0260171939393464
chr13:19545220:A:G	13	19545220	-0.10973438958907	0.144733538610057	0.448341928647812
chr13:22977365:T:G	13	22977365	0.0541097594690049	0.228476774815343	0.812790018535964
chr13:24330599:T:C	13	24330599	-0.137192733573341	0.184537409735852	0.457214542010212
chr13:24623185:A:C	13	24623185	0.071686524633858	0.152357603442042	0.637987181670838
chr13:25202506:T:G	13	25202506	0.19730342994084	0.151487636588206	0.192766303661378
chr13:26234118:A:T	13	26234118	-0.245529158380455	0.178549734906628	0.169091038491167
chr13:26494236:G:A	13	26494236	-0.0404190130705699	0.151559319955975	0.789709591394599
chr13:27255876:A:G	13	27255876	0.216931193294186	0.183858213777055	0.238046725160516
chr13:42909938:A:G	13	42909938	0.00687342347652526	0.243134332170349	0.977446755387172
chr13:45470952:C:T	13	45470952	-0.228708355324964	0.323940237501674	0.480175567794186
chr13:45708351:G:A	13	45708351	0.14274983907641	0.175140046737863	0.415037337080337
chr13:45809177:C:G	13	45809177	0.0946321108063722	0.135741529751753	0.485709371623906
chr13:50558767:A:T	13	50558767	-0.0643256820978282	0.235750433482959	0.784964687053411
chr13:58710908:G:A	13	58710908	0.0652826520280277	0.126682193358407	0.60632510066792
chr13:58934154:C:T	13	58934154	-0.128981285817179	0.157432514132983	0.412626768949003
chr13:70397215:T:C	13	70397215	-0.0481541332590413	0.181112922221336	0.790332353604313
chr13:70990050:T:C	13	70990050	0.183801929823411	0.178911541094268	0.304263163373233
chr13:75832713:T:C	13	75832713	0.17636002066483	0.178773081529964	0.323886784395367
chr13:86776101:G:A	13	86776101	-0.0549272215696012	0.13544722652299	0.685091726960343
chr13:91472230:T:C	13	91472230	0.161837793639771	0.134218741355828	0.227903709242372
chr13:93235990:C:T	13	93235990	-0.0679878165338216	0.14829359106375	0.646616487602444
chr13:96765286:G:A	13	96765286	-0.0126867306335232	0.161857529401328	0.937524123752084
chr13:102180181:A:G	13	102180181	-0.383751063595671	0.205747827925335	0.0621600396129509
chr13:104405113:C:T	13	104405113	-0.0589884503271855	0.239264833980305	0.805263926721404
chr13:106009559:G:C	13	106009559	0.102448254059076	0.13912015633539	0.461486557136686
chr13:106084136:A:G	13	106084136	-0.00477876818779443	0.117783878217388	0.967636831182821
chr13:112716578:T:C	13	112716578	0.0885923092205093	0.121351898118572	0.465362866167432
chr14:21167555:A:G	14	21167555	-0.0362267915758933	0.22284957433267	0.870863594474292
chr14:26929954:A:G	14	26929954	0.0318544386336125	0.170030198651552	0.851389538284606
chr14:27823594:G:A	14	27823594	0.248808984085504	0.147527210777121	0.0916938696967734
chr14:34182794:A:C	14	34182794	0.283626415628064	0.226706856263094	0.210908506836
chr14:38216062:T:A	14	38216062	-0.141104396303658	0.138863117325649	0.309562626512246
chr14:38962987:G:A	14	38962987	0.181296158607461	0.17050429664749	0.287648743640698
chr14:39925237:C:T	14	39925237	-0.194247572984201	0.193222225635917	0.314749252269905
chr14:44446011:A:G	14	44446011	0.427642254475149	0.158275643040523	0.00689480391825714
chr14:48685878:C:A	14	48685878	0.239409733704591	0.143163125313786	0.0944678790557978
chr14:51426205:T:C	14	51426205	-0.199509064688367	0.183054398787298	0.275761828380389
chr14:52881822:T:G	14	52881822	0.240030554306386	0.170568174809346	0.159355893625536
chr14:53358297:A:G	14	53358297	0.0205082190094185	0.113274708635939	0.856329487245514
chr14:56254615:G:A	14	56254615	-0.0611718143726721	0.155117084811298	0.693316028829182
chr14:57978070:T:C	14	57978070	-0.0619503237629027	0.12547187877457	0.621490722045263
chr14:62445185:T:C	14	62445185	0.0659046205123956	0.125976766888621	0.600870563942778
chr14:67518615:G:A	14	67518615	-0.0114649912471727	0.129289490260919	0.929338691029723
chr14:68863518:T:G	14	68863518	0.281352792644874	0.152165623312047	0.0644591838196519
chr14:77734277:G:A	14	77734277	-0.336617481165548	0.188778406427117	0.0745642462484255
chr14:81022028:G:A	14	81022028	0.435579206920449	0.209694310764303	0.037782142748591
chr14:81884763:T:G	14	81884763	0.274041274767961	0.229659923296562	0.232772208857961
chr14:82929256:T:A	14	82929256	0.312511547946684	0.252772211581261	0.2163334552438
chr14:84531019:T:G	14	84531019	0.139465477498528	0.162118261926682	0.389640224873483
chr14:84812257:C:T	14	84812257	0.514368193617265	0.244205152291755	0.0351786989791766
chr14:90804831:C:G	14	90804831	0.309420983741872	0.163407894999044	0.058284794689247
chr14:91397629:G:T	14	91397629	-0.39319223388913	0.19546350335464	0.0442632795628282
chr14:91532430:A:C	14	91532430	0.405814650117624	0.235630441249809	0.08502414662934
chr14:91961156:T:C	14	91961156	0.0355828116693522	0.134233075018848	0.790946065692656
chr14:92998270:C:G	14	92998270	-0.147918646103491	0.256408980148677	0.564016744789484
chr14:93757265:G:A	14	93757265	0.514919822299427	0.194274798252574	0.00803795007581276
chr14:93769225:C:T	14	93769225	0.441400676547766	0.211574840785587	0.0369548428736562
chr14:98340169:A:G	14	98340169	0.034845352802541	0.173582713760739	0.840900264271361
chr14:100721312:C:T	14	100721312	-0.118164404775142	0.259531877533701	0.648894698614469
chr14:102093442:A:G	14	102093442	-0.121180510623815	0.257755135222382	0.638256352125008
chr15:24165057:A:G	15	24165057	-0.0439190047126181	0.203481668098394	0.829114300819446
chr15:26353849:A:G	15	26353849	0.08050407457491	0.182792206084447	0.659637968639156
chr15:28182824:G:A	15	28182824	0.522990185656779	0.243260151700698	0.0315614391603923
chr15:33665926:A:G	15	33665926	0.194998619932608	0.209420721925845	0.351784585354128
chr15:34880184:A:T	15	34880184	0.233025282423937	0.132292572527745	0.078164147195686
chr15:37080410:C:T	15	37080410	0.117141622756247	0.149150294742502	0.432223084180048
chr15:37762539:C:G	15	37762539	0.577480322381527	0.257298014954038	0.0248065122220401
chr15:52558833:C:G	15	52558833	-0.0478853081537531	0.275170924601702	0.861849561944929
chr15:55712443:A:G	15	55712443	-0.118914352386825	0.212949098654868	0.576559809404039
chr15:57522102:A:T	15	57522102	-0.151544522205882	0.111907282451868	0.175673490190205
chr15:57590535:T:C	15	57590535	0.15469673975804	0.164681009905603	0.34753975215674
chr15:58439508:G:A	15	58439508	0.4221531858678	0.19060873920707	0.0267763350741683
chr15:69786285:T:C	15	69786285	0.0680757509815297	0.159338425543869	0.669204520173971
chr15:71331250:T:C	15	71331250	0.0607633369676571	0.199999162136224	0.761266584839867
chr15:74245092:G:C	15	74245092	0.313524991179201	0.207048897002715	0.129960976622784
chr15:76807237:T:C	15	76807237	-0.220739574475908	0.218096194391739	0.311480561950288
chr15:77734259:G:A	15	77734259	0.0738844324791842	0.119977965762227	0.538015517735908
chr15:79750604:G:T	15	79750604	0.230713662495518	0.158935409655489	0.146607569141185
chr15:81697597:G:A	15	81697597	0.00537486346152046	0.110441322890194	0.961184562311909
chr15:87989871:C:T	15	87989871	0.0470125578741655	0.157314592390613	0.765058903201746
chr15:88891382:T:C	15	88891382	-0.0156389458399278	0.0891243344467586	0.860707706782663
chr15:89804552:C:T	15	89804552	-0.101936229338882	0.175551835996667	0.561468472554517
chr15:94791129:A:G	15	94791129	0.0838031802353876	0.15914490122002	0.598482411196877
chr15:97043895:A:G	15	97043895	0.174293605458363	0.187294153410162	0.35206696230599
chr15:98725394:C:T	15	98725394	0.329237759240509	0.197220022138593	0.0950394850410602
chr15:100978492:T:G	15	100978492	-0.0754634255518332	0.188253594931961	0.688522851154646
chr16:2671727:C:T	16	2671727	-0.259581646763519	0.236673020459372	0.272731272668852
chr16:4957642:T:C	16	4957642	0.0571881832108856	0.109720800005458	0.602216647680807
chr16:5603936:C:T	16	5603936	0.777401929714768	0.305343688286816	0.0108968358193666
chr16:5884026:G:T	16	5884026	-0.109008641848641	0.163213946353402	0.504205065792248
chr16:6848656:G:A	16	6848656	0.0329033581161919	0.176598484367834	0.85219591791488
chr16:7909855:G:A	16	7909855	0.0532815419092227	0.129282634417345	0.680242498064889
chr16:8273542:C:G	16	8273542	0.144516063215002	0.145673283824223	0.321170182007083
chr16:12394716:C:T	16	12394716	0.0493306880903199	0.199178075756459	0.804388758300177
chr16:13985277:C:A	16	13985277	0.238593075923208	0.186698561640281	0.20126394201779
chr16:17779668:G:A	16	17779668	0.112145411836445	0.165093292106243	0.496957241597586
chr16:29740733:G:C	16	29740733	0.199519691552197	0.157923759990137	0.206448163592239
chr16:31127124:G:A	16	31127124	-0.0284193841457307	0.138098473295517	0.83695439101532
chr16:56688556:C:T	16	56688556	-0.0425749818070636	0.128141966428556	0.739701590640122
chr16:60324635:A:C	16	60324635	0.0638376076381763	0.140895880756764	0.650488570926314
chr16:60499572:C:T	16	60499572	0.203576508481367	0.164962383499591	0.217173704583774
chr16:62273123:C:T	16	62273123	0.00567565771056336	0.13361104101508	0.966116886221755
chr16:65972427:C:T	16	65972427	0.0248669253139316	0.104900780297341	0.812616556440065
chr16:69246420:T:C	16	69246420	0.0693196277864087	0.110423828703848	0.530161380522698
chr16:71908403:G:A	16	71908403	-0.234825219188164	0.187843797917384	0.21125973873383
chr16:72103328:C:A	16	72103328	0.150394507662343	0.119191046237684	0.207023040530281
chr16:74837740:A:C	16	74837740	0.150258716511749	0.190246045421796	0.42963724174243
chr16:79886631:C:T	16	79886631	-0.584464640102088	0.282930893362216	0.0388520423326824
chr16:81396153:C:A	16	81396153	-0.121403955077502	0.127124245549078	0.339576501253411
chr16:82294878:C:G	16	82294878	0.046497466551059	0.177090429275569	0.79288710724154
chr16:82421890:A:G	16	82421890	0.135903828680281	0.165117953445165	0.410467517064067
chr16:83827178:T:C	16	83827178	-0.265699243453131	0.164445928753379	0.106153986903565
chr16:84032337:C:T	16	84032337	0.196474456250603	0.237086493684552	0.407272087495601
chr16:89303022:G:A	16	89303022	0.0333315386594214	0.200120538828411	0.867718385930813
chr16:89331863:A:T	16	89331863	0.0466253478696246	0.131536298607027	0.722988528003734
chr16:89337630:T:C	16	89337630	-0.0280389551498671	0.152175042283618	0.853813709450851
chr16:89479873:T:G	16	89479873	-0.123922126904561	0.151403665741692	0.41307842796755
chr16:90035976:C:A	16	90035976	0.313297696102793	0.14696290016404	0.0330220686092109
chr17:2489248:C:G	17	2489248	0.148196299193837	0.1403073298346	0.290864813947144
chr17:4018176:C:A	17	4018176	0.453548218699756	0.195520677756247	0.0203574157105871
chr17:4147521:T:C	17	4147521	0.374749862541813	0.184112054923742	0.0418061714392246
chr17:6949267:T:C	17	6949267	-0.372641119712639	0.176843484510285	0.0351019475276554
chr17:7929448:A:G	17	7929448	-0.0994006754258081	0.119751190964059	0.406504852409159
chr17:10308301:C:T	17	10308301	-0.291072341645772	0.371330935048093	0.433120880208867
chr17:12174148:T:C	17	12174148	-0.0346423327047744	0.150677001888627	0.818160760781076
chr17:14402381:C:T	17	14402381	0.124998405434526	0.261064374586801	0.632078783112983
chr17:15219976:C:T	17	15219976	-0.290268631610715	0.156061562092005	0.0628908512338018
chr17:16482403:T:A	17	16482403	-0.256922550822906	0.238563903121332	0.281500440094433
chr17:18684803:A:G	17	18684803	0.0159155404334179	0.127561527065715	0.900707570336028
chr17:20040710:T:C	17	20040710	-0.102490869385233	0.137254252417414	0.455230949330633
chr17:21275023:A:C	17	21275023	0.0574786990899853	0.0988581073311292	0.56095320688718
chr17:30609729:C:T	17	30609729	0.0652288246125271	0.187265806388286	0.727598275688595
chr17:31554254:C:T	17	31554254	-0.0625043459530905	0.176225849563899	0.722826947938101
chr17:33472425:T:G	17	33472425	0.0865293062975914	0.15213080954929	0.569503912285963
chr17:44156671:T:A	17	44156671	0.168538124061249	0.124350238398808	0.17530599894121
chr17:45754773:C:T	17	45754773	-0.07367459366832	0.210381638669251	0.72619237419445
chr17:48779278:C:T	17	48779278	0.107927791793329	0.134822789473636	0.423411933041313
chr17:52703044:C:G	17	52703044	0.0734605193201501	0.186850987852446	0.694208485294336
chr17:53282498:G:T	17	53282498	0.0802248624689375	0.140164419509785	0.567076391894317
chr17:58411807:C:T	17	58411807	-0.242429747457585	0.237314443474481	0.306991582871594
chr17:61409438:A:G	17	61409438	0.13730013894402	0.157634449249931	0.383752304648399
chr17:61905160:C:T	17	61905160	0.3318081548473	0.216056852059347	0.124601019356609
chr17:66262233:G:T	17	66262233	0.136554628034885	0.124395094801726	0.272313976502024
chr17:66751216:C:T	17	66751216	-0.0960668467113369	0.110912363829583	0.386407400580035
chr17:66971178:A:G	17	66971178	0.107379523348238	0.14901086180234	0.471146169713828
chr17:68771033:G:A	17	68771033	-0.334623503505712	0.181575662614429	0.0653454501359879
chr17:69081332:C:T	17	69081332	0.342149897209013	0.168847618354466	0.0427255796929898
chr17:69213412:T:C	17	69213412	0.165423692807232	0.151591831385041	0.275165484178992
chr17:72829246:G:A	17	72829246	-0.228078140306099	0.132505417348089	0.0852011007032656
chr17:73506492:C:T	17	73506492	0.0971065102912182	0.134114941194659	0.469032351775337
chr17:75360149:C:G	17	75360149	0.225934871435012	0.214602440398392	0.292429627059979
chr17:77625920:A:T	17	77625920	0.205198971083939	0.153481752046003	0.181235677178833
chr18:1137045:A:T	18	1137045	0.121851464527569	0.148052225716416	0.410490775320397
chr18:4080016:T:A	18	4080016	0.0678546948875032	0.166450332842572	0.68352528322951
chr18:8920896:G:C	18	8920896	0.0973145558553798	0.182822239854542	0.594524756381211
chr18:9609299:C:T	18	9609299	-0.0337199663510415	0.121580024509601	0.781512970847066
chr18:10572326:C:T	18	10572326	0.0830541776462222	0.122130207303059	0.496475237916496
chr18:11017906:C:T	18	11017906	-0.0735149243660326	0.100691304466213	0.465327829263874
chr18:12120157:A:G	18	12120157	-0.0406677082081397	0.337962547740808	0.904220158488698
chr18:14686017:A:G	18	14686017	0.0927302614352202	0.143445801045917	0.517989216891033
chr18:14895123:C:T	18	14895123	-0.0717302294790648	0.155188990590943	0.643929225827804
chr18:30059135:A:G	18	30059135	-0.0796999644420174	0.1314943970013	0.544442238800972
chr18:32490781:T:C	18	32490781	-0.111705083192322	0.147062270084762	0.447507612785187
chr18:36255061:C:A	18	36255061	0.0209530281146641	0.147873328504267	0.887320300415898
chr18:42762909:A:C	18	42762909	-0.124751220635956	0.172872525137671	0.470517648394425
chr18:43928870:G:A	18	43928870	-0.146394210048826	0.171124499690296	0.392283457070997
chr18:44831686:A:G	18	44831686	0.191624631442161	0.260473150941545	0.461926062725259
chr18:45461168:C:T	18	45461168	-0.0913188213356187	0.150094793353625	0.54291713528373
chr18:47992191:T:C	18	47992191	-0.233555771162972	0.468233612808004	0.617919015955238
chr18:49146783:T:G	18	49146783	0.381604469407841	0.135715880360715	0.0049266753787498
chr18:49872731:C:G	18	49872731	0.100089639377508	0.119260352952538	0.401327208645468
chr18:50485733:T:C	18	50485733	-0.104696139355297	0.216695383125139	0.628990004246525
chr18:58120958:C:T	18	58120958	-0.0953753650972402	0.237822417673354	0.688393575918273
chr18:59256389:C:T	18	59256389	-0.0744453989612271	0.137242165339137	0.587516640783768
chr18:62622293:T:A	18	62622293	-0.141979016397901	0.159437280790612	0.373197071678201
chr18:62998306:G:A	18	62998306	-0.0578305672900362	0.120063789837674	0.63004369493679
chr18:66103927:C:T	18	66103927	-0.0947660878635807	0.172477200891737	0.582702676149562
chr18:66206557:C:T	18	66206557	-0.107738727957001	0.135296294769568	0.425847856856459
chr18:68001558:G:A	18	68001558	0.27590342395719	0.158054255757249	0.0808761750663476
chr18:69946690:A:G	18	69946690	0.41828913429699	0.277983908126958	0.132394979671016
chr18:71730181:C:T	18	71730181	-0.124884906236293	0.164850654097836	0.448712091859597
chr18:72912108:T:C	18	72912108	-0.136753658631796	0.139147095373645	0.325706259344509
chr18:73248491:G:A	18	73248491	0.17059432264154	0.183057572487596	0.351379819803134
chr18:77734991:G:A	18	77734991	0.422004198390737	0.210763197893011	0.0452560219338081
chr19:2907557:G:A	19	2907557	-0.544982983525042	0.193267185900089	0.00480472576319546
chr19:16021187:G:A	19	16021187	0.212923299899056	0.190121316318049	0.26274194736312
chr19:17584922:G:A	19	17584922	-0.0655718934739453	0.137501238333243	0.633446005535174
chr19:18704666:C:T	19	18704666	-0.091615716140037	0.193656645838435	0.636153783667523
chr19:18737022:C:T	19	18737022	0.249752776911509	0.171841628754612	0.146115707929531
chr19:18805179:A:G	19	18805179	0.0348223147545005	0.161650791177411	0.829442283244325
chr19:21560366:G:T	19	21560366	0.0699306749476505	0.144430427115199	0.62825640617343
chr19:21659434:G:C	19	21659434	0.240922855617948	0.14376526520113	0.0937759782611468
chr19:33474662:T:C	19	33474662	0.0482732184027453	0.160860803994274	0.764106137159335
chr19:37956680:C:T	19	37956680	-0.177374892365017	0.159728563254384	0.266793542905099
chr19:38120117:A:T	19	38120117	-0.150627538224575	0.22703102710601	0.507031666325879
chr19:44380983:T:C	19	44380983	0.2827497032282	0.150072878562147	0.0595537998459352
chr19:44819986:A:G	19	44819986	0.0914767760969585	0.15270160110283	0.549135691238998
chr19:48685001:C:T	19	48685001	0.160002308609035	0.146900915648877	0.276072207844872
chr19:51210487:G:T	19	51210487	0.522041452960091	0.267675010125635	0.0511426508852786
chr19:51552139:T:A	19	51552139	-0.277043198825656	0.228069388196318	0.224468298807006
chr19:52714810:C:T	19	52714810	-0.212575755872607	0.170406312553614	0.212227378865694
chr19:53330671:T:C	19	53330671	-0.0487694365839792	0.137745664916693	0.723298235487499
chr19:54944544:G:A	19	54944544	-0.184576562358057	0.172314118748826	0.284096004180186
chr19:57195010:G:C	19	57195010	0.150345680272884	0.169828303166849	0.376005379932893
chr20:1709120:A:G	20	1709120	-0.0172180137163011	0.129162652579626	0.893952257260548
chr20:1735934:T:G	20	1735934	-0.12430503558932	0.105403085747897	0.238266742176305
chr20:1906500:G:T	20	1906500	0.0642095174256586	0.123891801649729	0.604269262663208
chr20:3649460:G:A	20	3649460	0.229987004239753	0.124412451244833	0.0645177451231553
chr20:5407753:C:T	20	5407753	0.171165238267866	0.154497906394461	0.267913370895195
chr20:5860313:T:C	20	5860313	-0.0186322334643149	0.193011376727348	0.923096170625832
chr20:7000966:A:C	20	7000966	0.356843307281348	0.171628026246603	0.0376020149742181
chr20:12129436:G:A	20	12129436	-0.115996174366036	0.199954217501932	0.561837967794967
chr20:13244402:C:A	20	13244402	0.244009136504993	0.213324462842879	0.252689836518786
chr20:31347432:T:C	20	31347432	0.153711562712983	0.110627100529214	0.164693928122766
chr20:37593342:C:T	20	37593342	0.145572383362553	0.177951648819747	0.413331727282983
chr20:38200488:G:A	20	38200488	0.00965521891155158	0.101407442989166	0.924146333323544
chr20:38350608:A:G	20	38350608	0.190825256724861	0.149332177907892	0.201299644564434
chr20:45729681:A:G	20	45729681	0.152050687861664	0.140219118975184	0.278196728140078
chr20:48501317:C:T	20	48501317	0.110686125731058	0.164213076389216	0.500286101381429
chr20:49036824:T:G	20	49036824	0.205343228468062	0.136229586369918	0.13172555361321
chr20:50371082:C:T	20	50371082	0.159954279103851	0.157303019554	0.309222663782527
chr20:52513956:G:A	20	52513956	-0.43834095493624	0.312269521384191	0.160400353305527
chr20:54253971:A:G	20	54253971	-0.198396684047932	0.108265628522161	0.0668770720413157
chr20:58480201:T:G	20	58480201	0.241149912618596	0.120444507787124	0.0452668683724775
chr20:60073360:C:T	20	60073360	0.0467644355827553	0.149877098142575	0.755026421985222
chr21:14869783:A:G	21	14869783	-0.0371836376154854	0.331298826978267	0.9106363275678
chr21:15297615:T:C	21	15297615	0.113349716533515	0.190344149180111	0.55151008657448
chr21:15686888:A:G	21	15686888	0.0257135667720123	0.298801888862756	0.931422242791072
chr21:18805376:C:A	21	18805376	0.570223266735663	0.234692547153637	0.0151129620297229
chr21:22007486:G:T	21	22007486	0.509614913460423	0.199613780317536	0.0106798064105206
chr21:24026351:C:T	21	24026351	-0.288753185790278	0.169189641214921	0.0878808772485831
chr21:26647335:G:C	21	26647335	0.080035091830379	0.113572650648824	0.480994512915362
chr21:28043199:C:G	21	28043199	-0.0906236513082303	0.211105378401611	0.667718316948259
chr21:29538421:G:A	21	29538421	-0.8246887087556	0.385867835102289	0.0325792057778388
chr21:31885030:A:G	21	31885030	-0.00660377244645656	0.22332988071687	0.976410320371767
chr21:35502622:A:T	21	35502622	0.0566119633654489	0.144417019644709	0.695055698311434
chr21:36306638:T:G	21	36306638	0.158160759720318	0.134659856680294	0.24018661305451
chr21:41442549:G:A	21	41442549	-0.18566578443319	0.124236143522413	0.135055771196441
chr21:42627184:G:A	21	42627184	-0.227895019410408	0.292699918117662	0.436217667722258
chr22:20147688:T:C	22	20147688	0.150808440691933	0.157680101950281	0.338859963898716
chr22:23891985:A:G	22	23891985	0.0252342591473024	0.140158318086689	0.857120294472941
chr22:24245985:G:T	22	24245985	0.0977465882665044	0.149621502412107	0.513567800274508
chr22:28624303:G:A	22	28624303	-0.0599654326854542	0.25170200777849	0.811695119891642
chr22:30376697:C:T	22	30376697	0.0184824553618685	0.218324291421348	0.932534898562941
chr22:30662128:G:A	22	30662128	0.357067364115015	0.136505319175378	0.00890248891082857
chr22:36298345:C:A	22	36298345	0.14974878689659	0.228518958135142	0.512273737345897
chr22:36977479:G:A	22	36977479	-0.224137894688447	0.250169082077558	0.37028180464288
chr22:42350572:C:T	22	42350572	0.315818590092083	0.211645918352982	0.135646040421806
chr22:42475109:T:G	22	42475109	-0.259704707990562	0.134539701134899	0.0535671709037557
chr22:44719519:A:G	22	44719519	-0.156386195774123	0.159642688105376	0.327282929056929
chr22:44805054:T:C	22	44805054	0.0260143698297301	0.207683412698156	0.900317925623043
chr22:45210278:T:C	22	45210278	-0.157385757551607	0.137282013225853	0.251612638945688
chr22:47062473:C:T	22	47062473	0.158609499720767	0.168930263680385	0.347779429157674
chr22:48785864:A:G	22	48785864	0.230856365580744	0.192171933593427	0.229634402988118
chr22:49668266:A:G	22	49668266	0.00687378072212565	0.233180936977827	0.976483114882186
chr22:49926053:G:A	22	49926053	-0.213203502889401	0.288525240912687	0.459942039841691
