SNP	CHR	POS	est	stderr	pval
chr1:1837340:C:T	1	1837340	0.217975523751055	0.260980996973644	0.403596060809692
chr1:2261200:G:C	1	2261200	0.165078099991091	0.196653537762542	0.401224572673
chr1:14678191:A:C	1	14678191	-0.128733015752519	0.182920984630645	0.481580396811025
chr1:14985097:C:T	1	14985097	0.123320725300977	0.254652723168774	0.628194121614358
chr1:20215506:G:C	1	20215506	0.1092266456445	0.222020641939246	0.622743256741207
chr1:22009627:T:C	1	22009627	-0.0857808615037706	0.255825861535685	0.737391569838542
chr1:22126221:C:T	1	22126221	-0.0681212555296824	0.218154954357627	0.754842276548848
chr1:23180575:A:G	1	23180575	0.12980804041407	0.15471464319414	0.401460406062157
chr1:26058659:G:C	1	26058659	-0.180862817456505	0.252637227801917	0.47405352358779
chr1:28670719:C:T	1	28670719	0.0028606604005218	0.19944639364865	0.98855633100831
chr1:29753056:A:C	1	29753056	0.1092278003258	0.180726833001226	0.545590599263982
chr1:29908726:A:G	1	29908726	-0.202703243916887	0.258916580720335	0.433691614965132
chr1:31886486:G:T	1	31886486	0.160546977969984	0.200683956260043	0.42371133715379
chr1:37838865:C:T	1	37838865	0.28246645597085	0.349883192757735	0.41948419082742
chr1:39880059:T:C	1	39880059	-0.370225357335275	0.229825537606239	0.107202090268408
chr1:43202709:G:A	1	43202709	-0.0193664416197537	0.220852452670365	0.930123463564409
chr1:47498869:G:A	1	47498869	0.47914898161676	0.243156691662595	0.0487769888344399
chr1:54900240:G:A	1	54900240	-0.0677114932165327	0.221816271069591	0.76016862470929
chr1:65351414:T:A	1	65351414	0.201203480959498	0.176952916428657	0.255519351226413
chr1:66254178:T:A	1	66254178	0.123608371367994	0.235615853715815	0.599848613522043
chr1:73302339:T:C	1	73302339	-0.179653896905981	0.199601308665268	0.368086340397005
chr1:73563666:T:C	1	73563666	0.0659778740622072	0.28452548413011	0.816625473041349
chr1:76062379:T:C	1	76062379	-0.256559186160381	0.215454588715185	0.233739650661191
chr1:86928231:G:T	1	86928231	0.3867038076649	0.219915817322036	0.0786765085075528
chr1:88611347:G:A	1	88611347	0.0801789659181291	0.206759596669973	0.698172656550257
chr1:91057167:C:A	1	91057167	0.0682452695419605	0.286471599706816	0.811705037532475
chr1:91093925:G:A	1	91093925	-0.134803447061796	0.213200867419786	0.527201470506918
chr1:92475800:A:G	1	92475800	0.000477473487237915	0.20076613397431	0.998102427152502
chr1:94752415:G:A	1	94752415	-0.550869372037324	0.297233141651172	0.0638359057401582
chr1:95614324:G:A	1	95614324	-0.646368123383134	0.466240057919138	0.16564253116051
chr1:99691102:T:C	1	99691102	-0.305343092911027	0.228714960496872	0.181864010596598
chr1:104937367:T:A	1	104937367	-0.140680535490268	0.223173763463733	0.528456959173248
chr1:153704237:C:A	1	153704237	-0.120719203635168	0.213893054351081	0.572488416289565
chr1:159540226:C:T	1	159540226	0.141510916151411	0.209247434324132	0.498859668871265
chr1:165647351:T:C	1	165647351	0.0929347094043171	0.222835080363844	0.676637440394471
chr1:168863629:G:A	1	168863629	-0.0283119486151459	0.336859992298332	0.933019354019924
chr1:171350391:G:A	1	171350391	-0.181928452987257	0.21059794514244	0.387661379705597
chr1:173013575:C:G	1	173013575	0.412550751427615	0.265163560378889	0.119747329959602
chr1:178947344:C:A	1	178947344	0.203077225253581	0.284225166156436	0.474921657579667
chr1:186638909:G:T	1	186638909	0.229378650511239	0.234088694896962	0.327145735695753
chr1:188272062:T:C	1	188272062	0.143853115340653	0.26425983475208	0.586192121178232
chr1:193365737:C:T	1	193365737	0.140946201278848	0.201649347693369	0.484572773050685
chr1:195033388:T:C	1	195033388	0.318909469765898	0.266244586966359	0.230992395768101
chr1:195907914:A:G	1	195907914	0.240310936742265	0.228719654356839	0.293406046050608
chr1:196692375:G:C	1	196692375	-0.206419043207606	0.195723523843575	0.291587229974441
chr1:197559019:A:G	1	197559019	0.171963484832836	0.274836972434877	0.531516528318647
chr1:199160726:G:A	1	199160726	-0.0944363753620819	0.230142128641652	0.681557017761991
chr1:204277152:T:C	1	204277152	-0.0608789266331643	0.245600331838388	0.804228778374175
chr1:207498131:C:T	1	207498131	0.352733279903914	0.242465882666269	0.145731589466178
chr1:210496535:G:A	1	210496535	-0.0636774168636756	0.277333922966181	0.818398268741505
chr1:212937214:T:G	1	212937214	0.188278561423107	0.196158501798189	0.337141431144178
chr1:219750864:A:G	1	219750864	-0.138718360152731	0.192018703017355	0.470035626160727
chr1:221920463:G:A	1	221920463	-0.184717992983559	0.29239874914172	0.527561239954569
chr1:227462684:A:G	1	227462684	-0.567203766162055	0.411822934385291	0.168419486250007
chr1:234456961:G:A	1	234456961	0.193131045286263	0.263491530584608	0.463577518439168
chr1:237308322:A:G	1	237308322	-0.157082881726346	0.252133832303674	0.533275388808801
chr1:244583991:C:T	1	244583991	-0.165031728313666	0.222477442411175	0.458214072845907
chr1:247190028:T:C	1	247190028	0.0793689771061925	0.285646315058536	0.781121733287538
chr1:247897239:C:T	1	247897239	-0.576153775881997	0.275876297681922	0.0367572866968019
chr2:3248328:A:G	2	3248328	-0.0514850921654293	0.188659376561512	0.784930297171145
chr2:6804400:G:A	2	6804400	-0.670144658444154	0.400376885473166	0.0941729432747951
chr2:9411790:A:C	2	9411790	0.307472326146862	0.226338537250738	0.174317098678017
chr2:12096367:C:T	2	12096367	-0.0950879875572248	0.255453334841705	0.709719884142337
chr2:13545005:C:T	2	13545005	0.157584861223981	0.204139042160379	0.440144832118008
chr2:16009716:A:G	2	16009716	-0.0833418784064274	0.224213171945982	0.710110106299791
chr2:16367899:A:T	2	16367899	-0.0798359715642174	0.214105422418287	0.709236570265454
chr2:17630111:A:C	2	17630111	-0.407232828381416	0.265048123086256	0.12442838501024
chr2:17928966:C:G	2	17928966	-0.495356428595224	0.282937808214798	0.0799871183985923
chr2:18261494:A:T	2	18261494	0.144794823456556	0.220374297626223	0.511154919921031
chr2:19530615:T:C	2	19530615	-0.0454605456999261	0.222764144728464	0.838295055678073
chr2:19562158:T:C	2	19562158	-0.333689378471129	0.23983457319958	0.164124948743524
chr2:27383116:G:A	2	27383116	-0.303327067869463	0.162862114017903	0.0625357752180462
chr2:37762298:C:T	2	37762298	0.265510571768304	0.245327080718999	0.279131789804517
chr2:42010994:T:A	2	42010994	0.344746873994144	0.314517168808041	0.273028607600827
chr2:45824390:C:G	2	45824390	0.285000916939534	0.285806169889501	0.318675923655208
chr2:49789441:T:C	2	49789441	-0.0604296181887326	0.212037139964102	0.775647634798087
chr2:49994518:G:A	2	49994518	0.274001420442	0.18777692714247	0.144513983690389
chr2:51284042:G:A	2	51284042	-0.107195150194459	0.24374322719504	0.66009124274525
chr2:51344078:G:A	2	51344078	-0.206974309281592	0.241849339351021	0.392109228055759
chr2:57278002:C:A	2	57278002	0.0723849524840182	0.223467609329943	0.746000890526767
chr2:57368273:A:G	2	57368273	-0.155269534570885	0.273458703394819	0.5701715675987
chr2:60373837:A:G	2	60373837	-0.133311019558764	0.305437419707078	0.662503481764595
chr2:61147014:T:C	2	61147014	-0.047168584485818	0.191539457887162	0.805480658417041
chr2:61693274:A:G	2	61693274	0.0197473411578673	0.22610157586047	0.930402562475391
chr2:65295480:C:T	2	65295480	-0.244891840986315	0.224330614118053	0.274984370827937
chr2:66031496:T:C	2	66031496	-0.216814639180447	0.215307099739895	0.313933904305148
chr2:69165635:T:C	2	69165635	0.147877803598366	0.22532589408234	0.511641340264506
chr2:76651386:C:A	2	76651386	-0.169914485626536	0.238122449827452	0.47549974000293
chr2:79784490:C:G	2	79784490	0.103037782964353	0.22451355816996	0.646278754796856
chr2:82619301:T:C	2	82619301	0.0533924201638833	0.318789009982402	0.866988343394733
chr2:83400799:T:A	2	83400799	0.218153516294045	0.301704433745549	0.46963669321923
chr2:85744328:G:A	2	85744328	-0.35840957669041	0.320810273768308	0.26390836912502
chr2:85757440:T:A	2	85757440	-0.12725347038129	0.194362124406425	0.512645725810106
chr2:99811694:T:C	2	99811694	-0.0266327229995761	0.194010328336801	0.890813613062698
chr2:101228073:A:C	2	101228073	-0.0618107899122906	0.192835262474706	0.748561469982514
chr2:106861882:T:C	2	106861882	-0.217528100503703	0.282848491756912	0.441856350598388
chr2:108083619:T:C	2	108083619	-0.330512096606383	0.271755557586618	0.223904557041059
chr2:118004610:C:T	2	118004610	-0.541924688482787	0.192138457766636	0.00479502981781987
chr2:119455921:A:G	2	119455921	-0.0645898164744497	0.188446867361529	0.731787930654378
chr2:120644763:G:A	2	120644763	0.0202529095296892	0.182114314375448	0.911449923738207
chr2:120916837:A:G	2	120916837	0.138175893720978	0.21589374637031	0.522160867229655
chr2:122628686:C:A	2	122628686	0.165251395535719	0.263024507314146	0.529824619703293
chr2:122629789:A:C	2	122629789	0.112691468972047	0.24426987177511	0.64455467260112
chr2:127192867:G:A	2	127192867	-0.300440117907656	0.199848120546113	0.132750817169326
chr2:130915743:C:T	2	130915743	0.305598352129023	0.220284196167004	0.165352950408135
chr2:136507185:G:C	2	136507185	0.0172241113384937	0.185445351466424	0.925999121391214
chr2:141023592:C:T	2	141023592	-0.232422363825423	0.317968577122208	0.464803484409841
chr2:143017176:T:C	2	143017176	-0.356483249806894	0.296242421440031	0.228840996736597
chr2:143920023:G:T	2	143920023	0.142490844967739	0.26189344864809	0.586386797249413
chr2:144729333:C:T	2	144729333	0.0528141540643684	0.226775309057808	0.815845274886671
chr2:148561010:G:C	2	148561010	-0.192428968894412	0.225829520039486	0.394159489299457
chr2:154835349:G:T	2	154835349	-0.121402779267253	0.258378524239357	0.63845215179598
chr2:164974626:C:A	2	164974626	0.0859591135088402	0.295705267865398	0.771286999795509
chr2:167086954:T:G	2	167086954	0.0305860072668755	0.185820631048093	0.869259121826137
chr2:167657344:C:T	2	167657344	0.227236519363817	0.265980992865366	0.392920133148385
chr2:168647356:T:G	2	168647356	0.123364044799246	0.194785562917622	0.526516476258534
chr2:170041677:A:G	2	170041677	0.325288989028898	0.281256868980229	0.247454287794532
chr2:171274449:C:A	2	171274449	0.134229745158374	0.201079849555776	0.504424402882286
chr2:177787584:G:A	2	177787584	-0.15027277405484	0.329703330642845	0.648546900462571
chr2:179648558:C:T	2	179648558	-0.533910544469976	0.317830368664416	0.0929845448841242
chr2:183527028:C:T	2	183527028	-0.225784028218572	0.337985889291968	0.504115737295715
chr2:184516924:T:A	2	184516924	-0.0502695127345584	0.221595765733945	0.820538581480784
chr2:197010424:G:A	2	197010424	0.198445209134359	0.352796038678094	0.573780351238261
chr2:209101337:G:A	2	209101337	-0.16968956678293	0.226583355443833	0.453914043564063
chr2:209103516:A:G	2	209103516	0.133019270652163	0.255607689539636	0.60278200477459
chr2:210957182:G:A	2	210957182	0.0720400908504887	0.233423668481578	0.757607742754137
chr2:214802180:T:C	2	214802180	-0.245516554112321	0.196504682120906	0.211512103221804
chr2:215209936:A:G	2	215209936	-0.292237617718334	0.246188129769114	0.235207901610494
chr2:220997842:C:T	2	220997842	-0.104997397971128	0.197039383486527	0.59411998381544
chr2:226027918:G:A	2	226027918	-0.134411075890154	0.38271976540921	0.725438517350629
chr2:228947684:G:A	2	228947684	0.230327437068486	0.226701550776097	0.30963219819252
chr2:233152507:T:C	2	233152507	-0.014940014211754	0.161442703999044	0.926268488620249
chr2:235620294:A:T	2	235620294	-0.0719079584147387	0.204674050331754	0.725341434799104
chr2:237288548:A:G	2	237288548	-0.134380266670502	0.189956918430404	0.479302426222198
chr2:237513585:T:C	2	237513585	0.318027377436377	0.264922479673988	0.229962881422191
chr2:237920759:T:G	2	237920759	0.000721654286539038	0.181561740960209	0.996828652918145
chr2:240429648:C:T	2	240429648	0.184800797407498	0.187149070780681	0.323420911437713
chr3:10127208:T:G	3	10127208	0.264321956635923	0.347090536210199	0.446336953841491
chr3:14082905:A:G	3	14082905	0.324873062869647	0.182021695546068	0.0742931031124614
chr3:16798495:T:G	3	16798495	0.215236297099857	0.219810730465526	0.327486495426139
chr3:18882818:T:C	3	18882818	-0.0533744016220405	0.202806207144696	0.792412362012393
chr3:22245167:A:G	3	22245167	0.0813727096182884	0.226679502094024	0.719612354837931
chr3:24009496:G:A	3	24009496	-0.160686563611602	0.198802715138216	0.418934320226216
chr3:24010534:C:T	3	24010534	0.139166703377321	0.252889933603835	0.582109901243208
chr3:33421913:A:G	3	33421913	0.0551649072499213	0.192131176134682	0.774019626032254
chr3:34471110:A:G	3	34471110	-0.127979345324669	0.198374413937612	0.518836216317202
chr3:35230331:G:A	3	35230331	0.0594209361191569	0.219151927652291	0.786283068519313
chr3:41413926:T:C	3	41413926	-0.265798111901102	0.249699824446208	0.28711558426042
chr3:42098050:T:C	3	42098050	-0.100936948163767	0.192998575302079	0.600978964896439
chr3:46489654:A:G	3	46489654	0.117875648341323	0.213426330078519	0.580741911887898
chr3:56959175:A:G	3	56959175	0.0701314151742382	0.37641138065747	0.852197060172942
chr3:64441608:G:A	3	64441608	-0.143029684399283	0.208511092665571	0.492740101028907
chr3:66995763:G:T	3	66995763	0.357370042969003	0.246336943623867	0.146853193863581
chr3:68498445:T:C	3	68498445	-0.408989431937244	0.282660688085939	0.147917320114445
chr3:68824246:G:A	3	68824246	-0.590037420853144	0.260858872989313	0.0237034080125348
chr3:69021248:A:C	3	69021248	-0.188085738698112	0.260691880906213	0.470610088077097
chr3:69617754:T:G	3	69617754	-0.21120760516005	0.195340906215667	0.279596735235242
chr3:74191731:G:A	3	74191731	-0.100230032618337	0.223583783820755	0.653945019951036
chr3:74732240:G:A	3	74732240	-0.286462603652417	0.198740210488323	0.149473892126626
chr3:75709324:A:T	3	75709324	0.12955771070412	0.242286273238394	0.59283665403002
chr3:84465702:T:C	3	84465702	0.0704683948734931	0.194635354672837	0.717312114654608
chr3:84817748:G:A	3	84817748	0.199328140744184	0.226267733644884	0.37835067037815
chr3:85705423:A:G	3	85705423	-0.0468666365564317	0.226563610158619	0.836120271134014
chr3:88069353:C:T	3	88069353	0.0164289846745724	0.266350777009925	0.950816265804366
chr3:93986190:G:A	3	93986190	-0.278074641381138	0.304732686164701	0.361495096868535
chr3:101022648:G:A	3	101022648	-0.172967258872912	0.33190438424063	0.602272169061898
chr3:106664728:C:T	3	106664728	0.0828887466126696	0.252215462884974	0.742425841444484
chr3:110774699:C:T	3	110774699	0.0508449708175484	0.250937920336459	0.839432276432226
chr3:113428518:G:A	3	113428518	0.141318314182081	0.218710506105964	0.518186596977655
chr3:121058963:T:G	3	121058963	0.246461045419365	0.272858041892499	0.36638930022511
chr3:124193435:A:C	3	124193435	-0.117154421876684	0.225541185459234	0.603456081068486
chr3:126773646:G:T	3	126773646	-0.318931635139529	0.259176122807782	0.218487667659828
chr3:131209978:G:T	3	131209978	-0.0428607441862732	0.381380241854745	0.910519550052167
chr3:133982842:C:T	3	133982842	0.165820932875019	0.179953534568608	0.356807563807122
chr3:137777496:C:T	3	137777496	-0.0574783215809508	0.284084789668173	0.839660272543551
chr3:146265901:G:T	3	146265901	-0.180966725682493	0.270198621850901	0.503014343572422
chr3:149679065:C:A	3	149679065	0.247306183295759	0.199238731926629	0.214511356770584
chr3:152663712:G:C	3	152663712	-0.0297877984944472	0.226436144795965	0.895339803985125
chr3:159417151:A:G	3	159417151	0.0587066214185351	0.210879287403165	0.78071322584301
chr3:164899350:G:A	3	164899350	0.37446830974302	0.343212440651849	0.275242707712759
chr3:168053836:T:C	3	168053836	0.1294886429525	0.261860086255495	0.620956260246957
chr3:171028381:G:A	3	171028381	-0.455246608457911	0.231766522260356	0.0495014985202573
chr3:174497130:T:C	3	174497130	-0.0414415448553645	0.162973853880192	0.799276627187949
chr3:196706550:C:T	3	196706550	-0.126658359919024	0.227011372611725	0.576886455045709
chr4:332191:G:A	4	332191	-0.115029735722168	0.210848366401824	0.585370705924645
chr4:8816874:T:C	4	8816874	-0.128456764929567	0.259597219620054	0.620719384201232
chr4:9851274:C:G	4	9851274	0.39415627092017	0.20386195825529	0.0531811686085731
chr4:10725805:A:G	4	10725805	0.308894211318726	0.191459928802791	0.10666584112028
chr4:13219910:C:T	4	13219910	0.17410736970531	0.2120483899167	0.411604253008216
chr4:18747099:A:G	4	18747099	0.0454694384253821	0.176311594570378	0.796489870976209
chr4:20840555:C:T	4	20840555	0.0723351495445506	0.188768301975452	0.701574870557766
chr4:21137718:C:T	4	21137718	0.0139481907116336	0.214644944019824	0.948187838681209
chr4:26851610:T:C	4	26851610	-0.780624806469043	0.297709118737854	0.00873882980685881
chr4:32302160:A:T	4	32302160	-0.446467279604326	0.315183106306553	0.156619501478634
chr4:40603484:A:G	4	40603484	-0.257643234842908	0.255248075778913	0.312790675733834
chr4:41002348:C:T	4	41002348	-0.154139359978012	0.302251591547717	0.610072210969207
chr4:44018406:T:G	4	44018406	-0.106912654638643	0.20036659828519	0.593628538917223
chr4:44680448:T:C	4	44680448	0.409347143026128	0.221451606161162	0.0645340589015833
chr4:55337032:C:T	4	55337032	0.227680670471093	0.238212306110434	0.339178913421048
chr4:55659669:G:A	4	55659669	0.209898145941825	0.227866307014995	0.356974186814333
chr4:56719096:C:T	4	56719096	-0.57096401578895	0.302811598963988	0.0593566871728758
chr4:61158247:C:G	4	61158247	0.163387648102086	0.194243482041385	0.400264647823217
chr4:64485722:G:A	4	64485722	0.0717146333215997	0.275439190106568	0.794582494072852
chr4:67708732:C:T	4	67708732	-0.429713461972898	0.25259884891566	0.0889111599913465
chr4:67911021:C:T	4	67911021	0.176323108954372	0.224190490313522	0.431581702438061
chr4:90022599:G:T	4	90022599	-0.0365068636364765	0.174091131420767	0.833902034564411
chr4:97398054:G:A	4	97398054	-0.197872592179108	0.199690723908442	0.321736726170174
chr4:98823404:T:C	4	98823404	-0.23930132358827	0.325215563201657	0.461837987504507
chr4:99262681:C:G	4	99262681	-0.31258043374506	0.221716214523366	0.158592199850619
chr4:99355957:G:T	4	99355957	-0.191701678264367	0.184020555173849	0.297531973577846
chr4:101085120:T:C	4	101085120	0.114388757499332	0.179507309922307	0.52397027044331
chr4:102399971:C:T	4	102399971	-0.159468175011218	0.213043476015473	0.454144097265738
chr4:102884286:T:C	4	102884286	0.019296387929605	0.164202357781671	0.906451244614356
chr4:105992845:C:T	4	105992845	-0.160634950477069	0.210987089325909	0.446448241510559
chr4:108791253:G:A	4	108791253	0.444856797268433	0.273586190544182	0.103945261081732
chr4:110957298:T:A	4	110957298	0.153847359891817	0.223359594015376	0.490956823967143
chr4:113348012:C:T	4	113348012	0.0891410313647339	0.213956986908235	0.676948611513006
chr4:115522695:G:A	4	115522695	0.091097041856702	0.190830210267965	0.633097089573555
chr4:120770744:A:C	4	120770744	0.221262460407024	0.202083154142579	0.273556947631089
chr4:123964831:A:G	4	123964831	-0.0815394381555022	0.235623081675172	0.729298534196219
chr4:125256344:T:C	4	125256344	-0.0716302669578374	0.290960349893405	0.80553851252576
chr4:126268710:T:G	4	126268710	0.144966667622497	0.293186059469837	0.62098643369884
chr4:134094420:T:C	4	134094420	-0.12960691118031	0.341706887257104	0.704470556229141
chr4:134350906:C:T	4	134350906	-0.208994599296552	0.233222568059752	0.370190527461177
chr4:138952375:G:A	4	138952375	0.233527644684691	0.199626888058073	0.242073174418104
chr4:141618953:G:A	4	141618953	-0.12719946340892	0.280971824241653	0.650755760927103
chr4:149616644:T:G	4	149616644	0.114259207232325	0.251450494273848	0.649540658640118
chr4:154030957:C:G	4	154030957	-0.00322825067337527	0.303984856618161	0.991526805037555
chr4:168588553:A:C	4	168588553	-0.785024906067147	0.481879750343806	0.103294221046586
chr4:171334248:A:T	4	171334248	-0.0442953089446667	0.31512530632862	0.888214300925821
chr4:171974219:A:G	4	171974219	0.0413722333273789	0.220588546908825	0.851226399058273
chr4:176312841:C:T	4	176312841	-0.10249048457891	0.198661083761138	0.605919924418009
chr4:179329624:T:G	4	179329624	0.203072897298443	0.233067410225216	0.383587412943231
chr4:183032183:A:G	4	183032183	0.218398334896134	0.195625125853272	0.264245607356551
chr4:184991673:A:G	4	184991673	-0.0893306487577241	0.20801222018838	0.667596470227852
chr4:189912372:C:T	4	189912372	-0.209545222657985	0.226962610180537	0.355872363151164
chr5:5313703:A:G	5	5313703	0.174192028154976	0.315189962176715	0.58049810912319
chr5:7364955:T:A	5	7364955	-0.341720369788792	0.347892314419738	0.325972249422302
chr5:8067079:G:C	5	8067079	-0.171976112297373	0.293163229598933	0.557457346714451
chr5:13911296:G:T	5	13911296	-0.411978924874904	0.224691794710873	0.066723937826953
chr5:15621966:C:G	5	15621966	-0.30054322710623	0.227317710338394	0.1861253594927
chr5:17902851:T:C	5	17902851	-0.345623413750845	0.308674794936548	0.262841285517068
chr5:20719353:A:C	5	20719353	-0.157954482809734	0.276756973621676	0.568180290574777
chr5:20732163:G:T	5	20732163	-0.209196158314991	0.226326839036103	0.355324942984947
chr5:21913130:A:C	5	21913130	0.142633402901305	0.23776643442868	0.548580397940524
chr5:23787194:A:C	5	23787194	0.085710239693628	0.148747624377542	0.564471560928409
chr5:23895775:T:G	5	23895775	0.0263195689537375	0.239883566740318	0.91263294605146
chr5:33466391:T:A	5	33466391	0.00666115625623579	0.15183730798438	0.965007747647258
chr5:33624899:A:G	5	33624899	0.78959031981529	0.300580942614771	0.00861715035175081
chr5:39550509:T:G	5	39550509	0.50746774451084	0.224726440279927	0.0239358285620472
chr5:39634108:G:A	5	39634108	0.260057462126097	0.250817748977146	0.299811197345383
chr5:39978357:G:A	5	39978357	-0.0126968046798342	0.191376685603065	0.947103496452978
chr5:44011742:G:T	5	44011742	-0.307561088504334	0.284724807646707	0.280051015462078
chr5:50222627:G:A	5	50222627	-0.0773920254693572	0.340929288266641	0.820421285677628
chr5:54814079:C:T	5	54814079	0.0925926683290279	0.238107244084918	0.697372612729395
chr5:66989845:C:A	5	66989845	0.249205647052177	0.173053918811295	0.149854314097677
chr5:66992139:G:A	5	66992139	-0.272082657296659	0.197220229194327	0.167713540933308
chr5:73076502:T:C	5	73076502	0.00764460563788293	0.206637321635859	0.970488768927455
chr5:76998986:C:A	5	76998986	0.196595220409051	0.247298871853963	0.426630868027351
chr5:80530472:T:A	5	80530472	0.323540328824275	0.393514226887452	0.410973300336356
chr5:81710558:G:T	5	81710558	0.0750850377300083	0.173788419234504	0.665706114023082
chr5:84879932:A:G	5	84879932	0.17394263695662	0.207776902200143	0.402502298592591
chr5:85476293:A:G	5	85476293	0.0931592906616153	0.217052893824159	0.667777050598815
chr5:85809583:T:C	5	85809583	0.0254065302046881	0.191993055295427	0.89472291200113
chr5:92192959:A:T	5	92192959	0.0897160087556688	0.285101086062049	0.753003568359716
chr5:94648523:C:G	5	94648523	-0.333435935953318	0.355343199502148	0.348065085927526
chr5:98024666:G:A	5	98024666	0.261496414133883	0.21795635460043	0.230230605863506
chr5:101825779:A:C	5	101825779	-0.0459976046735467	0.210796834236307	0.827266870810299
chr5:106773905:G:A	5	106773905	0.0347937322426316	0.218548723270696	0.873508508302417
chr5:114915760:G:T	5	114915760	-0.189344976714911	0.255383375818138	0.458442063224899
chr5:115102683:A:G	5	115102683	0.0216779556959869	0.230109814518687	0.924944722931392
chr5:117238479:G:A	5	117238479	0.234039217775819	0.186552189669077	0.209641836493137
chr5:121740415:G:T	5	121740415	-0.00775972160446029	0.208941165925227	0.970374726838363
chr5:137227416:A:T	5	137227416	-0.424281828416367	0.217716944160428	0.0513220313634042
chr5:137406489:C:T	5	137406489	0.0112798506490389	0.247873313500371	0.96370358209269
chr5:140638650:G:A	5	140638650	-0.114893841589261	0.209717292895153	0.583794174120285
chr5:142682003:T:C	5	142682003	0.052048257422139	0.176254133582155	0.767762931984279
chr5:144183699:A:G	5	144183699	-0.339563128909999	0.25142384146041	0.176836235840558
chr5:145690757:G:T	5	145690757	-0.055715701334866	0.272832045661566	0.838187480226948
chr5:147282093:C:T	5	147282093	0.203941970364671	0.24184849233114	0.39908117412546
chr5:151763317:T:C	5	151763317	-0.102922703899396	0.231447883543787	0.656543345538615
chr5:153541577:C:T	5	153541577	-0.578544773090781	0.332216706439031	0.0816015725727643
chr5:164252995:G:C	5	164252995	0.413858813835682	0.223473293015398	0.0640346425692
chr5:168245100:T:C	5	168245100	-0.154759650398252	0.208382839503257	0.457681592864717
chr5:169455657:C:T	5	169455657	0.252792500879007	0.184276370156541	0.170122029803067
chr5:169808985:G:C	5	169808985	-0.03400048854348	0.292996175987199	0.907617561370397
chr5:172672695:T:C	5	172672695	0.249659943471941	0.288549468691755	0.386915820891446
chr5:173346700:A:C	5	173346700	-0.827083637392119	0.385962328387881	0.0321200960673135
chr6:3041612:C:A	6	3041612	-0.474326014942233	0.176148597100056	0.00708631159961826
chr6:3673174:A:G	6	3673174	0.225004997349076	0.305040206795039	0.460742927464641
chr6:3786319:G:C	6	3786319	-0.349867693267352	0.292917533265473	0.23231220471311
chr6:6090729:G:T	6	6090729	-0.632772906237457	0.361554328047094	0.0800931023911695
chr6:6354181:A:T	6	6354181	-0.178383232642192	0.211456743096837	0.398897394417233
chr6:6456261:T:C	6	6456261	0.0887884904030777	0.239567261559008	0.710920359849994
chr6:7642514:C:G	6	7642514	-0.408200812165385	0.289889829823832	0.159094370399806
chr6:23163726:T:C	6	23163726	-0.261942710998841	0.28122963857407	0.351636715054571
chr6:23344439:T:A	6	23344439	-0.075112559205403	0.181612566865826	0.679176746659838
chr6:26287827:G:A	6	26287827	0.152737790236772	0.185031474801452	0.409105241154042
chr6:31108549:A:G	6	31108549	-0.00560086832186522	0.16678578014179	0.973211105998209
chr6:31845997:T:C	6	31845997	0.0716293145237208	0.281342616432956	0.799033474844069
chr6:32660000:G:C	6	32660000	0.466369086331728	0.317316548745975	0.14163537655813
chr6:33148933:A:G	6	33148933	-0.360998619658534	0.249425055386619	0.147806480053712
chr6:37400014:G:T	6	37400014	0.323511761428423	0.18903399224655	0.0870082856811677
chr6:39124093:C:T	6	39124093	-0.0782349847925031	0.24446898977011	0.748953111437921
chr6:45195864:C:T	6	45195864	0.600250280067635	0.259774137763303	0.0208515208125449
chr6:46738257:G:A	6	46738257	-0.059631793595444	0.235144253908656	0.799807189767267
chr6:47717919:C:A	6	47717919	-0.183576369900945	0.207944862484747	0.377337466118906
chr6:48859012:C:A	6	48859012	0.17814737277882	0.318387206526426	0.575799679103401
chr6:49860743:T:G	6	49860743	-0.1246971355433	0.284349443372821	0.660998625534882
chr6:53292416:C:G	6	53292416	-0.00752843652783864	0.190924900022189	0.968546444014574
chr6:69504128:A:G	6	69504128	0.183122895133124	0.25144612344017	0.466442902825178
chr6:81137001:T:C	6	81137001	0.0423937079240606	0.207207002336964	0.837887840890007
chr6:84758749:C:T	6	84758749	0.319153410752751	0.228960462678864	0.163340652588012
chr6:87387916:G:T	6	87387916	-0.0864496668304115	0.182692222782351	0.636071641836797
chr6:88566465:G:A	6	88566465	0.0760474313116276	0.21949912551865	0.728997847177537
chr6:93273487:T:C	6	93273487	-0.0550714599645913	0.295976971118209	0.852392450985345
chr6:97788153:C:A	6	97788153	-0.357457317489592	0.248791257073234	0.150781640150514
chr6:98771646:C:T	6	98771646	0.086776435780938	0.239000679510265	0.716544908486919
chr6:104918249:A:G	6	104918249	-0.3887708795049	0.22741349426652	0.0873522591485211
chr6:107129138:A:G	6	107129138	0.20185235322147	0.193964578264593	0.298030560879918
chr6:112187089:T:C	6	112187089	0.237328773185304	0.186919356179204	0.20419672373351
chr6:118046853:T:C	6	118046853	-0.0842664967773445	0.217338095486739	0.69822267325066
chr6:123103197:T:C	6	123103197	-0.191986036675995	0.320248970670155	0.548846215622231
chr6:127784009:G:A	6	127784009	-0.219289405506697	0.190252482288771	0.249065118431313
chr6:129527930:G:A	6	129527930	-0.309161110858834	0.210016337982313	0.140998941284322
chr6:137254996:T:C	6	137254996	-0.361155783996091	0.200368477469619	0.0714733621932165
chr6:138165202:C:G	6	138165202	0.435876282924133	0.307276376416117	0.156040335436575
chr6:139464917:T:A	6	139464917	-0.663225134231315	0.322379914687217	0.039659483937491
chr6:151547601:G:A	6	151547601	-0.145630128175466	0.225396376787615	0.518210202090004
chr6:152638179:C:T	6	152638179	-0.203021033533145	0.215024684661642	0.345079986196218
chr6:153842833:G:A	6	153842833	-0.0771532688615447	0.278799731434239	0.78198462725847
chr6:160701242:A:G	6	160701242	0.26670639050496	0.346099959689224	0.440941043408179
chr6:162760256:C:T	6	162760256	0.225986533721969	0.274875432308531	0.410996299307731
chr6:163629327:G:A	6	163629327	0.147896630390558	0.189412847947498	0.434910572834644
chr6:167509019:C:T	6	167509019	0.229014534580898	0.342307391583405	0.503475185025413
chr7:7863676:G:A	7	7863676	-0.292093301156126	0.210100061932039	0.16445053333842
chr7:8111839:A:G	7	8111839	-0.143016456257315	0.235840800610913	0.544241864343597
chr7:9602661:C:A	7	9602661	0.0629672278855229	0.24822659952841	0.79975180003424
chr7:11334355:C:A	7	11334355	0.176673278035052	0.231390475199993	0.445148128928769
chr7:12476280:G:A	7	12476280	-0.287030259972487	0.218810946379019	0.189596786230793
chr7:20850990:A:T	7	20850990	0.0759115512062439	0.240105346540955	0.751881557514884
chr7:22822020:C:A	7	22822020	-0.2381162299555	0.207976485790437	0.25224271292702
chr7:24140802:T:C	7	24140802	-0.0394115144450756	0.225068823298508	0.860994203477301
chr7:24278575:A:G	7	24278575	-0.430041324621054	0.343929027980259	0.211161460647592
chr7:24620726:T:A	7	24620726	0.0392779629134667	0.218411587343187	0.857282410673027
chr7:24740434:C:T	7	24740434	-0.00956084049461535	0.203985802796302	0.962616737073823
chr7:28505993:C:T	7	28505993	-0.0309757587131434	0.205866716265335	0.880397673191548
chr7:36413989:G:A	7	36413989	-0.341681251298516	0.326987589337494	0.296052341239127
chr7:43755241:C:T	7	43755241	-0.331889271331712	0.191365242249639	0.0828606680233863
chr7:44689517:A:G	7	44689517	-0.264599685229737	0.290486215722277	0.362355700294926
chr7:46192346:C:G	7	46192346	0.0857147362946812	0.277345570170047	0.75728050910751
chr7:48301675:T:C	7	48301675	-0.224299947375516	0.222535173451698	0.31348791730118
chr7:51890159:C:T	7	51890159	-0.105181010508848	0.195643162248662	0.590841771722593
chr7:53046603:C:G	7	53046603	-0.0725099604992532	0.221029342584356	0.742869463485591
chr7:55663907:C:A	7	55663907	0.215656565369558	0.217312785501553	0.321012857234621
chr7:56122201:A:G	7	56122201	0.116202913833944	0.204752279940989	0.570354639977971
chr7:67766433:G:A	7	67766433	-0.454034823562321	0.258078407481664	0.0785282234183849
chr7:68433432:T:C	7	68433432	0.164241128482044	0.197255269273585	0.405052079587233
chr7:71020152:T:G	7	71020152	0.0512251209071149	0.284912838036136	0.857315666141442
chr7:71553830:T:C	7	71553830	0.237882459103423	0.240640136024352	0.322888134484867
chr7:78390279:T:G	7	78390279	-0.335675955242354	0.208637207160415	0.107638678430315
chr7:83524616:A:T	7	83524616	0.309273788290079	0.227440811980834	0.173893539511573
chr7:84786535:C:A	7	84786535	-0.143686582872047	0.166404635688805	0.387875235831253
chr7:86620755:G:A	7	86620755	-0.0368043435818426	0.257008652442257	0.886130064849046
chr7:89207269:G:A	7	89207269	-0.0778367490064008	0.254542006556527	0.759763499380992
chr7:91097147:A:G	7	91097147	-0.252684539708491	0.265460566906146	0.341161788700812
chr7:103095283:G:A	7	103095283	-0.101475584878698	0.34665438396264	0.769729756471998
chr7:113434486:A:C	7	113434486	0.108719017740304	0.226965911818556	0.631931275391977
chr7:113749820:G:A	7	113749820	0.131221137126778	0.1754392081681	0.454485567514899
chr7:117145973:C:G	7	117145973	0.217093800270692	0.233630602605941	0.352776034444953
chr7:119808046:G:A	7	119808046	0.161581634412381	0.21485066740285	0.452012062346727
chr7:122582926:C:G	7	122582926	-0.117760522886574	0.252539652159731	0.640997142544335
chr7:124802410:A:T	7	124802410	0.263083142271109	0.199017837936777	0.186199005422641
chr7:131384702:T:A	7	131384702	-0.102383288219883	0.221939614432177	0.644575162018235
chr7:136870573:G:A	7	136870573	-0.0437665201850703	0.297265391526914	0.882950119371985
chr7:142873374:T:C	7	142873374	-0.12519827571832	0.202180519894461	0.535758229948793
chr7:145116884:A:G	7	145116884	-0.0743032487974148	0.2605184698554	0.775480977568337
chr7:149242006:T:C	7	149242006	0.260850445440379	0.215807710794729	0.226771594175526
chr7:153502245:G:A	7	153502245	0.169305742647508	0.194954399303674	0.385154784920852
chr7:153952270:G:A	7	153952270	0.0647334332300214	0.207918868973723	0.755542261953418
chr7:154426289:T:C	7	154426289	-1.50126642273783	0.611092671948193	0.0140222885027713
chr7:156975524:A:T	7	156975524	-0.136479111297846	0.229446301533553	0.551964198640219
chr7:157677820:C:T	7	157677820	0.2092965521383	0.342877785730773	0.541589235425237
chr8:276778:A:T	8	276778	0.274549017278591	0.222621218420585	0.217480161116173
chr8:1102873:G:T	8	1102873	-0.0491818544778843	0.25845048591531	0.849077913094842
chr8:8710521:T:C	8	8710521	0.2837733836938	0.254909208109299	0.265608303763064
chr8:9029509:T:C	8	9029509	0.227954921983928	0.329473573744686	0.489015082309748
chr8:9109096:A:G	8	9109096	-0.134816747473633	0.235977535917797	0.567788313919697
chr8:13032868:C:A	8	13032868	-0.195644033869058	0.311802078544627	0.530356273626712
chr8:20741226:C:T	8	20741226	-0.113982588902817	0.172057709843484	0.507671850353588
chr8:25783762:T:C	8	25783762	-0.0142937191354657	0.27504329092546	0.958553410808443
chr8:27022227:G:T	8	27022227	-0.296864302940258	0.212480150122864	0.162371778094994
chr8:28150898:A:G	8	28150898	0.0412702929815858	0.241713778493572	0.864427940967898
chr8:28528484:G:T	8	28528484	-0.0764532375811605	0.244974653955321	0.754974924819102
chr8:37085597:G:A	8	37085597	-0.142915074660844	0.30931469331846	0.644054226908873
chr8:41788192:C:T	8	41788192	0.485652209047483	0.240840032656396	0.0437484628765316
chr8:53142705:G:A	8	53142705	-0.242806890079042	0.234765262412346	0.301017478485262
chr8:61304314:G:C	8	61304314	0.0486902436348612	0.192738904922095	0.80055970228433
chr8:61926940:A:T	8	61926940	-0.350127694540265	0.175478712324778	0.0460132634823246
chr8:63445672:G:A	8	63445672	-0.346550102855232	0.282215266004293	0.219460594206868
chr8:65343369:C:A	8	65343369	0.38159709132863	0.280899538642168	0.174310650079936
chr8:65418628:G:T	8	65418628	-0.129800597567269	0.186485426564711	0.486406193538922
chr8:71273350:T:A	8	71273350	-0.222162602943518	0.293471623014638	0.449040503866975
chr8:72033005:T:C	8	72033005	0.219643224485326	0.39057733790051	0.573873988036935
chr8:72065200:T:A	8	72065200	0.019241226048994	0.221082422595023	0.930646145867885
chr8:73211475:T:C	8	73211475	-0.0542060803612978	0.205187964550371	0.791643009371987
chr8:86323708:T:C	8	86323708	-0.105260950762762	0.205862485643183	0.609129231631763
chr8:89525432:A:G	8	89525432	-0.343848466120478	0.206779068917854	0.096336760682749
chr8:92001032:A:G	8	92001032	0.0471188898328333	0.202983691656891	0.816435952189757
chr8:92645879:A:G	8	92645879	-0.1350825283589	0.369045706917821	0.714341217383204
chr8:95906161:G:A	8	95906161	0.0409892344652336	0.179749592102904	0.819618874477523
chr8:96365126:C:T	8	96365126	-0.367963430133439	0.177312081547309	0.0379651821363077
chr8:98002322:C:T	8	98002322	0.157855553519355	0.221297976587749	0.475649774680093
chr8:106920372:G:A	8	106920372	-0.663361552957356	0.27777647675794	0.01693514414838
chr8:108142424:A:G	8	108142424	-0.241562659474459	0.16776727598381	0.149904870607871
chr8:109421925:C:T	8	109421925	-0.219010075238371	0.23607323287715	0.353552357270553
chr8:116252872:C:T	8	116252872	0.0854488024669908	0.153896048060377	0.578732464481406
chr8:121384602:C:T	8	121384602	0.322813445312342	0.185053317114113	0.0810833021190414
chr8:127029052:C:T	8	127029052	0.0750090837311683	0.173678084832927	0.665824478092594
chr8:128437247:A:G	8	128437247	-0.225210941111226	0.302136930320452	0.456033797878862
chr8:131315237:G:A	8	131315237	-0.272833704352724	0.206836176773093	0.187141980332137
chr8:135895676:A:T	8	135895676	-0.136662855379131	0.314664134587846	0.664060862386231
chr8:141605122:C:T	8	141605122	-0.147905951673004	0.230663305831833	0.52137968200761
chr9:733358:A:C	9	733358	0.0199538997154418	0.217821407154262	0.927010530134524
chr9:5461379:C:T	9	5461379	0.152809698469853	0.201697930145832	0.448680544328782
chr9:11397008:T:G	9	11397008	0.46969151347025	0.351472790046089	0.181434110331184
chr9:11955148:T:G	9	11955148	0.14859849574842	0.223676839034717	0.506469794404393
chr9:12389360:A:G	9	12389360	-0.110085495432534	0.236125513087819	0.641060888067069
chr9:12615226:G:C	9	12615226	-0.357809445829443	0.193890191953825	0.0649760103602262
chr9:13582959:T:A	9	13582959	0.723535445528454	0.340675025027686	0.0336844579106612
chr9:14098421:G:A	9	14098421	0.0665418450070542	0.223943776239589	0.766362383848492
chr9:18952915:A:G	9	18952915	0.362696769551919	0.187602260603517	0.0531957611454184
chr9:29651949:A:G	9	29651949	-0.0477712590045182	0.227663455051852	0.833798176414912
chr9:32058643:A:T	9	32058643	-0.0533019290312969	0.222650508995115	0.810797529238528
chr9:37013405:C:T	9	37013405	-0.418804544207727	0.189301215006573	0.0269410315281827
chr9:37992585:C:T	9	37992585	-0.0240044393532036	0.227563390806947	0.915991267964501
chr9:76464251:C:G	9	76464251	-0.310005521723714	0.321906072408533	0.335531974431438
chr9:89995415:A:G	9	89995415	0.131220212166235	0.257757476773018	0.610693333128999
chr9:94568472:C:A	9	94568472	-0.0316914008613068	0.200511236687871	0.874415041974702
chr9:96162075:C:T	9	96162075	0.518274374904111	0.208249106656979	0.0128202750509815
chr9:100192956:A:G	9	100192956	0.317240539949884	0.295746886784736	0.283416584398784
chr9:100529836:G:C	9	100529836	0.136151772885536	0.170037989373969	0.423297323438053
chr9:107904127:G:A	9	107904127	0.159795901632538	0.169933212020578	0.347040457084324
chr9:117420412:T:C	9	117420412	-0.0973504492072866	0.198593905987084	0.623993390910346
chr9:117972207:C:A	9	117972207	-0.457066369909512	0.211902248082517	0.0310081572489989
chr9:121356498:A:G	9	121356498	0.026806639865699	0.411762942670907	0.948092693736433
chr9:124044726:T:G	9	124044726	0.0168485102636534	0.231837619437323	0.942065734098634
chr9:125005426:C:T	9	125005426	-0.0267649989164957	0.276400211225602	0.922858047835627
chr9:129533341:A:G	9	129533341	-0.140257032185551	0.241830470027445	0.561927558008981
chr9:136630984:C:T	9	136630984	0.0988243844581956	0.139337644874859	0.478173091578194
chr10:2050300:A:G	10	2050300	-0.291954977928748	0.234807599912662	0.213727986755592
chr10:3113976:C:T	10	3113976	-0.107859274183515	0.211615846522533	0.610266032952554
chr10:4591592:T:C	10	4591592	-0.32452621024842	0.294401790230995	0.270320763426808
chr10:7462546:C:T	10	7462546	0.316837477843581	0.242079002522755	0.190595837537054
chr10:7849544:T:G	10	7849544	0.321937688933396	0.312153098492234	0.30237883526203
chr10:9367893:G:A	10	9367893	0.0617269562142531	0.241030520864981	0.797876697927823
chr10:10628189:C:T	10	10628189	-0.658218944374875	0.295114808698394	0.0257220514630313
chr10:14014383:T:C	10	14014383	-0.140142095157535	0.19919770803177	0.481723855096389
chr10:16341555:C:T	10	16341555	-0.338978589824128	0.254590236362762	0.183035278079218
chr10:27289376:T:C	10	27289376	-0.0552910032638828	0.185070128141509	0.765125433464666
chr10:27674317:A:G	10	27674317	-0.0467790189474334	0.184316013052183	0.799651687938946
chr10:28771902:G:A	10	28771902	-0.0468241235248738	0.215892510404377	0.828296969868679
chr10:28891836:C:T	10	28891836	0.106983082375761	0.220504038563659	0.627552100156634
chr10:30622484:G:A	10	30622484	0.189993888365979	0.330794795061852	0.565727099028982
chr10:35177843:G:T	10	35177843	0.0658858749989861	0.292528222174594	0.821801034375653
chr10:45036473:A:G	10	45036473	-0.173583960945512	0.215183553954015	0.419851695492321
chr10:51560095:T:G	10	51560095	-0.189598387934844	0.21289997804082	0.373169845470437
chr10:54072488:A:G	10	54072488	0.0409026667663227	0.218719664912229	0.851653142877018
chr10:54082016:C:T	10	54082016	-0.0994180282438353	0.271035477696334	0.713762111197023
chr10:55299918:G:C	10	55299918	-0.0948641444912524	0.23202249084538	0.682644211504805
chr10:56747004:T:C	10	56747004	0.680411070302235	0.339753942789847	0.0452139722544083
chr10:57761967:T:C	10	57761967	-0.12821897663405	0.240736580964919	0.594302812631335
chr10:69232402:C:A	10	69232402	0.0620982837262166	0.191644876923564	0.745916924639829
chr10:84591955:C:T	10	84591955	-0.261242952911282	0.334138091596026	0.434307858314232
chr10:84989741:G:A	10	84989741	-0.0605506713800688	0.258469486231651	0.81477830325558
chr10:91053424:A:C	10	91053424	-0.363020873431581	0.220279188235139	0.099351952740253
chr10:93612452:G:A	10	93612452	-0.0138977120610014	0.330886750107602	0.966497569259797
chr10:93671121:T:C	10	93671121	0.271898540696595	0.208137607045081	0.191436863549238
chr10:101249704:C:T	10	101249704	0.449367470608524	0.245007201020634	0.0666392948684073
chr10:102352980:T:C	10	102352980	0.0493450164063228	0.212812063490125	0.81663795230999
chr10:104637359:T:C	10	104637359	0.471560848627665	0.289816634058589	0.103715712048256
chr10:108480456:T:C	10	108480456	0.0376036585354958	0.261373944114691	0.885603762612273
chr10:109264424:C:T	10	109264424	-0.232026374045749	0.316253189038845	0.46314815800557
chr10:111352001:T:G	10	111352001	-0.0751422512324602	0.284036821699672	0.79135530120421
chr10:118828443:C:T	10	118828443	-0.0812765546379853	0.25121292967948	0.746288961722794
chr10:120152982:A:G	10	120152982	0.286019004885882	0.266450710509012	0.283073486078304
chr10:121611573:C:G	10	121611573	0.445899952072351	0.313886538598719	0.15543981080821
chr10:121734173:T:C	10	121734173	0.0656620101007175	0.218272029924501	0.763546802264844
chr10:121910644:T:A	10	121910644	-0.0518062814246161	0.232642641179139	0.823779823792091
chr10:122561189:A:G	10	122561189	-0.245062966163585	0.195423909316496	0.209839431534071
chr10:123750431:C:G	10	123750431	0.109017533681864	0.210375541895662	0.604315657828882
chr10:127533155:T:C	10	127533155	-0.222140012669975	0.193263392496881	0.250384534405589
chr10:129953349:A:G	10	129953349	-0.231647339938241	0.245294301858275	0.344983188479493
chr10:131819683:A:G	10	131819683	-0.293488425515363	0.20869358243078	0.15963130460569
chr10:131953941:A:C	10	131953941	0.0517120826737951	0.269546104368248	0.847860684686021
chr11:388357:C:T	11	388357	0.311567075930973	0.203108791477936	0.12503184537789
chr11:2257707:C:T	11	2257707	0.236172546857317	0.195050800500151	0.225962164535604
chr11:3623903:G:A	11	3623903	0.310511428890009	0.254764359220913	0.222913215292799
chr11:5806222:C:T	11	5806222	0.218776384811287	0.205558135827289	0.287190921459512
chr11:9789492:C:A	11	9789492	-0.244792925713422	0.228992475716819	0.285069730069146
chr11:14569664:T:G	11	14569664	0.440754401501903	0.231994173487045	0.0574526538407744
chr11:36019710:C:A	11	36019710	0.107578688338936	0.195212073903824	0.581574555711226
chr11:39635569:C:T	11	39635569	-0.0363778822011628	0.218299028169909	0.867651400094424
chr11:40512905:C:G	11	40512905	-0.416656645437563	0.376660931252164	0.268646484735163
chr11:41632790:A:T	11	41632790	-0.049816334600836	0.247325102732438	0.840369822574818
chr11:42744986:A:G	11	42744986	-0.397181372413237	0.190237164746179	0.0368138778405059
chr11:43201079:C:T	11	43201079	-0.109668558976779	0.266952809068586	0.681207257422549
chr11:43982585:G:A	11	43982585	0.059123319167781	0.30291835410182	0.845252772645445
chr11:44330300:A:G	11	44330300	-0.112584928504825	0.291370699473085	0.699202253938402
chr11:49875094:A:G	11	49875094	-0.0293873391703656	0.184919467982998	0.87373217028454
chr11:50253126:G:T	11	50253126	-0.0912490487821865	0.240325400929243	0.704175861350284
chr11:55906271:G:A	11	55906271	-0.06478348140627	0.200321791393501	0.746394544403293
chr11:57305789:G:A	11	57305789	-0.00549884611728041	0.19803825633075	0.977848316828679
chr11:58998793:A:C	11	58998793	-0.399580964248628	0.332961509862589	0.230107670944525
chr11:63184971:C:T	11	63184971	0.175693953593402	0.208610740414662	0.399670680476091
chr11:70801858:T:C	11	70801858	0.316496353806468	0.217027130171509	0.144750647081308
chr11:71334794:T:G	11	71334794	0.170734738918426	0.251942141359007	0.497978162879456
chr11:77208574:G:A	11	77208574	0.105382186189035	0.232816322542933	0.650807353606904
chr11:77376654:A:G	11	77376654	-0.166103767904641	0.212648978975235	0.434733586319243
chr11:81783030:C:T	11	81783030	0.236901389309726	0.231783495554279	0.306742805121121
chr11:83962252:C:T	11	83962252	-0.0573959634276889	0.280534164794849	0.837888350565214
chr11:86328783:G:T	11	86328783	0.0854563869167666	0.199649323637729	0.668627503376387
chr11:86644523:C:T	11	86644523	0.248234930171793	0.286345942590787	0.385993679449382
chr11:93046218:A:C	11	93046218	-0.0792186957428959	0.21172770328012	0.708289995914895
chr11:104129521:G:A	11	104129521	-0.537895184674652	0.324558871855497	0.0974564923493939
chr11:110396347:G:A	11	110396347	-0.222842128480588	0.220500112874868	0.312197678684966
chr11:113800784:C:T	11	113800784	-0.314971656688873	0.306329046241432	0.303849415755905
chr11:115616504:A:T	11	115616504	-0.328755484463277	0.252050489825088	0.192123160876144
chr11:119630310:G:A	11	119630310	0.04498203166631	0.247182976232406	0.855599457630458
chr11:123267436:G:A	11	123267436	-0.0382694505878109	0.211350200289755	0.856311629812007
chr11:125907492:T:C	11	125907492	0.453172463109079	0.218992055385179	0.0385127181920442
chr11:126829359:G:A	11	126829359	0.149904769924611	0.283509441972183	0.596980961033381
chr11:130290657:C:T	11	130290657	-0.233823605760721	0.317665342784138	0.461688717773523
chr11:131355535:G:A	11	131355535	-0.0381389838254476	0.214791925519377	0.859066604378363
chr11:133238417:A:G	11	133238417	0.34847982211124	0.215716711396256	0.106213018347565
chr11:134309503:C:T	11	134309503	-0.380114888122607	0.210503038395156	0.0709581213965864
chr12:5192681:C:T	12	5192681	0.175277578922768	0.197188272698597	0.37406521168664
chr12:5448727:G:A	12	5448727	-0.212016109402451	0.265571146044657	0.424673122738211
chr12:6639294:C:T	12	6639294	-0.345017808588128	0.274220754879248	0.208328328687154
chr12:19523028:C:A	12	19523028	0.189855635122377	0.169990652387019	0.264054503964639
chr12:20003679:T:A	12	20003679	0.262046259578569	0.220862379668786	0.23543732826354
chr12:21333090:G:A	12	21333090	0.25938861598776	0.179633230426475	0.148741745092731
chr12:25518059:A:T	12	25518059	0.108708647479393	0.216663661103172	0.615851000997885
chr12:28965843:C:T	12	28965843	-0.161347776747745	0.208597480384925	0.43923326245761
chr12:32086665:A:C	12	32086665	0.0614104826113873	0.201605981772769	0.760665906182742
chr12:48567461:T:G	12	48567461	0.0693303312671354	0.270176696894499	0.797479028516539
chr12:51039498:T:C	12	51039498	0.434526104216088	0.270167943577171	0.107757336788761
chr12:53646626:C:G	12	53646626	-0.0219970035393838	0.329614724854773	0.946792272216128
chr12:53680144:C:A	12	53680144	0.0969960676358505	0.20647267215482	0.638514503690448
chr12:54366280:G:A	12	54366280	0.11299092966406	0.177536001770012	0.524489982168024
chr12:56675083:C:T	12	56675083	0.174800119400081	0.183628326313062	0.341135779591242
chr12:57436134:C:T	12	57436134	0.0619689133275861	0.276484875444655	0.8226551415527
chr12:58724212:C:T	12	58724212	0.0391699688241106	0.265233754506908	0.882594578409472
chr12:59048769:A:C	12	59048769	-0.0966243265423847	0.236888841160967	0.68335524946101
chr12:59226687:C:T	12	59226687	0.0386746036155531	0.282726165058387	0.891195414041071
chr12:63113400:T:C	12	63113400	-0.330328119914135	0.246684849544933	0.180548098958131
chr12:64271340:C:T	12	64271340	-0.0862947064831573	0.300158314039714	0.773731564865922
chr12:64756705:C:T	12	64756705	0.115925428341062	0.180291659927537	0.520231690232578
chr12:67050802:C:T	12	67050802	-0.0561323783642048	0.208188593538224	0.787450506498202
chr12:73909094:G:A	12	73909094	-0.0311092290331451	0.182645072796745	0.864753660059853
chr12:81126959:G:A	12	81126959	-0.000812372071600063	0.190963334050612	0.996605750618289
chr12:83608380:A:G	12	83608380	-0.290699937728127	0.192212001656729	0.130434110519877
chr12:90727178:A:C	12	90727178	0.0638797145447934	0.177517544932034	0.71895920023463
chr12:92596791:C:T	12	92596791	-0.227843684626534	0.247801853973641	0.35785545744224
chr12:95914573:A:T	12	95914573	-0.0960429870001516	0.281955850349141	0.733381165418884
chr12:105967464:T:C	12	105967464	0.00321667284563727	0.232880598592296	0.988979537116308
chr12:109533295:C:T	12	109533295	-0.158310101761151	0.220256912139657	0.472293721634188
chr12:120976632:C:A	12	120976632	-0.297226921088347	0.350355200939992	0.396238175013113
chr12:125875525:T:C	12	125875525	0.109367740856086	0.204986231317295	0.593661898968879
chr12:126449337:A:G	12	126449337	-0.0856169850612307	0.182352058237816	0.638701728490429
chr12:131091094:G:A	12	131091094	-0.42645692615579	0.279406754846995	0.126936597503391
chr13:19545220:A:G	13	19545220	-0.0518377927428898	0.211562109509611	0.806437854135459
chr13:22977365:T:G	13	22977365	0.111368945730018	0.208684209254369	0.593568396972434
chr13:24330599:T:C	13	24330599	-0.44976588572966	0.28531505762804	0.11493749982333
chr13:24623185:A:C	13	24623185	-0.279416331569309	0.194957251374213	0.151795415790429
chr13:25202506:T:G	13	25202506	0.493317018799577	0.302122745435176	0.10250340730774
chr13:26234118:A:T	13	26234118	-0.113961174608959	0.223335502914011	0.609863046321391
chr13:26494236:G:A	13	26494236	0.238786500018542	0.177569923487351	0.178707172788321
chr13:27255876:A:G	13	27255876	-0.273752333811782	0.293759963399494	0.351392740048175
chr13:42909938:A:G	13	42909938	-0.0836811770970935	0.273717215449258	0.759816870515316
chr13:45708351:G:A	13	45708351	0.101239172764174	0.289593382865963	0.726645841283353
chr13:45809177:C:G	13	45809177	0.0559542503911161	0.166315401569395	0.736543185137158
chr13:50558767:A:T	13	50558767	-0.153223609243664	0.395903585516606	0.698739525038031
chr13:58710908:G:A	13	58710908	0.0506366090935238	0.22105975901231	0.818819959378052
chr13:58934154:C:T	13	58934154	-0.0100613239730016	0.179022515141922	0.955181330332137
chr13:70397215:T:C	13	70397215	0.0590017546003925	0.244937895748117	0.809644597539156
chr13:70990050:T:C	13	70990050	-0.192272598344553	0.329007822510363	0.55895035404879
chr13:86776101:G:A	13	86776101	-0.00820058105625791	0.179528694822466	0.963566591137014
chr13:91472230:T:C	13	91472230	0.0772820277202168	0.242565491082643	0.750027782832379
chr13:93235990:C:T	13	93235990	-0.173895430824304	0.269466545948999	0.518711949576136
chr13:96765286:G:A	13	96765286	-0.187530506242737	0.229678371675204	0.414218913707727
chr13:102180181:A:G	13	102180181	-0.0934133742379196	0.198114622325337	0.637275323741703
chr13:106009559:G:C	13	106009559	0.0477173483444755	0.225199317211554	0.832193319931783
chr13:106084136:A:G	13	106084136	0.0370657150493864	0.219087169288914	0.865653094231835
chr13:112716578:T:C	13	112716578	0.0893801353651235	0.279858710781787	0.749441462711146
chr14:21167555:A:G	14	21167555	-0.610831767438549	0.328975086877429	0.0633435827317206
chr14:26929954:A:G	14	26929954	-0.553114670568124	0.233124159346725	0.0176625011123104
chr14:27823594:G:A	14	27823594	0.220734241434606	0.286013157167349	0.440255080505873
chr14:38216062:T:A	14	38216062	-0.112804457008588	0.226193519543104	0.61798529710107
chr14:39925237:C:T	14	39925237	0.272548149202013	0.250298319919052	0.276200966469059
chr14:44446011:A:G	14	44446011	0.121522876373747	0.283394609620645	0.668060386747676
chr14:51426205:T:C	14	51426205	-0.209552001422637	0.239414024766982	0.381426813491892
chr14:52881822:T:G	14	52881822	-0.153248115889162	0.317238707190765	0.629046899145803
chr14:53358297:A:G	14	53358297	-0.0189996792631864	0.184196390440269	0.917844691088704
chr14:56254615:G:A	14	56254615	-0.282336236654478	0.205187348988486	0.168823980388013
chr14:57978070:T:C	14	57978070	-0.276665896221948	0.195919549610731	0.157908647652897
chr14:62445185:T:C	14	62445185	-0.453033414237115	0.214398183154442	0.0345967546804513
chr14:67518615:G:A	14	67518615	-0.0515174162877394	0.233646636324433	0.825487328404996
chr14:68863518:T:G	14	68863518	0.102397027728305	0.258678383690261	0.692218000018452
chr14:77734277:G:A	14	77734277	-0.342743260535269	0.255516724361674	0.179799346967262
chr14:84531019:T:G	14	84531019	0.0183029823138714	0.25152679149452	0.941991113004227
chr14:90804831:C:G	14	90804831	0.00747089003800939	0.267916258709299	0.977753737607414
chr14:91397629:G:T	14	91397629	0.0918356406642574	0.332573718864947	0.782443462855572
chr14:91961156:T:C	14	91961156	-0.0139134501065411	0.20674720118559	0.946345327860735
chr14:92998270:C:G	14	92998270	0.0603638953020286	0.315834172792871	0.848427440655231
chr14:98340169:A:G	14	98340169	-0.0214878099363532	0.199396086836048	0.914182542189106
chr14:100721312:C:T	14	100721312	-0.735188052625537	0.404186067318054	0.068921397046667
chr15:24165057:A:G	15	24165057	-0.286130547190042	0.294414874695539	0.331119344716076
chr15:26353849:A:G	15	26353849	0.246033921174055	0.227518659613461	0.279528518894441
chr15:33665926:A:G	15	33665926	-0.133311894767057	0.285778081760298	0.640866613294439
chr15:34880184:A:T	15	34880184	0.00659960378564479	0.226555023532794	0.976760712443037
chr15:37080410:C:T	15	37080410	-0.194210607347303	0.254811774317884	0.44595686873624
chr15:57522102:A:T	15	57522102	0.282294820020252	0.193585377758436	0.144773151122388
chr15:57590535:T:C	15	57590535	-0.923447174657447	0.410348867884266	0.0244238613962826
chr15:69786285:T:C	15	69786285	0.233760427955575	0.20048319596262	0.243620452301873
chr15:71331250:T:C	15	71331250	0.253539570774313	0.322351401541025	0.431556100678
chr15:76807237:T:C	15	76807237	0.061295742843295	0.2779966564324	0.825488831105994
chr15:77734259:G:A	15	77734259	-0.00323658504669411	0.181312953874064	0.985757862077701
chr15:79750604:G:T	15	79750604	0.0783345794887152	0.195336112069644	0.688402037690092
chr15:81697597:G:A	15	81697597	-0.0643826971814901	0.222778967033297	0.772582835005758
chr15:87989871:C:T	15	87989871	0.0925479711528623	0.197308308415901	0.639032052898979
chr15:88891382:T:C	15	88891382	0.268878843246704	0.20443846419588	0.188440435155669
chr15:94791129:A:G	15	94791129	-0.396640491273055	0.242084338999217	0.101330089775371
chr15:100978492:T:G	15	100978492	-0.173932282498966	0.237108588833753	0.463219759920987
chr16:4957642:T:C	16	4957642	-0.295664686776687	0.202121001376443	0.143519288322926
chr16:5884026:G:T	16	5884026	0.255109357064487	0.245339697963658	0.298423095375138
chr16:6848656:G:A	16	6848656	-0.464439865470611	0.197918266032217	0.0189443325341754
chr16:7909855:G:A	16	7909855	0.335380964487912	0.226519605399457	0.138717860561762
chr16:8273542:C:G	16	8273542	-0.166719456738326	0.20045354053415	0.405571971647902
chr16:12394716:C:T	16	12394716	0.433785220164282	0.219406240772221	0.0480318001632724
chr16:17779668:G:A	16	17779668	0.253699503154889	0.214694376942298	0.237333710529696
chr16:31127124:G:A	16	31127124	0.256450107037145	0.213959993908488	0.23068777586734
chr16:56688556:C:T	16	56688556	-0.118124254872257	0.186160039694546	0.525734557127122
chr16:60324635:A:C	16	60324635	0.269440382773865	0.195155225206439	0.167387671958844
chr16:60499572:C:T	16	60499572	0.250873767808041	0.202781417186698	0.216026389188766
chr16:62273123:C:T	16	62273123	-0.139604566637183	0.181995536233088	0.443035812005835
chr16:65972427:C:T	16	65972427	-0.149409027266863	0.26340056685323	0.570557093430791
chr16:69246420:T:C	16	69246420	-0.0819507480478686	0.24768284044747	0.74074290714848
chr16:71908403:G:A	16	71908403	-0.330326019251688	0.256563579573603	0.197919512216382
chr16:72103328:C:A	16	72103328	0.0498659226286922	0.20552069170465	0.808290390795416
chr16:74837740:A:C	16	74837740	0.132008905762094	0.328664707770965	0.687940001185528
chr16:79886631:C:T	16	79886631	-0.348097326910499	0.321207215497069	0.278490838438228
chr16:81396153:C:A	16	81396153	-0.23198266311282	0.16421591795961	0.157753202215617
chr16:82294878:C:G	16	82294878	0.02162407601897	0.321768550458185	0.946419443408066
chr16:82421890:A:G	16	82421890	0.320310324166667	0.242753326137555	0.18700571186868
chr16:83827178:T:C	16	83827178	-0.0121763111210706	0.224830039480048	0.956809403730312
chr16:89331863:A:T	16	89331863	0.0821896051805776	0.213564588020402	0.700351072714104
chr16:89337630:T:C	16	89337630	0.0591071318963557	0.234324531591637	0.800851893863779
chr16:89479873:T:G	16	89479873	0.0835823533163329	0.259331780652354	0.747226249804038
chr16:90035976:C:A	16	90035976	-0.369463571215563	0.213795528400526	0.0839673474563858
chr17:2489248:C:G	17	2489248	0.280017746813217	0.220414103913312	0.203936256603679
chr17:4147521:T:C	17	4147521	0.299880572508871	0.238009331006613	0.207686314785735
chr17:6949267:T:C	17	6949267	0.330149406653899	0.243696113519152	0.175494479395342
chr17:7929448:A:G	17	7929448	0.251913463004695	0.164237274279811	0.125069376010383
chr17:12174148:T:C	17	12174148	-0.324352098401741	0.323993659524579	0.316775412585656
chr17:14402381:C:T	17	14402381	-0.115230132083055	0.367511815820504	0.753869449303075
chr17:15219976:C:T	17	15219976	-0.260770745733587	0.18239707873899	0.152806851897756
chr17:16482403:T:A	17	16482403	-0.0660179027163711	0.205316111949628	0.747799137711478
chr17:18684803:A:G	17	18684803	-0.21017071231181	0.200056967523639	0.293463328466858
chr17:20040710:T:C	17	20040710	0.321444674715718	0.2293791722787	0.161104000492058
chr17:21275023:A:C	17	21275023	-0.129724176121508	0.217353265130871	0.550617117297077
chr17:30609729:C:T	17	30609729	-0.0229431964492231	0.301307146298214	0.939303306729889
chr17:31554254:C:T	17	31554254	-0.891511767035126	0.360424257445964	0.0133794345837444
chr17:33472425:T:G	17	33472425	0.150201852387934	0.255742836395434	0.556991516499293
chr17:44156671:T:A	17	44156671	-0.117587347317425	0.181353877374777	0.516735208253747
chr17:45754773:C:T	17	45754773	0.20879842996902	0.279101069724519	0.454393532609205
chr17:48779278:C:T	17	48779278	0.262806638793632	0.224611571308115	0.241981081364234
chr17:52703044:C:G	17	52703044	0.108756819676552	0.28930453277086	0.706972620220845
chr17:53282498:G:T	17	53282498	0.417901324193593	0.299614068271303	0.163076539704302
chr17:58411807:C:T	17	58411807	-0.267737005693425	0.278089009616444	0.335660702957973
chr17:61409438:A:G	17	61409438	0.0502843057023406	0.172082308516782	0.770125469437391
chr17:66262233:G:T	17	66262233	-0.27287027838376	0.211545712543357	0.197089543999442
chr17:66751216:C:T	17	66751216	0.229398807103894	0.213231787369458	0.282008215567221
chr17:66971178:A:G	17	66971178	0.205608935352959	0.262238499551387	0.433008893320666
chr17:68771033:G:A	17	68771033	-0.18948955926224	0.214443062625556	0.376892866944177
chr17:69081332:C:T	17	69081332	0.269819976755042	0.247280721930604	0.275207566155121
chr17:69213412:T:C	17	69213412	0.206841560923441	0.23163700611694	0.371880952232842
chr17:72829246:G:A	17	72829246	-0.352157872453378	0.263697572718747	0.181725451558844
chr17:73506492:C:T	17	73506492	-0.199865231305175	0.259316834610825	0.440862488238734
chr17:75360149:C:G	17	75360149	0.0841889562399994	0.281811762834228	0.765137052832194
chr17:77625920:A:T	17	77625920	-0.383828293830773	0.337013701718005	0.254740670995733
chr18:1137045:A:T	18	1137045	-0.0716374711915314	0.174946786478018	0.682186346228649
chr18:4080016:T:A	18	4080016	0.506851116167728	0.310002277160691	0.102050810548528
chr18:8920896:G:C	18	8920896	0.26401775339678	0.268181357006792	0.324882178996024
chr18:9609299:C:T	18	9609299	0.0979390626136569	0.241654080961084	0.685267153901657
chr18:10572326:C:T	18	10572326	0.0681575920797035	0.246915309404309	0.782520174189957
chr18:11017906:C:T	18	11017906	-0.107935001770364	0.197900318256988	0.585477856045722
chr18:14686017:A:G	18	14686017	-0.100758634787153	0.266622604050156	0.705499441537225
chr18:14895123:C:T	18	14895123	0.200642926157535	0.233821240553416	0.390835075765015
chr18:30059135:A:G	18	30059135	-0.478782982788102	0.184017073671724	0.00927251014878006
chr18:32490781:T:C	18	32490781	0.265282180867868	0.27516429142652	0.335002556360726
chr18:36255061:C:A	18	36255061	0.000107450681863629	0.247586262768344	0.999653723771033
chr18:42762909:A:C	18	42762909	-0.140099940812522	0.190192982619982	0.461353513905311
chr18:45461168:C:T	18	45461168	-0.0243836602363335	0.22983645954971	0.915509874239344
chr18:49146783:T:G	18	49146783	0.0951393585766654	0.235937186074282	0.686771527552085
chr18:49872731:C:G	18	49872731	0.320099753279864	0.24106349758407	0.184222747315802
chr18:50485733:T:C	18	50485733	0.0327247544397535	0.274100438909179	0.904966663716578
chr18:59256389:C:T	18	59256389	0.026221289424146	0.194972702951332	0.893017508359231
chr18:62622293:T:A	18	62622293	-0.168931262099917	0.259302013009717	0.514733730225601
chr18:62998306:G:A	18	62998306	-0.170315029693882	0.21157390585069	0.420825037979398
chr18:66103927:C:T	18	66103927	0.139273764288187	0.185665716982779	0.45317531000635
chr18:66206557:C:T	18	66206557	-0.23424075040911	0.263023675929022	0.373160398691782
chr18:68001558:G:A	18	68001558	0.017389452063421	0.192604923359154	0.928060258844682
chr18:71730181:C:T	18	71730181	0.374809168809893	0.213517953345238	0.0791911094031397
chr18:72912108:T:C	18	72912108	0.178972800200741	0.228149945489753	0.432774630107103
chr18:73248491:G:A	18	73248491	-0.0825515885600972	0.242942476993232	0.734007969795867
chr19:2907557:G:A	19	2907557	0.151466199643093	0.230413357416483	0.510944791858727
chr19:16021187:G:A	19	16021187	-0.355387445024366	0.261201578887863	0.173644275526474
chr19:17584922:G:A	19	17584922	-0.683346957492678	0.244627831058945	0.00521547965233826
chr19:18704666:C:T	19	18704666	0.349236969291616	0.27777748428193	0.208661523859933
chr19:18737022:C:T	19	18737022	0.287957774582238	0.19467989575855	0.139104337779253
chr19:18805179:A:G	19	18805179	0.213132387569968	0.213135586271278	0.317317770825378
chr19:21560366:G:T	19	21560366	0.348389607341244	0.210585548944184	0.0980492795052185
chr19:21659434:G:C	19	21659434	-0.183658282711904	0.235622640968423	0.435709143961224
chr19:33474662:T:C	19	33474662	-0.13712691678	0.190723666988818	0.472151902988035
chr19:37956680:C:T	19	37956680	0.166003108865382	0.225144137639595	0.460928222669744
chr19:38120117:A:T	19	38120117	-0.115515912002814	0.279695674931261	0.679602427136257
chr19:44380983:T:C	19	44380983	0.232509056605934	0.201971721611042	0.249651572616814
chr19:44819986:A:G	19	44819986	0.215802175967438	0.211735610331843	0.308105242653817
chr19:48685001:C:T	19	48685001	0.192469062604029	0.241788202603752	0.426018445468778
chr19:51552139:T:A	19	51552139	-0.0382578880837903	0.223811506077573	0.864272527737714
chr19:52714810:C:T	19	52714810	-0.339626477989144	0.225071404855643	0.131305904239283
chr19:53330671:T:C	19	53330671	-0.494182197543952	0.24371632243704	0.0425914578809603
chr19:54944544:G:A	19	54944544	0.0589049801330816	0.317540126743102	0.852833702511741
chr19:57195010:G:C	19	57195010	-0.386807333882988	0.336886676757904	0.250893296807898
chr20:1709120:A:G	20	1709120	0.188917280948819	0.231926566358816	0.415326246411729
chr20:1735934:T:G	20	1735934	-0.241064330050353	0.220958621485701	0.275275921489808
chr20:1906500:G:T	20	1906500	0.231407942277935	0.207100537043854	0.263836125385022
chr20:3649460:G:A	20	3649460	0.325822624472579	0.216516625454576	0.132365519015054
chr20:5407753:C:T	20	5407753	0.596478597979187	0.219272165386466	0.00652294372091433
chr20:5860313:T:C	20	5860313	0.13419698699771	0.278156819639114	0.629485723703234
chr20:7000966:A:C	20	7000966	-0.35232627688728	0.291078449658493	0.226118957345976
chr20:12129436:G:A	20	12129436	0.191718997814471	0.208564601197479	0.357974882840006
chr20:31347432:T:C	20	31347432	0.0700768301989466	0.197289066580885	0.722440699738072
chr20:37593342:C:T	20	37593342	0.0987254484563066	0.222803252974932	0.657689097201061
chr20:38200488:G:A	20	38200488	-0.417619586514292	0.185269001560665	0.0241882719331271
chr20:38350608:A:G	20	38350608	-0.0669989204350848	0.253997596279116	0.791951162308182
chr20:45729681:A:G	20	45729681	-0.038617539690103	0.191346578413329	0.840057554884801
chr20:48501317:C:T	20	48501317	0.509078716142432	0.211037032540484	0.0158534512271032
chr20:49036824:T:G	20	49036824	0.250431583097105	0.229847016620795	0.275908031922847
chr20:50371082:C:T	20	50371082	0.155336769424918	0.224190829991866	0.48838646554495
chr20:54253971:A:G	20	54253971	-0.0894319179454707	0.223595492925915	0.689177201132071
chr20:58480201:T:G	20	58480201	-0.141860038743795	0.201775263042546	0.482018598508451
chr20:60073360:C:T	20	60073360	-0.506431901146594	0.237616173385987	0.0330642442279325
chr21:15297615:T:C	21	15297615	0.355398595264153	0.238555445663033	0.136278272912532
chr21:15686888:A:G	21	15686888	-0.0545810239543273	0.266332780698272	0.837622570519033
chr21:24026351:C:T	21	24026351	0.0453651708458368	0.197894029248805	0.818682606303051
chr21:26647335:G:C	21	26647335	0.104880735378228	0.201066565842267	0.601933573083723
chr21:28043199:C:G	21	28043199	0.152199951684169	0.275410206048221	0.580516771343464
chr21:31885030:A:G	21	31885030	-0.19800739350899	0.206370569133814	0.337319528353943
chr21:35502622:A:T	21	35502622	-0.157738071124011	0.287220444221938	0.582876319736689
chr21:36306638:T:G	21	36306638	-0.371014575361438	0.201873890271551	0.0660840397891187
chr21:41442549:G:A	21	41442549	-0.0195887273319069	0.229908984630553	0.932100724441187
chr22:20147688:T:C	22	20147688	0.229349072582559	0.280255332339853	0.413153042417483
chr22:23891985:A:G	22	23891985	0.00637705160437491	0.302693101583142	0.983191639907646
chr22:24245985:G:T	22	24245985	-0.0544562201267528	0.251772609739009	0.828760705454959
chr22:30662128:G:A	22	30662128	0.0756697135041497	0.223259396227791	0.734661092769688
chr22:36977479:G:A	22	36977479	-0.376441879098295	0.328241882328111	0.251446546625079
chr22:42475109:T:G	22	42475109	0.0194838477884743	0.207135746778077	0.925058965866715
chr22:44719519:A:G	22	44719519	0.0377726425770943	0.2512093968123	0.880478092748925
chr22:45210278:T:C	22	45210278	-0.0163329846212608	0.20028834758232	0.935006667841028
chr22:48785864:A:G	22	48785864	0.0895538490936126	0.310657368038181	0.773138468875267
chr22:49668266:A:G	22	49668266	-0.0661194196304823	0.294394006967916	0.822294361196625
