SNP	CHR	POS	est	stderr	pval
chr1:1837340:C:T	1	1837340	0.151833760108716	0.123479116331323	0.218835283135911
chr1:2261200:G:C	1	2261200	0.225228614857577	0.144084747231396	0.118013168429442
chr1:14678191:A:C	1	14678191	-0.123937814081592	0.142356087919496	0.383962605547532
chr1:14985097:C:T	1	14985097	-0.0359362279069593	0.28564950251559	0.899886028170728
chr1:15065941:C:T	1	15065941	0.0465147880368657	0.22473992176918	0.83603201438707
chr1:20215506:G:C	1	20215506	0.106792811163064	0.121604436961568	0.379836108388783
chr1:20533654:G:C	1	20533654	-0.481691210052177	0.243712457897707	0.0481011763554119
chr1:22009627:T:C	1	22009627	-0.0902008722306664	0.171451293629468	0.59881732394667
chr1:22126221:C:T	1	22126221	0.286928082582483	0.121988968117288	0.0186686480542876
chr1:23180575:A:G	1	23180575	0.014593598657855	0.11328246917597	0.897496231026148
chr1:26058659:G:C	1	26058659	-0.495253264564939	0.183803663839426	0.00705008956551945
chr1:26181362:A:G	1	26181362	0.316868754102216	0.276602615923772	0.251971476853689
chr1:26848285:C:T	1	26848285	-0.331782854637393	0.391157279191685	0.396321970224314
chr1:28670719:C:T	1	28670719	-0.0787267552868912	0.122890192178043	0.521765158118833
chr1:29753056:A:C	1	29753056	0.145864154080744	0.158512380505234	0.357464755367661
chr1:29908726:A:G	1	29908726	0.00812583049135341	0.148095938472825	0.956243074149182
chr1:31886486:G:T	1	31886486	0.221841554672134	0.146290323408028	0.129406305954707
chr1:37838865:C:T	1	37838865	0.168530711277503	0.145709376266212	0.24742671465888
chr1:39880059:T:C	1	39880059	-0.0569029657703672	0.126695322094813	0.653336196336729
chr1:41175014:G:A	1	41175014	0.110270079101079	0.158779944800825	0.487378937034734
chr1:41597921:C:T	1	41597921	0.00757469336490279	0.26723211182167	0.977386992714659
chr1:42635725:A:G	1	42635725	0.298938389001263	0.197908611177554	0.130919198103859
chr1:43202709:G:A	1	43202709	-0.238191163156979	0.19893151795689	0.231169164377715
chr1:47498869:G:A	1	47498869	0.148214732226767	0.145876254102004	0.309614833868702
chr1:51034150:G:A	1	51034150	-0.237966231267306	0.226420655495002	0.293262398578802
chr1:54900240:G:A	1	54900240	-0.0627848689602507	0.130897146930023	0.631476001814908
chr1:55459433:C:T	1	55459433	-0.0959939208548627	0.206485834958689	0.642007731298615
chr1:56563907:C:T	1	56563907	-0.192941512932775	0.41618237652425	0.64293545085167
chr1:65351414:T:A	1	65351414	-0.242033295743473	0.135498625569808	0.0740601313981121
chr1:66254178:T:A	1	66254178	0.081213499177981	0.177322886304571	0.646953992013062
chr1:73302339:T:C	1	73302339	0.0359365866310186	0.140507502480031	0.798134030895471
chr1:73563666:T:C	1	73563666	0.0773480844837802	0.216556946375082	0.72096302240947
chr1:76062379:T:C	1	76062379	-0.0186789345213695	0.113952731898666	0.86979548531727
chr1:86928231:G:T	1	86928231	0.0257613227186575	0.13761031382771	0.851499996334114
chr1:88611347:G:A	1	88611347	-0.466035128783935	0.188935479025902	0.0136388774067352
chr1:91057167:C:A	1	91057167	0.158467053373313	0.146123510984032	0.278154977222234
chr1:91093925:G:A	1	91093925	-0.522477487373012	0.218472845899444	0.0167797516669481
chr1:92475800:A:G	1	92475800	-0.163486754421328	0.12217183650738	0.180840844867779
chr1:94752415:G:A	1	94752415	-0.249829243436723	0.229082352162508	0.275464244993206
chr1:95614324:G:A	1	95614324	0.408209798627311	0.171774460466354	0.0174811282289219
chr1:99691102:T:C	1	99691102	0.364114252738774	0.139994865531398	0.00929764418978873
chr1:104937367:T:A	1	104937367	-0.0242722406562541	0.123879968593422	0.844662185704759
chr1:115841221:A:T	1	115841221	-0.119813248505292	0.267550603232352	0.654286514312509
chr1:153704237:C:A	1	153704237	0.421182166460365	0.149487895578305	0.00483990938410817
chr1:155857667:G:T	1	155857667	0.285676697334978	0.217486775840496	0.189002417391889
chr1:157334223:T:C	1	157334223	-0.247944272329801	0.446323022154859	0.578534580274164
chr1:159540226:C:T	1	159540226	-0.0934760587684729	0.204053976202006	0.646884358061714
chr1:165647351:T:C	1	165647351	0.1439915073031	0.138400193258558	0.298154282113684
chr1:167545338:A:T	1	167545338	0.1449942861935	0.297860292548718	0.626409836004006
chr1:168863629:G:A	1	168863629	-0.150231033670619	0.192073150484618	0.434123307507925
chr1:171350391:G:A	1	171350391	-0.117051859770977	0.171846234802458	0.495781011380644
chr1:173013575:C:G	1	173013575	0.0398616278560697	0.160526588539665	0.803888438424704
chr1:178947344:C:A	1	178947344	0.149990401735025	0.157299920820604	0.34032093315475
chr1:182872646:T:G	1	182872646	-0.667568578544251	0.656179139969692	0.308983530442165
chr1:185127444:C:G	1	185127444	0.467089241924964	0.209402021021423	0.0257085569502994
chr1:185619557:C:T	1	185619557	0.156755879087104	0.236138410971403	0.506798803284882
chr1:186638909:G:T	1	186638909	-0.385854109280669	0.27585513709012	0.161886076645766
chr1:188272062:T:C	1	188272062	0.190526068581768	0.167532437555319	0.255434279281914
chr1:193365737:C:T	1	193365737	-0.00955470628479107	0.102301516225646	0.925587773263562
chr1:193791070:G:T	1	193791070	-0.0153447570056722	0.254669280602146	0.951953606434244
chr1:195033388:T:C	1	195033388	0.226496907330138	0.172451969397864	0.189051145059959
chr1:195907914:A:G	1	195907914	0.117793262326211	0.15743681033889	0.454343205280628
chr1:196692375:G:C	1	196692375	0.112041488302355	0.118820673381404	0.345708482986737
chr1:197559019:A:G	1	197559019	0.0227443623628572	0.188090669798458	0.903752553824802
chr1:199160726:G:A	1	199160726	0.0979064725370593	0.162747099470388	0.547449357696601
chr1:204277152:T:C	1	204277152	0.105592774348354	0.148374026809692	0.476671525606877
chr1:207498131:C:T	1	207498131	0.0746342984686317	0.158113605920118	0.63690567755994
chr1:208744577:C:T	1	208744577	0.106481904893503	0.163166682737313	0.514016842421591
chr1:210496535:G:A	1	210496535	-0.334406078475711	0.279384453489145	0.231330429173051
chr1:212937214:T:G	1	212937214	-0.00817163444778527	0.116656318552746	0.944154822851503
chr1:219750864:A:G	1	219750864	-0.00725837309179578	0.130367018424617	0.955599558685128
chr1:221920463:G:A	1	221920463	-0.0530708592025388	0.172333459780548	0.758116977695151
chr1:227462684:A:G	1	227462684	-0.534563198041961	0.241646157371269	0.0269546870465075
chr1:234456961:G:A	1	234456961	0.261281744139626	0.164323165819802	0.111823954335818
chr1:237308322:A:G	1	237308322	0.109196247595164	0.155005505593955	0.481142057954863
chr1:239000642:T:C	1	239000642	0.380228908425386	0.249598101289269	0.127667516721544
chr1:242239801:C:T	1	242239801	-0.16009618781308	0.252303498683886	0.525729697122976
chr1:244583991:C:T	1	244583991	0.00180286660549024	0.13635167023942	0.989450532477354
chr1:246213578:G:A	1	246213578	0.0784785202564895	0.398331294842466	0.843813284485447
chr1:247190028:T:C	1	247190028	0.141148858462608	0.197780580180009	0.475435039589531
chr1:247897239:C:T	1	247897239	-0.273813661601437	0.289680656210917	0.344543554755515
chr2:3248328:A:G	2	3248328	0.0133863128230827	0.145911773099349	0.926902618859863
chr2:4505759:T:G	2	4505759	-0.446166451607551	0.332290879104623	0.17936963361374
chr2:6804400:G:A	2	6804400	0.151388874748361	0.150322445728748	0.313889471316537
chr2:9411790:A:C	2	9411790	-0.0167236218042972	0.167177080449679	0.920316241719726
chr2:12096367:C:T	2	12096367	0.145696770033909	0.15465122311507	0.346141931980897
chr2:13545005:C:T	2	13545005	-0.0253661372046948	0.167112503729084	0.879351954759981
chr2:16009716:A:G	2	16009716	-0.135703163983557	0.0954279116869762	0.15501203394727
chr2:16367899:A:T	2	16367899	-0.044857011423009	0.130345983644354	0.730742475771659
chr2:17630111:A:C	2	17630111	0.209397783960404	0.167483209990808	0.21120409282859
chr2:17928966:C:G	2	17928966	0.00639013429962415	0.164467641753183	0.969007234866977
chr2:18261494:A:T	2	18261494	-0.0190019993379825	0.134581196577106	0.887717027121897
chr2:19530615:T:C	2	19530615	-0.225431292538387	0.131261727908964	0.0859027718458559
chr2:19562158:T:C	2	19562158	-0.137568185085984	0.208677062483456	0.509741915635739
chr2:27383116:G:A	2	27383116	-0.0100783678968023	0.126028281414726	0.936261834027916
chr2:37762298:C:T	2	37762298	-0.0124356371691352	0.173152821485492	0.942746068411951
chr2:42010994:T:A	2	42010994	0.241400640292125	0.146576581310111	0.0995734567999261
chr2:45824390:C:G	2	45824390	-0.214325613981542	0.179069024004148	0.231350107581052
chr2:46742820:T:C	2	46742820	-0.286796764705692	0.294769363660258	0.33057661459902
chr2:49789441:T:C	2	49789441	-0.0731776989457917	0.148925416599541	0.623163748215442
chr2:49994518:G:A	2	49994518	0.083930837217993	0.130027241707654	0.518611923861171
chr2:51284042:G:A	2	51284042	0.0136301596569132	0.143278328748534	0.924211058209589
chr2:51344078:G:A	2	51344078	0.0658209828584681	0.121318755800971	0.587442557068691
chr2:57278002:C:A	2	57278002	-0.168327463718491	0.160661700732566	0.294770537089894
chr2:57368273:A:G	2	57368273	-0.204176607478253	0.180556667345822	0.258131986605645
chr2:60075157:T:C	2	60075157	-0.0683385073345668	0.198883982092423	0.731139670376163
chr2:60373837:A:G	2	60373837	-0.177310234358788	0.216858521367787	0.413567961118255
chr2:61147014:T:C	2	61147014	-0.312958977778023	0.166692546694591	0.0604547550803002
chr2:61693274:A:G	2	61693274	-0.168377516415496	0.142886597644845	0.238637317857771
chr2:65295480:C:T	2	65295480	-0.0668721576285489	0.207559601732538	0.747314126463069
chr2:66031496:T:C	2	66031496	-0.0217935776663278	0.141045521689914	0.877204082491224
chr2:69165635:T:C	2	69165635	0.138326558390526	0.167254165168246	0.408212107278907
chr2:71204755:G:A	2	71204755	-0.26555334656963	0.311337218936915	0.393690121663527
chr2:72022684:A:G	2	72022684	0.0070925428164821	0.146261857820413	0.96132407023549
chr2:76651386:C:A	2	76651386	0.366937192301005	0.142188733062966	0.00986188469699067
chr2:79784490:C:G	2	79784490	0.000315481784471779	0.172023400464998	0.998536722891995
chr2:82619301:T:C	2	82619301	-0.107932402971242	0.249575085135205	0.665403735962646
chr2:83181917:T:C	2	83181917	-0.837657768145801	0.678088578042523	0.216710672827318
chr2:83400799:T:A	2	83400799	-0.426958993698109	0.341096971233186	0.210670741853389
chr2:85744328:G:A	2	85744328	-0.107025476260064	0.163458704984316	0.512625224538021
chr2:85757440:T:A	2	85757440	0.130728853967099	0.118319203875159	0.269210373700347
chr2:99811694:T:C	2	99811694	0.189744453836458	0.131221666520236	0.148181639128951
chr2:101228073:A:C	2	101228073	-0.119161766564065	0.15591014304464	0.444689844897982
chr2:106861882:T:C	2	106861882	-0.164835548676714	0.264008084956188	0.532392529228246
chr2:108083619:T:C	2	108083619	-0.149753727294236	0.127259445047078	0.239291617285461
chr2:114129906:T:C	2	114129906	0.277807147085817	0.295201091768869	0.346665072656878
chr2:118004610:C:T	2	118004610	-0.128763508044859	0.149476440180861	0.389001192131753
chr2:119455921:A:G	2	119455921	0.0377453011161433	0.140674749027384	0.788456008484548
chr2:120644763:G:A	2	120644763	0.166411950961941	0.104646534467089	0.111783202147176
chr2:120916837:A:G	2	120916837	0.125042061971605	0.128944603071006	0.332178726150652
chr2:122628686:C:A	2	122628686	0.16970324894277	0.182887850082343	0.353454869495897
chr2:122629789:A:C	2	122629789	0.164440833600485	0.166825116893469	0.324276477698867
chr2:126391403:A:G	2	126391403	-0.298566025863212	0.261167018977732	0.252955737487873
chr2:127192867:G:A	2	127192867	0.285646666333951	0.144331746160837	0.0478049766052724
chr2:130915743:C:T	2	130915743	0.0567006701079066	0.124309522627323	0.648300156734971
chr2:136107122:C:T	2	136107122	-0.194377070479879	0.282743115129499	0.491787354398543
chr2:136507185:G:C	2	136507185	0.0247212923157394	0.115601722075287	0.830664949501784
chr2:141023592:C:T	2	141023592	0.221228585464263	0.15144735593665	0.14408068981114
chr2:143017176:T:C	2	143017176	0.26193150452573	0.19303922538008	0.174818617648206
chr2:143920023:G:T	2	143920023	0.108033200993715	0.193943967885401	0.577504844828379
chr2:144729333:C:T	2	144729333	-0.294007237764071	0.156735624760469	0.060680510677667
chr2:148561010:G:C	2	148561010	-0.292736011000793	0.237689253384221	0.218101801212394
chr2:154835349:G:T	2	154835349	0.141404122941861	0.2445780042215	0.563159126728511
chr2:164974626:C:A	2	164974626	-0.121753450699498	0.226150253626208	0.590318768579431
chr2:167086954:T:G	2	167086954	0.202884772584529	0.111207513740507	0.0680946316989013
chr2:167199229:C:T	2	167199229	-0.290895357958362	0.322129381384611	0.366505256804135
chr2:167657344:C:T	2	167657344	-0.519946238426993	0.250289100518243	0.0377662549370957
chr2:167884398:C:T	2	167884398	-0.305081801912629	0.22572399593286	0.176512883355011
chr2:168647356:T:G	2	168647356	0.269057286063759	0.174001731722929	0.122034340199032
chr2:170041677:A:G	2	170041677	0.158171232827255	0.139800889859171	0.257885248676732
chr2:171274449:C:A	2	171274449	0.234144508878354	0.198761947305705	0.238790719523725
chr2:177787584:G:A	2	177787584	-0.0169416510701623	0.163147625466767	0.917294368932573
chr2:179648558:C:T	2	179648558	0.199234266831287	0.17505022395053	0.255055814987398
chr2:180833197:G:A	2	180833197	0.422201607700816	0.322576607804896	0.190588091802046
chr2:183527028:C:T	2	183527028	0.025760221171752	0.257172832612179	0.920211775126133
chr2:184516924:T:A	2	184516924	-0.0914114349905604	0.138509144442775	0.509275143448847
chr2:191922008:C:T	2	191922008	-0.0950739367657084	0.285761485548382	0.739357868600191
chr2:195817951:G:C	2	195817951	0.360297552452243	0.202836830719667	0.0756847095634164
chr2:197010424:G:A	2	197010424	-0.23542015494947	0.19165178508492	0.219306436846363
chr2:209101337:G:A	2	209101337	0.0979804765045827	0.149865566775711	0.513247679232956
chr2:209103516:A:G	2	209103516	0.092176588885401	0.151195662417166	0.542093010828648
chr2:210957182:G:A	2	210957182	-0.0618382533238522	0.188104107182594	0.742348564111127
chr2:214802180:T:C	2	214802180	0.238813881698986	0.160107233566824	0.135807426154767
chr2:215209936:A:G	2	215209936	-0.258251709082752	0.216373477222937	0.23265558842048
chr2:215367000:G:A	2	215367000	-0.141254382641427	0.293171207172289	0.629937136506639
chr2:220997842:C:T	2	220997842	-0.0551267871741739	0.14931483682997	0.711979906682192
chr2:226027918:G:A	2	226027918	0.171417362415789	0.162618171328121	0.291832778384525
chr2:228947684:G:A	2	228947684	-0.160142443851654	0.218355301515205	0.463312640248672
chr2:233152507:T:C	2	233152507	0.102147657888043	0.160290889215027	0.523952714638198
chr2:235620294:A:T	2	235620294	0.203536941799445	0.142032504133053	0.151849058101513
chr2:237288548:A:G	2	237288548	-0.334975296792607	0.125031798910272	0.0073815751813856
chr2:237513585:T:C	2	237513585	0.182759020643092	0.177565001555064	0.30336156984723
chr2:237920759:T:G	2	237920759	-0.0173519462272838	0.146540596326122	0.905742401398715
chr2:240429648:C:T	2	240429648	-0.0864755143861224	0.116981882618213	0.459772550854363
chr3:9841346:T:C	3	9841346	0.179161916258205	0.320122574400699	0.575706860882215
chr3:10127208:T:G	3	10127208	-0.30574964530023	0.202743825449315	0.131539434165588
chr3:14082905:A:G	3	14082905	-0.0793754586776824	0.123978347356351	0.522018880215551
chr3:16798495:T:G	3	16798495	-0.0729831656695261	0.177913738295087	0.681647077759784
chr3:18882818:T:C	3	18882818	-0.0890613932331531	0.14382315557068	0.535756696401542
chr3:20179943:G:A	3	20179943	-0.202652864146244	0.18733174326517	0.279347612413054
chr3:22245167:A:G	3	22245167	0.301202350039062	0.144173705942037	0.03669306654938
chr3:24009496:G:A	3	24009496	-0.0360136901111218	0.170762487442513	0.832965845594169
chr3:24010534:C:T	3	24010534	-0.0940522315038315	0.215223342048995	0.662112591336961
chr3:33111016:C:A	3	33111016	-0.175783534923789	0.259051861413149	0.497413504699145
chr3:33421913:A:G	3	33421913	0.239538670063266	0.116881659275127	0.0404218490272673
chr3:34471110:A:G	3	34471110	0.0626184419605866	0.0985718335520224	0.525260848351508
chr3:34498029:C:T	3	34498029	0.1327387572824	0.224181772310032	0.553781446849706
chr3:35230331:G:A	3	35230331	0.179686226663515	0.155780287581495	0.248721900048758
chr3:41413926:T:C	3	41413926	-0.207231361632532	0.139979443602234	0.138755491929851
chr3:42098050:T:C	3	42098050	-0.000867960074557631	0.131133095960115	0.994718900814555
chr3:46489654:A:G	3	46489654	-0.123740917284272	0.168210678690358	0.461955553844222
chr3:56959175:A:G	3	56959175	0.384083239981325	0.253101917153554	0.129139416282365
chr3:64441608:G:A	3	64441608	-0.227489979966394	0.162765209755505	0.162216009296115
chr3:66150510:T:A	3	66150510	0.205133866792996	0.186811512536607	0.272169835642241
chr3:66995763:G:T	3	66995763	0.121129878317825	0.135515789840142	0.371405747941599
chr3:68498445:T:C	3	68498445	-0.220267433259471	0.152827088857028	0.149504104683806
chr3:68824246:G:A	3	68824246	-0.0298169430913846	0.123557306430984	0.809306522122946
chr3:69021248:A:C	3	69021248	-0.212489265213647	0.167341314530825	0.204157447759254
chr3:69617754:T:G	3	69617754	-0.299374627368404	0.146066862597188	0.0404061645141092
chr3:74191731:G:A	3	74191731	-0.419675423500779	0.228375243451678	0.0661129259438699
chr3:74732240:G:A	3	74732240	-0.16266040745865	0.119836785570788	0.174670168873241
chr3:75709324:A:T	3	75709324	0.074066535033527	0.136356487969473	0.587003765580761
chr3:84465702:T:C	3	84465702	0.0834109865003656	0.136371178979983	0.540771509517482
chr3:84817748:G:A	3	84817748	0.0813195425703069	0.168045848033317	0.628447731711504
chr3:85705423:A:G	3	85705423	-0.0145378473934836	0.131640868224549	0.912063866088547
chr3:88069353:C:T	3	88069353	0.237687640605766	0.155570367200735	0.126550654649236
chr3:93986190:G:A	3	93986190	-0.143845808569074	0.193692520347079	0.457693426201226
chr3:101022648:G:A	3	101022648	-0.0374650917215917	0.166574561747302	0.822045520580871
chr3:105622159:T:C	3	105622159	-0.0365507618895685	0.258493173067282	0.887554482287652
chr3:106664728:C:T	3	106664728	0.27539779234477	0.146656397256172	0.0604025494602624
chr3:110774699:C:T	3	110774699	0.127937813223139	0.140631410297094	0.362960416408704
chr3:113428518:G:A	3	113428518	-0.0911636647997858	0.133458609272038	0.494552703880285
chr3:121058963:T:G	3	121058963	0.0885150960032505	0.275414191960234	0.747915606333034
chr3:122312606:G:A	3	122312606	-0.0242215952157756	0.251632462220513	0.923315800890232
chr3:124193435:A:C	3	124193435	0.118892165263179	0.161577274409777	0.46183883469754
chr3:124804582:A:T	3	124804582	0.285264006581734	0.213196113444883	0.180884806100647
chr3:126773646:G:T	3	126773646	0.225826752525007	0.141217067076205	0.109788095529761
chr3:131110446:C:G	3	131110446	-0.201079462652465	0.291900628387003	0.490909657645141
chr3:131209978:G:T	3	131209978	0.050594263034556	0.177540989072844	0.775665367968102
chr3:133982842:C:T	3	133982842	-0.0636594379167258	0.148001317150219	0.667102890011646
chr3:134929007:C:T	3	134929007	-0.0155533366907174	0.197274086576884	0.937158888905396
chr3:137777496:C:T	3	137777496	-0.141777974693572	0.187479344284504	0.449509805583603
chr3:146265901:G:T	3	146265901	0.0461797933436023	0.140234111364232	0.74192516901039
chr3:148006706:G:A	3	148006706	0.298155657263663	0.208753822342539	0.153215764360166
chr3:149679065:C:A	3	149679065	0.200162653985062	0.14131553609811	0.156651531487042
chr3:150888061:C:A	3	150888061	-0.100583245324967	0.253509301866018	0.691541847313197
chr3:152663712:G:C	3	152663712	-0.178121037827366	0.129737139372708	0.169771647884608
chr3:159417151:A:G	3	159417151	0.0825442643562694	0.135654990078423	0.542864689639248
chr3:164899350:G:A	3	164899350	-0.00392653184296024	0.289096822108345	0.989163413171002
chr3:168053836:T:C	3	168053836	-0.226870524183712	0.237612852970725	0.339683589763361
chr3:171028381:G:A	3	171028381	0.263677703737188	0.171111302003568	0.123323631398256
chr3:174497130:T:C	3	174497130	-0.311463401932872	0.160101658125272	0.051725625709209
chr3:176663180:T:G	3	176663180	-0.111610894746702	0.212889538076551	0.600093057406135
chr3:196706550:C:T	3	196706550	-0.106238703417745	0.201080717778064	0.597264350241294
chr4:332191:G:A	4	332191	-0.211117563012994	0.124437493139023	0.0897770045028841
chr4:8816874:T:C	4	8816874	0.101483835144982	0.129129481020746	0.431921646139564
chr4:9851274:C:G	4	9851274	0.299684257693899	0.160100987917086	0.0612280298401217
chr4:10725805:A:G	4	10725805	0.0828924553181117	0.124315766892802	0.504906563223187
chr4:13219910:C:T	4	13219910	0.129651228823706	0.13177255552867	0.325163894684624
chr4:18747099:A:G	4	18747099	-0.187796613920074	0.139620253141264	0.17860818074069
chr4:20840555:C:T	4	20840555	0.0834310077105688	0.132381274499786	0.528542349418605
chr4:21137718:C:T	4	21137718	0.0521069595766699	0.14591998428328	0.721022417442811
chr4:26851610:T:C	4	26851610	-0.330756319272327	0.199825530321697	0.0978787584500496
chr4:32302160:A:T	4	32302160	-0.0195502087625598	0.174845650848559	0.910970808929328
chr4:34501888:A:G	4	34501888	-0.151734142336363	0.186452579071935	0.415762505197063
chr4:40603484:A:G	4	40603484	0.245594345508061	0.114701606083206	0.0322612396723024
chr4:41002348:C:T	4	41002348	-0.221204678228177	0.207813476232903	0.287130071660969
chr4:44018406:T:G	4	44018406	0.0501784642719758	0.195274890060823	0.797207167125693
chr4:44680448:T:C	4	44680448	0.282141096096543	0.13787525153331	0.0407218940788791
chr4:55337032:C:T	4	55337032	0.238834945344725	0.159866284199767	0.135184257304127
chr4:55659669:G:A	4	55659669	-0.268710266943674	0.182285016042135	0.140448872320615
chr4:56719096:C:T	4	56719096	0.00438133577957492	0.172565819918728	0.979744397614312
chr4:58944563:C:T	4	58944563	-0.398582102220822	0.507204115950597	0.431960282262721
chr4:61158247:C:G	4	61158247	-0.00169623957323265	0.128436814236811	0.989462802914986
chr4:64485722:G:A	4	64485722	-0.034410115923717	0.166109223413706	0.835889939290755
chr4:67708732:C:T	4	67708732	-0.210183172597284	0.157048763683169	0.1807886775806
chr4:67911021:C:T	4	67911021	-0.203280445642705	0.162783244895404	0.211745584510521
chr4:90022599:G:T	4	90022599	-0.219222963542129	0.117521377435652	0.0621270425436683
chr4:95020597:A:T	4	95020597	0.271290556218356	0.289810703539893	0.349223911777122
chr4:95433170:T:C	4	95433170	-0.192352979054825	0.236718099572796	0.416457483120376
chr4:97398054:G:A	4	97398054	-0.0570490254904449	0.121128623805912	0.637655805791807
chr4:98823404:T:C	4	98823404	-0.203865098655813	0.217716148456883	0.349077449719526
chr4:99262681:C:G	4	99262681	-0.273655438691906	0.186545460868792	0.142385902372643
chr4:99355957:G:T	4	99355957	-0.119053397121498	0.142299289457755	0.402794481919052
chr4:101085120:T:C	4	101085120	0.205873708977077	0.149198621322105	0.167628723804868
chr4:102399971:C:T	4	102399971	0.143615466334296	0.14944599197744	0.33655934077284
chr4:102884286:T:C	4	102884286	0.12284905847006	0.124423539411111	0.323473147505451
chr4:105992845:C:T	4	105992845	0.185590537540911	0.139912510315705	0.184682196713125
chr4:108791253:G:A	4	108791253	0.0379583748595273	0.190244625594984	0.841852846055565
chr4:110191180:A:G	4	110191180	0.000568181689512962	0.287194877375763	0.998421479149612
chr4:110957298:T:A	4	110957298	0.0866451977028878	0.145033120009277	0.55022925390287
chr4:113348012:C:T	4	113348012	0.237253531491756	0.150986570106919	0.116100166847179
chr4:115515844:A:G	4	115515844	-0.185851268901533	0.315195815512923	0.555433713078303
chr4:115522695:G:A	4	115522695	0.0103444322395392	0.182070080200432	0.954692037170631
chr4:120770744:A:C	4	120770744	0.125952089373887	0.125812575013591	0.316774159673631
chr4:123964831:A:G	4	123964831	-0.0839669318028125	0.156370025705996	0.591284276649851
chr4:125256344:T:C	4	125256344	-0.0547187487447048	0.174273883053661	0.753535204982927
chr4:126268710:T:G	4	126268710	0.0257126130610072	0.18502079020828	0.889472685923592
chr4:134094420:T:C	4	134094420	-0.128913170697873	0.211542217302031	0.542261394520442
chr4:134350906:C:T	4	134350906	0.14640139285956	0.131083328887584	0.264055278857712
chr4:138952375:G:A	4	138952375	0.265894739961177	0.122746821760519	0.0302955495452522
chr4:141012527:T:G	4	141012527	0.0848953028053234	0.294097315158547	0.772838526165848
chr4:141618953:G:A	4	141618953	-0.420098737219363	0.20021331708683	0.0358825620830113
chr4:143626434:A:G	4	143626434	0.213396140096787	0.199308497461247	0.284312169467499
chr4:149616644:T:G	4	149616644	-0.172736090898785	0.179423142961699	0.335682901805128
chr4:154030957:C:G	4	154030957	-0.25608999736825	0.21698046311855	0.237902986402467
chr4:168588553:A:C	4	168588553	0.077805122280282	0.171481575591861	0.650028263544964
chr4:171334248:A:T	4	171334248	0.245209688779804	0.205040373244876	0.231731956419728
chr4:171974219:A:G	4	171974219	-0.138780644947456	0.152549483271955	0.362958682367661
chr4:176312841:C:T	4	176312841	0.286984185626515	0.165162900811741	0.0822843847565277
chr4:179329624:T:G	4	179329624	-0.147935814821709	0.110473786173714	0.180537036933908
chr4:183032183:A:G	4	183032183	-0.105650874852054	0.1621903121401	0.514787890761154
chr4:184991673:A:G	4	184991673	0.0555270445873571	0.15151509875148	0.714007961966203
chr4:189912372:C:T	4	189912372	-0.0171730834699985	0.124227760777767	0.890051774868129
chr5:79496:A:G	5	79496	0.0287044142945637	0.280049959200314	0.918361815245486
chr5:5313703:A:G	5	5313703	-0.0898371294068077	0.201706571717411	0.656041378555784
chr5:7364955:T:A	5	7364955	-0.559918037084303	0.309527122855403	0.070459299505395
chr5:8067079:G:C	5	8067079	0.013847958500901	0.143774486409754	0.923268636949832
chr5:13911296:G:T	5	13911296	-0.0246001859623926	0.155939289327837	0.874649943344492
chr5:15621966:C:G	5	15621966	0.394289144646385	0.145580712934556	0.00676108038927037
chr5:15997511:T:A	5	15997511	-0.0899513349450361	0.267533135472928	0.736701183687188
chr5:17902851:T:C	5	17902851	-0.110449133418398	0.18798858349414	0.556847090500917
chr5:20719353:A:C	5	20719353	-0.3200171719886	0.280092369276916	0.253228982052983
chr5:20732163:G:T	5	20732163	-0.143026223499969	0.194717785152875	0.462625254997979
chr5:21913130:A:C	5	21913130	-0.00161267109041569	0.12497534497137	0.989704452050955
chr5:23682774:A:T	5	23682774	0.132640382348192	0.159929814715089	0.406897222661756
chr5:23787194:A:C	5	23787194	-0.111958476991911	0.148784822348651	0.451758922043213
chr5:23895775:T:G	5	23895775	-0.165671484681185	0.178717607529577	0.353925771672113
chr5:25693600:A:G	5	25693600	-0.335907616380905	0.435587536897943	0.440612193522553
chr5:33466391:T:A	5	33466391	0.187299174451001	0.156214003341305	0.230531469136812
chr5:33624899:A:G	5	33624899	0.170334870988713	0.156010757728032	0.274914465301496
chr5:39550509:T:G	5	39550509	0.177746915644331	0.116166813162568	0.125991818854168
chr5:39634108:G:A	5	39634108	0.256585468790464	0.144014175647925	0.0748033649844325
chr5:39978357:G:A	5	39978357	0.0861048520853198	0.129554520008216	0.506291959054124
chr5:40238036:C:A	5	40238036	0.172024916040751	0.252011076396929	0.494854228456156
chr5:44011742:G:T	5	44011742	-0.0886506480524917	0.157935326895298	0.574586356365626
chr5:50222627:G:A	5	50222627	-0.0328048820615672	0.225239557966639	0.884202109288366
chr5:54814079:C:T	5	54814079	0.276814000355967	0.134911645844477	0.0401874563572785
chr5:66989845:C:A	5	66989845	-0.0924332198032639	0.125036716747917	0.459756044778455
chr5:66992139:G:A	5	66992139	0.0448691703411548	0.15461338582913	0.77166142646524
chr5:73076502:T:C	5	73076502	-0.0832120462228986	0.154828499160901	0.590959180537469
chr5:76998986:C:A	5	76998986	-0.184035151063259	0.169699838361945	0.278154457620767
chr5:77675144:G:C	5	77675144	0.121639895619492	0.172859939946059	0.481625544837568
chr5:80530472:T:A	5	80530472	0.274743844488515	0.181914614078353	0.130969411432916
chr5:81710558:G:T	5	81710558	0.106839175267425	0.122183993861504	0.38189381406599
chr5:82792281:C:G	5	82792281	0.197364646925302	0.138672705242027	0.154666372337806
chr5:84879932:A:G	5	84879932	0.285688153283361	0.150784407211154	0.058134850610065
chr5:85476293:A:G	5	85476293	0.0617677126463646	0.165177925284135	0.708444094713396
chr5:85809583:T:C	5	85809583	0.100431601501194	0.142763292120782	0.481754568445648
chr5:92192959:A:T	5	92192959	0.0420778612496952	0.207279078778579	0.839134246909157
chr5:94648523:C:G	5	94648523	0.0608983620773012	0.186056982844372	0.743433222335402
chr5:98024666:G:A	5	98024666	0.000578831610436978	0.12546207113944	0.99631889412728
chr5:101328324:T:C	5	101328324	0.240292872087492	0.159675335529381	0.132353879254906
chr5:101825779:A:C	5	101825779	0.0184690386277653	0.129597488877002	0.886676568714445
chr5:106773905:G:A	5	106773905	0.305243474034153	0.165368848963237	0.0649162857595291
chr5:110045491:C:T	5	110045491	-0.540488925660788	0.492907361895087	0.272845822991855
chr5:114915760:G:T	5	114915760	-0.146674923027516	0.227926809574516	0.519888271114935
chr5:115102683:A:G	5	115102683	0.38016750949884	0.14435699987725	0.00845040602253988
chr5:117238479:G:A	5	117238479	0.166234766730593	0.125076002000291	0.183824864174456
chr5:121740415:G:T	5	121740415	-0.047886994189496	0.132314834394358	0.71741402032318
chr5:137227416:A:T	5	137227416	0.101041547314286	0.203587361169698	0.619678816318449
chr5:137406489:C:T	5	137406489	-0.0369610069536271	0.169556050965266	0.827439276805016
chr5:140638650:G:A	5	140638650	-0.159284523200739	0.119565516745923	0.182796285052476
chr5:142682003:T:C	5	142682003	0.0344440158263345	0.113920518296617	0.762384281886877
chr5:144183699:A:G	5	144183699	-0.0715659354226648	0.174244154617263	0.681276276461331
chr5:145690757:G:T	5	145690757	0.138929922778663	0.165542432738471	0.40133433492163
chr5:147282093:C:T	5	147282093	0.266470242501929	0.179169360348623	0.136947893996803
chr5:148033208:G:T	5	148033208	0.146242953132261	0.189118652054563	0.439352678945136
chr5:151763317:T:C	5	151763317	0.121186740898472	0.155251856528826	0.435048623561224
chr5:153541577:C:T	5	153541577	-0.148225073830555	0.184188824241085	0.420966725411232
chr5:160435085:T:G	5	160435085	0.291535638726741	0.212596995522227	0.170279434854914
chr5:164252995:G:C	5	164252995	0.334710729470187	0.152330603809508	0.0280015139165789
chr5:168245100:T:C	5	168245100	0.260043999639397	0.134287025249804	0.0528090664199031
chr5:169455657:C:T	5	169455657	0.288988010815744	0.120412764703993	0.0163960480811776
chr5:169808985:G:C	5	169808985	-0.197897921811761	0.230764595738059	0.391127247696363
chr5:172672695:T:C	5	172672695	0.107775209064397	0.159659197627973	0.499654871119166
chr5:173346700:A:C	5	173346700	-0.106882348412952	0.175673462660604	0.542912346064486
chr5:177122146:G:C	5	177122146	0.0955573908913916	0.18151893739586	0.598588034716215
chr6:1084246:G:A	6	1084246	0.345789955172021	0.177744210153886	0.0517225458073981
chr6:3041612:C:A	6	3041612	-0.00104348728582199	0.146833967822083	0.994329817554459
chr6:3673174:A:G	6	3673174	-0.126793371423076	0.28379519987654	0.655035561881776
chr6:3786319:G:C	6	3786319	0.148764664857923	0.165523751427517	0.368785215916683
chr6:6090729:G:T	6	6090729	-0.0757024307853238	0.172940878555808	0.661577743571147
chr6:6354181:A:T	6	6354181	-0.0158697476587723	0.150929586041083	0.916259404705897
chr6:6456261:T:C	6	6456261	0.122512235625997	0.14003129771072	0.381632775304183
chr6:7642514:C:G	6	7642514	0.150760224480412	0.126197234434306	0.232227836831251
chr6:12212257:G:A	6	12212257	0.470748477037535	0.234137297274715	0.0443713238651395
chr6:21494280:T:C	6	21494280	0.515687463015908	0.281843928197264	0.0672960702953879
chr6:23163726:T:C	6	23163726	-0.104563175655174	0.162209404513266	0.519174472580186
chr6:23344439:T:A	6	23344439	0.305863327804796	0.138676246123335	0.0274125247626674
chr6:24077828:C:T	6	24077828	-0.223398916325073	0.370108214617625	0.546106741588232
chr6:26287827:G:A	6	26287827	0.0555844542110639	0.159227714008387	0.727023386716058
chr6:27261142:G:T	6	27261142	0.100315291823913	0.337276370536098	0.766140096536077
chr6:31108549:A:G	6	31108549	0.0859817906463494	0.126458404627217	0.496554154879003
chr6:31845997:T:C	6	31845997	-0.0477891545291857	0.211302007524566	0.82107295880797
chr6:32660000:G:C	6	32660000	-0.143994751043409	0.178035502069982	0.418631369309175
chr6:33148933:A:G	6	33148933	-0.112712178315536	0.12877670170082	0.381436329454794
chr6:37400014:G:T	6	37400014	-0.06225085536695	0.12932771173748	0.630273473578089
chr6:39124093:C:T	6	39124093	0.234885678325461	0.151815064848551	0.121819138611947
chr6:45195864:C:T	6	45195864	-0.163338058651763	0.186977538332128	0.382352206061975
chr6:46738257:G:A	6	46738257	0.173140322918615	0.146546549932843	0.237416144065906
chr6:47717919:C:A	6	47717919	-0.19388446014458	0.11720129315523	0.0980694132374239
chr6:48859012:C:A	6	48859012	0.0936374935809095	0.16106574183159	0.560996536995224
chr6:49860743:T:G	6	49860743	-0.347763054269517	0.247419262666877	0.159854297939678
chr6:53292416:C:G	6	53292416	0.139702767899708	0.114943478730785	0.224212029656557
chr6:54457248:C:T	6	54457248	-0.0914362289914878	0.275317665471089	0.739804885389304
chr6:57513520:G:A	6	57513520	-0.0365683702632235	0.337276528065021	0.913660540048097
chr6:67461006:G:C	6	67461006	-0.316897530683433	0.432214499024242	0.4634394747607
chr6:69504128:A:G	6	69504128	0.302808275190449	0.133971702753706	0.0238063253978114
chr6:81137001:T:C	6	81137001	0.128665526131081	0.13549131513072	0.342304383983132
chr6:84758749:C:T	6	84758749	0.234464380264088	0.134356210395844	0.0809682958522953
chr6:86667874:G:T	6	86667874	0.40348872584918	0.220831395430251	0.0676795051706799
chr6:87387916:G:T	6	87387916	0.0325555919440315	0.141392722536356	0.817897963942738
chr6:88566465:G:A	6	88566465	-0.213934297751507	0.143235439360591	0.135284133278374
chr6:93273487:T:C	6	93273487	-0.105641040719418	0.187983902238914	0.574137447912181
chr6:97788153:C:A	6	97788153	0.288426252538252	0.17721851185543	0.103627207207451
chr6:98771646:C:T	6	98771646	0.0672127074275271	0.159472489354445	0.673412657931307
chr6:104918249:A:G	6	104918249	0.214780732827173	0.133884597220288	0.108664935297576
chr6:107129138:A:G	6	107129138	-0.0969754338745805	0.153222194655202	0.526794230054014
chr6:112187089:T:C	6	112187089	-0.162270138798071	0.150335636043768	0.280415813965856
chr6:118046853:T:C	6	118046853	0.104797989454617	0.138641625870378	0.449714411021578
chr6:121081137:A:G	6	121081137	0.203489542990051	0.31674497259251	0.520587734248233
chr6:123103197:T:C	6	123103197	0.293438159223651	0.171278071880001	0.0866708485458425
chr6:127784009:G:A	6	127784009	-0.0397452940973955	0.113458691594863	0.726108840105161
chr6:129527930:G:A	6	129527930	-0.363444507753036	0.148068702120454	0.0141054488182026
chr6:137254996:T:C	6	137254996	0.118382841324757	0.140899766466726	0.400800803903444
chr6:138165202:C:G	6	138165202	-0.050934379854569	0.250502852809316	0.838878248078916
chr6:139464917:T:A	6	139464917	-0.271676240237472	0.271038195515443	0.316172613458271
chr6:151547601:G:A	6	151547601	0.313320604475649	0.144242758659116	0.0298424184710344
chr6:152638179:C:T	6	152638179	-0.0152870855679158	0.172085708814269	0.929213726901032
chr6:153842833:G:A	6	153842833	-0.0790776169069666	0.152316021626933	0.60364353438843
chr6:156754666:T:G	6	156754666	0.447056498911829	0.217508434553178	0.0398449724582977
chr6:160701242:A:G	6	160701242	0.0607387933235441	0.139859516955638	0.664081998599378
chr6:160909689:G:C	6	160909689	0.0563538814402881	0.191724317404823	0.768809987200438
chr6:161970870:T:G	6	161970870	0.155063612129885	0.201857796280764	0.442378811336834
chr6:162760256:C:T	6	162760256	0.00879016301522798	0.189699727606435	0.963041452865851
chr6:163629327:G:A	6	163629327	0.262116848702219	0.130249402253962	0.0441754016806117
chr6:167509019:C:T	6	167509019	0.172064865130992	0.153325109540525	0.261767910964824
chr7:6986920:C:A	7	6986920	0.368541282693259	0.202312070730571	0.0685084850635985
chr7:7863676:G:A	7	7863676	0.258645585603466	0.160217989367734	0.106454677099112
chr7:8111839:A:G	7	8111839	-0.237180061236605	0.187855251904718	0.206744413703867
chr7:9602661:C:A	7	9602661	-0.141432652619077	0.204831647625165	0.489890858923979
chr7:10804524:T:C	7	10804524	0.0204636031573004	0.421597160030914	0.961287253275499
chr7:11334355:C:A	7	11334355	-0.161338018627084	0.189393524816556	0.394288134807118
chr7:12476280:G:A	7	12476280	0.177591699109019	0.14580589217972	0.223223653647038
chr7:12972158:C:G	7	12972158	-0.408789037642338	0.285748038750715	0.152547001565537
chr7:20850990:A:T	7	20850990	-0.026456589899033	0.150459855368056	0.860421059175877
chr7:22822020:C:A	7	22822020	-0.0187133816649922	0.126613643329186	0.8825013250369
chr7:24140802:T:C	7	24140802	0.0439471529219684	0.122913416632313	0.720683385336643
chr7:24278575:A:G	7	24278575	0.202829749228252	0.210356091725805	0.334935166390585
chr7:24620726:T:A	7	24620726	-0.31596106547339	0.106842318345675	0.0031038108035738
chr7:24740434:C:T	7	24740434	0.268083717561244	0.146644579814334	0.0675317196328152
chr7:28505993:C:T	7	28505993	-0.0437076104075557	0.15918660159228	0.783647847136772
chr7:36413989:G:A	7	36413989	-0.0496343658997357	0.168017177581867	0.767678824529475
chr7:41157573:G:A	7	41157573	-0.360080338745954	0.348008362037091	0.30081428938074
chr7:43755241:C:T	7	43755241	-0.120615107326951	0.195848324194166	0.537987063657104
chr7:44689517:A:G	7	44689517	0.198747252227411	0.132038518258269	0.132267069835987
chr7:46192346:C:G	7	46192346	0.140698372044129	0.17024728848222	0.40855719553723
chr7:46368666:G:A	7	46368666	0.155526551362691	0.206393040881916	0.451122168124234
chr7:47748540:G:T	7	47748540	-0.281008310174113	0.359083230040887	0.433878769591114
chr7:48301675:T:C	7	48301675	-0.0723862210221086	0.126695128443368	0.567767981462544
chr7:51890159:C:T	7	51890159	-0.025237263455377	0.155191222984961	0.870817300096347
chr7:53046603:C:G	7	53046603	0.146663849425817	0.134919651367842	0.27701653953397
chr7:55663907:C:A	7	55663907	-0.0641050208228358	0.122424732759239	0.6005372864595
chr7:56122201:A:G	7	56122201	0.0532419569754696	0.157642473320293	0.735560141854253
chr7:62910214:G:T	7	62910214	-0.0935141355447678	0.1896978206681	0.622038251451692
chr7:65406204:G:T	7	65406204	-0.252414890679029	0.338762270272681	0.456205696311317
chr7:67766433:G:A	7	67766433	-0.36127271738478	0.16811207751684	0.031634464639505
chr7:68433432:T:C	7	68433432	-0.0903596505375125	0.149514204746063	0.545607676693642
chr7:71020152:T:G	7	71020152	-0.300461796245396	0.231101136584036	0.193556008531177
chr7:71553830:T:C	7	71553830	0.0517209745742848	0.158337530453982	0.743932524836868
chr7:78390279:T:G	7	78390279	0.281363224329139	0.15809190787608	0.0751177626661504
chr7:83524616:A:T	7	83524616	0.055567656099575	0.157698002490902	0.724562647438014
chr7:84786535:C:A	7	84786535	0.0423206911237286	0.119835658903007	0.723971434805289
chr7:86620755:G:A	7	86620755	-0.150707683953095	0.159154346994575	0.343675544305031
chr7:89207269:G:A	7	89207269	-0.0197676130203243	0.202881223299007	0.922381416640186
chr7:91097147:A:G	7	91097147	0.0677343224639274	0.158135791163269	0.668410792706873
chr7:96212691:T:C	7	96212691	0.0731958499918623	0.167131816191737	0.661420485803832
chr7:103095283:G:A	7	103095283	-0.250394214949576	0.212134740406844	0.237859213894865
chr7:104663551:G:A	7	104663551	0.430853328654159	0.234206435645169	0.0658224868709589
chr7:113434486:A:C	7	113434486	-0.249863895176734	0.158096831741313	0.114004199878255
chr7:113749820:G:A	7	113749820	0.187532392836806	0.114169487451913	0.100470086202332
chr7:117145973:C:G	7	117145973	0.0937483055376869	0.174676815569071	0.591477788266436
chr7:119808046:G:A	7	119808046	-0.0476908224872439	0.138805719684111	0.731162420683698
chr7:122582926:C:G	7	122582926	0.123240971317366	0.161057034944246	0.444151985850798
chr7:124802410:A:T	7	124802410	-0.0834900983293741	0.138898953010599	0.54778327211424
chr7:129047886:A:G	7	129047886	0.468377789344282	0.227515144849282	0.039526204919448
chr7:131384702:T:A	7	131384702	-0.0418001498214289	0.090904849580495	0.645643200401562
chr7:136870573:G:A	7	136870573	-0.313969831706436	0.189492528800944	0.0975400564179865
chr7:142873374:T:C	7	142873374	0.242691050674152	0.154843409088745	0.117037078228714
chr7:143187070:C:T	7	143187070	0.364156027300445	0.208384837161265	0.0805477137895512
chr7:145116884:A:G	7	145116884	-0.176451420572923	0.175144273283797	0.313712204598871
chr7:149242006:T:C	7	149242006	0.197370917364911	0.109408323827204	0.0712337411478781
chr7:153502245:G:A	7	153502245	-0.000767578042510161	0.115776258703751	0.994710191971861
chr7:153952270:G:A	7	153952270	0.179472944536841	0.115908089965476	0.121524240048078
chr7:154426289:T:C	7	154426289	0.0992415217698864	0.18782441406145	0.597239835735389
chr7:156975524:A:T	7	156975524	-0.115586251207198	0.150766610961329	0.443285580324787
chr7:157677820:C:T	7	157677820	-0.0293995869737811	0.18469318364754	0.873526523156084
chr8:276778:A:T	8	276778	-0.0377362383097208	0.14613514253239	0.796230671232004
chr8:1102873:G:T	8	1102873	-0.130780983312905	0.154435232872284	0.397087736033965
chr8:8710521:T:C	8	8710521	0.138678945561992	0.165204041874463	0.401222225911024
chr8:9029509:T:C	8	9029509	0.0598060805211806	0.222810547717771	0.788378556643285
chr8:9109096:A:G	8	9109096	0.0277970415419599	0.136068966436781	0.838129684260574
chr8:9827297:A:G	8	9827297	0.0728105565065367	0.212156607649546	0.731453646799914
chr8:10675470:T:G	8	10675470	0.0138778589208126	0.172595054074687	0.935913520995619
chr8:13032868:C:A	8	13032868	0.0209370424138159	0.183942655282695	0.909377512872704
chr8:14391498:A:G	8	14391498	0.0826947617158413	0.215716797624125	0.701461207974379
chr8:16627132:C:G	8	16627132	0.21657984504571	0.24615369142562	0.378937229285023
chr8:17129593:A:G	8	17129593	0.326921263948691	0.172513271034587	0.0580857857823993
chr8:20741226:C:T	8	20741226	-0.0303919997039965	0.162614925693552	0.8517425585505
chr8:23115837:G:A	8	23115837	-0.833353667360424	0.444094443464255	0.0605834284350486
chr8:25783762:T:C	8	25783762	-0.0843410818653233	0.169020325413254	0.617779636282418
chr8:27010051:G:C	8	27010051	-0.0761172032538457	0.186244348042726	0.682763229946063
chr8:27022227:G:T	8	27022227	0.0793807191500178	0.131469108914687	0.545978282493082
chr8:28150898:A:G	8	28150898	-0.0015771287897963	0.135543304795219	0.990716337337658
chr8:28528484:G:T	8	28528484	-0.11497906430352	0.161295209333402	0.475939447709943
chr8:29917542:C:T	8	29917542	-0.280596179186331	0.27927614168817	0.315028497220616
chr8:37085597:G:A	8	37085597	-0.13737861772044	0.18219126065324	0.450828105215126
chr8:41788192:C:T	8	41788192	0.0975085552493478	0.164012429983765	0.552164836823782
chr8:42055528:T:G	8	42055528	-0.626659514825614	0.361139485740604	0.0827003468665299
chr8:50763512:C:T	8	50763512	-0.0177442531245694	0.196587794611628	0.928079640536077
chr8:51570259:T:G	8	51570259	0.254377380934664	0.264307008611251	0.335832915517134
chr8:53142705:G:A	8	53142705	-0.207932087589823	0.137645604167826	0.130881804235006
chr8:60609620:T:A	8	60609620	0.14852062401031	0.22327463500722	0.505927344368674
chr8:61304314:G:C	8	61304314	-0.226515863136192	0.209615136878137	0.279862883336399
chr8:61926940:A:T	8	61926940	-0.0102483554439771	0.133554756069288	0.938834174574258
chr8:63445672:G:A	8	63445672	-0.155481406320421	0.165059258772292	0.346206335833015
chr8:65343369:C:A	8	65343369	0.302225795074631	0.196760368745528	0.124536051075555
chr8:65418628:G:T	8	65418628	-0.0428313528232214	0.164186765929761	0.794192989751692
chr8:71273350:T:A	8	71273350	-0.0489724829453879	0.141948029186636	0.730092184056988
chr8:72033005:T:C	8	72033005	-0.215402834235336	0.27681065267495	0.436474999676756
chr8:72065200:T:A	8	72065200	0.00347931591252827	0.126166614555121	0.977999404761041
chr8:73211475:T:C	8	73211475	-0.277941441495731	0.134235098429035	0.0384002010020614
chr8:75992459:A:G	8	75992459	0.597663972924848	0.248378167451002	0.0161165191822732
chr8:78402394:T:A	8	78402394	-0.22044573214816	0.241259669291591	0.360859750288149
chr8:79795588:T:G	8	79795588	0.44546010139074	0.19884699126127	0.0250769393200645
chr8:86323708:T:C	8	86323708	0.0306945750654765	0.134105413493043	0.818959125308537
chr8:89525432:A:G	8	89525432	-0.395856059589033	0.168705004239021	0.0189537509159783
chr8:92001032:A:G	8	92001032	0.0702743523821448	0.167914832490258	0.675572901787534
chr8:92645879:A:G	8	92645879	-0.0074522611844841	0.150417574140989	0.960485916923932
chr8:95906161:G:A	8	95906161	0.226229859355975	0.119046879554428	0.0573881712862699
chr8:96365126:C:T	8	96365126	0.150144501584323	0.138106744432823	0.276964910694204
chr8:97430280:G:A	8	97430280	-0.0381927371014689	0.384564081692605	0.920888674161915
chr8:98002322:C:T	8	98002322	-0.448784638934705	0.193757881266046	0.0205466092060348
chr8:98018653:A:G	8	98018653	0.289886961366583	0.213827421065031	0.175192962341716
chr8:104471980:T:G	8	104471980	0.386640201122237	0.207866071935899	0.0628791913426803
chr8:106920372:G:A	8	106920372	0.150918103603582	0.175015091288102	0.388514310137938
chr8:108142424:A:G	8	108142424	-0.117533510946059	0.107079056251241	0.272364755716826
chr8:109421925:C:T	8	109421925	-0.0865017604078386	0.122517532490699	0.480165893024377
chr8:116252872:C:T	8	116252872	0.17743974037105	0.129249703751962	0.169800704284767
chr8:116821900:C:T	8	116821900	0.54528783594789	0.255963666145953	0.0331441337985895
chr8:119015250:G:A	8	119015250	-0.179076960959894	0.769830104103563	0.816057421459693
chr8:121384602:C:T	8	121384602	0.254577950220637	0.122424139658619	0.0375737039960224
chr8:127029052:C:T	8	127029052	0.0699868615092532	0.127615620951353	0.583404070295811
chr8:128437247:A:G	8	128437247	0.0923472949193785	0.152457670548031	0.544697935824699
chr8:131111695:G:T	8	131111695	0.120467634707214	0.256165284132051	0.638159934737838
chr8:131315237:G:A	8	131315237	0.0486823002803503	0.099567674875483	0.624886441729143
chr8:135895676:A:T	8	135895676	-0.17229429139891	0.235949277549767	0.465257247700307
chr8:138585221:A:T	8	138585221	-0.229720901007914	0.196612922918822	0.242648814172666
chr8:141605122:C:T	8	141605122	-0.0611167897947143	0.137428569812676	0.656524447946817
chr9:733358:A:C	9	733358	0.198839734576939	0.159912569820012	0.213710231986824
chr9:5461379:C:T	9	5461379	0.27917016486083	0.149685689737841	0.0621754548706743
chr9:11397008:T:G	9	11397008	-0.086355396833222	0.26868451716006	0.74790673878665
chr9:11517950:T:C	9	11517950	0.337295692598754	0.194606391531568	0.0830565711033809
chr9:11955148:T:G	9	11955148	0.23806611477765	0.134933836879754	0.0776785579223845
chr9:12389360:A:G	9	12389360	-0.0280131420402775	0.161946391754281	0.862668821895843
chr9:12615226:G:C	9	12615226	0.354846026600191	0.126569188168703	0.00505397054281165
chr9:13582959:T:A	9	13582959	0.219624564619254	0.234391494849562	0.348759141795298
chr9:13820455:C:G	9	13820455	-0.569627677433629	0.29836303349669	0.0562393330556961
chr9:14098421:G:A	9	14098421	-0.195756067957399	0.142177356819508	0.16856042458823
chr9:18952915:A:G	9	18952915	0.0893160717669056	0.117098523827622	0.445616719436616
chr9:21476808:G:A	9	21476808	-0.00175320917859157	0.343825544960455	0.99593150510771
chr9:29651949:A:G	9	29651949	0.194478025546397	0.16694522529885	0.244050907320978
chr9:32058643:A:T	9	32058643	0.0738561845293517	0.137728104589649	0.591788348260258
chr9:37013405:C:T	9	37013405	-0.145463285707184	0.149410788688248	0.330265353261366
chr9:37992585:C:T	9	37992585	0.132664092273825	0.126246887040398	0.293336398270074
chr9:72294932:G:A	9	72294932	-0.352787896510875	0.352273861925158	0.316604860430083
chr9:73616570:C:T	9	73616570	0.182487599471491	0.155837200224902	0.241593004627829
chr9:76464251:C:G	9	76464251	0.151693812016	0.175136986152156	0.38641131670168
chr9:79067117:C:T	9	79067117	-0.24356412275647	0.447817269055281	0.58651595938159
chr9:82773489:T:C	9	82773489	0.324159281857869	0.215505707441372	0.132535137245629
chr9:89995415:A:G	9	89995415	-0.241905070184938	0.195828099863285	0.21672149846218
chr9:91844381:C:T	9	91844381	0.3122706576564	0.217538037044683	0.151151468056589
chr9:94568472:C:A	9	94568472	0.0500596132084655	0.114434801534876	0.661784337310208
chr9:95559980:C:T	9	95559980	0.172214530108946	0.245984070507925	0.483862108165548
chr9:96162075:C:T	9	96162075	0.143832053109372	0.138161529831124	0.297855727588769
chr9:97240484:A:G	9	97240484	-0.0562386513848505	0.186615917693607	0.763139672240292
chr9:100192956:A:G	9	100192956	-0.0845318020856136	0.15181569126305	0.577660369760201
chr9:100529836:G:C	9	100529836	-0.0871171954893323	0.145742258766665	0.550007855096122
chr9:101460357:C:T	9	101460357	0.280615532160316	0.214391594726899	0.190570796328086
chr9:103293239:C:G	9	103293239	-0.476256829175456	0.431648426027623	0.269877676726703
chr9:105684376:G:T	9	105684376	0.539552798796554	0.281142356522697	0.0549660528665983
chr9:106822394:G:C	9	106822394	-0.438682932958122	0.299918023793416	0.143556022003093
chr9:107904127:G:A	9	107904127	0.0286380268325623	0.128571043597298	0.823737186272214
chr9:117420412:T:C	9	117420412	0.142875030508284	0.137169750514804	0.297600487942774
chr9:117972207:C:A	9	117972207	-0.192971914839256	0.161166593804003	0.231172354270395
chr9:118511323:G:A	9	118511323	0.353935347509818	0.283622826786586	0.212064553066819
chr9:121356498:A:G	9	121356498	0.402286267212984	0.188053352258609	0.0324183824848306
chr9:124044726:T:G	9	124044726	-0.250468101030085	0.248131957139348	0.312775683341355
chr9:125005426:C:T	9	125005426	0.246714338099089	0.134533900866646	0.0666769873462331
chr9:129533341:A:G	9	129533341	-0.134417943149964	0.202606530774872	0.507046688986333
chr9:136630984:C:T	9	136630984	0.126165042456178	0.121673643603007	0.299776176305065
chr10:2050300:A:G	10	2050300	-0.315416946805503	0.145206942381661	0.0298413976664068
chr10:3113976:C:T	10	3113976	-0.117736855878868	0.162762467378346	0.469454975195491
chr10:4591592:T:C	10	4591592	-0.134231366807436	0.143204875421349	0.348584738945798
chr10:7462546:C:T	10	7462546	-0.0275612235101235	0.157763408155064	0.861315586408502
chr10:7849544:T:G	10	7849544	0.342117118380499	0.173692331569992	0.0488758444027672
chr10:9367893:G:A	10	9367893	0.222907046290933	0.152028565799824	0.142588858704455
chr10:10628189:C:T	10	10628189	-0.00987246799757385	0.171105171560072	0.95398899217704
chr10:14014383:T:C	10	14014383	0.125010052131817	0.137485045181056	0.36321136428682
chr10:16341555:C:T	10	16341555	0.121269721359989	0.144629033011271	0.401756635063506
chr10:18075702:C:T	10	18075702	-0.419004391249164	0.430296824050391	0.330177384998052
chr10:20923823:C:G	10	20923823	0.453609379398369	0.251301564276193	0.0710684205368894
chr10:26220185:A:C	10	26220185	-0.546742417896588	0.448681457760957	0.223013658812201
chr10:27289376:T:C	10	27289376	0.114030279355164	0.122457755545853	0.351760180599208
chr10:27674317:A:G	10	27674317	-0.227985333317177	0.120970090499935	0.0594781654767612
chr10:28771902:G:A	10	28771902	0.0630775808663848	0.132982867948712	0.635265582188028
chr10:28891836:C:T	10	28891836	-0.032037456374304	0.12367709996029	0.795603502086939
chr10:30622484:G:A	10	30622484	-0.0535081999819448	0.187001422928285	0.774772481874202
chr10:35177843:G:T	10	35177843	0.268488312160085	0.174418286360647	0.123722338655492
chr10:43613180:G:A	10	43613180	0.29400579606144	0.19113516431485	0.123997564492835
chr10:44139011:T:C	10	44139011	0.000262584506194869	0.30067949762584	0.999303204580219
chr10:45036473:A:G	10	45036473	-0.0374382456282855	0.176645971845618	0.832154292805769
chr10:51560095:T:G	10	51560095	-0.177639923287522	0.131674088910053	0.177308726506609
chr10:54072488:A:G	10	54072488	0.0331988034324253	0.0966796224313707	0.731305175793569
chr10:54082016:C:T	10	54082016	-0.014366616064915	0.135245489721546	0.915402874424028
chr10:55299918:G:C	10	55299918	-0.0385718226739834	0.179692442076875	0.830036563235439
chr10:56747004:T:C	10	56747004	-0.390305155222155	0.249051774830026	0.117076194304715
chr10:57761967:T:C	10	57761967	0.185068096061596	0.137903930881793	0.17959359552485
chr10:61894829:G:A	10	61894829	-0.391219388378035	0.402109846032469	0.330594699397222
chr10:62473064:C:G	10	62473064	-0.23543432818419	0.368501071303498	0.522889764565617
chr10:65713195:A:G	10	65713195	0.419946187975342	0.225531684805462	0.0625992210973885
chr10:69232402:C:A	10	69232402	-0.0555275504495438	0.108376500881696	0.608400588144542
chr10:79437519:C:T	10	79437519	-0.328970614157011	0.275445187161531	0.232351513593936
chr10:81546102:G:A	10	81546102	0.263427875655601	0.181098963302711	0.145778006433783
chr10:82354363:C:G	10	82354363	0.368094847106293	0.189013308699153	0.0514802515252595
chr10:84591955:C:T	10	84591955	-0.498443736198822	0.294217626257971	0.0902400474401784
chr10:84989741:G:A	10	84989741	0.309402222281988	0.163502416720596	0.0584456466151834
chr10:86779196:C:A	10	86779196	-0.479462385947838	0.330237184208706	0.146536976310443
chr10:91053424:A:C	10	91053424	-0.377407570164317	0.141547579692196	0.00766924180338835
chr10:93612452:G:A	10	93612452	-0.0564415461055676	0.181757618752576	0.756156473906793
chr10:93671121:T:C	10	93671121	0.090632962438428	0.140258279283833	0.51815878515941
chr10:101249704:C:T	10	101249704	-0.011658529357204	0.191189905663649	0.951376099703593
chr10:102352980:T:C	10	102352980	-0.155921162447624	0.132316454868708	0.238638827965413
chr10:104637359:T:C	10	104637359	-0.162569920207086	0.32392925356641	0.615759955826287
chr10:108480456:T:C	10	108480456	-0.0471209483651321	0.154695044358153	0.760666694444704
chr10:109264424:C:T	10	109264424	0.272226011337531	0.158895941732262	0.0866694046268678
chr10:111352001:T:G	10	111352001	0.153157263866677	0.21477542383623	0.475781260370456
chr10:118828443:C:T	10	118828443	-0.156788771569695	0.138688227392648	0.258260343733471
chr10:120152982:A:G	10	120152982	0.188205063074405	0.15253200459173	0.217250376183191
chr10:121580593:A:G	10	121580593	0.00606043735636413	0.147503016160574	0.967226641410549
chr10:121611573:C:G	10	121611573	0.111380702540602	0.182232079146744	0.541065527857765
chr10:121734173:T:C	10	121734173	0.0539729720587854	0.112447245944909	0.631238181003958
chr10:121910644:T:A	10	121910644	-0.0795585752962308	0.158070019652095	0.614744763825388
chr10:122561189:A:G	10	122561189	-0.270690832518083	0.100022399568975	0.006803711574073
chr10:123750431:C:G	10	123750431	0.156938634440107	0.139886962440055	0.261906628704324
chr10:127533155:T:C	10	127533155	0.107805009375754	0.114434040211637	0.3461562071116
chr10:129953349:A:G	10	129953349	0.0671971298105305	0.167022049204252	0.687444929302924
chr10:130263340:C:T	10	130263340	-0.0908159373314304	0.328837086166317	0.782415164213003
chr10:130662147:G:T	10	130662147	0.142154429513756	0.18165155504945	0.433881694766027
chr10:131485315:A:G	10	131485315	-0.252249151631795	0.420936183588223	0.549001205464315
chr10:131819683:A:G	10	131819683	0.128965218726038	0.175587036327745	0.462656063719735
chr10:131953941:A:C	10	131953941	-0.0528410421266017	0.216568170904328	0.807236511652197
chr11:388357:C:T	11	388357	0.0539887572776568	0.15022408121084	0.719304725164791
chr11:2257707:C:T	11	2257707	0.142866781927565	0.114545918151199	0.212307811023492
chr11:3623903:G:A	11	3623903	0.19191392197709	0.157024417758425	0.22163518546739
chr11:5806222:C:T	11	5806222	-0.0667434081847032	0.156723666045939	0.670204898597504
chr11:9789492:C:A	11	9789492	0.062064231422448	0.135422051318347	0.646735304666746
chr11:14569664:T:G	11	14569664	0.0762660062122713	0.150959256192436	0.613411903853938
chr11:21819583:A:G	11	21819583	-0.00292044296481723	0.259221419294874	0.991011055082932
chr11:36019710:C:A	11	36019710	-0.119328991950252	0.152773088669782	0.434751641293905
chr11:39635569:C:T	11	39635569	-0.126598584866221	0.134471516015659	0.346472868101273
chr11:40512905:C:G	11	40512905	-0.366992401009606	0.285233003562061	0.198219539038014
chr11:41632790:A:T	11	41632790	0.203726187366819	0.162174480440488	0.209037644382522
chr11:42744986:A:G	11	42744986	0.0445203879282584	0.121857829540609	0.714852426290951
chr11:43201079:C:T	11	43201079	-0.218831556566794	0.214343367653685	0.307283222740791
chr11:43982585:G:A	11	43982585	-0.00461193232541201	0.149609983549584	0.97540801223387
chr11:44330300:A:G	11	44330300	-0.054386243628111	0.133098595404909	0.682821332731989
chr11:49875094:A:G	11	49875094	-0.0729332825175909	0.147676697494425	0.621397074883316
chr11:50253126:G:T	11	50253126	-0.0437112951229239	0.13404449423722	0.744352165071881
chr11:55906271:G:A	11	55906271	-0.0729521015189132	0.118960657818378	0.539713948931105
chr11:56124264:C:A	11	56124264	0.205233455843576	0.191114679625249	0.282878289095808
chr11:57305789:G:A	11	57305789	0.194392095081307	0.120007050149538	0.105266875173768
chr11:58998793:A:C	11	58998793	0.18698652953925	0.178470513237973	0.294769170756089
chr11:60456695:C:T	11	60456695	-0.342148534944912	0.382247786745957	0.370735674126776
chr11:62505064:A:G	11	62505064	0.0425003820075099	0.328328958503381	0.897005927967022
chr11:63184971:C:T	11	63184971	-0.158246229216891	0.119631332610983	0.185907729686357
chr11:65009160:T:C	11	65009160	0.116779410089683	0.218044900587702	0.592252271124844
chr11:70801858:T:C	11	70801858	0.0499704921612964	0.135002195470519	0.711273877461095
chr11:71334794:T:G	11	71334794	-0.0894552447745405	0.181870535533102	0.622816749960078
chr11:72713691:C:T	11	72713691	0.211131586297944	0.194706241742001	0.278205380230586
chr11:77208574:G:A	11	77208574	0.0623884497520623	0.187822191977897	0.739762695423939
chr11:77376654:A:G	11	77376654	0.0744429992518402	0.136158134851497	0.584557870913947
chr11:77897055:A:G	11	77897055	0.0284750805750944	0.252617255683876	0.91025234525962
chr11:79339250:G:A	11	79339250	0.644752401696812	0.283409809207843	0.0229069700359402
chr11:81783030:C:T	11	81783030	-0.106397118800864	0.157917950693579	0.500470672419385
chr11:83962252:C:T	11	83962252	0.0664466953321958	0.236876473896342	0.779084714108349
chr11:86328783:G:T	11	86328783	0.0214294930812152	0.134642839423956	0.873544346070491
chr11:86644523:C:T	11	86644523	-0.0604895544388288	0.180036952753489	0.736882852811356
chr11:93046218:A:C	11	93046218	0.0626708451525403	0.142534061490946	0.660161424397026
chr11:99371984:G:C	11	99371984	-0.360320655457409	0.308217192430737	0.242384341068534
chr11:100626548:G:A	11	100626548	-0.416543784185576	0.364360836319349	0.252948184487645
chr11:104129521:G:A	11	104129521	0.106781395719496	0.278515072678492	0.701426618782858
chr11:108728662:A:G	11	108728662	0.20084012316959	0.201166352229204	0.318095946255751
chr11:110338613:G:A	11	110338613	0.175362311318404	0.227982610098213	0.441779569321397
chr11:110396347:G:A	11	110396347	-0.157057945190327	0.163454084351835	0.336618092994394
chr11:113789228:G:C	11	113789228	0.347845590269694	0.195530672745456	0.0752426769936532
chr11:113800784:C:T	11	113800784	0.0893826550326767	0.214083501615772	0.676303183318964
chr11:115616504:A:T	11	115616504	0.0990623250738195	0.184679152236415	0.591680530752537
chr11:119630310:G:A	11	119630310	-0.140673129292467	0.132370218770305	0.287906719328875
chr11:123267436:G:A	11	123267436	0.15242621892975	0.119542444679921	0.202280813374494
chr11:125907492:T:C	11	125907492	0.381217071291965	0.145952151448008	0.00900322023000888
chr11:126829359:G:A	11	126829359	-0.269242183773765	0.18231220092374	0.139724071594354
chr11:130038952:T:C	11	130038952	0.0311786260421048	0.394703513743641	0.937038570958343
chr11:130290657:C:T	11	130290657	-0.195167347108735	0.243342294449783	0.422536729873813
chr11:131355535:G:A	11	131355535	-0.159494957676105	0.121460878782438	0.189136278578305
chr11:133238417:A:G	11	133238417	0.189311973349172	0.152061350537835	0.213142406228265
chr11:133300920:A:C	11	133300920	0.294271681503397	0.224119978326191	0.189179715720122
chr11:133409278:A:G	11	133409278	0.25460624367556	0.158836722749727	0.108947196219907
chr11:134309503:C:T	11	134309503	0.154718802065636	0.125046425457451	0.215979111648699
chr12:5192681:C:T	12	5192681	0.00162742040076709	0.163249206529502	0.992046074021853
chr12:5448727:G:A	12	5448727	-0.414899900016763	0.167551258693761	0.0132768140836279
chr12:6639294:C:T	12	6639294	-0.00961848699945332	0.223821337053727	0.965722299367602
chr12:19523028:C:A	12	19523028	0.174552322798446	0.139797182526776	0.211807327058157
chr12:19758400:A:T	12	19758400	-0.142713471558517	0.19950821420944	0.474407444536185
chr12:20003679:T:A	12	20003679	0.267776793517681	0.121854963940792	0.02798445774666
chr12:21333090:G:A	12	21333090	0.0843441164680844	0.131588286219128	0.521542309436783
chr12:25518059:A:T	12	25518059	0.103056743054934	0.158534907065488	0.515655334292867
chr12:28965843:C:T	12	28965843	0.0276284595496313	0.146479409420412	0.85039326056034
chr12:32086665:A:C	12	32086665	0.169791733783408	0.149926089757849	0.257423059282095
chr12:44631613:C:T	12	44631613	0.120382713228588	0.15851095415553	0.447577493716687
chr12:48567461:T:G	12	48567461	-0.00429534902561096	0.147119779989494	0.976708054955397
chr12:51039498:T:C	12	51039498	0.155692906979685	0.220013612022488	0.479161859799849
chr12:52880890:G:T	12	52880890	-0.0638398788591201	0.225445163448129	0.777044579514544
chr12:53646626:C:G	12	53646626	0.224199321414439	0.183915074965373	0.222830066589143
chr12:53680144:C:A	12	53680144	-0.0284477851932399	0.157824278678625	0.856956511003019
chr12:54366280:G:A	12	54366280	0.147680181234358	0.155198347741316	0.341321347882336
chr12:55599330:T:C	12	55599330	0.309213879290854	0.252612054160005	0.220927252288803
chr12:56675083:C:T	12	56675083	-0.00975565391289749	0.119832796443372	0.935115458967264
chr12:57436134:C:T	12	57436134	0.0971521801175956	0.188580337271598	0.606429607543253
chr12:58724212:C:T	12	58724212	-0.00715015496509914	0.155440895726078	0.963310897212238
chr12:59048769:A:C	12	59048769	0.288052481583511	0.140006268752447	0.0396453046834995
chr12:59161225:G:A	12	59161225	-0.463194782622338	0.332411646743188	0.163487597375839
chr12:59226687:C:T	12	59226687	-0.328681874603648	0.215705596749562	0.127570627740575
chr12:63113400:T:C	12	63113400	-0.295688697787355	0.329133399631998	0.36898002526765
chr12:64271340:C:T	12	64271340	0.00131045612839278	0.141858950622339	0.992629454560547
chr12:64756705:C:T	12	64756705	0.0427927750072703	0.138941371252903	0.758088725364272
chr12:67050802:C:T	12	67050802	0.0899586830977779	0.140764658104431	0.522776410550708
chr12:71564908:A:G	12	71564908	0.447443317842435	0.216193804404108	0.0384860812385955
chr12:73909094:G:A	12	73909094	0.0297830998118838	0.097504718554466	0.760021231205584
chr12:81126959:G:A	12	81126959	-0.2102222774759	0.154721881766975	0.174238277688278
chr12:83608380:A:G	12	83608380	-0.068110549786468	0.12158909710927	0.575363570337407
chr12:90727178:A:C	12	90727178	-0.0271452917028191	0.112238516502747	0.8088935879301
chr12:92596791:C:T	12	92596791	-0.183167418859083	0.168947410479261	0.278290205000195
chr12:95914573:A:T	12	95914573	0.314801424942127	0.167329913545893	0.0599281485146059
chr12:101611098:G:C	12	101611098	-0.0142828937259324	0.1357884736291	0.916229111553711
chr12:105967464:T:C	12	105967464	0.248089275872636	0.145193906156794	0.0875110675522973
chr12:109533295:C:T	12	109533295	0.0168336669016138	0.248718933437927	0.946039187894964
chr12:112209515:G:A	12	112209515	0.421850742837058	0.202437021453338	0.0371727548151677
chr12:120976632:C:A	12	120976632	-0.202943878589042	0.214693348792432	0.344519393755795
chr12:125875525:T:C	12	125875525	-0.00772621085406463	0.143624583643013	0.957098901585202
chr12:126449337:A:G	12	126449337	-0.0671344337271357	0.127124832278064	0.597430969223123
chr12:131091094:G:A	12	131091094	-0.234460685753701	0.185902790540307	0.207236631397156
chr12:132776953:G:A	12	132776953	-0.239035568957668	0.208045629469349	0.250573540220223
chr13:19545220:A:G	13	19545220	0.0376717591397828	0.193065212480851	0.845295458292097
chr13:22977365:T:G	13	22977365	0.237850256048885	0.153268227661174	0.120696624691831
chr13:24330599:T:C	13	24330599	-0.0978580138048313	0.214666764176163	0.648490578971249
chr13:24623185:A:C	13	24623185	-0.010907675650966	0.176866868842406	0.950824298906409
chr13:25202506:T:G	13	25202506	-0.0566957523437125	0.17305429257492	0.74320028704243
chr13:26234118:A:T	13	26234118	-0.0940092278851976	0.178575945052365	0.598583668071055
chr13:26494236:G:A	13	26494236	-0.273447939297406	0.12309411201264	0.0263202095594025
chr13:27255876:A:G	13	27255876	-0.121678129014464	0.207306203697536	0.557238088789996
chr13:42909938:A:G	13	42909938	0.164859006658352	0.157663772705723	0.295728857888492
chr13:45470952:C:T	13	45470952	0.336504285519645	0.202010925449958	0.0957586947873386
chr13:45708351:G:A	13	45708351	0.0814326580822524	0.21819081822208	0.708986482536747
chr13:45809177:C:G	13	45809177	-0.00220438754620355	0.129739041960375	0.986443848060109
chr13:50558767:A:T	13	50558767	-0.112123630205263	0.163239555932339	0.492167446873491
chr13:58710908:G:A	13	58710908	-0.106374140209174	0.152869593644187	0.486523455020583
chr13:58934154:C:T	13	58934154	0.0274815009239921	0.16510448981105	0.867803502352376
chr13:70397215:T:C	13	70397215	0.0216470982664719	0.12923179679339	0.866971945706937
chr13:70990050:T:C	13	70990050	-0.143373814627284	0.295637975556231	0.62770178774042
chr13:75832713:T:C	13	75832713	-0.327313959376807	0.240727266615791	0.173928698565859
chr13:86776101:G:A	13	86776101	0.238669271427548	0.137911925990362	0.0835245652404327
chr13:91472230:T:C	13	91472230	-0.294045766372685	0.117387753717168	0.0122482531300884
chr13:93235990:C:T	13	93235990	0.0962278993505459	0.163357443268248	0.555818709797129
chr13:96765286:G:A	13	96765286	-0.385649916594233	0.175002361017656	0.0275465696699102
chr13:102180181:A:G	13	102180181	0.0797257176492406	0.12940222886234	0.537823399375257
chr13:104405113:C:T	13	104405113	-0.341457428745272	0.20633569224453	0.0979521671146332
chr13:106009559:G:C	13	106009559	0.184229562518264	0.139626822915831	0.187021225535871
chr13:106084136:A:G	13	106084136	-0.0246885854960416	0.121825287582263	0.839404172935012
chr13:112716578:T:C	13	112716578	-0.0822945594589738	0.143062579653605	0.565132580743138
chr14:21167555:A:G	14	21167555	0.464283292788528	0.188324272737763	0.0136883435531894
chr14:26929954:A:G	14	26929954	0.234880159148987	0.146471356458304	0.108804220539089
chr14:27823594:G:A	14	27823594	0.402703115780911	0.180802039703904	0.0259262210740648
chr14:34182794:A:C	14	34182794	0.00811623882988877	0.124836888692255	0.948162258080772
chr14:38216062:T:A	14	38216062	0.13428659988363	0.177763496816959	0.449995332532388
chr14:38962987:G:A	14	38962987	0.3829631973587	0.189511558779517	0.0433014349456853
chr14:39925237:C:T	14	39925237	0.172131539353721	0.140669919351563	0.221082162791776
chr14:44446011:A:G	14	44446011	-0.188982112227201	0.169653838055186	0.265310198290049
chr14:48685878:C:A	14	48685878	-0.227750683519883	0.23539205558287	0.333275313896235
chr14:51426205:T:C	14	51426205	-0.23399030213375	0.250214614082213	0.349706665431797
chr14:52881822:T:G	14	52881822	0.0599837111183528	0.191866562983223	0.754559931584805
chr14:53358297:A:G	14	53358297	-0.49728032124761	0.184785163811585	0.00712111060757847
chr14:56254615:G:A	14	56254615	0.10803792965475	0.138975984521022	0.436931303369616
chr14:57978070:T:C	14	57978070	-0.147012318044399	0.127073523573021	0.247310136280301
chr14:62445185:T:C	14	62445185	0.0569672244803814	0.138143952409217	0.680063989534277
chr14:67518615:G:A	14	67518615	-0.260258562699206	0.132533270845053	0.0495622847046349
chr14:68863518:T:G	14	68863518	-0.105934128427018	0.213155553737325	0.619202886016736
chr14:77734277:G:A	14	77734277	0.0712820561888744	0.267305291878246	0.789723962846084
chr14:81022028:G:A	14	81022028	0.216439195984154	0.217023353105357	0.318614875826373
chr14:81884763:T:G	14	81884763	-0.29429867691361	0.225977349885322	0.192801188940947
chr14:82929256:T:A	14	82929256	-0.241048911710524	0.287221038688314	0.401331661954511
chr14:84531019:T:G	14	84531019	0.140254129571629	0.159369045600717	0.378827461726449
chr14:84812257:C:T	14	84812257	0.134583274316503	0.201789610691487	0.504805042005217
chr14:90804831:C:G	14	90804831	-0.328263026714104	0.19759480138635	0.0966544462285894
chr14:91397629:G:T	14	91397629	0.00432237816355074	0.218103594445367	0.984188554650828
chr14:91532430:A:C	14	91532430	-0.0735759539230428	0.247761712658565	0.766495088695113
chr14:91961156:T:C	14	91961156	0.134415399679134	0.160535295781059	0.402426771875035
chr14:92998270:C:G	14	92998270	-0.14605677125209	0.235497775243119	0.535123183535208
chr14:93757265:G:A	14	93757265	0.201615385164926	0.180179399625897	0.263152837404613
chr14:93769225:C:T	14	93769225	-0.182027574269861	0.316120277768967	0.564738573079416
chr14:98340169:A:G	14	98340169	-0.0886868555472022	0.141199728725062	0.52994165297578
chr14:100721312:C:T	14	100721312	0.10119594481702	0.207046742452506	0.625012375767232
chr14:102093442:A:G	14	102093442	0.437621354606667	0.192821549536725	0.0232338901632958
chr15:24165057:A:G	15	24165057	0.0339392379524732	0.192403463331743	0.859982697356434
chr15:26353849:A:G	15	26353849	-0.0172735086649462	0.14376984794027	0.904366741380752
chr15:28182824:G:A	15	28182824	0.482874628524311	0.235578418619039	0.0403897593809093
chr15:33665926:A:G	15	33665926	-0.195977344859885	0.202629983566739	0.333459787676729
chr15:34880184:A:T	15	34880184	-0.0478698033581403	0.131706069645799	0.716261768542999
chr15:37080410:C:T	15	37080410	0.18435993101182	0.147891787351729	0.212549091176147
chr15:37762539:C:G	15	37762539	0.118241740533622	0.245043052314961	0.629426256353161
chr15:52558833:C:G	15	52558833	0.193318878560614	0.13985391093356	0.166882201150502
chr15:55712443:A:G	15	55712443	-0.36975348003698	0.309147658146068	0.231680299899197
chr15:57522102:A:T	15	57522102	-0.12188357571067	0.181491987734081	0.50186098561903
chr15:57590535:T:C	15	57590535	0.0864194508748325	0.165924549384947	0.602481138739911
chr15:58439508:G:A	15	58439508	0.0791938102270964	0.34052404688654	0.816099583770246
chr15:69786285:T:C	15	69786285	0.0377211359576696	0.134694008081359	0.77943869458411
chr15:71331250:T:C	15	71331250	-0.142942019242297	0.261744894075132	0.584988973496269
chr15:74245092:G:C	15	74245092	0.262006777403574	0.246179808054317	0.287197218852563
chr15:76807237:T:C	15	76807237	0.187958871454108	0.189723112400554	0.321831617379985
chr15:77734259:G:A	15	77734259	-0.311308345903676	0.167708684639501	0.0634186968020192
chr15:79750604:G:T	15	79750604	-0.2115767870122	0.156099030180306	0.175289820186207
chr15:81697597:G:A	15	81697597	-0.199811024626563	0.176144707649079	0.25664472729159
chr15:87989871:C:T	15	87989871	-0.126100817251215	0.169934795594075	0.458054538719443
chr15:88891382:T:C	15	88891382	0.0612294327176555	0.11964811372731	0.60882885133555
chr15:89804552:C:T	15	89804552	0.0865707080104928	0.157181521838149	0.581792044444617
chr15:94791129:A:G	15	94791129	0.38080148933676	0.154763397731508	0.0138728209996581
chr15:97043895:A:G	15	97043895	0.265106821539087	0.207468136973487	0.20131309329656
chr15:98725394:C:T	15	98725394	0.523258885694594	0.255720558721436	0.0407353596147936
chr15:100978492:T:G	15	100978492	0.0915485089442154	0.150441683537778	0.542834995888435
chr16:2671727:C:T	16	2671727	0.346110958696512	0.187733490820079	0.0652371872644303
chr16:4957642:T:C	16	4957642	-0.181669303474513	0.137786795974012	0.187342606205248
chr16:5603936:C:T	16	5603936	-0.366834965089585	0.464996638329961	0.430171565538965
chr16:5884026:G:T	16	5884026	-0.0605065851693342	0.166155441201303	0.715741142435764
chr16:6848656:G:A	16	6848656	0.0016751370605767	0.188136674505846	0.99289586497958
chr16:7909855:G:A	16	7909855	0.322198621640784	0.139531503371664	0.0209354774201053
chr16:8273542:C:G	16	8273542	-0.110451555353316	0.177365450077574	0.53345911672928
chr16:12394716:C:T	16	12394716	0.187606539504118	0.14568761535662	0.197839425153694
chr16:13985277:C:A	16	13985277	-0.1983727352013	0.33938477992192	0.558879345008151
chr16:17779668:G:A	16	17779668	0.0547486777614101	0.127767952584587	0.668286506430315
chr16:29740733:G:C	16	29740733	0.460212183361616	0.180331186584272	0.0107094594486994
chr16:31127124:G:A	16	31127124	-0.0259003179030753	0.155089131136799	0.867367852108612
chr16:56688556:C:T	16	56688556	0.0129581084829474	0.132132543822274	0.921877490978538
chr16:60324635:A:C	16	60324635	-0.105953381827028	0.149497020631221	0.478490556288699
chr16:60499572:C:T	16	60499572	-0.00431546139669329	0.161340548985862	0.978661102119659
chr16:62273123:C:T	16	62273123	-0.20741075357009	0.139837727262639	0.138014754052005
chr16:65972427:C:T	16	65972427	0.069269788997426	0.126305131572758	0.583395237858012
chr16:69246420:T:C	16	69246420	-0.0627678955717316	0.21487105903707	0.770195723041124
chr16:71908403:G:A	16	71908403	-0.13788671012679	0.117784921670444	0.241733374266894
chr16:72103328:C:A	16	72103328	0.111608803919504	0.127756527281787	0.382333134109827
chr16:74837740:A:C	16	74837740	0.365279923382774	0.193226535643298	0.0587013847173842
chr16:79886631:C:T	16	79886631	-0.187579492560346	0.230704326953364	0.416176122737226
chr16:81396153:C:A	16	81396153	0.0289338452366223	0.109041572097806	0.790742223058678
chr16:82294878:C:G	16	82294878	0.359091580489874	0.165610903584145	0.0301370354347694
chr16:82421890:A:G	16	82421890	0.158337479131585	0.154047854828294	0.304022250562282
chr16:83827178:T:C	16	83827178	0.470673574648941	0.144965397888185	0.00116710597209957
chr16:84032337:C:T	16	84032337	-0.765453633415766	0.571780302637256	0.180661896001366
chr16:89303022:G:A	16	89303022	0.282070857622563	0.283540185151532	0.319824828333084
chr16:89331863:A:T	16	89331863	-0.0465954715757715	0.160280390403689	0.771271408352199
chr16:89337630:T:C	16	89337630	-0.088256665880629	0.150389617290099	0.557302134973518
chr16:89479873:T:G	16	89479873	0.00254657699363541	0.131293592683086	0.98452516203587
chr16:90035976:C:A	16	90035976	-0.0670223594612939	0.176353171476455	0.703911092280666
chr17:2489248:C:G	17	2489248	0.143888657114391	0.140308418205122	0.305119345186919
chr17:4018176:C:A	17	4018176	0.107018334009903	0.179928909109963	0.551989730173671
chr17:4147521:T:C	17	4147521	0.161984526906111	0.147965570790411	0.273628492112353
chr17:6949267:T:C	17	6949267	0.158547715699398	0.10431999405075	0.128555974466984
chr17:7929448:A:G	17	7929448	-0.0655635414382017	0.140042830790538	0.639664610160358
chr17:10308301:C:T	17	10308301	0.254350625488054	0.417864973046734	0.542729309842398
chr17:12174148:T:C	17	12174148	-0.109966040767163	0.154304291397315	0.476058001342292
chr17:14402381:C:T	17	14402381	-0.134105305805756	0.186376519867396	0.471808448360202
chr17:15219976:C:T	17	15219976	0.0535185533258626	0.113950737434461	0.638595128434522
chr17:16482403:T:A	17	16482403	0.0471239124070777	0.159691593743685	0.767922641137609
chr17:18684803:A:G	17	18684803	-0.0887617108006214	0.121137537947909	0.463720087986255
chr17:20040710:T:C	17	20040710	0.21643484362738	0.146594278418725	0.139830958967406
chr17:21275023:A:C	17	21275023	0.046614754243383	0.148944494293553	0.754305515981419
chr17:30609729:C:T	17	30609729	0.278103641771792	0.234042674193969	0.234730833819389
chr17:31554254:C:T	17	31554254	-0.20464437271649	0.213207829264822	0.3371381793526
chr17:33472425:T:G	17	33472425	-0.118355489737521	0.199251064443097	0.55251091306831
chr17:44156671:T:A	17	44156671	0.0700871952352357	0.136740572924064	0.608261968276317
chr17:45754773:C:T	17	45754773	-0.165223884459322	0.135251291806152	0.221856393158477
chr17:48779278:C:T	17	48779278	-0.00199318006006677	0.139267807136299	0.988581185125921
chr17:52703044:C:G	17	52703044	0.0595857959875855	0.163761996488482	0.715965492505255
chr17:53282498:G:T	17	53282498	0.0232697080980055	0.156714558373797	0.881960290394042
chr17:58411807:C:T	17	58411807	0.234251866337163	0.158083212760103	0.13838651236579
chr17:61409438:A:G	17	61409438	0.194212438496799	0.140897832655009	0.168082307040884
chr17:61905160:C:T	17	61905160	0.334462305585491	0.327378368866662	0.306952086698446
chr17:66262233:G:T	17	66262233	-0.133724375791638	0.139297808083782	0.337060706671899
chr17:66751216:C:T	17	66751216	0.0915665572811078	0.13291827189466	0.490890177749567
chr17:66971178:A:G	17	66971178	0.277884034525137	0.143659619547829	0.0530734884348031
chr17:68771033:G:A	17	68771033	-0.198838983552176	0.113771631799396	0.0805155279477152
chr17:69081332:C:T	17	69081332	0.110369860654124	0.147245882302247	0.453518779229865
chr17:69213412:T:C	17	69213412	0.157366767600424	0.146481216568939	0.282682137864717
chr17:72829246:G:A	17	72829246	0.0637712611958294	0.160851640062968	0.691765619197114
chr17:73506492:C:T	17	73506492	-0.233937694187867	0.181385302057946	0.197145130882812
chr17:75360149:C:G	17	75360149	0.0541292657777853	0.181685669665629	0.765758043034167
chr17:77625920:A:T	17	77625920	0.0863299141021979	0.179882417856058	0.631281337736067
chr18:1137045:A:T	18	1137045	0.0558553708408929	0.102389586165201	0.585397246554086
chr18:4080016:T:A	18	4080016	0.0431504662987465	0.179716218549182	0.810250136485719
chr18:8920896:G:C	18	8920896	-0.20433287283928	0.208331092803105	0.326687265830088
chr18:9609299:C:T	18	9609299	0.150360530457894	0.132781973652071	0.257471927203647
chr18:10572326:C:T	18	10572326	0.149638851003095	0.145811999075652	0.304776063194583
chr18:11017906:C:T	18	11017906	-0.252739229262066	0.161801527305768	0.118280354519323
chr18:12120157:A:G	18	12120157	0.0423039609515026	0.164862797079079	0.7974867919145
chr18:14686017:A:G	18	14686017	0.181588677511837	0.133304460478226	0.173131600935401
chr18:14895123:C:T	18	14895123	-0.151996066811875	0.100433397778813	0.130177673984739
chr18:30059135:A:G	18	30059135	-0.132288849061398	0.108832902188406	0.224166845582642
chr18:32490781:T:C	18	32490781	0.16736235771493	0.153951217618695	0.276986908650724
chr18:36255061:C:A	18	36255061	0.0438783733012312	0.138040813287163	0.750587176781946
chr18:42762909:A:C	18	42762909	0.0737494612296253	0.155792198764379	0.635939577000143
chr18:43928870:G:A	18	43928870	-0.276139710608816	0.294213098733889	0.347951347629763
chr18:44831686:A:G	18	44831686	0.0843384737628932	0.233198208060073	0.717606090252588
chr18:45461168:C:T	18	45461168	0.119972395078729	0.148474918266369	0.419072510231115
chr18:47992191:T:C	18	47992191	0.379038379151733	0.267051432201924	0.155798170564556
chr18:49146783:T:G	18	49146783	0.380479647483899	0.15685060770014	0.0152769814650122
chr18:49872731:C:G	18	49872731	0.287050151201625	0.133616067183625	0.0316882945739801
chr18:50485733:T:C	18	50485733	0.00646998605081067	0.162276607053731	0.968196681515582
chr18:58120958:C:T	18	58120958	0.182219663915261	0.191200479013976	0.340575211598262
chr18:59256389:C:T	18	59256389	-0.171529893632478	0.140419050956231	0.221875146768478
chr18:62622293:T:A	18	62622293	0.0811456742935727	0.182382378087836	0.656377146138563
chr18:62998306:G:A	18	62998306	-0.0736769756507649	0.114477153034175	0.519837796804969
chr18:66103927:C:T	18	66103927	0.0488876382628549	0.136986089349417	0.721181409428273
chr18:66206557:C:T	18	66206557	0.05339107980672	0.14931475665527	0.720662113386251
chr18:68001558:G:A	18	68001558	-0.184315025149992	0.170460966236609	0.279575211912435
chr18:69946690:A:G	18	69946690	0.163398118559135	0.347691669976027	0.638389881052686
chr18:71730181:C:T	18	71730181	0.205171748890306	0.133353313207034	0.123912344886065
chr18:72912108:T:C	18	72912108	0.119632070231152	0.122073097197971	0.327084359769904
chr18:73248491:G:A	18	73248491	0.0946257086818042	0.171788685925118	0.581752823501942
chr18:77734991:G:A	18	77734991	0.248041016030681	0.23057649126921	0.282042269752481
chr19:2907557:G:A	19	2907557	0.0787827967088638	0.183063612075738	0.666935612813198
chr19:16021187:G:A	19	16021187	0.17209871670113	0.167690359161288	0.304755533326003
chr19:17584922:G:A	19	17584922	-0.10413736647797	0.109413565840908	0.34120985236375
chr19:18704666:C:T	19	18704666	-0.435317239043792	0.348994486690342	0.212270277258392
chr19:18737022:C:T	19	18737022	0.125574542738935	0.163979878903936	0.443799845304614
chr19:18805179:A:G	19	18805179	-0.104436340224098	0.182718438093573	0.567613463352931
chr19:21560366:G:T	19	21560366	-0.0616348984289556	0.14625876513462	0.67345575710387
chr19:21659434:G:C	19	21659434	-0.0507899388668257	0.133856564809185	0.704364458026811
chr19:33474662:T:C	19	33474662	-0.3116962184911	0.148780589945909	0.0361704651680232
chr19:37956680:C:T	19	37956680	0.169217382732273	0.165664101543657	0.307041897748747
chr19:38120117:A:T	19	38120117	0.103930603765753	0.161446702170802	0.519740416576514
chr19:44380983:T:C	19	44380983	0.162543039772218	0.15141730714085	0.28305702498004
chr19:44819986:A:G	19	44819986	-0.0437266684879969	0.149094811908565	0.76930741136595
chr19:48685001:C:T	19	48685001	0.0741059271201865	0.145988492335614	0.61172347197905
chr19:51210487:G:T	19	51210487	-0.429555985943066	0.320935114456292	0.180749401309926
chr19:51552139:T:A	19	51552139	0.0214702281676226	0.130586262396393	0.869405132092422
chr19:52714810:C:T	19	52714810	0.197493218488973	0.112775270612304	0.0799096873199064
chr19:53330671:T:C	19	53330671	-0.304300242507556	0.185539821816841	0.100988431692329
chr19:54944544:G:A	19	54944544	0.162159451452817	0.182900481128542	0.37529463284868
chr19:57195010:G:C	19	57195010	0.0139025699852019	0.229327597370393	0.95165930635366
chr20:1709120:A:G	20	1709120	0.0524890902548678	0.120608970601064	0.663416863915441
chr20:1735934:T:G	20	1735934	-0.0725229819456346	0.102586288312587	0.479599940666101
chr20:1906500:G:T	20	1906500	-0.167098941031538	0.225104238122796	0.45789465297705
chr20:3649460:G:A	20	3649460	-0.0542676284747437	0.106947756974873	0.611858859241198
chr20:5407753:C:T	20	5407753	0.138449437514939	0.178875117540541	0.438930472100765
chr20:5860313:T:C	20	5860313	-0.435122857398185	0.17169375500715	0.0112673396772781
chr20:7000966:A:C	20	7000966	-0.31551395317813	0.218878346133171	0.14944242327604
chr20:12129436:G:A	20	12129436	0.0477491094032213	0.142216402685766	0.737059651150971
chr20:13244402:C:A	20	13244402	-0.359258793518132	0.365186008946745	0.325228944949474
chr20:31347432:T:C	20	31347432	0.195773229711974	0.115725462648563	0.0907024226716175
chr20:37593342:C:T	20	37593342	-0.0470155037970835	0.141258663461708	0.739260565435621
chr20:38200488:G:A	20	38200488	-0.135437604463318	0.110011038817223	0.218275218174518
chr20:38350608:A:G	20	38350608	0.157324901071838	0.192831611993774	0.41457634952609
chr20:45729681:A:G	20	45729681	-0.0232304506117431	0.134875760354907	0.863252060087902
chr20:48501317:C:T	20	48501317	-0.245193934863634	0.107557298245479	0.0226279362731397
chr20:49036824:T:G	20	49036824	-0.195292841194593	0.161628074107151	0.226937504698605
chr20:50371082:C:T	20	50371082	0.141162345942463	0.129859581817822	0.277019860226144
chr20:52513956:G:A	20	52513956	-0.141510615967532	0.302078547067601	0.63945827337345
chr20:54253971:A:G	20	54253971	0.258285597919781	0.152702318807953	0.0907543131433357
chr20:58480201:T:G	20	58480201	0.056422428454993	0.163339108034508	0.729770204758277
chr20:60073360:C:T	20	60073360	-0.0266759843979267	0.138995809182957	0.847805385451886
chr21:14869783:A:G	21	14869783	0.287193068668877	0.20029162699767	0.151608062665484
chr21:15297615:T:C	21	15297615	-0.0503315350820018	0.185348311478105	0.785967214961476
chr21:15686888:A:G	21	15686888	0.169902843070339	0.202796941309803	0.402144241884207
chr21:18805376:C:A	21	18805376	0.0510148259810873	0.196047384595298	0.794696534539974
chr21:22007486:G:T	21	22007486	-0.024826095944871	0.217796814858993	0.909247769704749
chr21:24026351:C:T	21	24026351	0.0559601313040111	0.131018047359068	0.66929357786618
chr21:26647335:G:C	21	26647335	-0.0453183583839326	0.120217788756045	0.706196773945186
chr21:28043199:C:G	21	28043199	0.0931325602741764	0.1956444280891	0.634053212214535
chr21:29538421:G:A	21	29538421	-0.534903900514988	0.444239024327841	0.228554678269794
chr21:31885030:A:G	21	31885030	-0.0384097542096015	0.125531483147087	0.75962211177236
chr21:35502622:A:T	21	35502622	-0.0581561678269065	0.149837345098046	0.697920824316722
chr21:36306638:T:G	21	36306638	-0.0816425057227834	0.129970737389974	0.529898690834673
chr21:41442549:G:A	21	41442549	-0.0524051820842738	0.155993934322434	0.736913309700239
chr21:42627184:G:A	21	42627184	-0.678754532465083	0.390888149377365	0.0824857418507222
chr22:20147688:T:C	22	20147688	-0.315742375510033	0.185782426595602	0.0892198046708976
chr22:23891985:A:G	22	23891985	0.0830383817573736	0.166386125768978	0.617729825702576
chr22:24245985:G:T	22	24245985	-0.0858975190870098	0.139961812617954	0.539399635781857
chr22:28624303:G:A	22	28624303	0.0288521284631816	0.28276616023007	0.918728660228744
chr22:30376697:C:T	22	30376697	-0.0724351540279538	0.237632333866674	0.760503036582357
chr22:30662128:G:A	22	30662128	-0.153640201468335	0.111839327459187	0.169516738916113
chr22:36298345:C:A	22	36298345	0.159240726018664	0.232723436349578	0.493818088081455
chr22:36977479:G:A	22	36977479	0.12606990410021	0.291691844628104	0.665594343117439
chr22:42350572:C:T	22	42350572	0.237738742664131	0.2358423071294	0.313434723705605
chr22:42475109:T:G	22	42475109	-0.0680497755770383	0.125002713598654	0.586175611726603
chr22:44719519:A:G	22	44719519	0.193898639637442	0.155045657217765	0.211083886219215
chr22:44805054:T:C	22	44805054	0.193389098032333	0.158797299602682	0.2232862293781
chr22:45210278:T:C	22	45210278	0.148196941441832	0.140217772354788	0.29055469646288
chr22:47062473:C:T	22	47062473	-0.0872410557644011	0.283164129245131	0.758011111542441
chr22:48785864:A:G	22	48785864	-0.0747525261554531	0.207056751633933	0.71808125515625
chr22:49668266:A:G	22	49668266	-0.0139646197079837	0.15003505365131	0.925843411275968
chr22:49926053:G:A	22	49926053	-0.00585482194576057	0.153664890962338	0.969606967552491
