SNP	CHR	POS	est	stderr	pval
chr1:1837340:C:T	1	1837340	-0.0970939701388208	0.272718212525255	0.721823302378803
chr1:2261200:G:C	1	2261200	0.00244305373613629	0.294098898448558	0.993372119210332
chr1:14678191:A:C	1	14678191	-0.188152295251612	0.209853968738368	0.369939452005682
chr1:14985097:C:T	1	14985097	0.0297447109514022	0.272432216401402	0.91305808825067
chr1:20215506:G:C	1	20215506	0.124833094182444	0.218371628266282	0.567556157654851
chr1:22009627:T:C	1	22009627	0.0280859020972663	0.261214155199995	0.914375985434419
chr1:22126221:C:T	1	22126221	-0.0283890048353672	0.237168633216976	0.904721069448334
chr1:23180575:A:G	1	23180575	-0.127079263766164	0.256016898593657	0.619632957764361
chr1:26058659:G:C	1	26058659	-0.0976194520396104	0.295681857588479	0.741286403029334
chr1:28670719:C:T	1	28670719	0.0650901749147142	0.217961782314065	0.765221504916413
chr1:29753056:A:C	1	29753056	0.191266607143452	0.155806474840873	0.219600588108656
chr1:29908726:A:G	1	29908726	0.0246279214761012	0.286532153385036	0.931504824567197
chr1:31886486:G:T	1	31886486	0.115206635465131	0.200599648107301	0.565757194926066
chr1:37838865:C:T	1	37838865	0.324691040386275	0.387434664763527	0.40200056487468
chr1:39880059:T:C	1	39880059	-0.146649620308332	0.177440024060265	0.408535088880407
chr1:43202709:G:A	1	43202709	-0.239129332808366	0.255485044547537	0.349282596853188
chr1:47498869:G:A	1	47498869	0.0970334508311035	0.247352111371093	0.694844874296222
chr1:54900240:G:A	1	54900240	0.0924066977373965	0.157232788676516	0.556729457843093
chr1:65351414:T:A	1	65351414	0.177107339930408	0.195115814235954	0.364034806411118
chr1:66254178:T:A	1	66254178	0.377592289429789	0.226625289102411	0.0956830463015951
chr1:73302339:T:C	1	73302339	-0.148582739252409	0.211189755532504	0.48171250765735
chr1:73563666:T:C	1	73563666	0.324330818415483	0.365722459104112	0.375174600072734
chr1:76062379:T:C	1	76062379	-0.117319656760422	0.213307756969158	0.582318118164258
chr1:86928231:G:T	1	86928231	-0.153865264849315	0.351020111880779	0.661141673512647
chr1:88611347:G:A	1	88611347	-0.305945256046494	0.318538734116238	0.336821315659346
chr1:91057167:C:A	1	91057167	-0.0622587886173346	0.324754564466119	0.847969152758676
chr1:91093925:G:A	1	91093925	0.123616007512848	0.251763764764163	0.623426450322389
chr1:92475800:A:G	1	92475800	0.22219467343607	0.207364265875259	0.283936299908027
chr1:94752415:G:A	1	94752415	-0.218828210878309	0.287172202158778	0.446053784119428
chr1:95614324:G:A	1	95614324	-0.140571251530232	0.307684370917075	0.647765672669542
chr1:99691102:T:C	1	99691102	0.13594413995076	0.239267533160919	0.569920942788011
chr1:104937367:T:A	1	104937367	-0.149114189646991	0.268958711988183	0.579296273816919
chr1:153704237:C:A	1	153704237	0.131560428541742	0.291036210646203	0.651239127232427
chr1:159540226:C:T	1	159540226	-0.135120734520045	0.353254139438628	0.702088374588332
chr1:165647351:T:C	1	165647351	-0.0966287307895817	0.209403586098469	0.6444776837978
chr1:168863629:G:A	1	168863629	0.421704218895653	0.439097986366583	0.336860225109536
chr1:171350391:G:A	1	171350391	-0.455335197343759	0.301212811885482	0.130617136187592
chr1:173013575:C:G	1	173013575	0.207053910327343	0.284269468810178	0.466385922695766
chr1:178947344:C:A	1	178947344	-0.252316725019582	0.366031944449114	0.490615752484097
chr1:186638909:G:T	1	186638909	0.750076805911136	0.298233966157433	0.0119011576579475
chr1:188272062:T:C	1	188272062	-0.216127102973229	0.337553278906981	0.521993489416251
chr1:193365737:C:T	1	193365737	-0.267866007126842	0.308631107873512	0.385440087733376
chr1:195033388:T:C	1	195033388	0.0813754330813413	0.284652877372613	0.774973077067179
chr1:195907914:A:G	1	195907914	-0.152882704776787	0.219714605698862	0.486539031588441
chr1:196692375:G:C	1	196692375	-0.396591927977222	0.280588810486567	0.157530078104083
chr1:197559019:A:G	1	197559019	0.304451212827727	0.364802123856347	0.403962477304792
chr1:199160726:G:A	1	199160726	-0.528071463312155	0.307752336066384	0.0861808048350537
chr1:204277152:T:C	1	204277152	-0.30928855005096	0.356266700401641	0.385318960604244
chr1:207498131:C:T	1	207498131	-0.145843577147896	0.306377032686744	0.634055520598672
chr1:210496535:G:A	1	210496535	-0.622892729483925	0.442809374869081	0.159521201480528
chr1:212937214:T:G	1	212937214	0.139811161366967	0.156993338318316	0.373168090056756
chr1:219750864:A:G	1	219750864	-0.0602796565950127	0.235486707523865	0.797967037407794
chr1:221920463:G:A	1	221920463	-0.024715977690134	0.254266293664615	0.922563526796404
chr1:227462684:A:G	1	227462684	-0.236730087048197	0.2902280130418	0.414689288713043
chr1:234456961:G:A	1	234456961	0.140952808390368	0.270574163160035	0.60240881696092
chr1:237308322:A:G	1	237308322	-0.272106118710435	0.275272949766407	0.322909954374849
chr1:244583991:C:T	1	244583991	-0.574473649430706	0.522900438055618	0.271929869567002
chr1:247190028:T:C	1	247190028	0.0865987639490188	0.303705096445286	0.775536147451372
chr1:247897239:C:T	1	247897239	-0.0421444547498041	0.273593279564041	0.877577775855602
chr2:3248328:A:G	2	3248328	-0.299113711055729	0.247865935970031	0.227526116881523
chr2:6804400:G:A	2	6804400	-0.639434874256694	0.661343009042913	0.333607393228326
chr2:9411790:A:C	2	9411790	0.389585481552292	0.238040122125772	0.101706155158466
chr2:12096367:C:T	2	12096367	0.0233030710286625	0.253854735366957	0.926859428164459
chr2:13545005:C:T	2	13545005	0.073649651031308	0.208130229113297	0.723441327298764
chr2:16009716:A:G	2	16009716	-0.0388516040484569	0.211014212434	0.853920553988829
chr2:16367899:A:T	2	16367899	-0.143301927981809	0.188524364255966	0.447180359819455
chr2:17630111:A:C	2	17630111	-0.24868866718406	0.378386851661338	0.511030529488641
chr2:17928966:C:G	2	17928966	-0.0261189380102812	0.263169482420415	0.920941686620483
chr2:18261494:A:T	2	18261494	0.17323729657861	0.222082225707669	0.43535599512059
chr2:19530615:T:C	2	19530615	-0.122761669140192	0.247237247449246	0.619517791734334
chr2:19562158:T:C	2	19562158	-0.0468332279115736	0.306726634966249	0.878644963410718
chr2:27383116:G:A	2	27383116	-0.0763542407010157	0.146969113993454	0.603394153748972
chr2:37762298:C:T	2	37762298	0.247164919392451	0.280126035250833	0.377595840475029
chr2:42010994:T:A	2	42010994	0.0612070841115363	0.343334168191515	0.858508874919315
chr2:45824390:C:G	2	45824390	0.0127366996633235	0.26977485872732	0.962344000540595
chr2:49789441:T:C	2	49789441	-0.289192432339161	0.261237767312249	0.26829024772528
chr2:49994518:G:A	2	49994518	0.179597551193516	0.242965256816316	0.4597914747963
chr2:51284042:G:A	2	51284042	0.160051345843489	0.20954366552391	0.444981049314251
chr2:51344078:G:A	2	51344078	-0.392444683992389	0.30035114297264	0.191341943736755
chr2:57278002:C:A	2	57278002	0.386171281162237	0.245392510852328	0.115559567692161
chr2:57368273:A:G	2	57368273	0.0723209938104011	0.305112970629903	0.812633347913724
chr2:60373837:A:G	2	60373837	-0.852410672172161	0.471218802728148	0.070458963113793
chr2:61147014:T:C	2	61147014	-0.0368399875852032	0.284565606704069	0.896993328749626
chr2:61693274:A:G	2	61693274	-0.1714326247943	0.212265409904066	0.41930168034004
chr2:65295480:C:T	2	65295480	-0.0313523771941325	0.257945660536008	0.903258232181764
chr2:66031496:T:C	2	66031496	-0.00759356697599015	0.279350563585211	0.978313830103975
chr2:69165635:T:C	2	69165635	0.32070911664812	0.221434144578036	0.147525536266313
chr2:76651386:C:A	2	76651386	0.251606307246669	0.308308295924559	0.414450536371532
chr2:79784490:C:G	2	79784490	0.0456501701124334	0.202017731625871	0.821223893695558
chr2:82619301:T:C	2	82619301	0.356557297561621	0.340538614983658	0.295081473886469
chr2:83400799:T:A	2	83400799	0.114302182597678	0.312824306997966	0.714821953328792
chr2:85744328:G:A	2	85744328	0.170712260982299	0.332052947907313	0.607173991615494
chr2:85757440:T:A	2	85757440	-0.0504639774039623	0.202229903714805	0.80294491184285
chr2:99811694:T:C	2	99811694	0.0390800228442054	0.187090755800783	0.83453980704697
chr2:101228073:A:C	2	101228073	-0.305608170885354	0.257829220357089	0.235893954216267
chr2:106861882:T:C	2	106861882	-0.227675902732681	0.264994316451223	0.390245200242529
chr2:108083619:T:C	2	108083619	-0.0572148248922954	0.269118666925127	0.831638402445854
chr2:118004610:C:T	2	118004610	-0.478429369607359	0.203376125216927	0.0186508864225623
chr2:119455921:A:G	2	119455921	-0.168886615561613	0.247531705893443	0.495060171970956
chr2:120644763:G:A	2	120644763	-0.107301833051565	0.159563790281356	0.501284648140002
chr2:120916837:A:G	2	120916837	0.575546641336582	0.223210662937222	0.00992329414903581
chr2:122628686:C:A	2	122628686	0.120310877208087	0.270776702923305	0.656812918478765
chr2:122629789:A:C	2	122629789	0.153275700171063	0.240602992306417	0.52409345609686
chr2:127192867:G:A	2	127192867	-0.323752578763007	0.184587022161468	0.0794426295608517
chr2:130915743:C:T	2	130915743	0.282801398480879	0.21072567091524	0.179584381808582
chr2:136507185:G:C	2	136507185	-0.0637163860699577	0.176654881148676	0.718336546350465
chr2:141023592:C:T	2	141023592	0.164220789715921	0.300024576878599	0.584132947424881
chr2:143017176:T:C	2	143017176	0.406491160449128	0.371119851711856	0.273380994676619
chr2:143920023:G:T	2	143920023	0.193198060840395	0.250807813529296	0.441120059818835
chr2:144729333:C:T	2	144729333	0.102860009481321	0.189976803307325	0.588208082312559
chr2:148561010:G:C	2	148561010	-0.167159056689468	0.290211360336863	0.564621439489121
chr2:154835349:G:T	2	154835349	-0.473886804217882	0.434073142561469	0.274955712463295
chr2:164974626:C:A	2	164974626	0.038081280158258	0.342670459512904	0.91151253753631
chr2:167086954:T:G	2	167086954	0.0939537373892926	0.188482983859767	0.618150474618389
chr2:167657344:C:T	2	167657344	0.278574252814626	0.254080563618581	0.272903208125945
chr2:168647356:T:G	2	168647356	0.118833713632235	0.256187707287242	0.642752293324546
chr2:170041677:A:G	2	170041677	-0.139665099357911	0.320339909139055	0.662843753119646
chr2:171274449:C:A	2	171274449	0.483310334053805	0.251219060395529	0.0543721180058973
chr2:177787584:G:A	2	177787584	-0.529852021151529	0.416907938973153	0.203761050407459
chr2:179648558:C:T	2	179648558	0.3387495706894	0.354953662512672	0.339907158230166
chr2:183527028:C:T	2	183527028	-0.306389019394236	0.311784195105539	0.325757177877916
chr2:184516924:T:A	2	184516924	0.483895882797841	0.310398147522182	0.119007688069844
chr2:197010424:G:A	2	197010424	0.256825982265063	0.321873215469081	0.424922494642093
chr2:209101337:G:A	2	209101337	-0.691878743686191	0.363644437473553	0.0570895858918452
chr2:209103516:A:G	2	209103516	-0.524911078862822	0.541200567166535	0.332095742490631
chr2:210957182:G:A	2	210957182	0.0488195886157694	0.206414839753986	0.813035389080457
chr2:214802180:T:C	2	214802180	-0.27759240166326	0.299410755748996	0.353859548495883
chr2:215209936:A:G	2	215209936	-0.877677143349977	0.343293553746543	0.0105689318251334
chr2:220997842:C:T	2	220997842	0.0437568565118865	0.196083539506825	0.823415531467437
chr2:226027918:G:A	2	226027918	-0.00693099475646483	0.41069513510952	0.986535337915219
chr2:228947684:G:A	2	228947684	0.151632169754257	0.460116576609474	0.741738772960637
chr2:233152507:T:C	2	233152507	0.161329834025443	0.233629987522412	0.489857402384011
chr2:235620294:A:T	2	235620294	0.11051496966955	0.271970087556859	0.684485655870776
chr2:237288548:A:G	2	237288548	0.127186481868102	0.168739534472066	0.451002706014337
chr2:237513585:T:C	2	237513585	-0.194754925684955	0.30629443350139	0.524879280602946
chr2:237920759:T:G	2	237920759	0.397754871889226	0.269156958022495	0.13946657135012
chr2:240429648:C:T	2	240429648	-0.11265274809911	0.174743051923408	0.519136814979002
chr3:10127208:T:G	3	10127208	-0.0746358528617753	0.418448958112136	0.85843782746619
chr3:14082905:A:G	3	14082905	0.364049360152914	0.157323353339376	0.0206666341399678
chr3:16798495:T:G	3	16798495	0.110803399335626	0.258414587130149	0.668082229058847
chr3:18882818:T:C	3	18882818	-0.61398328839651	0.204558684697748	0.00268651329933689
chr3:22245167:A:G	3	22245167	0.0906912630640647	0.180742341516207	0.615828623936215
chr3:24009496:G:A	3	24009496	0.0171047434977219	0.211305439881726	0.935483341518307
chr3:24010534:C:T	3	24010534	0.0225136643560374	0.268421285672972	0.933156323068594
chr3:33421913:A:G	3	33421913	0.00450195095259732	0.180105528114795	0.980058007242233
chr3:34471110:A:G	3	34471110	-0.230985123970536	0.234074769534132	0.323740398555575
chr3:35230331:G:A	3	35230331	-0.0427446028485629	0.18406217774433	0.816360039126127
chr3:41413926:T:C	3	41413926	-0.482854791384111	0.232355328580194	0.0377012660706402
chr3:42098050:T:C	3	42098050	0.121803258755169	0.182289491544495	0.504014966980918
chr3:46489654:A:G	3	46489654	-0.0940019355716971	0.212343281379361	0.657991038311976
chr3:56959175:A:G	3	56959175	0.0105916279001698	0.36832696393082	0.977059154885902
chr3:64441608:G:A	3	64441608	-0.112984863219119	0.19206287265568	0.556350949010445
chr3:66995763:G:T	3	66995763	-0.207272851029869	0.355891914694572	0.560294632632404
chr3:68498445:T:C	3	68498445	-0.168532070754955	0.213153234565041	0.429141508343509
chr3:68824246:G:A	3	68824246	-0.572099142288341	0.400690008931098	0.153353781849854
chr3:69021248:A:C	3	69021248	-0.581399729046646	0.440518852878905	0.186899567461766
chr3:69617754:T:G	3	69617754	-0.00294934184152594	0.184170865780049	0.987223094536056
chr3:74191731:G:A	3	74191731	0.0263359282905835	0.242326617889845	0.913456726311238
chr3:74732240:G:A	3	74732240	-0.370668112922882	0.189499901327276	0.0504612342090984
chr3:75709324:A:T	3	75709324	-0.205341647407989	0.20825595340502	0.32413010302923
chr3:84465702:T:C	3	84465702	0.0957567076313941	0.184851296884471	0.60444416870623
chr3:84817748:G:A	3	84817748	0.435985936316429	0.280356128998959	0.119918755528737
chr3:85705423:A:G	3	85705423	0.174864293903733	0.219891739101654	0.426480289274418
chr3:88069353:C:T	3	88069353	0.466610962357497	0.305022166183951	0.12607594025216
chr3:93986190:G:A	3	93986190	-0.116518147570218	0.292134872623212	0.690003345259016
chr3:101022648:G:A	3	101022648	0.31941274613322	0.335579193459292	0.341185619573164
chr3:106664728:C:T	3	106664728	0.0563611585928006	0.209689565927964	0.788096059580119
chr3:110774699:C:T	3	110774699	0.621494596889274	0.297370242090761	0.0366205816705604
chr3:113428518:G:A	3	113428518	0.0341234543142978	0.244169783238215	0.888855166803184
chr3:121058963:T:G	3	121058963	0.0703447841942261	0.376575331454028	0.851816380278369
chr3:124193435:A:C	3	124193435	0.175982740268484	0.182071702111197	0.333765368756983
chr3:126773646:G:T	3	126773646	0.0186079265575376	0.247205708255499	0.939997467095974
chr3:131209978:G:T	3	131209978	-0.976617338510404	0.68007418077419	0.15098944831644
chr3:133982842:C:T	3	133982842	0.0207216964929658	0.247980412543251	0.933404817870636
chr3:137777496:C:T	3	137777496	0.430491542661706	0.332884637219435	0.195936567313611
chr3:146265901:G:T	3	146265901	0.0195216008755019	0.269433016979031	0.942240313389877
chr3:149679065:C:A	3	149679065	0.288200779677929	0.236874977966172	0.223726422902285
chr3:152663712:G:C	3	152663712	-0.784315717030385	0.52521788153034	0.1353547627707
chr3:159417151:A:G	3	159417151	0.227440565937529	0.193925943104584	0.240867290047419
chr3:164899350:G:A	3	164899350	-0.0088794532269277	0.443189439684943	0.984015177161575
chr3:168053836:T:C	3	168053836	0.287120595786027	0.347769587967771	0.409027732678727
chr3:171028381:G:A	3	171028381	0.375204763783594	0.245706880738236	0.126750530198775
chr3:174497130:T:C	3	174497130	0.268407616339325	0.205253382906138	0.190978774000584
chr3:196706550:C:T	3	196706550	0.0840938815929324	0.280051799348628	0.763963785456339
chr4:332191:G:A	4	332191	-0.015757345027771	0.212738289685763	0.94095535978324
chr4:8816874:T:C	4	8816874	-0.873203041071932	0.333592476787603	0.00885572477387897
chr4:9851274:C:G	4	9851274	0.185346644204699	0.28254936808321	0.511837198247199
chr4:10725805:A:G	4	10725805	-0.080341163581977	0.215683379231523	0.709523701608899
chr4:13219910:C:T	4	13219910	0.0862406938973587	0.201742974404323	0.669031167195635
chr4:18747099:A:G	4	18747099	0.054678833152564	0.193204308044141	0.777168846284789
chr4:20840555:C:T	4	20840555	0.282809604168828	0.231887837189605	0.222617858272204
chr4:21137718:C:T	4	21137718	-0.293314503894249	0.205963153178356	0.154414185469419
chr4:26851610:T:C	4	26851610	-0.651072880126101	0.393465995294565	0.0979829440510583
chr4:32302160:A:T	4	32302160	-0.0963972190648522	0.265270546014631	0.716312007150244
chr4:40603484:A:G	4	40603484	-0.531448728643429	0.229484564279862	0.020567197857444
chr4:41002348:C:T	4	41002348	0.287970821005422	0.375807412426954	0.443514279628446
chr4:44018406:T:G	4	44018406	-0.055366493636623	0.269047461513957	0.836957227629282
chr4:44680448:T:C	4	44680448	0.471140186484283	0.290054299374509	0.104308128900713
chr4:55337032:C:T	4	55337032	0.0543221932220887	0.213220907608456	0.798901100228299
chr4:55659669:G:A	4	55659669	0.359202420584917	0.264669776582056	0.174726552610124
chr4:56719096:C:T	4	56719096	-0.915817395891366	0.424982591157081	0.0311655332809827
chr4:61158247:C:G	4	61158247	0.208757148127447	0.23265240911685	0.369563118148394
chr4:64485722:G:A	4	64485722	0.242536176326587	0.256774958830441	0.34488987924576
chr4:67708732:C:T	4	67708732	-0.205249866679456	0.265489774890328	0.439463821411613
chr4:67911021:C:T	4	67911021	-0.177008876644549	0.343933131291193	0.606790119017316
chr4:90022599:G:T	4	90022599	-0.206452151026716	0.269823205030347	0.444189013111551
chr4:97398054:G:A	4	97398054	0.451353710933458	0.294820925622244	0.125783750099197
chr4:98823404:T:C	4	98823404	0.37820085452381	0.305001184839782	0.214976139568778
chr4:99262681:C:G	4	99262681	-0.639586771563614	0.300176695367322	0.0331137863442402
chr4:99355957:G:T	4	99355957	-0.343454045402703	0.191155955748071	0.0723798191640737
chr4:101085120:T:C	4	101085120	0.0134844955108382	0.238889271941196	0.95498600688584
chr4:102399971:C:T	4	102399971	-0.0106103795738087	0.213283067954724	0.960323304297598
chr4:102884286:T:C	4	102884286	-0.0896538182880934	0.194469076202795	0.644785419100288
chr4:105992845:C:T	4	105992845	-0.21076418124265	0.182807492927768	0.248939255585604
chr4:108791253:G:A	4	108791253	0.697375461020498	0.410511256045581	0.0893573606709986
chr4:110957298:T:A	4	110957298	-0.0369112755282644	0.223377936216869	0.868754006646838
chr4:113348012:C:T	4	113348012	-0.0996194197480181	0.198997751453094	0.616648610910717
chr4:115522695:G:A	4	115522695	0.376321208699375	0.237481220723713	0.113049140081854
chr4:120770744:A:C	4	120770744	0.103411937126853	0.218338596331455	0.635763034522685
chr4:123964831:A:G	4	123964831	0.114116608239604	0.270386101431498	0.672988106240758
chr4:125256344:T:C	4	125256344	-0.330600242733681	0.481633439115409	0.492451676427157
chr4:126268710:T:G	4	126268710	0.0641175683162137	0.321104494964335	0.841732262467969
chr4:134094420:T:C	4	134094420	0.255635288105573	0.370512454842454	0.490225257834104
chr4:134350906:C:T	4	134350906	0.0718264875621552	0.214843108218613	0.738137609683528
chr4:138952375:G:A	4	138952375	-0.410938430131192	0.345910274454929	0.234836799159045
chr4:141618953:G:A	4	141618953	-0.392507426869324	0.378799230621928	0.300114185776934
chr4:149616644:T:G	4	149616644	-0.211258820479289	0.258668273350479	0.414090076120205
chr4:154030957:C:G	4	154030957	0.0634941126465912	0.306291908510016	0.835776084036126
chr4:168588553:A:C	4	168588553	-0.060126347375992	0.334055662620125	0.857161197514955
chr4:171334248:A:T	4	171334248	-0.1558272485313	0.238900667811013	0.514228332666986
chr4:171974219:A:G	4	171974219	-0.390555439503732	0.229102654334281	0.0882470141781243
chr4:176312841:C:T	4	176312841	-0.352479987491869	0.255646853361349	0.16796353713416
chr4:179329624:T:G	4	179329624	0.0886998073204208	0.264689228898031	0.737542680129371
chr4:183032183:A:G	4	183032183	0.339297079596888	0.235481362425847	0.149622554130824
chr4:184991673:A:G	4	184991673	-0.100481380029316	0.205858587678444	0.625472806329977
chr4:189912372:C:T	4	189912372	-0.0232578811736013	0.34907093880599	0.946877894032785
chr5:5313703:A:G	5	5313703	-0.220488319547462	0.338101850827443	0.514313573835248
chr5:7364955:T:A	5	7364955	-0.228606699632996	0.334870974972469	0.494814765580702
chr5:8067079:G:C	5	8067079	0.149783043206567	0.263173508738993	0.569259916656295
chr5:13911296:G:T	5	13911296	0.23978753256173	0.223318398963688	0.282935946212402
chr5:15621966:C:G	5	15621966	-0.056894721799586	0.195792761115715	0.771367630643689
chr5:17902851:T:C	5	17902851	0.340769348903664	0.292899726361833	0.244653671060191
chr5:20719353:A:C	5	20719353	-0.782209224554994	0.461304743151934	0.0899530713412253
chr5:20732163:G:T	5	20732163	-0.275544907698439	0.239943694224583	0.250814532813831
chr5:21913130:A:C	5	21913130	-0.34555056208303	0.248951530149424	0.165129904161665
chr5:23787194:A:C	5	23787194	-0.026745451071258	0.251023350405755	0.915149422124819
chr5:23895775:T:G	5	23895775	-0.302633111519581	0.202084782608029	0.134248860857145
chr5:33466391:T:A	5	33466391	0.383950699130862	0.212041088406084	0.0701815324729979
chr5:33624899:A:G	5	33624899	0.154466771684645	0.319260319037825	0.628508630885559
chr5:39550509:T:G	5	39550509	0.135772390688415	0.254573416682378	0.593803124207769
chr5:39634108:G:A	5	39634108	0.290531956213358	0.197949997444157	0.142184708044791
chr5:39978357:G:A	5	39978357	-0.186145881233048	0.249910411032956	0.456362134533335
chr5:44011742:G:T	5	44011742	-0.15258023531454	0.242137328621121	0.528603479909912
chr5:50222627:G:A	5	50222627	-0.0287397125350277	0.290810131434947	0.921276122867413
chr5:54814079:C:T	5	54814079	0.259785310077384	0.254629494908902	0.307610714502614
chr5:66989845:C:A	5	66989845	-0.247111509193023	0.185842537084057	0.183623009745494
chr5:66992139:G:A	5	66992139	0.154678928150759	0.232373810021891	0.50563676118756
chr5:73076502:T:C	5	73076502	-0.0524531421331325	0.289463761153751	0.856204334709926
chr5:76998986:C:A	5	76998986	0.143647576280114	0.267494370108728	0.591259610154361
chr5:80530472:T:A	5	80530472	0.26741738637623	0.418542932916049	0.522871967684277
chr5:81710558:G:T	5	81710558	-0.420781448394506	0.285321260062202	0.140276073038486
chr5:84879932:A:G	5	84879932	0.145189682271783	0.240993173980981	0.546865400482215
chr5:85476293:A:G	5	85476293	-0.106913555293882	0.343687436151711	0.755741424920744
chr5:85809583:T:C	5	85809583	-0.101126731861938	0.204641512665556	0.6211894529531
chr5:92192959:A:T	5	92192959	-0.067534071745407	0.334313929623945	0.839910508718615
chr5:94648523:C:G	5	94648523	-0.63977003607969	0.37750415085248	0.0901254319837336
chr5:98024666:G:A	5	98024666	0.317112971499574	0.262719357266465	0.227416448814618
chr5:101825779:A:C	5	101825779	0.396243331413055	0.262373903118589	0.130986309785463
chr5:106773905:G:A	5	106773905	-0.182363588989475	0.24185133731745	0.45083015253099
chr5:114915760:G:T	5	114915760	0.217755636452308	0.39435230105223	0.580821243559122
chr5:115102683:A:G	5	115102683	-0.0466120594881892	0.282236580777673	0.868823999858084
chr5:117238479:G:A	5	117238479	0.0767615604267409	0.178502457144109	0.667173212216021
chr5:121740415:G:T	5	121740415	0.049124601568547	0.202537415612236	0.808357264864152
chr5:137227416:A:T	5	137227416	-0.498658231736649	0.250956914906587	0.0469193757354534
chr5:137406489:C:T	5	137406489	-0.278027600043888	0.290932548444774	0.339252721833515
chr5:140638650:G:A	5	140638650	0.258802486094178	0.24504964650571	0.290912176011214
chr5:142682003:T:C	5	142682003	-0.335727878765129	0.287139827554335	0.242317460658189
chr5:144183699:A:G	5	144183699	0.0410715108782965	0.223493918044882	0.854193774015722
chr5:145690757:G:T	5	145690757	0.269079144447501	0.210745880545482	0.201674869359726
chr5:147282093:C:T	5	147282093	0.0680230359663787	0.215234486683212	0.75197098780554
chr5:151763317:T:C	5	151763317	0.053666517634476	0.255909142077652	0.833894595298764
chr5:153541577:C:T	5	153541577	-0.229678234763824	0.316013638667465	0.467349409476142
chr5:164252995:G:C	5	164252995	0.269915073514383	0.180259207086026	0.134296512712108
chr5:168245100:T:C	5	168245100	-0.181328146016128	0.155835675096738	0.24459199373675
chr5:169455657:C:T	5	169455657	-0.0291336505292948	0.186790091709533	0.876056668633501
chr5:169808985:G:C	5	169808985	0.408482659464553	0.304540689023922	0.179820689858225
chr5:172672695:T:C	5	172672695	-0.0233096956374637	0.318708619114057	0.941696341307936
chr5:173346700:A:C	5	173346700	-0.199993648521522	0.360733356686646	0.579299292493652
chr6:3041612:C:A	6	3041612	-0.259975587226425	0.2720849256615	0.339327802026095
chr6:3673174:A:G	6	3673174	-0.644602088338515	0.374196254544565	0.0849552655727797
chr6:3786319:G:C	6	3786319	-0.279977602435188	0.266440961728405	0.293347973324348
chr6:6090729:G:T	6	6090729	-0.700480610285353	0.494263705665915	0.15641849708161
chr6:6354181:A:T	6	6354181	0.368833060845001	0.243357551415969	0.129620157031169
chr6:6456261:T:C	6	6456261	-0.119619160784747	0.324677775671984	0.712556930230687
chr6:7642514:C:G	6	7642514	0.310451627126317	0.244834578371829	0.204795935165542
chr6:23163726:T:C	6	23163726	-0.209704596364183	0.480649890887282	0.66262353586448
chr6:23344439:T:A	6	23344439	-0.0525254307707881	0.230469520810683	0.819719169174995
chr6:26287827:G:A	6	26287827	0.213564064898114	0.233798115665315	0.361003274307407
chr6:31108549:A:G	6	31108549	0.252697346604812	0.253538214013395	0.318918176322355
chr6:31845997:T:C	6	31845997	-0.2938015138761	0.226448590632004	0.194482791508652
chr6:32660000:G:C	6	32660000	0.206054324927618	0.35825424272008	0.565181554572042
chr6:33148933:A:G	6	33148933	-0.0975347510419935	0.220547014613142	0.658315414711381
chr6:37400014:G:T	6	37400014	0.261645646950756	0.22738505177474	0.249867137145932
chr6:39124093:C:T	6	39124093	0.210080184169501	0.239830616655095	0.381055956812613
chr6:45195864:C:T	6	45195864	0.604241332894602	0.336159964917148	0.0722592054603028
chr6:46738257:G:A	6	46738257	-0.220358400895818	0.311561397050098	0.479397963932571
chr6:47717919:C:A	6	47717919	0.112367457179345	0.297955838202649	0.706078564098623
chr6:48859012:C:A	6	48859012	0.163062524827375	0.298970585887233	0.585469315913519
chr6:49860743:T:G	6	49860743	-0.421514214717049	0.645388803103695	0.513681037418737
chr6:53292416:C:G	6	53292416	0.0575283498621084	0.188182811450036	0.759829575608237
chr6:69504128:A:G	6	69504128	-0.108458342998695	0.203849696241343	0.594690985082629
chr6:81137001:T:C	6	81137001	-0.231055447380664	0.337762509337069	0.49392676279115
chr6:84758749:C:T	6	84758749	-0.393070819918369	0.294079697872131	0.181348912625832
chr6:87387916:G:T	6	87387916	-0.390615419430116	0.332319069920821	0.239825596854523
chr6:88566465:G:A	6	88566465	-0.220613281446557	0.271039354657012	0.415671906987166
chr6:93273487:T:C	6	93273487	-0.049114452993756	0.229277575190594	0.830380224962791
chr6:97788153:C:A	6	97788153	-0.346080360864492	0.334830107655069	0.301323253042449
chr6:98771646:C:T	6	98771646	0.388559967800803	0.257685630751546	0.131584289687648
chr6:104918249:A:G	6	104918249	-0.473826362095983	0.239596728034506	0.0479739092470371
chr6:107129138:A:G	6	107129138	-0.0411383298699873	0.216125073284088	0.849038783140158
chr6:112187089:T:C	6	112187089	-0.1018171103033	0.246643507709973	0.679745218583032
chr6:118046853:T:C	6	118046853	-0.0817968478145731	0.257906480782783	0.751124469714247
chr6:123103197:T:C	6	123103197	-0.0296844983176589	0.206873344425172	0.885902284085323
chr6:127784009:G:A	6	127784009	-0.147980547009337	0.17840615190253	0.406844858829616
chr6:129527930:G:A	6	129527930	-0.0883646035423389	0.22725215641827	0.697394915807902
chr6:137254996:T:C	6	137254996	-0.15739285504096	0.250767080200389	0.530236128172246
chr6:138165202:C:G	6	138165202	0.156951537042892	0.369544169952632	0.671043293737191
chr6:139464917:T:A	6	139464917	-0.249504780527163	0.222818800428039	0.262813752355022
chr6:151547601:G:A	6	151547601	-0.182469035300459	0.364698638312638	0.61684395816861
chr6:152638179:C:T	6	152638179	0.0178413252067078	0.264202777971022	0.946160648927511
chr6:153842833:G:A	6	153842833	0.497669292618618	0.288879579802354	0.0849324938346794
chr6:160701242:A:G	6	160701242	0.543879642469773	0.306857526572093	0.0763252830806713
chr6:162760256:C:T	6	162760256	0.5370040821384	0.355226431468682	0.130604262242718
chr6:163629327:G:A	6	163629327	-0.285438631615915	0.200309528667127	0.154160731996718
chr6:167509019:C:T	6	167509019	0.295515133560363	0.322461248118412	0.359438200294438
chr7:7863676:G:A	7	7863676	0.21525634685045	0.284085015534384	0.448619784949928
chr7:8111839:A:G	7	8111839	0.0732957439830553	0.26845446341256	0.784831237530358
chr7:9602661:C:A	7	9602661	0.317875461388824	0.309773083753939	0.304818129235536
chr7:11334355:C:A	7	11334355	-0.166667149076438	0.306681601959529	0.586817690394993
chr7:12476280:G:A	7	12476280	0.238540935253923	0.300790022509523	0.427749839067228
chr7:20850990:A:T	7	20850990	-0.114501212067525	0.219489578527957	0.601899850533036
chr7:22822020:C:A	7	22822020	-0.350652144469889	0.310716772351466	0.259097587112
chr7:24140802:T:C	7	24140802	0.308965483434447	0.200345390775546	0.123033704328532
chr7:24278575:A:G	7	24278575	-0.668487898739586	0.435851764118359	0.125091023637719
chr7:24620726:T:A	7	24620726	0.0720911140689356	0.285525165515871	0.80066541473892
chr7:24740434:C:T	7	24740434	-0.148508961657561	0.300333798057789	0.620967450486786
chr7:28505993:C:T	7	28505993	0.00543697061875632	0.272507846087566	0.984081973468121
chr7:36413989:G:A	7	36413989	-0.82996683000575	0.424686415129734	0.0506651452429903
chr7:43755241:C:T	7	43755241	-0.363619860318619	0.274175477466464	0.184763384002577
chr7:44689517:A:G	7	44689517	0.151037412682292	0.281506969597089	0.591591134098167
chr7:46192346:C:G	7	46192346	0.45638735282639	0.307867685220102	0.138230183091489
chr7:48301675:T:C	7	48301675	-0.411434455264013	0.447174143197011	0.357532743282553
chr7:51890159:C:T	7	51890159	-0.0560142184848489	0.263421418670333	0.831606916486164
chr7:53046603:C:G	7	53046603	-0.0277598405703042	0.243641193647478	0.90928742929306
chr7:55663907:C:A	7	55663907	0.416744262176968	0.372881625056819	0.263724395551301
chr7:56122201:A:G	7	56122201	0.419334826546438	0.225206857755724	0.062603304659908
chr7:67766433:G:A	7	67766433	0.0118535467526785	0.255815157807096	0.963042148404568
chr7:68433432:T:C	7	68433432	0.291519272143602	0.286971966648443	0.309702813719696
chr7:71020152:T:G	7	71020152	-0.0501067677591505	0.304200614859335	0.869167369428602
chr7:71553830:T:C	7	71553830	0.0757567268988938	0.227481161318023	0.739116031992251
chr7:78390279:T:G	7	78390279	-0.359287470018271	0.261944526097314	0.170182811813306
chr7:83524616:A:T	7	83524616	-0.248709058041726	0.332133589880057	0.453964281904337
chr7:84786535:C:A	7	84786535	0.0350965376731552	0.182577686590377	0.847563639209557
chr7:86620755:G:A	7	86620755	0.0873709396952101	0.258938598451268	0.735800665634865
chr7:89207269:G:A	7	89207269	-0.265892949062633	0.244798035654266	0.277402582659233
chr7:91097147:A:G	7	91097147	-0.291915444725683	0.38981497565502	0.453943753262453
chr7:103095283:G:A	7	103095283	-0.185831863030347	0.424843180869761	0.6618119726717
chr7:113434486:A:C	7	113434486	-0.242487545271434	0.284531669730858	0.3940842639285
chr7:113749820:G:A	7	113749820	0.0641189420269731	0.181719915020865	0.724204733865695
chr7:117145973:C:G	7	117145973	-0.0567753627984296	0.2575513943211	0.825526278381555
chr7:119808046:G:A	7	119808046	-0.227679028864774	0.437257254221144	0.602577086430591
chr7:122582926:C:G	7	122582926	0.295879232435414	0.297803147306513	0.320447041628046
chr7:124802410:A:T	7	124802410	-0.405385669722774	0.30101310494978	0.178064754565278
chr7:131384702:T:A	7	131384702	-0.354733920087404	0.288078078865836	0.218180338437512
chr7:136870573:G:A	7	136870573	0.619882381644403	0.313155568054771	0.0477629957695991
chr7:142873374:T:C	7	142873374	-0.078205311541982	0.180809711786157	0.665357511319515
chr7:145116884:A:G	7	145116884	0.286042086874516	0.284914840860384	0.31539961437511
chr7:149242006:T:C	7	149242006	0.23336912520391	0.23738719532006	0.325571132451817
chr7:153502245:G:A	7	153502245	0.145775495119999	0.200248145728319	0.466629344877754
chr7:153952270:G:A	7	153952270	-0.496609272175727	0.302768149020532	0.100957442344639
chr7:154426289:T:C	7	154426289	-0.300130163565796	0.323531881415863	0.353579828235176
chr7:156975524:A:T	7	156975524	0.309383441918453	0.281730970250191	0.272138101137757
chr7:157677820:C:T	7	157677820	0.2815531525712	0.361035271365131	0.435479504152185
chr8:276778:A:T	8	276778	0.347668246649843	0.29905713180589	0.245012971358499
chr8:1102873:G:T	8	1102873	0.105557761561632	0.205723087953269	0.607877137996622
chr8:8710521:T:C	8	8710521	0.392139668423942	0.336814772504772	0.244319020657301
chr8:9029509:T:C	8	9029509	0.0554186508305168	0.270547330747445	0.837697897669069
chr8:9109096:A:G	8	9109096	0.306428920460771	0.298757613572201	0.305043689259041
chr8:13032868:C:A	8	13032868	0.0337247184616821	0.321256563638943	0.916393643799906
chr8:20741226:C:T	8	20741226	0.100828289494236	0.247654336942388	0.683910199535839
chr8:25783762:T:C	8	25783762	0.0755251353550503	0.328759917566497	0.818303662962056
chr8:27022227:G:T	8	27022227	-0.377899792346933	0.416982814987342	0.36479197472888
chr8:28150898:A:G	8	28150898	-0.140320891074856	0.358494574130525	0.695488986536547
chr8:28528484:G:T	8	28528484	0.274088882615802	0.327223650833482	0.402244485883136
chr8:37085597:G:A	8	37085597	-0.344894879048801	0.508361921528713	0.497490488922904
chr8:41788192:C:T	8	41788192	0.371424132621891	0.212908755324261	0.0810680063698627
chr8:53142705:G:A	8	53142705	-0.303605685762271	0.244461374758955	0.214259717666678
chr8:61304314:G:C	8	61304314	-0.345408954339163	0.201169973861963	0.0859790727912422
chr8:61926940:A:T	8	61926940	0.0713531138868473	0.194974308683773	0.714393714620993
chr8:63445672:G:A	8	63445672	-1.069289593003	0.569415954521185	0.060398842076863
chr8:65343369:C:A	8	65343369	-0.0845848622934398	0.359404447389681	0.81393919446861
chr8:65418628:G:T	8	65418628	-0.231944555967681	0.262663893485253	0.377210892842815
chr8:71273350:T:A	8	71273350	-0.495606763531637	0.297622358717647	0.0958688324607953
chr8:72033005:T:C	8	72033005	0.0981779160119551	0.390210694886842	0.801348465421709
chr8:72065200:T:A	8	72065200	0.259531921856441	0.273308771476792	0.342319420983839
chr8:73211475:T:C	8	73211475	-0.18854045253791	0.208495093306508	0.365840568311505
chr8:86323708:T:C	8	86323708	-0.294692198799	0.226951998248938	0.194123098053731
chr8:89525432:A:G	8	89525432	-0.205165466084114	0.206695788697581	0.320906749852554
chr8:92001032:A:G	8	92001032	0.259199660954705	0.268691188168621	0.334707641343514
chr8:92645879:A:G	8	92645879	0.461019920951675	0.350394465739298	0.188269079065064
chr8:95906161:G:A	8	95906161	-0.119601006899597	0.164723403248407	0.467794796547982
chr8:96365126:C:T	8	96365126	-0.306282058751208	0.190901370604845	0.108626026698414
chr8:98002322:C:T	8	98002322	0.225539280735953	0.295918163499422	0.445959891611619
chr8:106920372:G:A	8	106920372	-0.36655365699951	0.331091663815967	0.268247984957896
chr8:108142424:A:G	8	108142424	-0.393285710855995	0.255301326452551	0.123444230485997
chr8:109421925:C:T	8	109421925	-0.374769452469213	0.224009218144678	0.0943255116187853
chr8:116252872:C:T	8	116252872	0.416942949305436	0.193616330093418	0.031283385084523
chr8:121384602:C:T	8	121384602	0.305522747674843	0.204120338211285	0.134451139569198
chr8:127029052:C:T	8	127029052	0.260888221164994	0.200346618592724	0.192853391057636
chr8:128437247:A:G	8	128437247	-0.103266291568653	0.334874460325834	0.75779841171382
chr8:131315237:G:A	8	131315237	-0.422038713512609	0.32341588100162	0.19191286472406
chr8:135895676:A:T	8	135895676	-0.0261408996341487	0.363361070381578	0.942648114717804
chr8:141605122:C:T	8	141605122	-0.236593808111772	0.263570218939268	0.3693721714711
chr9:733358:A:C	9	733358	0.17712137114656	0.267315030204708	0.507590527616315
chr9:5461379:C:T	9	5461379	0.504312114692541	0.275023262163177	0.066697480779806
chr9:11397008:T:G	9	11397008	-0.145801786394616	0.468839244840786	0.755812326768105
chr9:11955148:T:G	9	11955148	0.215665120664047	0.208472498677875	0.300901757822079
chr9:12389360:A:G	9	12389360	0.20084379784881	0.20786392080543	0.3339304481524
chr9:12615226:G:C	9	12615226	-0.208830373984898	0.191539759282424	0.275593488981918
chr9:13582959:T:A	9	13582959	0.358858928302448	0.372239493184288	0.335018912705879
chr9:14098421:G:A	9	14098421	-0.0260495988476127	0.2049842899799	0.898876326812971
chr9:18952915:A:G	9	18952915	-0.100661242622599	0.219785932362344	0.646954776509713
chr9:29651949:A:G	9	29651949	-0.0169073651719504	0.28048723921295	0.951933782375937
chr9:32058643:A:T	9	32058643	-0.365830596878341	0.467971954647171	0.434369648507201
chr9:37013405:C:T	9	37013405	0.0769673400718749	0.197821914331767	0.697221493752038
chr9:37992585:C:T	9	37992585	-0.182768911691091	0.196819334951449	0.353089896660778
chr9:76464251:C:G	9	76464251	0.651736876508554	0.32494564110868	0.0448904322415177
chr9:89995415:A:G	9	89995415	0.148114571222242	0.305812067810956	0.628150267322492
chr9:94568472:C:A	9	94568472	-0.341255043628163	0.318579191667171	0.284089370253885
chr9:96162075:C:T	9	96162075	0.398236079180935	0.168572280121464	0.0181567706005804
chr9:100192956:A:G	9	100192956	0.210726532367126	0.351483630517529	0.548816568415535
chr9:100529836:G:C	9	100529836	0.0486414817835402	0.226852674193994	0.830220469897915
chr9:107904127:G:A	9	107904127	0.143978085809389	0.216151946805312	0.50534933112007
chr9:117420412:T:C	9	117420412	-0.338195363144221	0.230170203615951	0.141744036336448
chr9:117972207:C:A	9	117972207	-0.536482542437418	0.31352462852978	0.0870564432906143
chr9:121356498:A:G	9	121356498	0.411106027681325	0.347166562972328	0.23634372441549
chr9:124044726:T:G	9	124044726	-0.482205849618645	0.337646201066696	0.15325173329864
chr9:125005426:C:T	9	125005426	-0.44254433109528	0.270403010740788	0.101711938663494
chr9:129533341:A:G	9	129533341	0.130762235858388	0.295530138860211	0.65815154516382
chr9:136630984:C:T	9	136630984	0.14550765862391	0.249806353196655	0.560242185352464
chr10:2050300:A:G	10	2050300	-0.323153377547549	0.231565092198627	0.162859530322135
chr10:3113976:C:T	10	3113976	-0.143639245659172	0.18896659779281	0.44717667415152
chr10:4591592:T:C	10	4591592	-0.309234025300184	0.375448562782173	0.410144790164139
chr10:7462546:C:T	10	7462546	0.0969928463173356	0.259204322304904	0.708259573916292
chr10:7849544:T:G	10	7849544	0.0576929854733533	0.354698757390667	0.870791280604527
chr10:9367893:G:A	10	9367893	-0.751287530379621	0.417213926368462	0.0717462416641816
chr10:10628189:C:T	10	10628189	-0.221242330964249	0.257224186889814	0.389725761744384
chr10:14014383:T:C	10	14014383	-0.23236727974676	0.194933418003702	0.233247878237039
chr10:16341555:C:T	10	16341555	0.319578348213038	0.219434373918206	0.145289471347108
chr10:27289376:T:C	10	27289376	-0.168665265092918	0.288019620853388	0.55814207270442
chr10:27674317:A:G	10	27674317	-0.00538958133345133	0.176019225362531	0.975573168920396
chr10:28771902:G:A	10	28771902	-0.0170739816793167	0.255597416425964	0.946740692107804
chr10:28891836:C:T	10	28891836	0.197397155102214	0.19923440709618	0.321793779074253
chr10:30622484:G:A	10	30622484	0.697747009460503	0.302074926255396	0.0208965991790809
chr10:35177843:G:T	10	35177843	0.251444745183152	0.285289183842107	0.378118694992765
chr10:45036473:A:G	10	45036473	-0.145703014115246	0.250061731050546	0.560116696838198
chr10:51560095:T:G	10	51560095	0.149615302202686	0.237397297747734	0.528543002790359
chr10:54072488:A:G	10	54072488	0.168040950766185	0.242454763671175	0.48825830462342
chr10:54082016:C:T	10	54082016	-0.553434475401061	0.316400842904973	0.0802640341470603
chr10:55299918:G:C	10	55299918	0.0103211135936296	0.230560822208831	0.964294421210902
chr10:56747004:T:C	10	56747004	0.413447691531351	0.417070511012055	0.321532448662567
chr10:57761967:T:C	10	57761967	-0.0850505520646896	0.278897676855359	0.760402307098505
chr10:69232402:C:A	10	69232402	-0.099263013670592	0.213111216617937	0.641372743134192
chr10:84591955:C:T	10	84591955	0.25019169260558	0.280474819606886	0.3723773508953
chr10:84989741:G:A	10	84989741	-0.166745125477414	0.230333820225162	0.469109875872647
chr10:91053424:A:C	10	91053424	-0.341463447139138	0.260113916814006	0.189268625067036
chr10:93612452:G:A	10	93612452	-0.232719481915314	0.290706457460049	0.423403308066571
chr10:93671121:T:C	10	93671121	0.195570685770183	0.294603286422916	0.506790026970543
chr10:101249704:C:T	10	101249704	-0.160096948070553	0.250550118168788	0.522834817043362
chr10:102352980:T:C	10	102352980	-0.14572738664607	0.21942318634744	0.506601668596129
chr10:104637359:T:C	10	104637359	0.276307319827508	0.32689122134621	0.397966976437876
chr10:108480456:T:C	10	108480456	-0.345039538903281	0.307632024209417	0.262033297572683
chr10:109264424:C:T	10	109264424	-0.0824916415308136	0.346205036087252	0.811668624286421
chr10:111352001:T:G	10	111352001	-0.0386623713000532	0.256728013987636	0.880293927420171
chr10:118828443:C:T	10	118828443	-0.113507876762534	0.286397264004383	0.691861472075316
chr10:120152982:A:G	10	120152982	0.0600879265027889	0.267629928709115	0.822353709581947
chr10:121611573:C:G	10	121611573	0.563343533420413	0.318824148458077	0.077238070969101
chr10:121734173:T:C	10	121734173	0.0212206262222356	0.194532036802242	0.913134668556832
chr10:121910644:T:A	10	121910644	-0.49994199404169	0.269559742851262	0.0636446238476955
chr10:122561189:A:G	10	122561189	-0.0216727545397678	0.211629979856254	0.91843226554653
chr10:123750431:C:G	10	123750431	0.0482018212087002	0.208130487205255	0.816853184683012
chr10:127533155:T:C	10	127533155	0.406746438719861	0.225105623377877	0.0707757334015297
chr10:129953349:A:G	10	129953349	-0.502103580236778	0.3139730986255	0.109777726136852
chr10:131819683:A:G	10	131819683	-0.147683194394002	0.239693464704656	0.537806355782331
chr10:131953941:A:C	10	131953941	-0.755890716943548	0.493128748534672	0.125313660026247
chr11:388357:C:T	11	388357	-0.135043976311178	0.234223542724172	0.564236581261057
chr11:2257707:C:T	11	2257707	0.0713551037262071	0.251772244085449	0.776861552810445
chr11:3623903:G:A	11	3623903	0.224497918987841	0.326032809031345	0.491090994469003
chr11:5806222:C:T	11	5806222	0.176839515272985	0.195952182071544	0.366811181331828
chr11:9789492:C:A	11	9789492	-0.00730508149411016	0.212580375145478	0.972587004819013
chr11:14569664:T:G	11	14569664	0.542055701677565	0.316470812711326	0.0867467270163484
chr11:36019710:C:A	11	36019710	-0.365549822117943	0.263913883145861	0.16601876112914
chr11:39635569:C:T	11	39635569	0.139961625428054	0.2803595360208	0.617623055052895
chr11:40512905:C:G	11	40512905	-0.316514788595477	0.334858722741028	0.344547139916019
chr11:41632790:A:T	11	41632790	0.217595518789453	0.232827075864557	0.350004811677313
chr11:42744986:A:G	11	42744986	-0.130150324861352	0.189681622125258	0.492617593589901
chr11:43201079:C:T	11	43201079	-0.619007274662268	0.504582744832505	0.219908825309549
chr11:43982585:G:A	11	43982585	0.0546493052128856	0.28873054895439	0.849877748192848
chr11:44330300:A:G	11	44330300	0.112811062345283	0.292334863261943	0.699573166307446
chr11:49875094:A:G	11	49875094	-0.232449356512314	0.161420993959394	0.149861921639282
chr11:50253126:G:T	11	50253126	-0.0229382803657612	0.228503422295692	0.920038801841212
chr11:55906271:G:A	11	55906271	-0.274122498193419	0.196252748932183	0.162478843933018
chr11:57305789:G:A	11	57305789	0.343948476952746	0.223116674338941	0.12317974941431
chr11:58998793:A:C	11	58998793	0.393973508016815	0.361114467570604	0.275275777904442
chr11:63184971:C:T	11	63184971	0.399072336895907	0.237544784608699	0.0929596920604731
chr11:70801858:T:C	11	70801858	0.447485360723854	0.273627001992569	0.101968467419408
chr11:71334794:T:G	11	71334794	0.551305717768125	0.282081245866244	0.0506513624185415
chr11:77208574:G:A	11	77208574	-0.147261695114021	0.268056216402752	0.58275244968645
chr11:77376654:A:G	11	77376654	-0.394719135125903	0.239845004971282	0.0998202054802011
chr11:81783030:C:T	11	81783030	-0.297931817394068	0.252732848489856	0.238461536559261
chr11:83962252:C:T	11	83962252	-0.0785309338112559	0.375379767125077	0.834289021139782
chr11:86328783:G:T	11	86328783	0.0734160002156578	0.219346924766077	0.737849391132482
chr11:86644523:C:T	11	86644523	0.533171068041212	0.306961880702351	0.0823996604253325
chr11:93046218:A:C	11	93046218	0.340684004910628	0.284964510241563	0.231879496191894
chr11:104129521:G:A	11	104129521	-0.49460179012898	0.364499525115486	0.174802189817101
chr11:110396347:G:A	11	110396347	-0.230314103338278	0.287992238721725	0.423871130590634
chr11:113800784:C:T	11	113800784	0.0106483775496324	0.355700845189032	0.97611783242191
chr11:115616504:A:T	11	115616504	-0.983656371261099	0.645246687400815	0.127392446571857
chr11:119630310:G:A	11	119630310	-0.128233342796582	0.210627387270918	0.542646346026505
chr11:123267436:G:A	11	123267436	0.100110612013474	0.213531803741213	0.639189492487261
chr11:125907492:T:C	11	125907492	0.364071066435558	0.24558360695254	0.138214482735835
chr11:126829359:G:A	11	126829359	-0.611525415456393	0.614135158146453	0.319371367087014
chr11:130290657:C:T	11	130290657	-0.439593926368483	0.266835176607531	0.0994684221203629
chr11:131355535:G:A	11	131355535	0.019048890014195	0.230611265192796	0.934168223734649
chr11:133238417:A:G	11	133238417	0.0164807132421199	0.200105536009026	0.934360358692874
chr11:134309503:C:T	11	134309503	0.155560680597294	0.210780650381265	0.460501301078207
chr12:5192681:C:T	12	5192681	0.100978686679336	0.192264467784461	0.599439146186969
chr12:5448727:G:A	12	5448727	-0.125376377023212	0.275378018391475	0.648901875899476
chr12:6639294:C:T	12	6639294	-0.796629981804566	0.451636003398149	0.0777528305110429
chr12:19523028:C:A	12	19523028	0.160523737640398	0.165697326346153	0.332656528054155
chr12:20003679:T:A	12	20003679	0.0412350428280106	0.204363787520626	0.840094387949248
chr12:21333090:G:A	12	21333090	0.23186199075044	0.214628383981909	0.28001079265352
chr12:25518059:A:T	12	25518059	0.0785180363016573	0.212955489640724	0.71234663260703
chr12:28965843:C:T	12	28965843	-0.278728277407263	0.276221306750022	0.312938211212045
chr12:32086665:A:C	12	32086665	-0.308230158411721	0.200478549740784	0.124177764711701
chr12:48567461:T:G	12	48567461	0.260776868223929	0.308000663275243	0.397175560983981
chr12:51039498:T:C	12	51039498	-0.144197778573286	0.204565393470392	0.480873587581444
chr12:53646626:C:G	12	53646626	0.105701396992737	0.315187521195114	0.737353275004557
chr12:53680144:C:A	12	53680144	0.177487089444871	0.272757448414623	0.515231126122252
chr12:54366280:G:A	12	54366280	-0.22978549851228	0.237851034385513	0.333999163327538
chr12:56675083:C:T	12	56675083	-0.336897985856153	0.243150052154567	0.165882556537084
chr12:57436134:C:T	12	57436134	0.321808584360188	0.335952226636398	0.338113266828024
chr12:58724212:C:T	12	58724212	0.24285608007245	0.258373592192818	0.347247532378036
chr12:59048769:A:C	12	59048769	-0.276711655585438	0.22878018546785	0.226467418900248
chr12:59226687:C:T	12	59226687	0.062349395448165	0.325724943170493	0.848198652106482
chr12:63113400:T:C	12	63113400	-0.396618459113999	0.316904486910156	0.210737739376601
chr12:64271340:C:T	12	64271340	0.564503508430777	0.304728644856185	0.0639570265185934
chr12:64756705:C:T	12	64756705	0.129047175473248	0.186422348894779	0.488792790871599
chr12:67050802:C:T	12	67050802	-0.262116204617678	0.198208732510789	0.18602663243537
chr12:73909094:G:A	12	73909094	0.334816126871686	0.272120284260597	0.218548276126495
chr12:81126959:G:A	12	81126959	-0.153187871245121	0.241827037357967	0.526432980433347
chr12:83608380:A:G	12	83608380	-0.0351953762406935	0.223413093484391	0.874823245433585
chr12:90727178:A:C	12	90727178	-0.093945619694369	0.269010558525823	0.72691926217225
chr12:92596791:C:T	12	92596791	-0.0458035691354866	0.284138768911083	0.871934773529715
chr12:95914573:A:T	12	95914573	0.0732611203432617	0.194492040694204	0.706411968523635
chr12:105967464:T:C	12	105967464	0.200334853728597	0.280020836419547	0.474344380456573
chr12:109533295:C:T	12	109533295	0.386228000019635	0.304131136340672	0.20410634927439
chr12:120976632:C:A	12	120976632	-0.857305424827678	0.642606828337731	0.18216922199136
chr12:125875525:T:C	12	125875525	0.0276390857143034	0.304412166914434	0.927655527388915
chr12:126449337:A:G	12	126449337	-0.321773262394091	0.164505532958247	0.0504648390765043
chr12:131091094:G:A	12	131091094	-0.106743111723203	0.23202863017708	0.645485465715723
chr13:19545220:A:G	13	19545220	-0.161455876755077	0.230897849600715	0.484394305241016
chr13:22977365:T:G	13	22977365	0.0335187163360838	0.270053018055163	0.901221037689587
chr13:24330599:T:C	13	24330599	-0.478990735478059	0.242821973934906	0.0485411015083661
chr13:24623185:A:C	13	24623185	0.0197898910177764	0.236969148499963	0.933444021761345
chr13:25202506:T:G	13	25202506	0.222250564621772	0.238368161755348	0.351138317537232
chr13:26234118:A:T	13	26234118	-0.182917533480123	0.248678702473018	0.461999915505667
chr13:26494236:G:A	13	26494236	0.310104586463895	0.242306142862005	0.200613763731514
chr13:27255876:A:G	13	27255876	-1.09307721522443	0.567277365437238	0.0539941898231904
chr13:42909938:A:G	13	42909938	-0.251365821791103	0.273927888215178	0.358809979956653
chr13:45708351:G:A	13	45708351	0.49651833144426	0.286832501534906	0.0834447560655553
chr13:45809177:C:G	13	45809177	0.218140153742407	0.187723501497177	0.245223683165473
chr13:50558767:A:T	13	50558767	-0.440263952393582	0.544458228497628	0.418729382337599
chr13:58710908:G:A	13	58710908	-0.231253592036587	0.280548992486185	0.40977507660656
chr13:58934154:C:T	13	58934154	-0.363870437940912	0.284248376145661	0.200504906867383
chr13:70397215:T:C	13	70397215	-0.0174144106099946	0.284304391471752	0.95115796272903
chr13:70990050:T:C	13	70990050	0.168951587372589	0.25931536073467	0.514704790137708
chr13:86776101:G:A	13	86776101	0.150006397120319	0.224340686482856	0.503715933649984
chr13:91472230:T:C	13	91472230	-0.304961230582293	0.285109617192588	0.284786785106867
chr13:93235990:C:T	13	93235990	0.0990149570964841	0.232081328549949	0.669642251918616
chr13:96765286:G:A	13	96765286	-0.499394408175484	0.44786928591102	0.264831138284359
chr13:102180181:A:G	13	102180181	0.346045497485079	0.223149354115641	0.12096522061214
chr13:106009559:G:C	13	106009559	-0.0978399347947298	0.210828803385808	0.642595514867553
chr13:106084136:A:G	13	106084136	-0.498669448942066	0.312043311534039	0.110025692027636
chr13:112716578:T:C	13	112716578	0.0218689691332534	0.282285744685545	0.938248831806363
chr14:21167555:A:G	14	21167555	-0.0599277694701933	0.36637458019901	0.870069922282161
chr14:26929954:A:G	14	26929954	0.210857335760358	0.231728902552669	0.362858845863066
chr14:27823594:G:A	14	27823594	-0.151176414577482	0.255558480135886	0.554149878629701
chr14:38216062:T:A	14	38216062	0.127356764192133	0.371545903204379	0.73176749753734
chr14:39925237:C:T	14	39925237	0.0395047271042219	0.485464009331224	0.935143577361549
chr14:44446011:A:G	14	44446011	0.390889070483277	0.283394078527913	0.167798342001386
chr14:51426205:T:C	14	51426205	-0.662984728686135	0.582403764050892	0.254970490587922
chr14:52881822:T:G	14	52881822	0.00945809930702711	0.275525429591982	0.972615995604085
chr14:53358297:A:G	14	53358297	-0.297107056024801	0.338384175117374	0.379934496830799
chr14:56254615:G:A	14	56254615	-0.161368107520599	0.262130081422693	0.538156462495357
chr14:57978070:T:C	14	57978070	-0.218604604483887	0.211742805028433	0.301881824990807
chr14:62445185:T:C	14	62445185	-0.0348671439628594	0.299992666236175	0.907472912690249
chr14:67518615:G:A	14	67518615	-0.460656414870221	0.341635664995884	0.177534577723872
chr14:68863518:T:G	14	68863518	0.120191277847786	0.301700317295118	0.690350329179837
chr14:77734277:G:A	14	77734277	0.186468271424404	0.329361105879079	0.571290822774051
chr14:84531019:T:G	14	84531019	0.373923720777815	0.357028112217265	0.294950674012535
chr14:90804831:C:G	14	90804831	-0.0737633481317121	0.276414735798733	0.789578872652078
chr14:91397629:G:T	14	91397629	0.277393996882054	0.311899866556161	0.373804929804126
chr14:91961156:T:C	14	91961156	-0.0935030504878346	0.28167063362475	0.739920356111247
chr14:92998270:C:G	14	92998270	-0.225024900961115	0.471332866898797	0.633061317587864
chr14:98340169:A:G	14	98340169	0.0611756566894252	0.239185769860608	0.798131305905051
chr14:100721312:C:T	14	100721312	-1.06797141051208	0.61785051694721	0.0838937527558805
chr15:24165057:A:G	15	24165057	-0.644762804443876	0.404659360983824	0.111082354211601
chr15:26353849:A:G	15	26353849	0.635697740777875	0.324862115136182	0.0503682522601964
chr15:33665926:A:G	15	33665926	0.54226306220927	0.28665858438013	0.0585351405614941
chr15:34880184:A:T	15	34880184	0.340927461391049	0.249031473567613	0.170995039768655
chr15:37080410:C:T	15	37080410	-0.897462930598412	0.434048060429338	0.038672196976532
chr15:57522102:A:T	15	57522102	0.0362379357050301	0.245799492223466	0.882793537765164
chr15:57590535:T:C	15	57590535	-1.27034195436756	0.648900535333899	0.0502671474890882
chr15:69786285:T:C	15	69786285	0.421839045766345	0.275076811746573	0.12514487089407
chr15:71331250:T:C	15	71331250	-0.00492488473682802	0.418631844022299	0.990613712466497
chr15:76807237:T:C	15	76807237	0.224773838407711	0.342368467178441	0.511485672674557
chr15:77734259:G:A	15	77734259	-0.227818838189965	0.30084954705526	0.448899067299499
chr15:79750604:G:T	15	79750604	0.323580495965336	0.238494257047873	0.174856111264307
chr15:81697597:G:A	15	81697597	-0.450324999742551	0.31774136721818	0.15640428581882
chr15:87989871:C:T	15	87989871	-0.228836306585863	0.273714909920922	0.403133030977684
chr15:88891382:T:C	15	88891382	0.272622591950216	0.188834522565605	0.148820115211195
chr15:94791129:A:G	15	94791129	0.196542093245319	0.201762421233832	0.329993802032384
chr15:100978492:T:G	15	100978492	-0.239118003031194	0.238130397335053	0.315307604222178
chr16:4957642:T:C	16	4957642	-0.190631177917527	0.25127733704462	0.448062844427253
chr16:5884026:G:T	16	5884026	0.203609192787694	0.185059813102889	0.27122995804865
chr16:6848656:G:A	16	6848656	-0.122349153216259	0.22528942759362	0.587077867310359
chr16:7909855:G:A	16	7909855	-0.572157833982899	0.355583455906605	0.107601551102703
chr16:8273542:C:G	16	8273542	0.101006516160702	0.228773223204048	0.658841133196525
chr16:12394716:C:T	16	12394716	0.535839417129983	0.244386161717144	0.028336707168552
chr16:17779668:G:A	16	17779668	0.13668341443227	0.275377319721282	0.619647798058115
chr16:31127124:G:A	16	31127124	0.394427938179436	0.251104496202106	0.116235593614918
chr16:56688556:C:T	16	56688556	-0.314309652420593	0.233920333724255	0.179058002515098
chr16:60324635:A:C	16	60324635	0.369575047607045	0.222256437018142	0.0963461304953006
chr16:60499572:C:T	16	60499572	0.258516436162018	0.221864421140593	0.243938022572602
chr16:62273123:C:T	16	62273123	-0.213858096085718	0.219177553542526	0.329198322722827
chr16:65972427:C:T	16	65972427	0.301513456433571	0.22689326574347	0.183888241666216
chr16:69246420:T:C	16	69246420	-0.150557352283673	0.297710858107747	0.613055544029497
chr16:71908403:G:A	16	71908403	-0.117089732502366	0.273124782274457	0.668138527152751
chr16:72103328:C:A	16	72103328	0.221413730076222	0.2115055393183	0.295170605744668
chr16:74837740:A:C	16	74837740	0.438826622685382	0.307516614918684	0.153579507331263
chr16:79886631:C:T	16	79886631	-0.410062220943652	0.505287816227121	0.417054556375004
chr16:81396153:C:A	16	81396153	-0.0305124023792666	0.23638976450887	0.897296986374253
chr16:82294878:C:G	16	82294878	0.163177911290267	0.308671905849301	0.597051621410498
chr16:82421890:A:G	16	82421890	0.500914410158077	0.290522049634317	0.0846740473643351
chr16:83827178:T:C	16	83827178	-0.475433625228689	0.243730232765761	0.0510980861282966
chr16:89331863:A:T	16	89331863	-0.478388428973587	0.222177059285252	0.0313041004911776
chr16:89337630:T:C	16	89337630	-0.247185754056488	0.198258035309401	0.212475214417609
chr16:89479873:T:G	16	89479873	0.157003523908481	0.20855557177308	0.451561780018072
chr16:90035976:C:A	16	90035976	-0.315385155456324	0.311799663685767	0.31177749466433
chr17:2489248:C:G	17	2489248	0.247125072768176	0.217081168705636	0.25495374340839
chr17:4147521:T:C	17	4147521	0.451682239695327	0.265600654913193	0.0890168748075344
chr17:6949267:T:C	17	6949267	0.151027490935041	0.274040943237769	0.581556302906895
chr17:7929448:A:G	17	7929448	0.330110407028341	0.210060237155827	0.116065731987194
chr17:12174148:T:C	17	12174148	-0.468243078004921	0.33276904570502	0.159394393654691
chr17:14402381:C:T	17	14402381	0.498819924490376	0.362517206587382	0.168824837395217
chr17:15219976:C:T	17	15219976	-0.233036859367725	0.147839388706488	0.11496037294967
chr17:16482403:T:A	17	16482403	0.128852751575788	0.209418981732228	0.538365281473738
chr17:18684803:A:G	17	18684803	-0.242916000213024	0.270454294793639	0.369090852149113
chr17:20040710:T:C	17	20040710	0.403039085016638	0.26061756386077	0.121989395119028
chr17:21275023:A:C	17	21275023	0.267299153901737	0.212387728296063	0.208195335483286
chr17:30609729:C:T	17	30609729	0.174623086691457	0.320130704613706	0.585427319928156
chr17:31554254:C:T	17	31554254	-0.926814771608219	0.451174077518056	0.0399535548222092
chr17:33472425:T:G	17	33472425	-0.575302030129066	0.420083913009548	0.170845182869957
chr17:44156671:T:A	17	44156671	0.152164113611518	0.217912601576338	0.485001811152549
chr17:45754773:C:T	17	45754773	-0.428812171532608	0.255354397497576	0.0930969995484037
chr17:48779278:C:T	17	48779278	-0.0539545715453139	0.301159586478883	0.857815147276371
chr17:52703044:C:G	17	52703044	-0.541003193597705	0.685613301539922	0.430065719660589
chr17:53282498:G:T	17	53282498	0.455468950802442	0.403340706066312	0.258796089725488
chr17:58411807:C:T	17	58411807	0.349914540444258	0.295214485222397	0.235903122902959
chr17:61409438:A:G	17	61409438	0.423338953499572	0.228901655415237	0.0643948865366843
chr17:66262233:G:T	17	66262233	-0.0514468772527376	0.218172845181571	0.813581749102909
chr17:66751216:C:T	17	66751216	-0.0273346293246859	0.256688974038696	0.915194144000464
chr17:66971178:A:G	17	66971178	-0.144224126015513	0.210114045065181	0.492455367339084
chr17:68771033:G:A	17	68771033	-0.289706020302912	0.258751219340537	0.262870819094814
chr17:69081332:C:T	17	69081332	0.234092922005362	0.271893512212328	0.389253016898507
chr17:69213412:T:C	17	69213412	-0.677604881493533	0.503781810742324	0.178613474642054
chr17:72829246:G:A	17	72829246	-0.217144715697853	0.247438697495058	0.380177251823624
chr17:73506492:C:T	17	73506492	-0.794068882984712	0.611093156416777	0.193798589196149
chr17:75360149:C:G	17	75360149	0.522139002855932	0.340256919351073	0.124896029904604
chr17:77625920:A:T	17	77625920	-0.0684124979863587	0.241321620838102	0.776800510352935
chr18:1137045:A:T	18	1137045	0.281673378925589	0.164485660519725	0.0868138726879032
chr18:4080016:T:A	18	4080016	0.0960269665737134	0.283733695478974	0.73503127736697
chr18:8920896:G:C	18	8920896	0.106758670285936	0.269747328586799	0.692272603967453
chr18:9609299:C:T	18	9609299	-0.0364581081360049	0.24065553841552	0.879585263446413
chr18:10572326:C:T	18	10572326	0.0914858378067083	0.259946870041675	0.724882866769812
chr18:11017906:C:T	18	11017906	-0.122399063973819	0.305343904590527	0.688525838240382
chr18:14686017:A:G	18	14686017	0.385881537477117	0.285063101741623	0.175841494613674
chr18:14895123:C:T	18	14895123	-0.235375578231784	0.298986199768843	0.431138092441539
chr18:30059135:A:G	18	30059135	-0.0125666890656058	0.193480574082105	0.948213292760858
chr18:32490781:T:C	18	32490781	0.1967073725248	0.286162721343795	0.491832639647179
chr18:36255061:C:A	18	36255061	-0.0898381067835073	0.251491418947189	0.720926096214498
chr18:42762909:A:C	18	42762909	0.320940578460494	0.230789953011593	0.164341406053595
chr18:45461168:C:T	18	45461168	-0.319606537536434	0.29103875233977	0.272135497471822
chr18:49146783:T:G	18	49146783	-0.134528927174412	0.230809227538632	0.559989122640713
chr18:49872731:C:G	18	49872731	-0.0826997621845248	0.262820844504218	0.753018213684829
chr18:50485733:T:C	18	50485733	0.326804488611707	0.226538973679248	0.149133973234377
chr18:59256389:C:T	18	59256389	0.609967187079209	0.299312761580405	0.0415606998261079
chr18:62622293:T:A	18	62622293	-0.37407509151401	0.307539669978416	0.223852595430442
chr18:62998306:G:A	18	62998306	-0.263594954079178	0.168378040781655	0.117466926244907
chr18:66103927:C:T	18	66103927	0.170210442036317	0.240774723154908	0.479611097304828
chr18:66206557:C:T	18	66206557	0.208919710174196	0.270767744973543	0.44036161855291
chr18:68001558:G:A	18	68001558	-0.113213458398088	0.185731145315022	0.542156235789265
chr18:71730181:C:T	18	71730181	0.293248369261178	0.211863791921555	0.16631671764296
chr18:72912108:T:C	18	72912108	0.220422843262527	0.212877467277513	0.300461283826899
chr18:73248491:G:A	18	73248491	-0.196212466192272	0.328461953926607	0.550262108402739
chr19:2907557:G:A	19	2907557	0.339992837630447	0.286375148569022	0.235137364982985
chr19:16021187:G:A	19	16021187	-0.550146917444974	0.812705453930934	0.498448639793357
chr19:17584922:G:A	19	17584922	-0.598144119384093	0.337852835058964	0.0766558686046065
chr19:18704666:C:T	19	18704666	0.509153622418349	0.33647306938139	0.130226921801447
chr19:18737022:C:T	19	18737022	0.248631495597326	0.24432738455147	0.308860403097589
chr19:18805179:A:G	19	18805179	-0.147289500167657	0.300921337728199	0.62451479139261
chr19:21560366:G:T	19	21560366	0.460311022595299	0.27150980266386	0.0900042418769924
chr19:21659434:G:C	19	21659434	-0.348088356166836	0.335693073999266	0.299771068081951
chr19:33474662:T:C	19	33474662	-0.163573883887246	0.191271279550287	0.392444239858324
chr19:37956680:C:T	19	37956680	0.0494495971585449	0.223446499580794	0.824855759984632
chr19:38120117:A:T	19	38120117	0.290518443149841	0.23644837790607	0.219193314403103
chr19:44380983:T:C	19	44380983	0.280747218893952	0.255819383300772	0.272447738145536
chr19:44819986:A:G	19	44819986	0.257783399707331	0.230832515839183	0.264099032285437
chr19:48685001:C:T	19	48685001	0.179626938616623	0.299279142970779	0.548373850957031
chr19:51552139:T:A	19	51552139	-0.0984255093959233	0.279979230223413	0.725178953852026
chr19:52714810:C:T	19	52714810	-0.0103816524179369	0.235289643343454	0.964806469441367
chr19:53330671:T:C	19	53330671	-0.134647099790763	0.258748737988392	0.602800277964899
chr19:54944544:G:A	19	54944544	-0.023193140622562	0.286789757569164	0.935544082343057
chr19:57195010:G:C	19	57195010	0.00389838751066109	0.282523941887745	0.988990793186781
chr20:1709120:A:G	20	1709120	0.031437476754679	0.300468684622294	0.916670892275893
chr20:1735934:T:G	20	1735934	0.169770026430851	0.318702979323146	0.594247893321846
chr20:1906500:G:T	20	1906500	0.439885815881644	0.197128128403142	0.0256499081069942
chr20:3649460:G:A	20	3649460	0.128769569649897	0.179647211616198	0.473502841886505
chr20:5407753:C:T	20	5407753	0.0347455925021506	0.300800519207891	0.908040566559125
chr20:5860313:T:C	20	5860313	0.463842010218588	0.292404332847469	0.112670483697992
chr20:7000966:A:C	20	7000966	0.314340470887071	0.284985180617017	0.270024396884199
chr20:12129436:G:A	20	12129436	0.0569056757697524	0.288432458893581	0.843598336489806
chr20:31347432:T:C	20	31347432	-0.0622886820355764	0.191227262934379	0.744627751337835
chr20:37593342:C:T	20	37593342	0.172668915838745	0.236221713012762	0.464802829294656
chr20:38200488:G:A	20	38200488	-0.558853334524232	0.25182911612839	0.0264746981113753
chr20:38350608:A:G	20	38350608	0.210253142940301	0.271064407944748	0.437951235821312
chr20:45729681:A:G	20	45729681	0.239685881652399	0.211222800348906	0.256478476059575
chr20:48501317:C:T	20	48501317	-0.267960948571978	0.247148342458219	0.278271260838246
chr20:49036824:T:G	20	49036824	0.558806221458122	0.234928822377393	0.0173776146556054
chr20:50371082:C:T	20	50371082	0.445938692066232	0.250546268560067	0.0750979537683207
chr20:54253971:A:G	20	54253971	0.152696018560897	0.297511040178503	0.607780034510017
chr20:58480201:T:G	20	58480201	-0.0982142948664631	0.263352232224577	0.70919391050197
chr20:60073360:C:T	20	60073360	0.151508568689533	0.275082103631133	0.581787367983784
chr21:15297615:T:C	21	15297615	-0.0819317987689999	0.253306631179084	0.74635515902185
chr21:15686888:A:G	21	15686888	-0.720555229370143	0.487436000672963	0.13933924976536
chr21:24026351:C:T	21	24026351	0.183369747781234	0.231548704701682	0.428403049434805
chr21:26647335:G:C	21	26647335	0.389734698112255	0.2193249755665	0.0755725785193355
chr21:28043199:C:G	21	28043199	-0.0258506065869008	0.309086414195812	0.933346215695668
chr21:31885030:A:G	21	31885030	-0.363818765921901	0.254328802940029	0.152571972044037
chr21:35502622:A:T	21	35502622	0.380956729322193	0.277950322260093	0.170501907508819
chr21:36306638:T:G	21	36306638	-0.343288228037271	0.208990841902106	0.100465848443755
chr21:41442549:G:A	21	41442549	-0.30452577681166	0.215477282143123	0.157578808947586
chr22:20147688:T:C	22	20147688	0.401499472497179	0.287459049867766	0.162498134551825
chr22:23891985:A:G	22	23891985	0.112341015662361	0.26270029117875	0.66891361849943
chr22:24245985:G:T	22	24245985	-0.0748711797420747	0.300000774775975	0.802919936188692
chr22:30662128:G:A	22	30662128	0.19420272139357	0.224563929294464	0.387148973684811
chr22:36977479:G:A	22	36977479	0.296764929703853	0.362176346430269	0.412561964943777
chr22:42475109:T:G	22	42475109	0.20259806129717	0.227970459055514	0.374162646628634
chr22:44719519:A:G	22	44719519	0.0301852653600566	0.294100019761947	0.918251827381192
chr22:45210278:T:C	22	45210278	0.20951780787978	0.227414431124532	0.356891772750606
chr22:48785864:A:G	22	48785864	0.30224135575504	0.362833623925306	0.404843257246454
chr22:49668266:A:G	22	49668266	-0.644732446227455	0.323582887452126	0.0463184124847391
