SNP	CHR	POS	est	stderr	pval
chr1:1837340:C:T	1	1837340	-0.406101616589345	0.367443817853907	0.269069742885093
chr1:2261200:G:C	1	2261200	-0.0569385510481467	0.21760898265067	0.793587179285438
chr1:14678191:A:C	1	14678191	0.0106832097091819	0.190838598595866	0.955357468693202
chr1:14985097:C:T	1	14985097	0.141666375217862	0.280372356072516	0.613362610984124
chr1:20215506:G:C	1	20215506	0.126769644477699	0.218045586053121	0.56097726105786
chr1:22009627:T:C	1	22009627	0.0324892415362923	0.246794445422424	0.895265132801366
chr1:22126221:C:T	1	22126221	-0.172467871119917	0.230071955827835	0.453480115028379
chr1:23180575:A:G	1	23180575	-0.0433013101406367	0.199583197869013	0.828240534872104
chr1:26058659:G:C	1	26058659	-0.253168780729225	0.271892073246116	0.351782679850397
chr1:28670719:C:T	1	28670719	-0.324081947203	0.202304560248404	0.109166495028296
chr1:29753056:A:C	1	29753056	-0.1810142872755	0.225632071080513	0.42240590264162
chr1:29908726:A:G	1	29908726	-0.0132213412484269	0.243443463804306	0.956688422256344
chr1:31886486:G:T	1	31886486	0.242359607072313	0.20372362701716	0.234184382273596
chr1:37838865:C:T	1	37838865	0.0726829803879247	0.298110364544704	0.80737617618818
chr1:39880059:T:C	1	39880059	0.0255619041543587	0.231368361662774	0.912027587726643
chr1:43202709:G:A	1	43202709	-0.257713295974553	0.225780712467224	0.25369025755454
chr1:47498869:G:A	1	47498869	0.181941828568003	0.253055768544347	0.472153748891941
chr1:54900240:G:A	1	54900240	-0.0507620946765637	0.185636748533434	0.784508457629665
chr1:65351414:T:A	1	65351414	-0.0879437714557626	0.205414385167152	0.668557501503968
chr1:66254178:T:A	1	66254178	0.308237593295886	0.251782610971379	0.220868819045542
chr1:73302339:T:C	1	73302339	0.0546554045676739	0.190604910056723	0.774305973213834
chr1:73563666:T:C	1	73563666	-0.0917764528487763	0.339017730624406	0.786611900148113
chr1:76062379:T:C	1	76062379	0.0260450819435857	0.207113306868054	0.899927591119745
chr1:86928231:G:T	1	86928231	0.400226274033211	0.219383463049206	0.0681032713843237
chr1:88611347:G:A	1	88611347	-0.144354213901547	0.216548252788556	0.50501837924767
chr1:91057167:C:A	1	91057167	0.0723913600092728	0.289486859914932	0.80253486927447
chr1:91093925:G:A	1	91093925	-0.254450688849445	0.214870105591235	0.23633112133153
chr1:92475800:A:G	1	92475800	0.240334468224138	0.215251581174642	0.264196090756828
chr1:94752415:G:A	1	94752415	-0.198067148275069	0.30890725032182	0.521401541450874
chr1:95614324:G:A	1	95614324	-0.538825763817333	0.42185431908904	0.201503680384546
chr1:99691102:T:C	1	99691102	-0.182132009074972	0.225086566471681	0.418420659243026
chr1:104937367:T:A	1	104937367	-0.149756619410922	0.216083165746929	0.488277647261084
chr1:153704237:C:A	1	153704237	0.0379724405425823	0.20750934064875	0.854804706805612
chr1:159540226:C:T	1	159540226	0.107519512796203	0.220811701779701	0.626308994568744
chr1:165647351:T:C	1	165647351	-0.0453561763812703	0.22610085064748	0.841010162291678
chr1:168863629:G:A	1	168863629	0.212165852307036	0.357424639234124	0.55278232679751
chr1:171350391:G:A	1	171350391	-0.298495792081834	0.228362442999106	0.191173929170982
chr1:173013575:C:G	1	173013575	0.28530730524358	0.238614665876103	0.231820605735328
chr1:178947344:C:A	1	178947344	0.402960673203803	0.337158753598733	0.232022186211455
chr1:186638909:G:T	1	186638909	0.224628461601748	0.265289168845583	0.397145289143586
chr1:188272062:T:C	1	188272062	-0.0493286119686136	0.250181448307032	0.843693455952969
chr1:193365737:C:T	1	193365737	-0.116330234147166	0.213240674526868	0.585385670999486
chr1:195033388:T:C	1	195033388	0.0861070879819881	0.295764821827831	0.770949115749119
chr1:195907914:A:G	1	195907914	0.258226601305216	0.255637835038206	0.312434594296262
chr1:196692375:G:C	1	196692375	0.0211630947718704	0.216429726411811	0.922104801784674
chr1:197559019:A:G	1	197559019	0.25327560650788	0.309864907354978	0.413714567596123
chr1:199160726:G:A	1	199160726	-0.0391857461153017	0.248222077120215	0.874562645082069
chr1:204277152:T:C	1	204277152	-0.199610592688105	0.225669563476194	0.376412342127989
chr1:207498131:C:T	1	207498131	-0.186494724796728	0.256229552704355	0.466710084767149
chr1:210496535:G:A	1	210496535	0.160683143345363	0.280690115745825	0.567012115482597
chr1:212937214:T:G	1	212937214	-0.0641300800654319	0.197997246567458	0.746018440041374
chr1:219750864:A:G	1	219750864	0.281592361817083	0.220921910495426	0.202442370433657
chr1:221920463:G:A	1	221920463	-0.221491018133433	0.26795487237507	0.408464831708173
chr1:227462684:A:G	1	227462684	-0.604049024709453	0.390484600925806	0.121882175868708
chr1:234456961:G:A	1	234456961	-0.659576070075959	0.323444096655595	0.0414273357021827
chr1:237308322:A:G	1	237308322	-0.397084103662758	0.232531295848666	0.087699679022985
chr1:244583991:C:T	1	244583991	-0.000129242658930417	0.277553501285495	0.999628465438362
chr1:247190028:T:C	1	247190028	0.0525254618568134	0.31446736023212	0.867346497265548
chr1:247897239:C:T	1	247897239	-0.205983781824646	0.269515437751599	0.444703666233468
chr2:3248328:A:G	2	3248328	0.181624502516632	0.207278110636051	0.380901854432497
chr2:6804400:G:A	2	6804400	-0.993596503926722	0.40087927718126	0.0131920229528868
chr2:9411790:A:C	2	9411790	0.409658363711059	0.250210544019583	0.101577283187858
chr2:12096367:C:T	2	12096367	-0.167749811253136	0.313595330721075	0.592702097367388
chr2:13545005:C:T	2	13545005	0.230346104071568	0.219975964024648	0.295034021354074
chr2:16009716:A:G	2	16009716	0.00214948574334462	0.224899800563513	0.99237431347698
chr2:16367899:A:T	2	16367899	-0.536076398165815	0.246081452445209	0.0293724728565822
chr2:17630111:A:C	2	17630111	-0.202515012835969	0.274686109977333	0.460964404034381
chr2:17928966:C:G	2	17928966	-0.271793262313698	0.284055312870324	0.338651970383547
chr2:18261494:A:T	2	18261494	0.141864214168003	0.226368506733772	0.530858594515209
chr2:19530615:T:C	2	19530615	-0.107764664511572	0.225279800545863	0.632394569683017
chr2:19562158:T:C	2	19562158	-0.115991721163301	0.244583245347824	0.635327131267269
chr2:27383116:G:A	2	27383116	0.0395743498902942	0.190652711068877	0.835562409773576
chr2:37762298:C:T	2	37762298	-0.276048779928192	0.260006634164064	0.2883723596942
chr2:42010994:T:A	2	42010994	0.0911696851111631	0.338567166730926	0.787713497869967
chr2:45824390:C:G	2	45824390	0.023658635184893	0.267155267417574	0.929433488454501
chr2:49789441:T:C	2	49789441	0.0821905723463777	0.229488384484657	0.720233321109646
chr2:49994518:G:A	2	49994518	0.199336994221247	0.218056288350511	0.360636013132446
chr2:51284042:G:A	2	51284042	0.0607973846005448	0.265038444882267	0.818565175236607
chr2:51344078:G:A	2	51344078	-0.475187214541777	0.248031580113576	0.0553862899684959
chr2:57278002:C:A	2	57278002	0.358808188949352	0.255563762773157	0.160322734326524
chr2:57368273:A:G	2	57368273	-0.325380237102681	0.319343142897904	0.308248200443769
chr2:60373837:A:G	2	60373837	-0.0021492420477364	0.333153337578612	0.994852715073864
chr2:61147014:T:C	2	61147014	0.0402079780494696	0.195688450272146	0.837205444891482
chr2:61693274:A:G	2	61693274	0.123825354210422	0.225349143208329	0.582674542597052
chr2:65295480:C:T	2	65295480	-0.117857563268106	0.213447018360247	0.58083662630673
chr2:66031496:T:C	2	66031496	-0.15871849116861	0.201043476463881	0.429835329240975
chr2:69165635:T:C	2	69165635	0.21825725355492	0.272890326648999	0.423827595513325
chr2:76651386:C:A	2	76651386	0.0812955886064271	0.251095210023553	0.746116716120623
chr2:79784490:C:G	2	79784490	0.451108577742458	0.245358486751061	0.0659785623102253
chr2:82619301:T:C	2	82619301	0.312629637985981	0.406324517891864	0.441650697883671
chr2:83400799:T:A	2	83400799	-0.0819582924107392	0.294120584115714	0.780509283972986
chr2:85744328:G:A	2	85744328	0.0860247465725382	0.272996236794368	0.752675626431294
chr2:85757440:T:A	2	85757440	-0.0901788991542904	0.182113727347498	0.620473750482557
chr2:99811694:T:C	2	99811694	0.170880936253946	0.2099752202002	0.415751070461618
chr2:101228073:A:C	2	101228073	-0.0564708118065643	0.21964420981283	0.797100574278373
chr2:106861882:T:C	2	106861882	-0.393864375540247	0.508138043583879	0.438272922868835
chr2:108083619:T:C	2	108083619	0.0936473837300853	0.266205352741009	0.724998568477953
chr2:118004610:C:T	2	118004610	-0.382069470261601	0.194565821226483	0.0495645543952234
chr2:119455921:A:G	2	119455921	0.148266859267209	0.217988851387215	0.496404428483591
chr2:120644763:G:A	2	120644763	0.074777203627852	0.201239668956484	0.71020348252029
chr2:120916837:A:G	2	120916837	0.441235203409404	0.220968849785547	0.0458446492637664
chr2:122628686:C:A	2	122628686	0.309242965199044	0.29254936834897	0.290483066547011
chr2:122629789:A:C	2	122629789	0.302597021123141	0.257769371931452	0.240432665255818
chr2:127192867:G:A	2	127192867	-0.193932176103107	0.22572422510568	0.390254812329972
chr2:130915743:C:T	2	130915743	0.27099644974226	0.234080684523299	0.246984319239872
chr2:136507185:G:C	2	136507185	0.0783379419550476	0.19690716878476	0.690746655259191
chr2:141023592:C:T	2	141023592	-0.325276239042513	0.277848873302765	0.241721464737523
chr2:143017176:T:C	2	143017176	-0.144043294241264	0.395228040180995	0.71551740439886
chr2:143920023:G:T	2	143920023	0.214401097029351	0.253256051128217	0.397230169841989
chr2:144729333:C:T	2	144729333	0.325153090342617	0.231039932860018	0.159324860196197
chr2:148561010:G:C	2	148561010	-0.580264861918664	0.376401331916501	0.123167874259956
chr2:154835349:G:T	2	154835349	-0.398675527382648	0.308772016771964	0.19664657390084
chr2:164974626:C:A	2	164974626	0.400855965275009	0.305810794170602	0.189926252830283
chr2:167086954:T:G	2	167086954	0.105132827813549	0.20027136976283	0.599616657538505
chr2:167657344:C:T	2	167657344	0.265308614013128	0.278609838491702	0.340965849702688
chr2:168647356:T:G	2	168647356	0.0116455475560478	0.213697295611507	0.956540369201115
chr2:170041677:A:G	2	170041677	0.0794784056193001	0.380042417086995	0.834346478687812
chr2:171274449:C:A	2	171274449	-0.0160560438248852	0.209943629110746	0.939038911057735
chr2:177787584:G:A	2	177787584	0.00164144474200943	0.308183067281308	0.99575032711444
chr2:179648558:C:T	2	179648558	-0.735539483094688	0.384935302353847	0.056028582015766
chr2:183527028:C:T	2	183527028	-0.118459188763198	0.338625480088525	0.72647107707214
chr2:184516924:T:A	2	184516924	-0.198417257227469	0.270300979668556	0.462911900059391
chr2:197010424:G:A	2	197010424	-0.154055345881832	0.361980192196776	0.670406233889434
chr2:209101337:G:A	2	209101337	0.312484510095945	0.213522478875488	0.143337833287999
chr2:209103516:A:G	2	209103516	0.368728570684985	0.251711064768953	0.142951420452091
chr2:210957182:G:A	2	210957182	-0.0309897910995598	0.247491744697916	0.900352983248775
chr2:214802180:T:C	2	214802180	-0.0788104229404152	0.190782773455844	0.679540802234954
chr2:215209936:A:G	2	215209936	-0.214746351651808	0.229878266057095	0.350214027668863
chr2:220997842:C:T	2	220997842	-0.104348294468105	0.199266144762212	0.600512998907682
chr2:226027918:G:A	2	226027918	-0.131494221829699	0.393210834395062	0.738069068679345
chr2:228947684:G:A	2	228947684	0.167518553174792	0.269888387479969	0.534799879695122
chr2:233152507:T:C	2	233152507	0.0639442608557637	0.168519769795601	0.7043562198333
chr2:235620294:A:T	2	235620294	-0.144034663245747	0.252203371113978	0.567928316333938
chr2:237288548:A:G	2	237288548	0.103117040448077	0.197561750025831	0.601706254089999
chr2:237513585:T:C	2	237513585	0.712682288351533	0.276072151881645	0.00983698975700242
chr2:237920759:T:G	2	237920759	0.0113460701127518	0.237922129116668	0.961964765120699
chr2:240429648:C:T	2	240429648	-0.176777219887495	0.225888029177007	0.433869197375968
chr3:10127208:T:G	3	10127208	0.0623711259205591	0.34875746966419	0.858064822000735
chr3:14082905:A:G	3	14082905	0.211759268477636	0.183275025971162	0.247919284205
chr3:16798495:T:G	3	16798495	0.200069600314019	0.226251398872476	0.376545050145721
chr3:18882818:T:C	3	18882818	-0.371175840594405	0.2278462085927	0.10329967129188
chr3:22245167:A:G	3	22245167	0.190110670003223	0.204775541646117	0.353207570480076
chr3:24009496:G:A	3	24009496	-0.185111616081856	0.214434393550808	0.387997142292509
chr3:24010534:C:T	3	24010534	0.072768634159357	0.251448301610765	0.772276829673151
chr3:33421913:A:G	3	33421913	0.17337004782304	0.211882310143503	0.413221596794357
chr3:34471110:A:G	3	34471110	-0.208916415274989	0.216114733271471	0.333697954562672
chr3:35230331:G:A	3	35230331	0.0456111713308591	0.272528375253131	0.867084422197942
chr3:41413926:T:C	3	41413926	-0.169544176229444	0.230687965494743	0.462369797872998
chr3:42098050:T:C	3	42098050	-0.0866334663710123	0.23228090259013	0.709171867500276
chr3:46489654:A:G	3	46489654	-0.0939364883347337	0.230059415739455	0.683043136587084
chr3:56959175:A:G	3	56959175	-0.0702137855320634	0.367932141877453	0.848656026572921
chr3:64441608:G:A	3	64441608	0.313397148382308	0.217558645526148	0.149720896717578
chr3:66995763:G:T	3	66995763	0.0750917809308246	0.230952753792356	0.745075763530159
chr3:68498445:T:C	3	68498445	-0.144983668849432	0.240577049424211	0.546741799350952
chr3:68824246:G:A	3	68824246	-0.380847472545688	0.245532719838056	0.120876090718499
chr3:69021248:A:C	3	69021248	0.0353028762509404	0.236767331346459	0.881471835985304
chr3:69617754:T:G	3	69617754	-0.0747233576043096	0.225658826997351	0.740543111397232
chr3:74191731:G:A	3	74191731	0.100896419648629	0.209874846941701	0.630697282507371
chr3:74732240:G:A	3	74732240	-0.402472633752876	0.209267559880647	0.0544493809152583
chr3:75709324:A:T	3	75709324	0.216874339531938	0.224488297364817	0.334002624221498
chr3:84465702:T:C	3	84465702	0.139621013880361	0.212134649254796	0.510427834238072
chr3:84817748:G:A	3	84817748	0.294957253747009	0.262068717926287	0.260378975928221
chr3:85705423:A:G	3	85705423	-0.432330697370765	0.252736948883589	0.0871558030192874
chr3:88069353:C:T	3	88069353	0.186643248780194	0.2958166145586	0.528078178177271
chr3:93986190:G:A	3	93986190	-0.304386499043351	0.287028244908827	0.288928207432592
chr3:101022648:G:A	3	101022648	-0.290421040947335	0.372239143756414	0.4352730659179
chr3:106664728:C:T	3	106664728	0.00440706518152816	0.270954379817034	0.987023002784014
chr3:110774699:C:T	3	110774699	-0.157934112022231	0.244987883797361	0.519146953628474
chr3:113428518:G:A	3	113428518	-0.152047871934432	0.228885523761013	0.506500505912217
chr3:121058963:T:G	3	121058963	-0.309862588397709	0.345574066046891	0.369900145007071
chr3:124193435:A:C	3	124193435	0.534370475286954	0.231853452794461	0.0211790731415369
chr3:126773646:G:T	3	126773646	0.228279645527209	0.23202673840618	0.32518897643986
chr3:131209978:G:T	3	131209978	-0.295230370340756	0.343484867080158	0.390056488395276
chr3:133982842:C:T	3	133982842	0.138007363957864	0.194823669795829	0.478715131846339
chr3:137777496:C:T	3	137777496	0.000968922216574364	0.301933729807048	0.99743954823849
chr3:146265901:G:T	3	146265901	-0.133680695587429	0.295869104474631	0.651395940909554
chr3:149679065:C:A	3	149679065	-0.137237229605403	0.185826320585139	0.460195983781583
chr3:152663712:G:C	3	152663712	-0.03146210685756	0.254343753825583	0.901553482510107
chr3:159417151:A:G	3	159417151	0.548435535508119	0.237569807131337	0.0209700249633573
chr3:164899350:G:A	3	164899350	0.330769794632409	0.336404627073857	0.325484492216438
chr3:168053836:T:C	3	168053836	0.0862175429810006	0.320182135418116	0.787716871072579
chr3:171028381:G:A	3	171028381	0.120188719644276	0.208482953206945	0.564282789176845
chr3:174497130:T:C	3	174497130	0.121682400781128	0.176680817145992	0.491003804039595
chr3:196706550:C:T	3	196706550	0.142992783102516	0.236979088496658	0.546243741746766
chr4:332191:G:A	4	332191	0.0430343789922413	0.201839365371036	0.831162365341851
chr4:8816874:T:C	4	8816874	-0.372952714572179	0.267607924012556	0.163422270478379
chr4:9851274:C:G	4	9851274	0.502706723058674	0.203199791677209	0.0133627295572681
chr4:10725805:A:G	4	10725805	0.399727757250976	0.260465314609101	0.124865424737322
chr4:13219910:C:T	4	13219910	-0.00763042306742148	0.218072051514905	0.97208741505215
chr4:18747099:A:G	4	18747099	-0.361018039401835	0.187318210713918	0.0539424850711198
chr4:20840555:C:T	4	20840555	-0.225427798437554	0.214947278360411	0.294289253878362
chr4:21137718:C:T	4	21137718	-0.216402065494365	0.222829877351	0.331471733435605
chr4:26851610:T:C	4	26851610	-0.121728869612683	0.288073340678921	0.672614799085892
chr4:32302160:A:T	4	32302160	-0.770960693257281	0.3600828720731	0.0322688283016705
chr4:40603484:A:G	4	40603484	-0.40666119626226	0.26112436959488	0.119388174327587
chr4:41002348:C:T	4	41002348	0.368512296174285	0.277873592023492	0.184777822895664
chr4:44018406:T:G	4	44018406	0.517366891914167	0.227595474900055	0.0230149617698816
chr4:44680448:T:C	4	44680448	0.214328458986245	0.212756874666505	0.313748950563331
chr4:55337032:C:T	4	55337032	-0.0197927509616703	0.209661228976101	0.924788646492092
chr4:55659669:G:A	4	55659669	0.232923036123027	0.271614063776578	0.391140189522175
chr4:56719096:C:T	4	56719096	-0.51489577893436	0.302924213614433	0.0891777445887949
chr4:61158247:C:G	4	61158247	0.338126019405402	0.256651792540759	0.187687679928029
chr4:64485722:G:A	4	64485722	0.0675394019438146	0.2944290412614	0.818564952147387
chr4:67708732:C:T	4	67708732	-0.340631473322077	0.240818764876582	0.15722327357709
chr4:67911021:C:T	4	67911021	0.384382818925245	0.23206284255877	0.0976461377865239
chr4:90022599:G:T	4	90022599	-0.0023389381627743	0.175166317006934	0.989346426717641
chr4:97398054:G:A	4	97398054	0.128583149669058	0.23912382335937	0.590766074636928
chr4:98823404:T:C	4	98823404	0.0828374839581599	0.296729292813229	0.780115484336696
chr4:99262681:C:G	4	99262681	-0.67170776291389	0.249897103049028	0.0071894879096559
chr4:99355957:G:T	4	99355957	-0.428757458864774	0.225665503899377	0.0574371896266755
chr4:101085120:T:C	4	101085120	-0.0012867132375344	0.194590491969781	0.994724093995919
chr4:102399971:C:T	4	102399971	0.0264669361733019	0.22846109391655	0.907772399733288
chr4:102884286:T:C	4	102884286	-0.0464593751309798	0.17887398963585	0.795070179084529
chr4:105992845:C:T	4	105992845	-0.0545559189442393	0.226822899121691	0.809925536403368
chr4:108791253:G:A	4	108791253	-0.0203411037364597	0.236506031826478	0.931461089759986
chr4:110957298:T:A	4	110957298	0.333561939372179	0.251702317283175	0.185096883711831
chr4:113348012:C:T	4	113348012	0.120997780520584	0.286534517924952	0.672820694596467
chr4:115522695:G:A	4	115522695	0.151915711808231	0.212406171485139	0.474477272469937
chr4:120770744:A:C	4	120770744	0.227499109107767	0.218402567749894	0.297573820224995
chr4:123964831:A:G	4	123964831	0.118192155278602	0.245034221678828	0.62955762812632
chr4:125256344:T:C	4	125256344	-0.0130961861587404	0.334986602836995	0.968814921236222
chr4:126268710:T:G	4	126268710	0.209730123721318	0.274150968590143	0.444261482114599
chr4:134094420:T:C	4	134094420	-0.0407050356556358	0.37312071231553	0.913128349017785
chr4:134350906:C:T	4	134350906	0.196775016929711	0.252550169131896	0.435890070657521
chr4:138952375:G:A	4	138952375	0.0800294956411371	0.194818232412127	0.681226097500885
chr4:141618953:G:A	4	141618953	-0.383120438268159	0.376384257546651	0.308726867497201
chr4:149616644:T:G	4	149616644	0.212593196577432	0.26145946873173	0.416159624539408
chr4:154030957:C:G	4	154030957	0.482728400334204	0.31654544244785	0.127261776250347
chr4:168588553:A:C	4	168588553	-0.644282889829628	0.42871109731522	0.132881087845335
chr4:171334248:A:T	4	171334248	0.0924952529684877	0.35020357412465	0.79168858635563
chr4:171974219:A:G	4	171974219	0.267091241436714	0.236483918397574	0.258717892833474
chr4:176312841:C:T	4	176312841	-0.138082323401233	0.20895562729126	0.508726939348705
chr4:179329624:T:G	4	179329624	0.205735957715205	0.264350931125815	0.436410841693262
chr4:183032183:A:G	4	183032183	-0.0117315775927894	0.19904882884224	0.953001340089152
chr4:184991673:A:G	4	184991673	0.00484355312174926	0.218857274491565	0.982343375075297
chr4:189912372:C:T	4	189912372	-0.0790476220548985	0.228070380534267	0.728897024284968
chr5:5313703:A:G	5	5313703	0.123025829603812	0.283643596260428	0.664481721243109
chr5:7364955:T:A	5	7364955	-0.106849080331224	0.346022278372365	0.757479383595015
chr5:8067079:G:C	5	8067079	-0.0190476702320289	0.258980210832147	0.941369453885212
chr5:13911296:G:T	5	13911296	0.188731311509835	0.229458229657372	0.410787632280142
chr5:15621966:C:G	5	15621966	-0.568190195998056	0.250151741293949	0.023123854991363
chr5:17902851:T:C	5	17902851	0.227205208487856	0.324419312333911	0.483712327148586
chr5:20719353:A:C	5	20719353	-0.323048159024986	0.289056894241577	0.263740567963591
chr5:20732163:G:T	5	20732163	-0.225370135281489	0.241490526382359	0.350692824856558
chr5:21913130:A:C	5	21913130	0.18042653430845	0.26854828191227	0.501673572554157
chr5:23787194:A:C	5	23787194	-0.242869890428988	0.186379884142996	0.192543804251739
chr5:23895775:T:G	5	23895775	-0.151724472429656	0.257626388141269	0.55590676434541
chr5:33466391:T:A	5	33466391	-0.0772979322036445	0.17183522954166	0.652827607164041
chr5:33624899:A:G	5	33624899	0.298986514818333	0.319924385106282	0.350018354141979
chr5:39550509:T:G	5	39550509	0.137515447046168	0.23095576998717	0.551563447194185
chr5:39634108:G:A	5	39634108	-0.10960638342233	0.213063688369802	0.606951290088317
chr5:39978357:G:A	5	39978357	-0.190702713692516	0.197462428006317	0.334160741759213
chr5:44011742:G:T	5	44011742	-0.287733915466136	0.22643857863921	0.203837888952105
chr5:50222627:G:A	5	50222627	0.232765426934922	0.344235374979809	0.498925721595618
chr5:54814079:C:T	5	54814079	0.25006026354176	0.261584916430883	0.339101044893977
chr5:66989845:C:A	5	66989845	-0.00442470031967066	0.195307204959027	0.981925407732022
chr5:66992139:G:A	5	66992139	-0.164976649153153	0.250640852456343	0.510397217936612
chr5:73076502:T:C	5	73076502	0.199753393020494	0.202161619989494	0.323109740547637
chr5:76998986:C:A	5	76998986	-0.0673955253975622	0.240275517909074	0.779099536078316
chr5:80530472:T:A	5	80530472	0.160483879334567	0.360788850639526	0.656454281253038
chr5:81710558:G:T	5	81710558	0.00134438507804875	0.183977635860711	0.994169647052897
chr5:84879932:A:G	5	84879932	0.0186190132367506	0.216413874942644	0.931439161880158
chr5:85476293:A:G	5	85476293	-0.215824854231667	0.293387808024976	0.461955939635685
chr5:85809583:T:C	5	85809583	0.16148757651351	0.226707764601868	0.476269095278296
chr5:92192959:A:T	5	92192959	-0.243728191415322	0.311095681083287	0.433362375868605
chr5:94648523:C:G	5	94648523	0.186599589216085	0.317521050461488	0.556749600891874
chr5:98024666:G:A	5	98024666	0.287811713223685	0.226402329132731	0.203643254688764
chr5:101825779:A:C	5	101825779	0.166645809380056	0.246180214324931	0.4984528510466
chr5:106773905:G:A	5	106773905	-0.386250628197974	0.25186962428788	0.125144340118081
chr5:114915760:G:T	5	114915760	-0.102342885149783	0.256998178848092	0.69046495484174
chr5:115102683:A:G	5	115102683	-0.0852539778557779	0.270681583568094	0.752791726510521
chr5:117238479:G:A	5	117238479	0.23464587647306	0.22139036641488	0.289201959908262
chr5:121740415:G:T	5	121740415	0.0278570244401271	0.229620066891888	0.903439242148864
chr5:137227416:A:T	5	137227416	-0.052144994505753	0.245870038455974	0.832041840583902
chr5:137406489:C:T	5	137406489	0.16886782512767	0.296973666713436	0.569607972102376
chr5:140638650:G:A	5	140638650	-0.0699369151619233	0.259669538503773	0.787675397436746
chr5:142682003:T:C	5	142682003	-0.133362021055087	0.197141607206066	0.498737013286151
chr5:144183699:A:G	5	144183699	-0.58075909322642	0.321495543876968	0.0708512486262849
chr5:145690757:G:T	5	145690757	-0.0909000894355803	0.315197030053617	0.773047206702192
chr5:147282093:C:T	5	147282093	-0.352314403525808	0.286287658986226	0.218460989796305
chr5:151763317:T:C	5	151763317	0.352824919017811	0.231244881706496	0.127068861135817
chr5:153541577:C:T	5	153541577	-0.216882542330329	0.309903871102412	0.484028405915778
chr5:164252995:G:C	5	164252995	0.313415197235518	0.27871321562165	0.260797644671409
chr5:168245100:T:C	5	168245100	0.0700846218335145	0.210407249695256	0.739066092821483
chr5:169455657:C:T	5	169455657	-0.0835408276620274	0.228634784371717	0.7148204230089
chr5:169808985:G:C	5	169808985	-0.166245291998129	0.354665632089073	0.639256855095054
chr5:172672695:T:C	5	172672695	0.321775409089689	0.297657008074396	0.279684884394698
chr5:173346700:A:C	5	173346700	-0.746000771444418	0.335728506017465	0.0262808838948415
chr6:3041612:C:A	6	3041612	0.177928512178007	0.205800303525693	0.387275528015325
chr6:3673174:A:G	6	3673174	-0.232220531231058	0.341784632958139	0.496862114408646
chr6:3786319:G:C	6	3786319	-0.416467748778843	0.274724969970171	0.129533440537888
chr6:6090729:G:T	6	6090729	-0.132171196939658	0.307540274607622	0.667363872896382
chr6:6354181:A:T	6	6354181	-0.178740289349276	0.229454782284335	0.435992515323875
chr6:6456261:T:C	6	6456261	0.388935083044266	0.236739027242115	0.100406653686075
chr6:7642514:C:G	6	7642514	0.0890768924253637	0.271468004228444	0.74281310396698
chr6:23163726:T:C	6	23163726	-0.303136338065972	0.326597720076511	0.353322359564027
chr6:23344439:T:A	6	23344439	-0.218748244319899	0.230078241135876	0.341728306036001
chr6:26287827:G:A	6	26287827	0.0279646212997088	0.20466524417992	0.891318592866887
chr6:31108549:A:G	6	31108549	0.21030163761414	0.222881753334277	0.345396076674725
chr6:31845997:T:C	6	31845997	0.139390056211368	0.221238052552622	0.528664765959324
chr6:32660000:G:C	6	32660000	0.169507616518228	0.344154375238806	0.622342127627798
chr6:33148933:A:G	6	33148933	-0.00266458331542743	0.227940219452702	0.990673074399362
chr6:37400014:G:T	6	37400014	0.184517333150692	0.196799356196136	0.348454565224887
chr6:39124093:C:T	6	39124093	0.31679538584124	0.254254458647909	0.21277258186641
chr6:45195864:C:T	6	45195864	0.483078640649286	0.25961429434597	0.0627787587965815
chr6:46738257:G:A	6	46738257	-0.118218179147677	0.236293047128777	0.616861566865747
chr6:47717919:C:A	6	47717919	-0.151542764022754	0.211195010634242	0.473035426883557
chr6:48859012:C:A	6	48859012	0.256749766414088	0.354447881789299	0.468841462264775
chr6:49860743:T:G	6	49860743	0.25700442980714	0.29593883829377	0.385154790271642
chr6:53292416:C:G	6	53292416	-0.106963531574399	0.197431388481952	0.587973023309165
chr6:69504128:A:G	6	69504128	-0.0262520426517511	0.257741104893286	0.918872315832309
chr6:81137001:T:C	6	81137001	0.195656526192941	0.254092835099023	0.441288119308381
chr6:84758749:C:T	6	84758749	0.214359644766667	0.250574230562597	0.39228900096565
chr6:87387916:G:T	6	87387916	-0.064177326714272	0.212164978433335	0.762280199452733
chr6:88566465:G:A	6	88566465	-0.0446985946631993	0.235245779004676	0.849302812719865
chr6:93273487:T:C	6	93273487	0.0496076695841413	0.277018156198242	0.857876988502009
chr6:97788153:C:A	6	97788153	-0.31595616815907	0.263487714741055	0.23047718694708
chr6:98771646:C:T	6	98771646	-0.524170975773357	0.383179483085181	0.171327235697365
chr6:104918249:A:G	6	104918249	-0.0323516781218791	0.253077337230454	0.89828100001361
chr6:107129138:A:G	6	107129138	0.0548083702344425	0.192699556588518	0.77608550240434
chr6:112187089:T:C	6	112187089	0.0686039733941916	0.20873075904971	0.742403557470942
chr6:118046853:T:C	6	118046853	-0.537144247205976	0.242140615681099	0.0265333375563709
chr6:123103197:T:C	6	123103197	-0.120749388336526	0.391503628534352	0.757759191202719
chr6:127784009:G:A	6	127784009	-0.397798847941678	0.231372024137575	0.0855590309391716
chr6:129527930:G:A	6	129527930	-0.223949886903384	0.213439436378563	0.29406617976132
chr6:137254996:T:C	6	137254996	-0.186433348820368	0.206232722888457	0.365998056539911
chr6:138165202:C:G	6	138165202	-0.503890559753358	0.352813205007902	0.153232065653334
chr6:139464917:T:A	6	139464917	0.287235587414599	0.277712176133621	0.300999498405268
chr6:151547601:G:A	6	151547601	-0.422099536903695	0.250102530739949	0.091467683181312
chr6:152638179:C:T	6	152638179	0.0719853516569866	0.206026905846388	0.726790670103641
chr6:153842833:G:A	6	153842833	0.225154224826739	0.282981486073561	0.426235484987871
chr6:160701242:A:G	6	160701242	-0.0401417590085932	0.405511540936499	0.921145874016267
chr6:162760256:C:T	6	162760256	0.150265911316067	0.269203416758067	0.576716535396825
chr6:163629327:G:A	6	163629327	-0.181300929275346	0.241257275750771	0.452361559381849
chr6:167509019:C:T	6	167509019	-0.0508822123422493	0.372985078060577	0.891490136962597
chr7:7863676:G:A	7	7863676	-0.274339059191203	0.20469653572069	0.180172770469032
chr7:8111839:A:G	7	8111839	0.0200199672182944	0.23953284844185	0.933390993865564
chr7:9602661:C:A	7	9602661	-0.0561844323739894	0.250325449162987	0.822410633160313
chr7:11334355:C:A	7	11334355	0.130153408275604	0.25513531393301	0.609957010070281
chr7:12476280:G:A	7	12476280	-0.30043161505394	0.283184316978367	0.288733145380158
chr7:20850990:A:T	7	20850990	0.0277851687815158	0.250980380227209	0.911849061972177
chr7:22822020:C:A	7	22822020	-0.2730874181676	0.225336207064641	0.225546467737944
chr7:24140802:T:C	7	24140802	0.0267629111571412	0.221895094321253	0.903999434379868
chr7:24278575:A:G	7	24278575	-0.879081443516983	0.403697430118602	0.0294376902274638
chr7:24620726:T:A	7	24620726	0.269362240809467	0.247115513559319	0.275701858696516
chr7:24740434:C:T	7	24740434	-0.228677207020519	0.207376509643001	0.270150910488083
chr7:28505993:C:T	7	28505993	0.392519127388921	0.244449515381797	0.108333959772456
chr7:36413989:G:A	7	36413989	-0.0247021631118017	0.293347048805594	0.932891071725488
chr7:43755241:C:T	7	43755241	-0.563361320648342	0.233009029131314	0.0156161132767577
chr7:44689517:A:G	7	44689517	0.0239134489093815	0.264820351148295	0.928048306436067
chr7:46192346:C:G	7	46192346	0.184891637854735	0.257384945000204	0.472543513476981
chr7:48301675:T:C	7	48301675	-0.340353131229008	0.245500250175825	0.16563525821091
chr7:51890159:C:T	7	51890159	0.259937244028101	0.18851360177932	0.167932395472468
chr7:53046603:C:G	7	53046603	0.511423011440653	0.236382398102498	0.0304995933567386
chr7:55663907:C:A	7	55663907	-0.248154487461677	0.229648805082433	0.279882855821988
chr7:56122201:A:G	7	56122201	0.213793166942586	0.212321824266371	0.31396852181299
chr7:67766433:G:A	7	67766433	-0.218834519468458	0.232818770633228	0.347250884691284
chr7:68433432:T:C	7	68433432	0.378417831715464	0.226123809236745	0.0942292223462865
chr7:71020152:T:G	7	71020152	0.142331350895539	0.267589950702075	0.594794594357848
chr7:71553830:T:C	7	71553830	0.11780234165809	0.230949108931191	0.60999596171618
chr7:78390279:T:G	7	78390279	-0.303861959563693	0.212527236513575	0.152787239841844
chr7:83524616:A:T	7	83524616	0.200008477163812	0.274984872337494	0.467015517252441
chr7:84786535:C:A	7	84786535	-0.445055535374644	0.238523125394542	0.0620581527340685
chr7:86620755:G:A	7	86620755	-0.273321657506198	0.285955110705196	0.339163105058707
chr7:89207269:G:A	7	89207269	0.106230234299262	0.263350153916604	0.686668560063339
chr7:91097147:A:G	7	91097147	-0.2519772519294	0.272305267885219	0.354784694952774
chr7:103095283:G:A	7	103095283	0.0503931161102007	0.351731563499126	0.886075746665927
chr7:113434486:A:C	7	113434486	-0.0129958592434951	0.225245712818717	0.953990487833562
chr7:113749820:G:A	7	113749820	0.0694981691240316	0.184541614004606	0.706471704210199
chr7:117145973:C:G	7	117145973	0.000806820528483404	0.260817215852656	0.997531801671127
chr7:119808046:G:A	7	119808046	-0.480603121812246	0.240295554699156	0.0454948661317733
chr7:122582926:C:G	7	122582926	0.547559859644938	0.273196986650109	0.0450414061891007
chr7:124802410:A:T	7	124802410	-0.0273421043653268	0.211341085590279	0.897061484799742
chr7:131384702:T:A	7	131384702	-0.444023340299755	0.240664268903582	0.0650388900489589
chr7:136870573:G:A	7	136870573	0.402866247898602	0.291296159435466	0.166661013981939
chr7:142873374:T:C	7	142873374	-0.146872599525844	0.268979374515946	0.585040736985274
chr7:145116884:A:G	7	145116884	-0.0369578916331041	0.277297406194129	0.893972818747495
chr7:149242006:T:C	7	149242006	0.129612944366866	0.20961095900421	0.536344624617278
chr7:153502245:G:A	7	153502245	0.499878544891083	0.238130938680183	0.0358014652276558
chr7:153952270:G:A	7	153952270	0.320672197288027	0.232046698873605	0.166993324202272
chr7:154426289:T:C	7	154426289	-1.78402848070828	0.658649606399223	0.00675646066167201
chr7:156975524:A:T	7	156975524	0.0471301896869013	0.281953258961193	0.867247274210435
chr7:157677820:C:T	7	157677820	0.0556544320576838	0.420473589820119	0.894698521370479
chr8:276778:A:T	8	276778	0.387794681582131	0.260158149248251	0.13606357125002
chr8:1102873:G:T	8	1102873	0.0746492785846263	0.232961097612314	0.748637330434778
chr8:8710521:T:C	8	8710521	0.132947933982594	0.258008865941163	0.606354324717836
chr8:9029509:T:C	8	9029509	0.211094332876949	0.269016967668714	0.432636636740227
chr8:9109096:A:G	8	9109096	-0.092153779084603	0.26692020211196	0.729907617183877
chr8:13032868:C:A	8	13032868	0.141528309452199	0.349407542549293	0.685439108331588
chr8:20741226:C:T	8	20741226	-0.145522839422258	0.18844910277279	0.439988306996452
chr8:25783762:T:C	8	25783762	0.0254880754447807	0.300125343767043	0.932321200224842
chr8:27022227:G:T	8	27022227	-0.103047553791869	0.2074157291813	0.619318468182206
chr8:28150898:A:G	8	28150898	-0.40181249031908	0.273647311083427	0.142006734072452
chr8:28528484:G:T	8	28528484	0.146482525248081	0.242304093911449	0.545484660907421
chr8:37085597:G:A	8	37085597	0.262953558367593	0.292267791012981	0.368279510332254
chr8:41788192:C:T	8	41788192	0.293239410747942	0.243128496754579	0.227775556019489
chr8:53142705:G:A	8	53142705	0.153411317117741	0.30992230323747	0.62060062838309
chr8:61304314:G:C	8	61304314	-0.163474323896025	0.220007704993204	0.457458017298301
chr8:61926940:A:T	8	61926940	-0.227165319928207	0.187647363575029	0.226049926216732
chr8:63445672:G:A	8	63445672	0.214774315938456	0.239319764589536	0.369485989667205
chr8:65343369:C:A	8	65343369	0.352526452096305	0.273187110140954	0.196904438013958
chr8:65418628:G:T	8	65418628	0.118234897291568	0.197508636573461	0.549418625511406
chr8:71273350:T:A	8	71273350	0.274058758842336	0.278792422167445	0.325597185839921
chr8:72033005:T:C	8	72033005	0.0983072743267597	0.422904054134041	0.816182591920269
chr8:72065200:T:A	8	72065200	0.304687411723247	0.257486335115564	0.236684377757009
chr8:73211475:T:C	8	73211475	0.321308439710011	0.224458751314101	0.15229240608521
chr8:86323708:T:C	8	86323708	-0.206178003715711	0.254469990401503	0.417810745648233
chr8:89525432:A:G	8	89525432	-0.524320127408764	0.209258054753768	0.0122238629274785
chr8:92001032:A:G	8	92001032	0.120113302460962	0.261435479145652	0.645919915789795
chr8:92645879:A:G	8	92645879	0.0531371032394143	0.392053395417359	0.892188598551879
chr8:95906161:G:A	8	95906161	-0.142345079017278	0.208668031615033	0.495137497996533
chr8:96365126:C:T	8	96365126	-0.527958096902057	0.2159446185204	0.0144901427695444
chr8:98002322:C:T	8	98002322	0.753287549319254	0.237892877837694	0.00154285899884321
chr8:106920372:G:A	8	106920372	-0.496664060037187	0.28593755005914	0.0823930134574806
chr8:108142424:A:G	8	108142424	-0.284264330254456	0.179694623828368	0.113665533671262
chr8:109421925:C:T	8	109421925	0.0451350667366996	0.221226093081171	0.83833603577326
chr8:116252872:C:T	8	116252872	0.176886505001535	0.193405530714492	0.360407614614643
chr8:121384602:C:T	8	121384602	0.243021048817499	0.221584046352952	0.272753167358929
chr8:127029052:C:T	8	127029052	0.312576939141728	0.185194199235926	0.0914432305286126
chr8:128437247:A:G	8	128437247	-0.0483218916868497	0.319852747379742	0.879916213202969
chr8:131315237:G:A	8	131315237	-0.263979559111288	0.252268094533346	0.295365004828462
chr8:135895676:A:T	8	135895676	-0.56317071134002	0.462479817985669	0.223330568917062
chr8:141605122:C:T	8	141605122	-0.200597573415183	0.251553205072914	0.425197877413115
chr9:733358:A:C	9	733358	-0.0882353724964322	0.23661932923839	0.709222794563144
chr9:5461379:C:T	9	5461379	-0.061610278308646	0.224585800781766	0.783832210270079
chr9:11397008:T:G	9	11397008	0.0566213550590831	0.35984309234469	0.874968919292796
chr9:11955148:T:G	9	11955148	0.125412601212359	0.212908255144663	0.55583090410085
chr9:12389360:A:G	9	12389360	-0.178307683530464	0.254039646730323	0.482748266826207
chr9:12615226:G:C	9	12615226	-0.0691058007713811	0.197505352495531	0.726418770801541
chr9:13582959:T:A	9	13582959	0.738007659582351	0.362038805447642	0.0415022853134107
chr9:14098421:G:A	9	14098421	-0.247923150456886	0.257379057063281	0.335416671687203
chr9:18952915:A:G	9	18952915	-0.0763537072320898	0.206442768569694	0.711491192605012
chr9:29651949:A:G	9	29651949	-0.110664098639686	0.228873262959458	0.62872873812491
chr9:32058643:A:T	9	32058643	-0.104751637249961	0.257610244475722	0.684280947444286
chr9:37013405:C:T	9	37013405	0.0789828185247932	0.183844969104758	0.667474686515537
chr9:37992585:C:T	9	37992585	-0.167311046479381	0.241853013094227	0.489070384694026
chr9:76464251:C:G	9	76464251	0.264759441822373	0.313520947396996	0.398406094776843
chr9:89995415:A:G	9	89995415	-0.140348097487051	0.266976765482046	0.599100797536624
chr9:94568472:C:A	9	94568472	-0.112719430753044	0.223176285353856	0.613510350166145
chr9:96162075:C:T	9	96162075	0.398439510787484	0.207481374747315	0.054812090771709
chr9:100192956:A:G	9	100192956	0.170090472065121	0.339822158629532	0.616703414638544
chr9:100529836:G:C	9	100529836	0.483055731296452	0.215589493884487	0.0250502190941592
chr9:107904127:G:A	9	107904127	0.136821852057216	0.196299582908048	0.485799469384845
chr9:117420412:T:C	9	117420412	-0.122197675592451	0.205773194045519	0.552614835040867
chr9:117972207:C:A	9	117972207	-0.424968129166834	0.21705986070317	0.0502489786137609
chr9:121356498:A:G	9	121356498	-0.107301881916927	0.427134580223314	0.801649212301167
chr9:124044726:T:G	9	124044726	0.251421256503596	0.272671663162747	0.356494175759689
chr9:125005426:C:T	9	125005426	0.131214782723458	0.300201450335509	0.662046729550668
chr9:129533341:A:G	9	129533341	0.238501175427197	0.254972826194725	0.349583017613047
chr9:136630984:C:T	9	136630984	-0.319830245228189	0.202309188517216	0.113901300982266
chr10:2050300:A:G	10	2050300	-0.36492431945055	0.243972468384605	0.134716144222464
chr10:3113976:C:T	10	3113976	-0.612436821980239	0.280047330771518	0.0287494822571897
chr10:4591592:T:C	10	4591592	-0.521569140910113	0.298956693883146	0.0810491064583754
chr10:7462546:C:T	10	7462546	0.173970300946789	0.246939382376281	0.481117653267918
chr10:7849544:T:G	10	7849544	0.258290437332932	0.330485489834718	0.434479965784995
chr10:9367893:G:A	10	9367893	-0.351203882371283	0.268567373224304	0.190977195285714
chr10:10628189:C:T	10	10628189	-0.428553954950257	0.292638982790631	0.143072157946667
chr10:14014383:T:C	10	14014383	0.33059050861048	0.24187356576896	0.17169095967797
chr10:16341555:C:T	10	16341555	-0.00144871595334753	0.237328825901866	0.995129538482109
chr10:27289376:T:C	10	27289376	-0.234326651470773	0.207583048253611	0.258968174261287
chr10:27674317:A:G	10	27674317	-0.374179787870627	0.241756761625648	0.121681741611207
chr10:28771902:G:A	10	28771902	-0.105310321317457	0.228534299470142	0.644936713739641
chr10:28891836:C:T	10	28891836	0.134635065479963	0.235514723344957	0.567550270496862
chr10:30622484:G:A	10	30622484	0.467222767831918	0.312875652149999	0.135354028989611
chr10:35177843:G:T	10	35177843	0.282512482237304	0.289646988099126	0.32937761611357
chr10:45036473:A:G	10	45036473	0.141129493036002	0.245126093835147	0.564789291112739
chr10:51560095:T:G	10	51560095	0.0528733351259512	0.201676232864646	0.793190850781622
chr10:54072488:A:G	10	54072488	0.0682300116289651	0.232996101329825	0.769646311361719
chr10:54082016:C:T	10	54082016	-0.164041709135631	0.241869119097627	0.497628975972002
chr10:55299918:G:C	10	55299918	-0.0727492836901643	0.246627383708484	0.768011827840392
chr10:56747004:T:C	10	56747004	0.436381415592695	0.386366046832767	0.258707740687578
chr10:57761967:T:C	10	57761967	0.205725835864665	0.244865212452797	0.400818959624278
chr10:69232402:C:A	10	69232402	-0.112139830984225	0.213627361472171	0.599630486301488
chr10:84591955:C:T	10	84591955	0.305905196114362	0.304408687581502	0.314937243355486
chr10:84989741:G:A	10	84989741	-0.125482928071731	0.23909270676156	0.599701657208781
chr10:91053424:A:C	10	91053424	-0.0211917520856629	0.24585211594192	0.931309695051407
chr10:93612452:G:A	10	93612452	-0.322185399073191	0.363561422848389	0.375513815037774
chr10:93671121:T:C	10	93671121	0.475161763753393	0.228615370278862	0.0376694822816386
chr10:101249704:C:T	10	101249704	0.591475702119529	0.291152666202638	0.0422046264645656
chr10:102352980:T:C	10	102352980	0.136671948278009	0.23690964173441	0.564010501063314
chr10:104637359:T:C	10	104637359	0.675388919907223	0.31294217565616	0.0309130015224962
chr10:108480456:T:C	10	108480456	-0.200397934655615	0.259025044912564	0.439130468091415
chr10:109264424:C:T	10	109264424	-0.177467990989552	0.296897066210894	0.550011770806391
chr10:111352001:T:G	10	111352001	0.0251216057840853	0.257446746465994	0.922265953632145
chr10:118828443:C:T	10	118828443	0.282617183612379	0.277097527099042	0.307766619465316
chr10:120152982:A:G	10	120152982	0.275204082627529	0.284047726568624	0.332612230544933
chr10:121611573:C:G	10	121611573	0.251811252923348	0.314704697633282	0.423623362713465
chr10:121734173:T:C	10	121734173	0.28203162907117	0.220152067555382	0.200166814893287
chr10:121910644:T:A	10	121910644	-0.00342307864140872	0.254104331741482	0.989251899110813
chr10:122561189:A:G	10	122561189	-0.219249947987425	0.235723859922611	0.352312313798627
chr10:123750431:C:G	10	123750431	0.245970221504603	0.234104301173329	0.293402612711939
chr10:127533155:T:C	10	127533155	-0.228496934518454	0.229683889522575	0.319817871125719
chr10:129953349:A:G	10	129953349	-0.410171824634402	0.301825009332311	0.174155369069048
chr10:131819683:A:G	10	131819683	-0.159643947348335	0.230544745372437	0.488645956799124
chr10:131953941:A:C	10	131953941	0.277588491794343	0.268494053802737	0.301195993501699
chr11:388357:C:T	11	388357	0.236696872486416	0.245496180088722	0.334967194512869
chr11:2257707:C:T	11	2257707	0.0393949045364173	0.186168447204519	0.832412147735052
chr11:3623903:G:A	11	3623903	0.155070760696049	0.309711854240869	0.616586737524627
chr11:5806222:C:T	11	5806222	0.129309477636167	0.214841932751923	0.547252731751181
chr11:9789492:C:A	11	9789492	0.020276291444783	0.229029382971713	0.92945433035468
chr11:14569664:T:G	11	14569664	0.589209491793118	0.269459977945064	0.0287694857570382
chr11:36019710:C:A	11	36019710	0.0173200980201415	0.206974859780882	0.933309162050934
chr11:39635569:C:T	11	39635569	0.204557026039104	0.238677562023486	0.391420907168056
chr11:40512905:C:G	11	40512905	-0.941885650671951	0.409781755116559	0.0215330306722252
chr11:41632790:A:T	11	41632790	-0.178857166980445	0.262937020529902	0.49636000128619
chr11:42744986:A:G	11	42744986	-0.397617915666598	0.203841726668108	0.0511021688568231
chr11:43201079:C:T	11	43201079	0.444226011190444	0.273832285231976	0.104748589774804
chr11:43982585:G:A	11	43982585	0.00987794815432256	0.310465727210498	0.974618348785817
chr11:44330300:A:G	11	44330300	-0.136572877867021	0.262182313310249	0.602430826540798
chr11:49875094:A:G	11	49875094	0.0531280496620502	0.217985793642002	0.807445721145906
chr11:50253126:G:T	11	50253126	-0.402997550737139	0.303849481660763	0.184738185779729
chr11:55906271:G:A	11	55906271	-0.276337422324675	0.243580996154778	0.256593854278276
chr11:57305789:G:A	11	57305789	-0.0686977933402154	0.199534411704927	0.730627862031096
chr11:58998793:A:C	11	58998793	-0.556757173451691	0.314016215556292	0.0762253174333138
chr11:63184971:C:T	11	63184971	0.11226035740915	0.228647658071528	0.623443902281134
chr11:70801858:T:C	11	70801858	0.296336772717732	0.254044554443775	0.243422210336656
chr11:71334794:T:G	11	71334794	-0.188905585271357	0.257428262284536	0.463059449115968
chr11:77208574:G:A	11	77208574	0.352020951382635	0.228110875367827	0.122781993068164
chr11:77376654:A:G	11	77376654	0.000151263450677094	0.232637542834663	0.999481206851077
chr11:81783030:C:T	11	81783030	0.0151659971499964	0.240336015533628	0.949684241677964
chr11:83962252:C:T	11	83962252	-0.0498420908644943	0.27412940355977	0.85572432419397
chr11:86328783:G:T	11	86328783	-0.0637482982674571	0.228882369381198	0.780613278962652
chr11:86644523:C:T	11	86644523	0.466637973350363	0.288863496869252	0.106218196303434
chr11:93046218:A:C	11	93046218	0.203132920396182	0.244763782060674	0.406587337296051
chr11:104129521:G:A	11	104129521	-0.022076705334709	0.287350513176203	0.938759987893105
chr11:110396347:G:A	11	110396347	0.117972030502916	0.218729675815606	0.58964480722502
chr11:113800784:C:T	11	113800784	-0.00947072636945496	0.30717600886485	0.975403843042313
chr11:115616504:A:T	11	115616504	-0.446642177692877	0.247436923968144	0.0710629641584066
chr11:119630310:G:A	11	119630310	-0.131160803726913	0.247684913296511	0.596426046794107
chr11:123267436:G:A	11	123267436	0.0912011957154905	0.24288588223533	0.707296156257606
chr11:125907492:T:C	11	125907492	0.109999072907972	0.215601587459952	0.609914136722218
chr11:126829359:G:A	11	126829359	0.00332213986951726	0.332163865190846	0.99202008346557
chr11:130290657:C:T	11	130290657	-0.167317400179065	0.35759734561443	0.639860898898523
chr11:131355535:G:A	11	131355535	0.0384744823181095	0.234322026106733	0.869577713568492
chr11:133238417:A:G	11	133238417	0.297861940163808	0.229159695693899	0.193669274636643
chr11:134309503:C:T	11	134309503	-0.0853827593901868	0.226815832227719	0.706589133428673
chr12:5192681:C:T	12	5192681	0.031409642216307	0.202730919085106	0.876874399115473
chr12:5448727:G:A	12	5448727	0.0568206832139786	0.281645765187644	0.840115919053475
chr12:6639294:C:T	12	6639294	0.0249866946202016	0.317199336617002	0.937213302352761
chr12:19523028:C:A	12	19523028	0.219482286719553	0.212539194504555	0.301759598086554
chr12:20003679:T:A	12	20003679	0.227121485812815	0.272440262375411	0.404474804549282
chr12:21333090:G:A	12	21333090	0.276429324954187	0.202452794411788	0.17212693027866
chr12:25518059:A:T	12	25518059	0.221580658486562	0.251991349920376	0.37922860211981
chr12:28965843:C:T	12	28965843	-0.00949233934279968	0.205476891160444	0.96315353069692
chr12:32086665:A:C	12	32086665	0.193825351590064	0.221062174728006	0.380600103654798
chr12:48567461:T:G	12	48567461	-0.209759964682416	0.322332976494322	0.515204315411331
chr12:51039498:T:C	12	51039498	0.387468063967659	0.317028086898426	0.221636373198584
chr12:53646626:C:G	12	53646626	-0.0950572804955718	0.326099729516608	0.770670797949775
chr12:53680144:C:A	12	53680144	0.0201184513834259	0.227927118583332	0.929664437422019
chr12:54366280:G:A	12	54366280	0.0617444386954075	0.183398707188494	0.736367341955307
chr12:56675083:C:T	12	56675083	-0.0980893168351313	0.21835681516218	0.65327603892943
chr12:57436134:C:T	12	57436134	0.154880703779901	0.271066031764146	0.567744597121151
chr12:58724212:C:T	12	58724212	0.264700862244613	0.255590632643527	0.30036833511093
chr12:59048769:A:C	12	59048769	-0.158834249156391	0.279868026532427	0.570352334921436
chr12:59226687:C:T	12	59226687	0.123922285539004	0.302845537971116	0.682398003600739
chr12:63113400:T:C	12	63113400	0.0726944163563757	0.225946164699791	0.747654710877152
chr12:64271340:C:T	12	64271340	-0.176266928646054	0.265251810610043	0.506353221871734
chr12:64756705:C:T	12	64756705	0.209094986789863	0.181472784885148	0.249234270273804
chr12:67050802:C:T	12	67050802	0.0177116442357535	0.260942044993869	0.945884520877965
chr12:73909094:G:A	12	73909094	-0.0178405993892004	0.205155798584909	0.930702333935756
chr12:81126959:G:A	12	81126959	0.0486957075240122	0.192792023660431	0.800591591350542
chr12:83608380:A:G	12	83608380	-0.170369531392639	0.198604353882355	0.390984232425081
chr12:90727178:A:C	12	90727178	-0.0264392111453584	0.20087314396565	0.895283731597376
chr12:92596791:C:T	12	92596791	-0.0229479713886816	0.23601980854566	0.922544533684101
chr12:95914573:A:T	12	95914573	-0.000593202389548241	0.337339118300552	0.998596940709079
chr12:105967464:T:C	12	105967464	-0.295777967043666	0.221537438211001	0.181838695702995
chr12:109533295:C:T	12	109533295	-0.199865219452656	0.233285797249922	0.391588720819672
chr12:120976632:C:A	12	120976632	-0.4078736263373	0.416102454358239	0.326975543397328
chr12:125875525:T:C	12	125875525	0.308014457802873	0.207079629441406	0.136903821777835
chr12:126449337:A:G	12	126449337	-0.173345950439399	0.178280680835997	0.330891157121555
chr12:131091094:G:A	12	131091094	-0.749208144019359	0.252845765938965	0.00304554263323653
chr13:19545220:A:G	13	19545220	0.12085894721894	0.241558859350341	0.616843307308556
chr13:22977365:T:G	13	22977365	-0.0296992367279968	0.298256916348072	0.920680932292431
chr13:24330599:T:C	13	24330599	-0.383471182582381	0.295762098878036	0.194785095737472
chr13:24623185:A:C	13	24623185	0.19017573633558	0.214065229795299	0.374325157695814
chr13:25202506:T:G	13	25202506	0.661139204150744	0.334537771804047	0.0481234468873145
chr13:26234118:A:T	13	26234118	-0.0210989894768204	0.238448252504218	0.929491552966016
chr13:26494236:G:A	13	26494236	0.41871211593282	0.240396510627693	0.081551111632822
chr13:27255876:A:G	13	27255876	0.550847624123485	0.290216963025096	0.0576888978510676
chr13:42909938:A:G	13	42909938	0.0895960696166296	0.294386730872044	0.76086263262464
chr13:45708351:G:A	13	45708351	0.166428738024353	0.267092241642579	0.533210045901864
chr13:45809177:C:G	13	45809177	0.237763967949014	0.189126850520143	0.208693298981614
chr13:50558767:A:T	13	50558767	0.64321038073985	0.335071244719136	0.0549055696118592
chr13:58710908:G:A	13	58710908	0.0562264503083477	0.213616440614615	0.792387038776753
chr13:58934154:C:T	13	58934154	0.201141140736004	0.207754412218436	0.332960552979629
chr13:70397215:T:C	13	70397215	0.112175777388375	0.195266019394949	0.565645266866093
chr13:70990050:T:C	13	70990050	-0.0407616931903555	0.373208323387999	0.913028252287774
chr13:86776101:G:A	13	86776101	-0.259348046930166	0.22341292132589	0.245704439714228
chr13:91472230:T:C	13	91472230	0.119877494115913	0.252540363072611	0.635010461256676
chr13:93235990:C:T	13	93235990	0.329612820112385	0.2701835117193	0.222480399107124
chr13:96765286:G:A	13	96765286	-0.351315481894277	0.259096124326194	0.175122332811143
chr13:102180181:A:G	13	102180181	-0.123080686204366	0.24283200100242	0.612256353012094
chr13:106009559:G:C	13	106009559	0.110521638504514	0.2215456822805	0.617873691918831
chr13:106084136:A:G	13	106084136	-0.129243983326065	0.208524583208121	0.535388058306394
chr13:112716578:T:C	13	112716578	0.162842986084369	0.278760531443466	0.559107279023256
chr14:21167555:A:G	14	21167555	-0.698247790163977	0.353643640930948	0.048331849265725
chr14:26929954:A:G	14	26929954	-0.157546463941053	0.263350318855619	0.549680389752356
chr14:27823594:G:A	14	27823594	-0.325993910896144	0.251176207155488	0.194332219947927
chr14:38216062:T:A	14	38216062	0.0142083190622144	0.263432860416962	0.956986746410849
chr14:39925237:C:T	14	39925237	0.285950992819621	0.262779541396196	0.276516405538641
chr14:44446011:A:G	14	44446011	0.153187973824408	0.305442606959102	0.615999682991753
chr14:51426205:T:C	14	51426205	0.29100822594708	0.242463192067364	0.230055425440597
chr14:52881822:T:G	14	52881822	0.00134303973881507	0.320410030776756	0.996655574322607
chr14:53358297:A:G	14	53358297	-0.148654607662956	0.200309821823592	0.458012568471052
chr14:56254615:G:A	14	56254615	-0.11195813896688	0.210949631090139	0.595603129940848
chr14:57978070:T:C	14	57978070	0.0829648889910633	0.204222368430605	0.684560531703312
chr14:62445185:T:C	14	62445185	-0.119396258486695	0.230523547531849	0.604503485283441
chr14:67518615:G:A	14	67518615	-0.556430936130372	0.225706828801488	0.0136905533723323
chr14:68863518:T:G	14	68863518	-0.240875098023175	0.276338915165011	0.383390887777842
chr14:77734277:G:A	14	77734277	0.0318879652694888	0.297022919793524	0.914504495883757
chr14:84531019:T:G	14	84531019	-0.343718141626686	0.30597214153004	0.261282859413739
chr14:90804831:C:G	14	90804831	-0.641208379814656	0.293004002750771	0.028640870692843
chr14:91397629:G:T	14	91397629	-0.27181469990952	0.336473815808256	0.419186643362653
chr14:91961156:T:C	14	91961156	-0.174347148504675	0.265200674894074	0.51091351099287
chr14:92998270:C:G	14	92998270	0.114787023897467	0.359549607930068	0.749535233035418
chr14:98340169:A:G	14	98340169	-0.124730098360369	0.254403456752863	0.623932519185461
chr14:100721312:C:T	14	100721312	-0.317854596848264	0.270455331361268	0.239891800489987
chr15:24165057:A:G	15	24165057	-0.248735440318451	0.282796825891351	0.379100275978891
chr15:26353849:A:G	15	26353849	0.0470156132492599	0.248397818121534	0.849876921570651
chr15:33665926:A:G	15	33665926	0.152753742528085	0.291938464172963	0.600807581227264
chr15:34880184:A:T	15	34880184	0.0219282285740274	0.245585765204437	0.928851843729146
chr15:37080410:C:T	15	37080410	-0.237910711155431	0.320125133803016	0.457372494287582
chr15:57522102:A:T	15	57522102	0.42130194847731	0.226468892890319	0.0628419278429225
chr15:57590535:T:C	15	57590535	-0.581830044917589	0.413730193770043	0.159634146570291
chr15:69786285:T:C	15	69786285	0.207179024208636	0.215830454677966	0.337097685338436
chr15:71331250:T:C	15	71331250	-0.068498286656265	0.33643865065606	0.838667539428394
chr15:76807237:T:C	15	76807237	-0.741331683289566	0.337499919592317	0.0280533980361083
chr15:77734259:G:A	15	77734259	0.178259548546019	0.215388025762508	0.407885447003255
chr15:79750604:G:T	15	79750604	0.123111873067555	0.210853592396435	0.559305269896576
chr15:81697597:G:A	15	81697597	0.163292187133963	0.243540597913121	0.50254377395402
chr15:87989871:C:T	15	87989871	0.0222565267306205	0.1957613162657	0.909481828284627
chr15:88891382:T:C	15	88891382	0.148942781645343	0.219349737160583	0.497125411788402
chr15:94791129:A:G	15	94791129	-0.40638482129343	0.313982224500364	0.195564424813685
chr15:100978492:T:G	15	100978492	-0.065361462105279	0.227546741968802	0.773925411376702
chr16:4957642:T:C	16	4957642	-0.111857403824088	0.221957057653783	0.61428972329437
chr16:5884026:G:T	16	5884026	0.157949244701939	0.240755215098503	0.511787181320181
chr16:6848656:G:A	16	6848656	0.254611324220836	0.204913727037275	0.214041311019244
chr16:7909855:G:A	16	7909855	0.170375977943146	0.221335164534702	0.441439532636923
chr16:8273542:C:G	16	8273542	-0.191473897257372	0.22625746839497	0.397404630561993
chr16:12394716:C:T	16	12394716	0.0783914112729613	0.249574349479623	0.753444760568534
chr16:17779668:G:A	16	17779668	-0.0652820616947066	0.248735920345438	0.792970439732859
chr16:31127124:G:A	16	31127124	0.28232508107651	0.258691500249678	0.275115312999493
chr16:56688556:C:T	16	56688556	0.178731851126298	0.225669177348049	0.428355863487687
chr16:60324635:A:C	16	60324635	-0.103206290839496	0.22477226263229	0.646119723924641
chr16:60499572:C:T	16	60499572	0.342260248675743	0.190615087039575	0.0725650041080675
chr16:62273123:C:T	16	62273123	0.0276573142848548	0.18376607752024	0.880367920041484
chr16:65972427:C:T	16	65972427	0.235515260928545	0.247084670169761	0.340500733405742
chr16:69246420:T:C	16	69246420	-0.0751983427190125	0.217987997286769	0.730120292869363
chr16:71908403:G:A	16	71908403	0.14114184067146	0.239305281140623	0.555325903084558
chr16:72103328:C:A	16	72103328	-0.0878903972027652	0.195769001775439	0.653468080237202
chr16:74837740:A:C	16	74837740	-0.392191055121609	0.369493226229662	0.288494701321558
chr16:79886631:C:T	16	79886631	-0.345440976243732	0.370689194659432	0.351394181139321
chr16:81396153:C:A	16	81396153	-0.13676286255884	0.188495901811273	0.468115785313628
chr16:82294878:C:G	16	82294878	-0.29559207992659	0.332926212521874	0.374615719453938
chr16:82421890:A:G	16	82421890	0.279032996084168	0.229014423129556	0.223068981723835
chr16:83827178:T:C	16	83827178	-0.308742980967206	0.270727165749516	0.254110892872213
chr16:89331863:A:T	16	89331863	0.047358573371865	0.238385327266436	0.842525616963086
chr16:89337630:T:C	16	89337630	0.117629163439687	0.235710800606494	0.617751069032398
chr16:89479873:T:G	16	89479873	0.429253114019364	0.256337520647858	0.0940201674815859
chr16:90035976:C:A	16	90035976	-0.536900107105735	0.23731099563097	0.0236706953763676
chr17:2489248:C:G	17	2489248	0.283104937517433	0.261373371172926	0.27874461549249
chr17:4147521:T:C	17	4147521	0.564307243312935	0.273215086579079	0.0388821224238263
chr17:6949267:T:C	17	6949267	0.212194846792314	0.223073548031383	0.34148627720328
chr17:7929448:A:G	17	7929448	-0.0271496402412587	0.202138105860304	0.893155602633597
chr17:12174148:T:C	17	12174148	-0.107462132921226	0.337294746462019	0.750029793412396
chr17:14402381:C:T	17	14402381	0.582575667413957	0.36144095923235	0.107002379101875
chr17:15219976:C:T	17	15219976	-0.20002577474225	0.184059347375264	0.277149041992157
chr17:16482403:T:A	17	16482403	0.0225012016231178	0.208328665369113	0.91398919724599
chr17:18684803:A:G	17	18684803	-0.343847279598607	0.184392186062002	0.0622149712255736
chr17:20040710:T:C	17	20040710	-0.0603404893088599	0.253347477911743	0.811747038561693
chr17:21275023:A:C	17	21275023	0.00138099692271527	0.202540104997401	0.994559756027351
chr17:30609729:C:T	17	30609729	-0.443319542178973	0.291198606871508	0.127909931324741
chr17:31554254:C:T	17	31554254	-0.940558193594995	0.348315283468583	0.00692755207607121
chr17:33472425:T:G	17	33472425	-0.421211216309829	0.312915181026923	0.17827429676748
chr17:44156671:T:A	17	44156671	-0.374692063282386	0.194176137536629	0.0536501683469118
chr17:45754773:C:T	17	45754773	-0.0578781132144474	0.298766523347345	0.846392346488411
chr17:48779278:C:T	17	48779278	-0.164650888168387	0.23291800414615	0.479625552734282
chr17:52703044:C:G	17	52703044	0.0828183065314267	0.315889315024206	0.793186464646136
chr17:53282498:G:T	17	53282498	0.663273666696158	0.309830287290121	0.0322930375912958
chr17:58411807:C:T	17	58411807	-0.249268295494134	0.355567122504148	0.483275385118224
chr17:61409438:A:G	17	61409438	-0.0450503709700165	0.191709024107389	0.814213792748574
chr17:66262233:G:T	17	66262233	0.0611173901039955	0.208578323909892	0.76950770873549
chr17:66751216:C:T	17	66751216	0.155984918202349	0.231313620799662	0.500092730256311
chr17:66971178:A:G	17	66971178	0.198146753027765	0.325016160530295	0.542092355964083
chr17:68771033:G:A	17	68771033	-0.0628374027669343	0.213005858626815	0.767991460823237
chr17:69081332:C:T	17	69081332	0.334745716192632	0.278058065394087	0.228639894018896
chr17:69213412:T:C	17	69213412	-0.460225467626114	0.2800845895982	0.100348597674536
chr17:72829246:G:A	17	72829246	0.00463632626171678	0.262078216692736	0.985885663268916
chr17:73506492:C:T	17	73506492	-0.00786955950593945	0.222702634762889	0.971811318977212
chr17:75360149:C:G	17	75360149	-0.25520641675056	0.289223184567448	0.377568238865287
chr17:77625920:A:T	17	77625920	-0.546574024776462	0.303758611397624	0.0719602279513183
chr18:1137045:A:T	18	1137045	0.0182361767385384	0.20408910293522	0.928800583617882
chr18:4080016:T:A	18	4080016	0.096746632743892	0.345223875274941	0.779290949096935
chr18:8920896:G:C	18	8920896	0.201778525171977	0.279315545260136	0.470046440804867
chr18:9609299:C:T	18	9609299	0.287738512231203	0.233202117364108	0.217255480162726
chr18:10572326:C:T	18	10572326	-0.15859784271494	0.245339651946748	0.517993180889915
chr18:11017906:C:T	18	11017906	0.21763442783044	0.193816921491574	0.261485650884066
chr18:14686017:A:G	18	14686017	0.390651913741031	0.292348115357726	0.18146562340463
chr18:14895123:C:T	18	14895123	0.089168233216782	0.238467530750051	0.708462419337209
chr18:30059135:A:G	18	30059135	-0.229420797573186	0.207456257182783	0.268780399130303
chr18:32490781:T:C	18	32490781	0.226420728265742	0.276278072392462	0.412478809481625
chr18:36255061:C:A	18	36255061	0.0299353607736338	0.258267731060177	0.907725257107922
chr18:42762909:A:C	18	42762909	0.140850317765587	0.194633190978863	0.469267987759161
chr18:45461168:C:T	18	45461168	-0.310489283692197	0.247592794638229	0.209830380030438
chr18:49146783:T:G	18	49146783	-0.181753859188562	0.323908524555468	0.57471087788303
chr18:49872731:C:G	18	49872731	-0.128353683565535	0.288058491640767	0.65589920330233
chr18:50485733:T:C	18	50485733	0.109667604332196	0.276054917958845	0.691170325161106
chr18:59256389:C:T	18	59256389	0.26213797478454	0.232699698097793	0.259950732125887
chr18:62622293:T:A	18	62622293	0.0276704785785378	0.262595407465647	0.916079801250991
chr18:62998306:G:A	18	62998306	-0.15669075993359	0.215591245804976	0.46735120422778
chr18:66103927:C:T	18	66103927	-0.217750265987623	0.21405886906735	0.309037000961341
chr18:66206557:C:T	18	66206557	0.182289337876909	0.262582684933965	0.487546194908404
chr18:68001558:G:A	18	68001558	0.0610443958928967	0.1994823290284	0.759593946423242
chr18:71730181:C:T	18	71730181	0.177301069548515	0.225438571441412	0.431591158506933
chr18:72912108:T:C	18	72912108	0.222879032566553	0.213210498616043	0.295862454749715
chr18:73248491:G:A	18	73248491	-0.347527621570166	0.275527240386653	0.207194097560524
chr19:2907557:G:A	19	2907557	0.226742121689269	0.235374405394369	0.335384296335756
chr19:16021187:G:A	19	16021187	-0.2272214255443	0.244903341677277	0.353511101316483
chr19:17584922:G:A	19	17584922	-0.155865000026357	0.250216513315057	0.533336754214538
chr19:18704666:C:T	19	18704666	-0.0511318549449378	0.319756542468178	0.872952990369272
chr19:18737022:C:T	19	18737022	-0.0345552105812838	0.211738045262702	0.870362596380598
chr19:18805179:A:G	19	18805179	-0.459157209977473	0.277493642829392	0.0979937932264411
chr19:21560366:G:T	19	21560366	0.455185706744479	0.237843699380322	0.0556454818055262
chr19:21659434:G:C	19	21659434	0.180053278315192	0.270158396047416	0.505108812095383
chr19:33474662:T:C	19	33474662	0.0827548958921128	0.194540295928738	0.670554644827243
chr19:37956680:C:T	19	37956680	0.242305501949518	0.260479249444715	0.352252231297879
chr19:38120117:A:T	19	38120117	0.14941919203895	0.384772199691053	0.697770678039967
chr19:44380983:T:C	19	44380983	0.152061538489936	0.224103398075372	0.497433843026751
chr19:44819986:A:G	19	44819986	0.205251511162031	0.222784778994904	0.356894068821061
chr19:48685001:C:T	19	48685001	0.199046874401386	0.271347434287784	0.46322312476235
chr19:51552139:T:A	19	51552139	0.336753277660283	0.23007706615865	0.143288439402643
chr19:52714810:C:T	19	52714810	0.074983492371957	0.238598880626994	0.753319093702776
chr19:53330671:T:C	19	53330671	-0.238868306576563	0.253638558239836	0.346312181140589
chr19:54944544:G:A	19	54944544	-0.0876620437443099	0.309803546348847	0.77720741992736
chr19:57195010:G:C	19	57195010	-0.837907593341556	0.470403213200044	0.0748709696511104
chr20:1709120:A:G	20	1709120	-0.102924086205695	0.324458268937087	0.751077998473142
chr20:1735934:T:G	20	1735934	-0.326792261454075	0.277984432710707	0.239763726545748
chr20:1906500:G:T	20	1906500	-0.262458260189055	0.338933775235144	0.43871531121256
chr20:3649460:G:A	20	3649460	0.0808834840506423	0.232891014309398	0.728364548404815
chr20:5407753:C:T	20	5407753	0.227043568971112	0.220772317814887	0.303758902890467
chr20:5860313:T:C	20	5860313	0.298964646223382	0.271549498859643	0.27091485199645
chr20:7000966:A:C	20	7000966	0.220374724550494	0.296010455276882	0.456584377741202
chr20:12129436:G:A	20	12129436	0.0791789243029215	0.278069837462188	0.775839709274507
chr20:31347432:T:C	20	31347432	0.0914568272240578	0.220448282536994	0.678238904764965
chr20:37593342:C:T	20	37593342	-0.131048364455956	0.230080960574442	0.568965984726406
chr20:38200488:G:A	20	38200488	-0.327358603502954	0.245751672246825	0.182836955433199
chr20:38350608:A:G	20	38350608	-0.0502212885497711	0.287742412190062	0.861444571758541
chr20:45729681:A:G	20	45729681	-0.254653474976127	0.192068641409434	0.184890652231504
chr20:48501317:C:T	20	48501317	0.499488325950243	0.227475610936818	0.0281070866058395
chr20:49036824:T:G	20	49036824	0.338166418539201	0.257554750007763	0.189186831598164
chr20:50371082:C:T	20	50371082	0.140961456803262	0.26728918233006	0.597933657326452
chr20:54253971:A:G	20	54253971	-0.00839834205885583	0.222992577805266	0.969957189849756
chr20:58480201:T:G	20	58480201	-0.0568973677277145	0.231600568790677	0.805937509941854
chr20:60073360:C:T	20	60073360	-0.246139898489009	0.240125533881452	0.305341128651602
chr21:15297615:T:C	21	15297615	0.634673614015488	0.287058398402386	0.027038853816819
chr21:15686888:A:G	21	15686888	0.447324523362172	0.268507419233781	0.095719969850077
chr21:24026351:C:T	21	24026351	0.17098879836505	0.234584572477817	0.466062564932316
chr21:26647335:G:C	21	26647335	0.198370356512867	0.210365495634501	0.345691372586955
chr21:28043199:C:G	21	28043199	-0.24154609169108	0.285561858913287	0.397629407809664
chr21:31885030:A:G	21	31885030	0.198323223172103	0.211467624357714	0.348325605111718
chr21:35502622:A:T	21	35502622	-0.336153099920107	0.286945303122847	0.241402509591849
chr21:36306638:T:G	21	36306638	-0.420561516144464	0.229087532673382	0.0663855470603618
chr21:41442549:G:A	21	41442549	0.0560542969026728	0.271287323593728	0.836304019389192
chr22:20147688:T:C	22	20147688	0.144479330293003	0.280511230807885	0.606513046807964
chr22:23891985:A:G	22	23891985	-0.103772946214635	0.289804697979845	0.72028427214444
chr22:24245985:G:T	22	24245985	0.18821300555249	0.255881593805246	0.462006267948889
chr22:30662128:G:A	22	30662128	-0.200005556508955	0.247228105189098	0.418519754344979
chr22:36977479:G:A	22	36977479	-0.138000671676015	0.267230537183124	0.605567691063624
chr22:42475109:T:G	22	42475109	0.313757299732746	0.197588069629725	0.112300707994562
chr22:44719519:A:G	22	44719519	0.273655040736213	0.257160750361787	0.287265283028685
chr22:45210278:T:C	22	45210278	-0.37376742685606	0.240514543549014	0.120176655135664
chr22:48785864:A:G	22	48785864	0.35933584799899	0.344308224227604	0.296649273329872
chr22:49668266:A:G	22	49668266	-0.565814968229336	0.277921700617655	0.0417625018675085
