SNP	CHR	POS	est	stderr	pval
chr1:1837340:C:T	1	1837340	0.0426358395037289	0.249336242439951	0.864225840510353
chr1:2261200:G:C	1	2261200	-0.0660520616108199	0.208559308896177	0.751466415016294
chr1:14678191:A:C	1	14678191	0.0531066769421868	0.183855573111467	0.772696189914365
chr1:14985097:C:T	1	14985097	0.109446185750438	0.269051127573842	0.684165296303078
chr1:20215506:G:C	1	20215506	-0.153393493923984	0.23792434648747	0.519111624533155
chr1:22009627:T:C	1	22009627	-0.266767714554908	0.254037150445873	0.293666161766646
chr1:22126221:C:T	1	22126221	-0.0844070184175901	0.201282996663387	0.674964012926381
chr1:23180575:A:G	1	23180575	-0.0850334352902132	0.144534834389579	0.556314266478071
chr1:26058659:G:C	1	26058659	-0.116461673229862	0.241895409722673	0.630193393633377
chr1:28670719:C:T	1	28670719	-0.122330941853315	0.179382738987041	0.49526745492231
chr1:29753056:A:C	1	29753056	-0.135497036568329	0.229744524979674	0.555343083365035
chr1:29908726:A:G	1	29908726	0.284351345867731	0.240041493602407	0.23617861559095
chr1:31886486:G:T	1	31886486	0.084049803968681	0.179018095258833	0.638709058441697
chr1:37838865:C:T	1	37838865	0.202567508420146	0.281360882803337	0.471551971613873
chr1:39880059:T:C	1	39880059	0.116130666252957	0.203863368220592	0.568915446390094
chr1:43202709:G:A	1	43202709	-0.0448452686717103	0.242966777524209	0.853563443067412
chr1:47498869:G:A	1	47498869	0.100972245527885	0.224835518032173	0.653363965978944
chr1:54900240:G:A	1	54900240	0.257387554317415	0.196374586561724	0.189960199393529
chr1:65351414:T:A	1	65351414	0.0870324159864543	0.210510164815	0.679287427981408
chr1:66254178:T:A	1	66254178	0.154075015090743	0.224566617613066	0.492650447555731
chr1:73302339:T:C	1	73302339	0.0641519578938621	0.184295344411152	0.727770184011369
chr1:73563666:T:C	1	73563666	0.353500339217473	0.274994278069793	0.198623719107593
chr1:76062379:T:C	1	76062379	-0.313901248713273	0.20425434704351	0.124338493961951
chr1:86928231:G:T	1	86928231	0.385691936614142	0.221559751386534	0.0817180710515261
chr1:88611347:G:A	1	88611347	-0.0683603298125359	0.224974620376076	0.761236105265201
chr1:91057167:C:A	1	91057167	0.161533352445105	0.253870475166225	0.524592278727225
chr1:91093925:G:A	1	91093925	0.118071751713019	0.228257190436264	0.604964161841389
chr1:92475800:A:G	1	92475800	0.460651457887267	0.189789902970622	0.015217322650198
chr1:94752415:G:A	1	94752415	-0.114095559898001	0.268954357056921	0.671406074296917
chr1:95614324:G:A	1	95614324	-0.549577835585609	0.425524712446433	0.196520037727565
chr1:99691102:T:C	1	99691102	-0.283593385956345	0.220459805886246	0.198313163390691
chr1:104937367:T:A	1	104937367	-0.180032077244608	0.213919648808313	0.400018954453211
chr1:153704237:C:A	1	153704237	0.267305065173691	0.215291630849203	0.214385937010159
chr1:159540226:C:T	1	159540226	0.344229695565104	0.204813551222066	0.0928216180795192
chr1:165647351:T:C	1	165647351	0.0174145309217109	0.222905531961413	0.937728491528483
chr1:168863629:G:A	1	168863629	0.252362776732671	0.293337402068278	0.389615032621057
chr1:171350391:G:A	1	171350391	-0.404038339062219	0.247185306282534	0.102142061433506
chr1:173013575:C:G	1	173013575	0.0323774470255383	0.237520485355913	0.891572791920137
chr1:178947344:C:A	1	178947344	0.156577494941565	0.284706238817184	0.582345720828618
chr1:186638909:G:T	1	186638909	0.14650869807359	0.256521764442717	0.567907764738884
chr1:188272062:T:C	1	188272062	0.0544919297677315	0.188308032241114	0.772293233799918
chr1:193365737:C:T	1	193365737	0.131019163129169	0.18535769845841	0.479662803713974
chr1:195033388:T:C	1	195033388	0.293619606397128	0.285242920336276	0.30330732052216
chr1:195907914:A:G	1	195907914	0.0706441777430813	0.222908456916544	0.751304205197906
chr1:196692375:G:C	1	196692375	-0.274532605898634	0.199989255210008	0.169834191219999
chr1:197559019:A:G	1	197559019	-0.323308707860175	0.292357562769205	0.268783902010359
chr1:199160726:G:A	1	199160726	0.0478728888569921	0.230477448166506	0.835453992582719
chr1:204277152:T:C	1	204277152	-0.201603020297979	0.226527464333517	0.373481111080878
chr1:207498131:C:T	1	207498131	-0.294642120033986	0.269758758472121	0.274726299614579
chr1:210496535:G:A	1	210496535	-0.00154622635967604	0.26472056800053	0.995339602305307
chr1:212937214:T:G	1	212937214	0.23017025549393	0.189499796306865	0.224511031254414
chr1:219750864:A:G	1	219750864	0.209746831399608	0.224333388307404	0.349799525498853
chr1:221920463:G:A	1	221920463	-0.490510229905548	0.266671847377139	0.0658596624380732
chr1:227462684:A:G	1	227462684	-0.500650660521408	0.399740914820304	0.21041035372975
chr1:234456961:G:A	1	234456961	-0.414446854023774	0.359534630518492	0.249020653553951
chr1:237308322:A:G	1	237308322	-0.248295440607915	0.200353594683538	0.21523953560266
chr1:244583991:C:T	1	244583991	-0.469818424409714	0.255967332594484	0.0664371996449304
chr1:247190028:T:C	1	247190028	0.158387450409792	0.307672395499315	0.606698006969351
chr1:247897239:C:T	1	247897239	-0.0245907164712488	0.284909892442142	0.931219588485893
chr2:3248328:A:G	2	3248328	-0.0541711881635233	0.185866579202777	0.770705641612483
chr2:6804400:G:A	2	6804400	-0.389991812841014	0.308837958093861	0.206671261817313
chr2:9411790:A:C	2	9411790	0.223866453024652	0.231568540641721	0.333674280181253
chr2:12096367:C:T	2	12096367	0.286946239965247	0.243149529179613	0.237951481077057
chr2:13545005:C:T	2	13545005	-0.0261116568266069	0.249168927716972	0.916538480662891
chr2:16009716:A:G	2	16009716	0.243705073906148	0.201012724157187	0.225364540748325
chr2:16367899:A:T	2	16367899	-0.293635993729001	0.225834428282561	0.193523220962091
chr2:17630111:A:C	2	17630111	-0.406302281262823	0.302026419235664	0.178543188128649
chr2:17928966:C:G	2	17928966	-0.0216656092562197	0.295258527032301	0.941504976026472
chr2:18261494:A:T	2	18261494	-0.198432158283867	0.210209113983942	0.345182399669626
chr2:19530615:T:C	2	19530615	0.116816572021747	0.191204796221937	0.541232675946553
chr2:19562158:T:C	2	19562158	-0.254216183904779	0.256515824247364	0.321668444450451
chr2:27383116:G:A	2	27383116	-0.165195663733363	0.177222483991701	0.351265643577175
chr2:37762298:C:T	2	37762298	0.208358327395265	0.219090730060739	0.341597325004904
chr2:42010994:T:A	2	42010994	0.0136822596502291	0.273107208615887	0.960043900436217
chr2:45824390:C:G	2	45824390	-0.306502194528565	0.288113668192435	0.287408500476326
chr2:49789441:T:C	2	49789441	0.0357409303299618	0.221167449094372	0.871619893914413
chr2:49994518:G:A	2	49994518	0.185505163589513	0.189311813405011	0.327139348544723
chr2:51284042:G:A	2	51284042	-0.00590893066798603	0.228630325827407	0.979381039146444
chr2:51344078:G:A	2	51344078	-0.112236520145353	0.20710378195182	0.587864175773779
chr2:57278002:C:A	2	57278002	0.0882675084692237	0.294758099257536	0.764591033981618
chr2:57368273:A:G	2	57368273	-0.237563764603	0.249511888025049	0.341039163834848
chr2:60373837:A:G	2	60373837	-0.693979298875553	0.380064897451117	0.0678578732021468
chr2:61147014:T:C	2	61147014	-0.0378360861271757	0.170136395974555	0.824012798246359
chr2:61693274:A:G	2	61693274	-0.184105217686141	0.19796497721468	0.352376867531988
chr2:65295480:C:T	2	65295480	-0.250873761503726	0.234669242707474	0.285045973334594
chr2:66031496:T:C	2	66031496	-0.409826123004736	0.20572542383817	0.0463598170682723
chr2:69165635:T:C	2	69165635	0.432444052832791	0.24222837560751	0.0742168627198242
chr2:76651386:C:A	2	76651386	0.234198282660633	0.215321413343324	0.276741552428542
chr2:79784490:C:G	2	79784490	0.207583186568451	0.245777377502017	0.398335087299722
chr2:82619301:T:C	2	82619301	0.0369276608293894	0.272513678714133	0.892210595612787
chr2:83400799:T:A	2	83400799	-0.296131138589703	0.314334310059627	0.346146680399592
chr2:85744328:G:A	2	85744328	-0.0980212192639792	0.244475211836543	0.688460300265158
chr2:85757440:T:A	2	85757440	-0.0522313698641101	0.177316016061226	0.768325006272359
chr2:99811694:T:C	2	99811694	0.309533533611888	0.204154417678834	0.129475467627279
chr2:101228073:A:C	2	101228073	-0.364123207295005	0.204800395394323	0.0754133951035464
chr2:106861882:T:C	2	106861882	0.0171053713677738	0.324301598117457	0.957934878753763
chr2:108083619:T:C	2	108083619	-0.205705084131645	0.237272144162034	0.385964790272538
chr2:118004610:C:T	2	118004610	-0.499431019549412	0.228526814001318	0.0288567997161108
chr2:119455921:A:G	2	119455921	0.0958245724694934	0.179083847212766	0.59259304292707
chr2:120644763:G:A	2	120644763	0.151518218056542	0.193296335599083	0.433119371335152
chr2:120916837:A:G	2	120916837	0.216771194437526	0.205534565577027	0.29157615633166
chr2:122628686:C:A	2	122628686	0.209119439538481	0.267020145857899	0.433533288163915
chr2:122629789:A:C	2	122629789	0.177422183119489	0.238973829523307	0.457824712494378
chr2:127192867:G:A	2	127192867	-0.618506650852129	0.228170827388201	0.00671378034881354
chr2:130915743:C:T	2	130915743	0.0185578883769622	0.20822542032621	0.928983341087197
chr2:136507185:G:C	2	136507185	0.100201378448272	0.177711374663204	0.57286074034503
chr2:141023592:C:T	2	141023592	0.111622242100814	0.251003168851982	0.656533307094375
chr2:143017176:T:C	2	143017176	-0.568488072742246	0.34345164161009	0.0978798522537917
chr2:143920023:G:T	2	143920023	-0.073499126996206	0.235121833505029	0.754584442904356
chr2:144729333:C:T	2	144729333	0.172976031713661	0.215633351138003	0.422450801487716
chr2:148561010:G:C	2	148561010	-0.407298684080953	0.350757648963637	0.24556184738949
chr2:154835349:G:T	2	154835349	-0.150918075235532	0.312994823660621	0.62968209743267
chr2:164974626:C:A	2	164974626	0.0328726517478654	0.29108826008432	0.910085903365812
chr2:167086954:T:G	2	167086954	0.0824124047372718	0.185677283693374	0.657152818120769
chr2:167657344:C:T	2	167657344	0.0675893652523769	0.265364707385741	0.798951980322923
chr2:168647356:T:G	2	168647356	0.1371108781385	0.206963740209258	0.507658882531294
chr2:170041677:A:G	2	170041677	-0.402490872544577	0.423493650993834	0.341906037612178
chr2:171274449:C:A	2	171274449	0.323912114302563	0.195812681773296	0.098088152410976
chr2:177787584:G:A	2	177787584	-0.197168165598523	0.286417190966913	0.491204064105569
chr2:179648558:C:T	2	179648558	-0.532295372475647	0.359082292969707	0.138239980508029
chr2:183527028:C:T	2	183527028	-0.230935173260977	0.303375211547302	0.446525881589859
chr2:184516924:T:A	2	184516924	0.226157344104764	0.243443367727223	0.352892374304032
chr2:197010424:G:A	2	197010424	-0.254934605110756	0.342336772946827	0.456459439645177
chr2:209101337:G:A	2	209101337	-0.120021173270807	0.236952191714422	0.612491211445964
chr2:209103516:A:G	2	209103516	-0.328608853719699	0.240516146302592	0.171855722612871
chr2:210957182:G:A	2	210957182	0.192976876561112	0.238954290939898	0.419327173704087
chr2:214802180:T:C	2	214802180	-0.0102220468312147	0.184428610583973	0.955799485854232
chr2:215209936:A:G	2	215209936	-0.31229006800523	0.207755310196447	0.132797050091491
chr2:220997842:C:T	2	220997842	-0.0020448999382629	0.195986117851718	0.991675101771375
chr2:226027918:G:A	2	226027918	-0.262009819984141	0.336891257940695	0.436729284209254
chr2:228947684:G:A	2	228947684	0.108712333199017	0.285670460088345	0.703536046483205
chr2:233152507:T:C	2	233152507	0.241779333060938	0.17776409860877	0.17379404038137
chr2:235620294:A:T	2	235620294	0.0889989516863764	0.214853408174916	0.678704908225177
chr2:237288548:A:G	2	237288548	0.0495951565342434	0.179490358387735	0.782309224511718
chr2:237513585:T:C	2	237513585	0.506355911545184	0.256572095523619	0.0484337977714201
chr2:237920759:T:G	2	237920759	-0.249138570421415	0.201774953765166	0.216929195427766
chr2:240429648:C:T	2	240429648	-0.16454424779222	0.226124027054851	0.466814056505431
chr3:10127208:T:G	3	10127208	-0.0136946589464911	0.323476650688106	0.966230966765262
chr3:14082905:A:G	3	14082905	0.0867778784065303	0.199069240778646	0.662896177133336
chr3:16798495:T:G	3	16798495	-0.0940255182762541	0.219725746798393	0.668707785915161
chr3:18882818:T:C	3	18882818	-0.118292044660129	0.175325423443523	0.499866451738826
chr3:22245167:A:G	3	22245167	0.266024366860667	0.210505467653186	0.206323043777739
chr3:24009496:G:A	3	24009496	-0.260114329358183	0.193319660468808	0.178459270366642
chr3:24010534:C:T	3	24010534	0.0428541883471399	0.260087511718288	0.869126322037614
chr3:33421913:A:G	3	33421913	0.125096824590655	0.169832633846037	0.461372417103107
chr3:34471110:A:G	3	34471110	-0.128977612588917	0.163195263224868	0.429336859050616
chr3:35230331:G:A	3	35230331	0.26669668054358	0.240491601079997	0.267445438679808
chr3:41413926:T:C	3	41413926	-0.448650479209828	0.187420716147379	0.0166741669465471
chr3:42098050:T:C	3	42098050	-0.295319188666027	0.201312786041777	0.142385066585034
chr3:46489654:A:G	3	46489654	-0.165197302686847	0.202426215609457	0.414450662066585
chr3:56959175:A:G	3	56959175	0.298234405987227	0.334940804588077	0.37324615269556
chr3:64441608:G:A	3	64441608	0.28018763159363	0.185865831471063	0.131689584867748
chr3:66995763:G:T	3	66995763	0.134614903539801	0.229400628766413	0.557330381296965
chr3:68498445:T:C	3	68498445	-0.083752314048019	0.227229857734878	0.712441024800481
chr3:68824246:G:A	3	68824246	-0.306401777941276	0.237069131386855	0.196198753417827
chr3:69021248:A:C	3	69021248	0.162786821227249	0.232753201162823	0.484304148460281
chr3:69617754:T:G	3	69617754	-0.097867768769923	0.209068407666888	0.639703341073398
chr3:74191731:G:A	3	74191731	0.0956719648779377	0.213118799859294	0.653493858979569
chr3:74732240:G:A	3	74732240	-0.404356472328626	0.156396624716605	0.00972504998729584
chr3:75709324:A:T	3	75709324	0.442071166841523	0.213190458725739	0.0381167230175894
chr3:84465702:T:C	3	84465702	0.47095112110667	0.192814636000668	0.0145856419380938
chr3:84817748:G:A	3	84817748	0.138301837941054	0.233751900063857	0.554077746185411
chr3:85705423:A:G	3	85705423	-0.24512339054969	0.205271104288457	0.232421390821467
chr3:88069353:C:T	3	88069353	-0.238778491538964	0.282868847453402	0.398595952775691
chr3:93986190:G:A	3	93986190	0.0707692100871764	0.294112553672468	0.809850049900387
chr3:101022648:G:A	3	101022648	-0.663122022919522	0.332052885391119	0.045821122944964
chr3:106664728:C:T	3	106664728	0.292994795417597	0.225599106960578	0.194032850332637
chr3:110774699:C:T	3	110774699	0.146752256286195	0.242329270712045	0.544786843661888
chr3:113428518:G:A	3	113428518	0.155613238936972	0.22226107563601	0.483841649197678
chr3:121058963:T:G	3	121058963	0.264252138555246	0.301229411484905	0.380353320116972
chr3:124193435:A:C	3	124193435	0.0277598850192347	0.223024929929563	0.900943251598392
chr3:126773646:G:T	3	126773646	0.06859628745245	0.221497129339147	0.756793818784804
chr3:131209978:G:T	3	131209978	0.104870259978845	0.375369860190147	0.779954386358486
chr3:133982842:C:T	3	133982842	0.10354365624126	0.195357616454246	0.596097310455686
chr3:137777496:C:T	3	137777496	-0.170975039752328	0.250286067537644	0.494531974563397
chr3:146265901:G:T	3	146265901	-0.224250425964181	0.265956909595509	0.399125934121696
chr3:149679065:C:A	3	149679065	0.244016306990485	0.179746050398477	0.174602885491044
chr3:152663712:G:C	3	152663712	0.279803901595925	0.211987678006775	0.18686625686932
chr3:159417151:A:G	3	159417151	0.205287387838159	0.207732600857999	0.323040490985107
chr3:164899350:G:A	3	164899350	0.194570522459267	0.304406315378056	0.522705640923285
chr3:168053836:T:C	3	168053836	0.492877729096015	0.246875979147112	0.0458840024881129
chr3:171028381:G:A	3	171028381	0.372352279757829	0.239432207706465	0.11991106326499
chr3:174497130:T:C	3	174497130	-0.0469605929691243	0.18607706552642	0.800753740835079
chr3:196706550:C:T	3	196706550	0.00890338319164413	0.2148668750998	0.966947722341508
chr4:332191:G:A	4	332191	-0.168821996748909	0.196463976733095	0.390173616119879
chr4:8816874:T:C	4	8816874	0.0244260618208734	0.220499393606495	0.911793901917957
chr4:9851274:C:G	4	9851274	0.271412266457562	0.214697200814956	0.206171513042957
chr4:10725805:A:G	4	10725805	0.207083602324886	0.212605463539395	0.330042805238158
chr4:13219910:C:T	4	13219910	0.378543291571071	0.225920121799509	0.0938239127828399
chr4:18747099:A:G	4	18747099	-0.201773161821143	0.197412531379154	0.306738814813746
chr4:20840555:C:T	4	20840555	0.0235134960217377	0.193459407385105	0.903261534205728
chr4:21137718:C:T	4	21137718	-0.24891671866028	0.218400335681778	0.254400132588721
chr4:26851610:T:C	4	26851610	-0.539497392981925	0.238188447904001	0.0235125356321519
chr4:32302160:A:T	4	32302160	-0.466393564331908	0.330298592249178	0.157939306768025
chr4:40603484:A:G	4	40603484	-0.1158628269219	0.249619398774273	0.642534589942326
chr4:41002348:C:T	4	41002348	0.239024373883875	0.268559503209483	0.373453058078746
chr4:44018406:T:G	4	44018406	0.198560689216741	0.221944961341039	0.37097992581282
chr4:44680448:T:C	4	44680448	0.243489263192015	0.208906373183127	0.243799454358563
chr4:55337032:C:T	4	55337032	0.145399376942448	0.172449660089757	0.399149597064609
chr4:55659669:G:A	4	55659669	-0.0732372235332314	0.232424570553063	0.752684940114334
chr4:56719096:C:T	4	56719096	0.137409874844166	0.238245481995524	0.564103265552841
chr4:61158247:C:G	4	61158247	0.190014055517918	0.219262035807682	0.38615727569255
chr4:64485722:G:A	4	64485722	-0.175407399944478	0.301109540990104	0.560205135688568
chr4:67708732:C:T	4	67708732	-0.130196757294185	0.241490031069401	0.589790765778639
chr4:67911021:C:T	4	67911021	0.366048379661861	0.20121263471573	0.0688791382197165
chr4:90022599:G:T	4	90022599	-0.154259463963165	0.162811967760535	0.343399308457567
chr4:97398054:G:A	4	97398054	0.137486680357125	0.230859590149993	0.551480948611077
chr4:98823404:T:C	4	98823404	0.320775598478831	0.251746366769014	0.20259201330482
chr4:99262681:C:G	4	99262681	-0.570764390438365	0.239970006463546	0.0173840759106029
chr4:99355957:G:T	4	99355957	0.000220311395871308	0.243524712369705	0.999278171666251
chr4:101085120:T:C	4	101085120	-0.023379942961278	0.249653905722394	0.925387652226224
chr4:102399971:C:T	4	102399971	-0.253368472451127	0.25209432824272	0.314870734797839
chr4:102884286:T:C	4	102884286	0.0456846776124298	0.154588376665608	0.767593116357903
chr4:105992845:C:T	4	105992845	0.0911686191175637	0.201308081990516	0.650634384317345
chr4:108791253:G:A	4	108791253	0.164959977574266	0.242628672711257	0.496576282026678
chr4:110957298:T:A	4	110957298	0.0362719458843004	0.231695348746657	0.875599377942352
chr4:113348012:C:T	4	113348012	0.0569084549274626	0.250868371045678	0.820543590985105
chr4:115522695:G:A	4	115522695	0.246302771638441	0.216936441414685	0.256221010953296
chr4:120770744:A:C	4	120770744	0.23128030805675	0.191149256439623	0.226299554586566
chr4:123964831:A:G	4	123964831	0.0334051859486871	0.235575203803844	0.887235898287124
chr4:125256344:T:C	4	125256344	0.173566999455896	0.290872041166989	0.550699307471018
chr4:126268710:T:G	4	126268710	0.14879400090648	0.239911943185506	0.53512443749108
chr4:134094420:T:C	4	134094420	0.130897013494887	0.32182540554644	0.684204098557434
chr4:134350906:C:T	4	134350906	-0.117266891335544	0.288223023842661	0.684109613453886
chr4:138952375:G:A	4	138952375	0.14315426629467	0.176719258119359	0.417902231877319
chr4:141618953:G:A	4	141618953	-0.409972661445307	0.340461865030572	0.228525357130374
chr4:149616644:T:G	4	149616644	0.112066424033363	0.265170370723659	0.672572196548326
chr4:154030957:C:G	4	154030957	0.42071820724012	0.235731368077931	0.0743041842727971
chr4:168588553:A:C	4	168588553	-0.514659736257958	0.374578445976542	0.169450839625183
chr4:171334248:A:T	4	171334248	-0.148489009545406	0.323140060124504	0.645861483913231
chr4:171974219:A:G	4	171974219	0.0373218427692198	0.254786642084158	0.883540322728776
chr4:176312841:C:T	4	176312841	0.041429082210065	0.194783337985128	0.831566308083317
chr4:179329624:T:G	4	179329624	0.121592422047177	0.188266920738228	0.518375707606473
chr4:183032183:A:G	4	183032183	-0.101601837404829	0.220933469447229	0.645605756744529
chr4:184991673:A:G	4	184991673	-0.0331788251891861	0.20483037167139	0.871320059630988
chr4:189912372:C:T	4	189912372	0.078302009017081	0.223459991859877	0.726033060035739
chr5:5313703:A:G	5	5313703	-0.137884924364835	0.264495706046187	0.602149077214949
chr5:7364955:T:A	5	7364955	-0.377488518157821	0.337201131055718	0.262937193918353
chr5:8067079:G:C	5	8067079	-0.145656640597105	0.217432599729108	0.50292581453716
chr5:13911296:G:T	5	13911296	-0.0601117159539173	0.216075334932084	0.780860405842652
chr5:15621966:C:G	5	15621966	-0.0356197639430699	0.257198911735679	0.889852291525107
chr5:17902851:T:C	5	17902851	-0.273412686934968	0.327429082175996	0.403701538820798
chr5:20719353:A:C	5	20719353	-0.233993280376453	0.404010459226485	0.562470224956227
chr5:20732163:G:T	5	20732163	0.00866498663502319	0.263188902711776	0.973735935664125
chr5:21913130:A:C	5	21913130	0.0735276481731686	0.254757687233658	0.772873737461125
chr5:23787194:A:C	5	23787194	-0.402892401854495	0.197713288077907	0.0415738534507769
chr5:23895775:T:G	5	23895775	-0.172982851315188	0.269323671249427	0.520687435635158
chr5:33466391:T:A	5	33466391	0.100598626823734	0.207272574777217	0.627431916760048
chr5:33624899:A:G	5	33624899	0.403428209749946	0.305307578913242	0.186373729477908
chr5:39550509:T:G	5	39550509	-0.0393618291184866	0.196667409655185	0.841367854760538
chr5:39634108:G:A	5	39634108	-0.181097633995148	0.239682351126113	0.449904946565577
chr5:39978357:G:A	5	39978357	-0.215792964282509	0.184990796081824	0.243409726010306
chr5:44011742:G:T	5	44011742	-0.154227129534027	0.247698097451051	0.533520094671144
chr5:50222627:G:A	5	50222627	0.165908418656662	0.354959243846968	0.640212779310026
chr5:54814079:C:T	5	54814079	0.153185665913391	0.217351784245413	0.48094579536408
chr5:66989845:C:A	5	66989845	-0.0241212413309189	0.169158450860466	0.886609616851703
chr5:66992139:G:A	5	66992139	-0.192646942521569	0.246377151510676	0.434262257799271
chr5:73076502:T:C	5	73076502	-0.149230021633345	0.210381314912096	0.478118997607094
chr5:76998986:C:A	5	76998986	0.0644114610218663	0.229190806096063	0.778680801442706
chr5:80530472:T:A	5	80530472	0.191850630598519	0.314067340945315	0.541293417312553
chr5:81710558:G:T	5	81710558	0.0187100777269072	0.192276675778515	0.922481724764495
chr5:84879932:A:G	5	84879932	0.154164696932805	0.200357692579411	0.441627784686951
chr5:85476293:A:G	5	85476293	0.0759705875219158	0.246813799259896	0.758230513127862
chr5:85809583:T:C	5	85809583	0.275391673707023	0.18078861252861	0.127688674160046
chr5:92192959:A:T	5	92192959	-0.0164496659807222	0.286158011471208	0.954159208999552
chr5:94648523:C:G	5	94648523	0.113340803346249	0.268436586348515	0.672860344936436
chr5:98024666:G:A	5	98024666	0.0895533733124449	0.194244221305093	0.644773536128214
chr5:101825779:A:C	5	101825779	-0.0933629143926646	0.223455661473951	0.676083079291118
chr5:106773905:G:A	5	106773905	-0.0481027817649369	0.245375460938753	0.844580847070139
chr5:114915760:G:T	5	114915760	-0.260315220805269	0.242396909774604	0.282857925677206
chr5:115102683:A:G	5	115102683	0.0498312255794191	0.213555592027733	0.815496804897239
chr5:117238479:G:A	5	117238479	0.148733232366846	0.200364822476735	0.457898261655162
chr5:121740415:G:T	5	121740415	-0.149479588431555	0.212078047279377	0.480914221842014
chr5:137227416:A:T	5	137227416	0.131737913609216	0.273948685942339	0.630597975328052
chr5:137406489:C:T	5	137406489	-0.017682733453155	0.254990998062709	0.944713812507106
chr5:140638650:G:A	5	140638650	0.131214786365967	0.215393591859877	0.542401079774712
chr5:142682003:T:C	5	142682003	-0.148891809928276	0.170824039723323	0.383421593002543
chr5:144183699:A:G	5	144183699	-0.607343132594952	0.41257557790697	0.141000011293056
chr5:145690757:G:T	5	145690757	0.290146094833414	0.254334539123432	0.253951110671105
chr5:147282093:C:T	5	147282093	-0.557075481247297	0.374858039469584	0.13725341395384
chr5:151763317:T:C	5	151763317	-0.171735756516222	0.208190438643881	0.409429829011256
chr5:153541577:C:T	5	153541577	-0.151701968448836	0.270472402918481	0.57488083953289
chr5:164252995:G:C	5	164252995	0.359912958961019	0.225466374295546	0.110420854530875
chr5:168245100:T:C	5	168245100	-0.106838433277203	0.204866731928872	0.602017035043124
chr5:169455657:C:T	5	169455657	-0.0862409108790933	0.194106172259057	0.656827419806618
chr5:169808985:G:C	5	169808985	-0.178015655474918	0.30043889405753	0.553503318983286
chr5:172672695:T:C	5	172672695	0.306978820653089	0.255670680578982	0.229875130674894
chr5:173346700:A:C	5	173346700	-0.793182086347934	0.335193527113884	0.0179649035060385
chr6:3041612:C:A	6	3041612	-0.163833017525004	0.172550711272169	0.342377811508766
chr6:3673174:A:G	6	3673174	0.238085725089977	0.340910713802855	0.484938662183164
chr6:3786319:G:C	6	3786319	-0.111139509797281	0.254790033567949	0.662691351304467
chr6:6090729:G:T	6	6090729	-0.0932082272047241	0.279498227144469	0.738768855917574
chr6:6354181:A:T	6	6354181	0.084334048983712	0.22023749349798	0.701776698121714
chr6:6456261:T:C	6	6456261	-0.00586074078459448	0.214487792277068	0.978201030874444
chr6:7642514:C:G	6	7642514	0.107373055936821	0.261683977960153	0.681574344805749
chr6:23163726:T:C	6	23163726	-0.171827403523804	0.343759929919176	0.617182744255244
chr6:23344439:T:A	6	23344439	-0.291661969286023	0.184423962646447	0.113769367964427
chr6:26287827:G:A	6	26287827	0.118184789705972	0.177177682825539	0.50474590529495
chr6:31108549:A:G	6	31108549	0.142341073678712	0.227582105997728	0.531676200251178
chr6:31845997:T:C	6	31845997	0.0571829309660331	0.25030109166881	0.819291308979075
chr6:32660000:G:C	6	32660000	0.39445272418864	0.278122177218383	0.156111548988384
chr6:33148933:A:G	6	33148933	-0.108889197783557	0.254226035050051	0.668420729881379
chr6:37400014:G:T	6	37400014	-0.0862764157066135	0.226756285596103	0.703588537169865
chr6:39124093:C:T	6	39124093	-0.165318790056446	0.222536527867273	0.457552011080544
chr6:45195864:C:T	6	45195864	0.623107691078145	0.24951157898766	0.0125139605330914
chr6:46738257:G:A	6	46738257	-0.0772145473962228	0.23680489779973	0.744372754056593
chr6:47717919:C:A	6	47717919	-0.129081830905064	0.204086949102599	0.527070337014396
chr6:48859012:C:A	6	48859012	-0.0187018114530917	0.317593174777246	0.95304285951765
chr6:49860743:T:G	6	49860743	-0.0297269725138299	0.259964298177229	0.908960180375866
chr6:53292416:C:G	6	53292416	-0.225307970672606	0.178674234266584	0.207309328551526
chr6:69504128:A:G	6	69504128	0.238457587405447	0.297863738928837	0.423386818611622
chr6:81137001:T:C	6	81137001	0.517784390715353	0.219369468597553	0.0182586728820835
chr6:84758749:C:T	6	84758749	0.0262506961070672	0.335729819397042	0.937676960273821
chr6:87387916:G:T	6	87387916	-0.206217006760987	0.207494632752375	0.320299499431444
chr6:88566465:G:A	6	88566465	-0.131456278768949	0.245676853211912	0.592595923432809
chr6:93273487:T:C	6	93273487	0.187062927404082	0.294953277722255	0.525942434681378
chr6:97788153:C:A	6	97788153	-0.280164200358205	0.337421933985673	0.406364550201085
chr6:98771646:C:T	6	98771646	-0.20578980810483	0.279229521342315	0.461127465459013
chr6:104918249:A:G	6	104918249	-0.295088637020854	0.238435801206884	0.215863652934193
chr6:107129138:A:G	6	107129138	-0.0317626378595859	0.176078671496219	0.856847267926904
chr6:112187089:T:C	6	112187089	-0.165645768512529	0.200471343008598	0.408644406977016
chr6:118046853:T:C	6	118046853	-0.223703581614261	0.2084102705148	0.283100298240624
chr6:123103197:T:C	6	123103197	-0.258797911532565	0.345019987970904	0.453197239929484
chr6:127784009:G:A	6	127784009	0.0376027002531218	0.191717894146475	0.844504048712967
chr6:129527930:G:A	6	129527930	-0.241676154764749	0.19627516567263	0.218205837419668
chr6:137254996:T:C	6	137254996	-0.321718522867078	0.192416515869789	0.0945262606930377
chr6:138165202:C:G	6	138165202	-0.457927235901911	0.427921827199987	0.284565791924831
chr6:139464917:T:A	6	139464917	-0.235734909942074	0.243913812827608	0.333810020953382
chr6:151547601:G:A	6	151547601	0.0606008016127228	0.210807051018537	0.773752111193762
chr6:152638179:C:T	6	152638179	-0.138042759408543	0.187409775709458	0.461376285894069
chr6:153842833:G:A	6	153842833	0.116861703710318	0.241428819974655	0.628356018616454
chr6:160701242:A:G	6	160701242	-0.221731344568517	0.454199024358076	0.625421624712194
chr6:162760256:C:T	6	162760256	-0.195953267685699	0.241412568652839	0.416966919020777
chr6:163629327:G:A	6	163629327	-0.0795402474407478	0.224375793025213	0.722967447264337
chr6:167509019:C:T	6	167509019	-0.0397757413290849	0.315089657652071	0.899544906136375
chr7:7863676:G:A	7	7863676	0.170267019877461	0.221124370580819	0.441296527282631
chr7:8111839:A:G	7	8111839	0.0674114254030518	0.210749265151844	0.749070269186667
chr7:9602661:C:A	7	9602661	0.116392744809926	0.245010917138893	0.634750437669826
chr7:11334355:C:A	7	11334355	-0.352719681989709	0.264725611801368	0.182729679319147
chr7:12476280:G:A	7	12476280	-0.788182326895249	0.301203009311289	0.00887632575191033
chr7:20850990:A:T	7	20850990	-0.221479101444121	0.233122012596821	0.34208350530111
chr7:22822020:C:A	7	22822020	0.0756245061543463	0.205849898494808	0.713337868818572
chr7:24140802:T:C	7	24140802	-0.127347639591024	0.211853992895999	0.547766453207837
chr7:24278575:A:G	7	24278575	-0.386634595519414	0.406899319776239	0.342012059630067
chr7:24620726:T:A	7	24620726	0.123924924023438	0.199155277606326	0.533775669097018
chr7:24740434:C:T	7	24740434	-0.278693267998211	0.187111970822658	0.136369834392565
chr7:28505993:C:T	7	28505993	0.452870917714264	0.232431909434997	0.0513668187165698
chr7:36413989:G:A	7	36413989	-0.244355005248031	0.282188257619527	0.386529080151104
chr7:43755241:C:T	7	43755241	-0.116846406766644	0.196310801926452	0.551702240716781
chr7:44689517:A:G	7	44689517	-0.300783779611165	0.261495974804816	0.250044012705483
chr7:46192346:C:G	7	46192346	0.142107239367225	0.257958664102669	0.581708044120261
chr7:48301675:T:C	7	48301675	-0.0187784468875599	0.208258956516116	0.928153128087502
chr7:51890159:C:T	7	51890159	-0.0212555584340356	0.19347290517872	0.912517843549413
chr7:53046603:C:G	7	53046603	0.163261718965129	0.197093335730675	0.40747388163571
chr7:55663907:C:A	7	55663907	-0.053035210098853	0.2259312649806	0.814410178931145
chr7:56122201:A:G	7	56122201	0.197005886420168	0.186904198581188	0.291861211812952
chr7:67766433:G:A	7	67766433	-0.169808054734282	0.234710079212719	0.469385019830433
chr7:68433432:T:C	7	68433432	0.457298246536861	0.242281821264324	0.0590979267959616
chr7:71020152:T:G	7	71020152	0.358481073197143	0.277077468099828	0.195736701160956
chr7:71553830:T:C	7	71553830	0.20532609023453	0.201290382296439	0.30770513507347
chr7:78390279:T:G	7	78390279	-0.23859143007937	0.205077680518246	0.244659227848299
chr7:83524616:A:T	7	83524616	0.15559303796571	0.259513300289618	0.54880145474393
chr7:84786535:C:A	7	84786535	-0.348354517821171	0.216562011763667	0.107711042532367
chr7:86620755:G:A	7	86620755	-0.315286607004292	0.252831407095597	0.212389024810954
chr7:89207269:G:A	7	89207269	-0.270286974871578	0.235913899333944	0.25191856626153
chr7:91097147:A:G	7	91097147	-0.0242955848684823	0.252002292798735	0.923194812172797
chr7:103095283:G:A	7	103095283	-0.312209186967425	0.331099285063949	0.345707843843307
chr7:113434486:A:C	7	113434486	0.0598875052513312	0.187561579517826	0.749502699654899
chr7:113749820:G:A	7	113749820	0.190791190705721	0.187884796351288	0.309882305192433
chr7:117145973:C:G	7	117145973	-0.00836044071405795	0.214928074062036	0.968971086117704
chr7:119808046:G:A	7	119808046	-0.275397187962741	0.211534118211713	0.192949086410058
chr7:122582926:C:G	7	122582926	0.3411287530341	0.270689894459919	0.207590097545656
chr7:124802410:A:T	7	124802410	0.222214111928507	0.210363470002564	0.290815590748189
chr7:131384702:T:A	7	131384702	-0.430949090078699	0.27930823306865	0.122851203073215
chr7:136870573:G:A	7	136870573	-0.0800276241076977	0.312921688425045	0.798149060911804
chr7:142873374:T:C	7	142873374	-0.0658845884160458	0.227599978834037	0.772217624242588
chr7:145116884:A:G	7	145116884	-0.0546974557104618	0.26274833846632	0.835092861925944
chr7:149242006:T:C	7	149242006	0.23752915123786	0.189409583665441	0.209823711751325
chr7:153502245:G:A	7	153502245	0.361096146052367	0.186542363551927	0.0529004519069129
chr7:153952270:G:A	7	153952270	-0.325785856384569	0.267846049928294	0.223863971254009
chr7:154426289:T:C	7	154426289	-0.628052448328348	0.541037601554929	0.245711213691723
chr7:156975524:A:T	7	156975524	0.0746904253611841	0.18974637389533	0.693852048906588
chr7:157677820:C:T	7	157677820	0.208480960607973	0.320841694057897	0.515825390052233
chr8:276778:A:T	8	276778	0.0742421771976676	0.219675987853896	0.735391683576762
chr8:1102873:G:T	8	1102873	-0.0617562539630495	0.20208973379499	0.75991814580234
chr8:8710521:T:C	8	8710521	0.266506512407531	0.253868355103608	0.293818202757589
chr8:9029509:T:C	8	9029509	0.0615397437073545	0.264676696213856	0.816142610465831
chr8:9109096:A:G	8	9109096	0.0304480477731436	0.257633333096472	0.905922144244197
chr8:13032868:C:A	8	13032868	0.252438227416697	0.327761571196023	0.44118802207635
chr8:20741226:C:T	8	20741226	-0.314043794449579	0.197296913708998	0.111444953852178
chr8:25783762:T:C	8	25783762	0.390219137273992	0.252714994651844	0.122562274344698
chr8:27022227:G:T	8	27022227	-0.0731638471634123	0.204787855134689	0.720892281135391
chr8:28150898:A:G	8	28150898	-0.0218596665224001	0.22545013615459	0.922758084999016
chr8:28528484:G:T	8	28528484	0.0356294443087179	0.235003381155635	0.879492593335681
chr8:37085597:G:A	8	37085597	0.0640121499498449	0.255657639139315	0.80229170952294
chr8:41788192:C:T	8	41788192	0.169772254238261	0.203326743531039	0.403733150978993
chr8:53142705:G:A	8	53142705	-0.24369274661835	0.213836556696933	0.254444006367248
chr8:61304314:G:C	8	61304314	-0.305167721899923	0.234999146437975	0.194084408136309
chr8:61926940:A:T	8	61926940	-0.138536063957787	0.166916704340882	0.406555044845769
chr8:63445672:G:A	8	63445672	0.0689695847833676	0.227468917650528	0.761734068944422
chr8:65343369:C:A	8	65343369	-0.318013378664059	0.314304716617187	0.311633893281426
chr8:65418628:G:T	8	65418628	-0.0320398308550802	0.163815807915888	0.844935402867957
chr8:71273350:T:A	8	71273350	0.0430141914177169	0.278222487347414	0.877133850798594
chr8:72033005:T:C	8	72033005	-0.10084774543101	0.394291524120156	0.798128827254316
chr8:72065200:T:A	8	72065200	0.161312020787724	0.258183724560966	0.532105306098356
chr8:73211475:T:C	8	73211475	-0.0960836393631553	0.217394584517141	0.658505073673206
chr8:86323708:T:C	8	86323708	-0.426493238855923	0.259417745568416	0.10016786979779
chr8:89525432:A:G	8	89525432	-0.353972630281908	0.193849532433917	0.0678476323172238
chr8:92001032:A:G	8	92001032	0.176436740867426	0.227720055081005	0.438459816012389
chr8:92645879:A:G	8	92645879	-0.335676830344793	0.354717639108946	0.343984771386475
chr8:95906161:G:A	8	95906161	-0.100871035898867	0.196658140083078	0.608003217923819
chr8:96365126:C:T	8	96365126	-0.232340387152877	0.189487180022745	0.220140880086439
chr8:98002322:C:T	8	98002322	-0.00333389949189263	0.206832055363221	0.987139557537301
chr8:106920372:G:A	8	106920372	-0.429416242515566	0.276131410182759	0.119918558469474
chr8:108142424:A:G	8	108142424	-0.108273137175087	0.16828963527489	0.519981598889758
chr8:109421925:C:T	8	109421925	-0.0604349068068699	0.217171595467831	0.780796030811352
chr8:116252872:C:T	8	116252872	0.244741832748095	0.184319528490647	0.184239950985965
chr8:121384602:C:T	8	121384602	0.208526423930542	0.210829246616632	0.322625318492049
chr8:127029052:C:T	8	127029052	0.162976337625701	0.166041434154865	0.326326434923121
chr8:128437247:A:G	8	128437247	0.0660671052707092	0.280757337990921	0.813962339976945
chr8:131315237:G:A	8	131315237	0.0294909385459426	0.200416615778404	0.883015068331131
chr8:135895676:A:T	8	135895676	-0.217081397917628	0.352158048382122	0.537609611532051
chr8:141605122:C:T	8	141605122	-0.413769084698413	0.267667341980339	0.122144837813052
chr9:733358:A:C	9	733358	0.0423677845374261	0.200187391519374	0.8323874134772
chr9:5461379:C:T	9	5461379	0.113390543399893	0.209675308822963	0.58865156974733
chr9:11397008:T:G	9	11397008	0.195634278360257	0.303763255515547	0.51955250323093
chr9:11955148:T:G	9	11955148	0.16474528682401	0.179792320839423	0.359504950641707
chr9:12389360:A:G	9	12389360	-0.0776511957224572	0.210608754606192	0.712352241064989
chr9:12615226:G:C	9	12615226	-0.106154517686486	0.183070992013629	0.562012818117857
chr9:13582959:T:A	9	13582959	0.604887346302509	0.326174156891864	0.0636688116293666
chr9:14098421:G:A	9	14098421	-0.237033173667553	0.250451066635778	0.34393181249633
chr9:18952915:A:G	9	18952915	0.0846956190555672	0.198903760375292	0.670244801678231
chr9:29651949:A:G	9	29651949	-0.0476877170266833	0.203885707188437	0.815066991736674
chr9:32058643:A:T	9	32058643	-0.0251666212489356	0.287447363659097	0.930232672024471
chr9:37013405:C:T	9	37013405	-0.0304213265423944	0.212816524029144	0.886332622137592
chr9:37992585:C:T	9	37992585	0.0519344972146502	0.197868723265027	0.792959526565961
chr9:76464251:C:G	9	76464251	0.236257596968866	0.268101992397366	0.378197223823747
chr9:89995415:A:G	9	89995415	0.308599899435119	0.271738072002831	0.256102214453557
chr9:94568472:C:A	9	94568472	-0.247069378704324	0.224033019329298	0.270102850927782
chr9:96162075:C:T	9	96162075	0.131642790681255	0.179176539236086	0.462516143965045
chr9:100192956:A:G	9	100192956	-0.0103267230857355	0.294600610488015	0.972037241043813
chr9:100529836:G:C	9	100529836	0.32766374720992	0.208498491041962	0.116057238967698
chr9:107904127:G:A	9	107904127	0.137190586481564	0.171381662685244	0.423422631860406
chr9:117420412:T:C	9	117420412	-0.0145305975042772	0.188350522966015	0.938506942904855
chr9:117972207:C:A	9	117972207	-0.0852057042576237	0.200073674924952	0.670201380397077
chr9:121356498:A:G	9	121356498	-0.0229077857653235	0.391752841325157	0.953370197509596
chr9:124044726:T:G	9	124044726	0.0962840061841845	0.239622464201836	0.687819857297755
chr9:125005426:C:T	9	125005426	0.25196214139459	0.268240944332293	0.347570189912247
chr9:129533341:A:G	9	129533341	-0.0666908774825	0.229007009790532	0.77088488372659
chr9:136630984:C:T	9	136630984	-0.280831284692551	0.20101267902175	0.162388780772145
chr10:2050300:A:G	10	2050300	-0.309478297380323	0.225386420243711	0.169720980082076
chr10:3113976:C:T	10	3113976	-0.269823209592291	0.239220401335297	0.259350644145118
chr10:4591592:T:C	10	4591592	-0.598374844257726	0.347631520920738	0.0851981173943829
chr10:7462546:C:T	10	7462546	0.416744041645104	0.213306547291272	0.0507328008861954
chr10:7849544:T:G	10	7849544	-0.00878852467961563	0.354214772957828	0.98020548745788
chr10:9367893:G:A	10	9367893	-0.309123060748222	0.254695709737678	0.224863987447468
chr10:10628189:C:T	10	10628189	-0.385797871326326	0.312993502548844	0.217722556253362
chr10:14014383:T:C	10	14014383	0.121085157384033	0.224665332721249	0.589915899750372
chr10:16341555:C:T	10	16341555	-0.127978847082316	0.226221036371457	0.571580884110411
chr10:27289376:T:C	10	27289376	-0.211470068691096	0.1882885226305	0.261387743807334
chr10:27674317:A:G	10	27674317	-0.149166258491749	0.230797607616348	0.518080137115334
chr10:28771902:G:A	10	28771902	-0.160279916255363	0.236965255265848	0.4987957773944
chr10:28891836:C:T	10	28891836	0.18746843475014	0.232662567992815	0.420385598856808
chr10:30622484:G:A	10	30622484	0.193773131092283	0.29487361352931	0.511091152483219
chr10:35177843:G:T	10	35177843	0.162839020900623	0.261544662898544	0.533544109460377
chr10:45036473:A:G	10	45036473	-0.0297076791473872	0.225163334361162	0.895033053688289
chr10:51560095:T:G	10	51560095	0.0248429673051286	0.177182459284214	0.888493113770952
chr10:54072488:A:G	10	54072488	0.190539499078645	0.212940746363349	0.370893710967655
chr10:54082016:C:T	10	54082016	-0.262779894545101	0.210253319638597	0.211363413162014
chr10:55299918:G:C	10	55299918	-0.634432429389864	0.272884522225679	0.0200766800911677
chr10:56747004:T:C	10	56747004	0.31577029781743	0.336332276355638	0.347800526454193
chr10:57761967:T:C	10	57761967	0.320373705276027	0.220111142974533	0.145528456168637
chr10:69232402:C:A	10	69232402	-0.126732637074557	0.195760393494803	0.517381827332649
chr10:84591955:C:T	10	84591955	0.472835891862874	0.289122109496466	0.101961169145103
chr10:84989741:G:A	10	84989741	0.00605082890066436	0.218087883573947	0.977865603748746
chr10:91053424:A:C	10	91053424	-0.174544389035527	0.203575407826348	0.391227022640205
chr10:93612452:G:A	10	93612452	0.246095493177663	0.318985053764154	0.440413363663104
chr10:93671121:T:C	10	93671121	0.111280124762814	0.201510568539478	0.580790974931019
chr10:101249704:C:T	10	101249704	0.396548932751725	0.262184086553425	0.130411073938951
chr10:102352980:T:C	10	102352980	0.101663445694903	0.201754249857459	0.614333464660501
chr10:104637359:T:C	10	104637359	0.406351850549514	0.289545751361288	0.160494151971035
chr10:108480456:T:C	10	108480456	-0.236974551567582	0.26667570429981	0.374204945302819
chr10:109264424:C:T	10	109264424	0.0644709142831856	0.280562422252381	0.818253639260431
chr10:111352001:T:G	10	111352001	0.34321803598194	0.249825097379243	0.169493442975139
chr10:118828443:C:T	10	118828443	0.285208386846151	0.242600127276306	0.239742104118205
chr10:120152982:A:G	10	120152982	0.352795019914919	0.263100444558722	0.179948437439344
chr10:121611573:C:G	10	121611573	0.479973819096457	0.264914262518398	0.0700158458401403
chr10:121734173:T:C	10	121734173	0.0974653705059823	0.230819286969291	0.6728364577482
chr10:121910644:T:A	10	121910644	0.0688868831983533	0.251602985901859	0.784244476507757
chr10:122561189:A:G	10	122561189	0.041717691895766	0.207764219334361	0.840860094145545
chr10:123750431:C:G	10	123750431	0.184400515872303	0.210813870737967	0.381732969728241
chr10:127533155:T:C	10	127533155	0.0163331134409326	0.222304239745196	0.941430609299599
chr10:129953349:A:G	10	129953349	-0.0690924907975578	0.266128982412594	0.795156662823154
chr10:131819683:A:G	10	131819683	0.116555994169424	0.213354886456011	0.584859028538151
chr10:131953941:A:C	10	131953941	0.300017481889687	0.25637640634572	0.241911373439227
chr11:388357:C:T	11	388357	0.176223306358075	0.213903690881565	0.410028112622614
chr11:2257707:C:T	11	2257707	-0.0472990006145022	0.169232512890518	0.779867879071438
chr11:3623903:G:A	11	3623903	-0.0778831779499804	0.279714103721001	0.780675761977152
chr11:5806222:C:T	11	5806222	0.166266982227475	0.175671493316624	0.343911284995302
chr11:9789492:C:A	11	9789492	0.128902059012536	0.241659559178171	0.593754282795313
chr11:14569664:T:G	11	14569664	0.391424390300276	0.217963189028036	0.0725218816335802
chr11:36019710:C:A	11	36019710	0.122275111432533	0.213706755425545	0.567211509843151
chr11:39635569:C:T	11	39635569	-0.0114361825243606	0.225507052330449	0.959554064190265
chr11:40512905:C:G	11	40512905	-0.64130215798013	0.392389184122216	0.10218490193845
chr11:41632790:A:T	11	41632790	0.0946486141147733	0.274583181275286	0.730320488971142
chr11:42744986:A:G	11	42744986	-0.244694641721904	0.190263273005292	0.198413581412397
chr11:43201079:C:T	11	43201079	-0.0828415233986605	0.229019915892389	0.71755984589821
chr11:43982585:G:A	11	43982585	0.214283055663705	0.244969187279944	0.381718259025312
chr11:44330300:A:G	11	44330300	-0.174939138790744	0.270491351874338	0.517796492592294
chr11:49875094:A:G	11	49875094	0.090481890067155	0.178633690591934	0.61249026582435
chr11:50253126:G:T	11	50253126	-0.234678007384522	0.218475909365408	0.282751131382748
chr11:55906271:G:A	11	55906271	-0.402111939458124	0.271977263340385	0.139280334644618
chr11:57305789:G:A	11	57305789	0.05928317580024	0.180173276487682	0.742129813304852
chr11:58998793:A:C	11	58998793	-0.0755942412583974	0.269875014148986	0.779394389073632
chr11:63184971:C:T	11	63184971	-0.053093158935434	0.223326945895143	0.812084803775582
chr11:70801858:T:C	11	70801858	0.149031684447508	0.197529787707532	0.450562842470468
chr11:71334794:T:G	11	71334794	-0.0886789851213444	0.267273307234136	0.740046777656806
chr11:77208574:G:A	11	77208574	0.263431433176688	0.210283251335708	0.210298278540916
chr11:77376654:A:G	11	77376654	-0.0801897130126906	0.213824562260208	0.707641329486857
chr11:81783030:C:T	11	81783030	0.111880967731221	0.249674167737316	0.654075324728026
chr11:83962252:C:T	11	83962252	0.117111876571807	0.290851010343446	0.687203907000382
chr11:86328783:G:T	11	86328783	-0.182700798266875	0.24836417118233	0.461964079188366
chr11:86644523:C:T	11	86644523	0.404262907346895	0.251501928922891	0.107967777334183
chr11:93046218:A:C	11	93046218	0.0312710814369612	0.225053560334276	0.889490048817046
chr11:104129521:G:A	11	104129521	-0.202901791072363	0.315468899884199	0.520110385835995
chr11:110396347:G:A	11	110396347	-0.090675917190807	0.223428832306271	0.684861613503004
chr11:113800784:C:T	11	113800784	-0.125350597142423	0.309805229322689	0.685763487025019
chr11:115616504:A:T	11	115616504	-0.373209477400227	0.275462768071166	0.175466803209084
chr11:119630310:G:A	11	119630310	0.0219230675569216	0.262241218482381	0.933375371392259
chr11:123267436:G:A	11	123267436	0.233924578952146	0.207943373084729	0.260612909776795
chr11:125907492:T:C	11	125907492	0.0682689491021235	0.217394083370453	0.753495860247463
chr11:126829359:G:A	11	126829359	-0.149704610089377	0.256819854941781	0.559949305104984
chr11:130290657:C:T	11	130290657	-0.157765348321852	0.356821109578582	0.658386961921394
chr11:131355535:G:A	11	131355535	-0.36436119941467	0.255609933054623	0.154024880282913
chr11:133238417:A:G	11	133238417	0.131898061576502	0.225611054580602	0.558799301320291
chr11:134309503:C:T	11	134309503	0.00329838092626921	0.231154661517222	0.988615250520657
chr12:5192681:C:T	12	5192681	0.0472169632267761	0.18076546283314	0.79393390842133
chr12:5448727:G:A	12	5448727	-0.300022256419451	0.236712611708736	0.204993137783974
chr12:6639294:C:T	12	6639294	0.0424378839817099	0.269379041920936	0.874819550129904
chr12:19523028:C:A	12	19523028	0.395919368186808	0.208396220967933	0.0574541880770076
chr12:20003679:T:A	12	20003679	0.465569930764607	0.251798114909376	0.064460556036431
chr12:21333090:G:A	12	21333090	0.243631498248402	0.175962222842986	0.166184888327471
chr12:25518059:A:T	12	25518059	-0.0952240631333899	0.228453755401994	0.676810172291948
chr12:28965843:C:T	12	28965843	-0.122831018047961	0.182088809119329	0.499951196886895
chr12:32086665:A:C	12	32086665	0.195112312231276	0.199129379104621	0.327171596130873
chr12:48567461:T:G	12	48567461	-0.136100359199469	0.252486105635437	0.589858574557378
chr12:51039498:T:C	12	51039498	0.275818245890562	0.313635191557753	0.379171542839797
chr12:53646626:C:G	12	53646626	-0.132898109104399	0.303805089124312	0.661788435799677
chr12:53680144:C:A	12	53680144	-0.227535065252056	0.223970204475262	0.309669067891739
chr12:54366280:G:A	12	54366280	0.274199812651831	0.168089637100214	0.102833071591564
chr12:56675083:C:T	12	56675083	0.0441586741108972	0.206007418621503	0.830270405348716
chr12:57436134:C:T	12	57436134	-0.208561541122506	0.285142498870753	0.464517053732328
chr12:58724212:C:T	12	58724212	0.0393419378690962	0.248686162024797	0.874299878528135
chr12:59048769:A:C	12	59048769	0.0765291618840129	0.252990932876054	0.762272726984253
chr12:59226687:C:T	12	59226687	-0.272575322577736	0.249968683353249	0.275520300754183
chr12:63113400:T:C	12	63113400	-0.221853539965175	0.339351309532956	0.513267906874357
chr12:64271340:C:T	12	64271340	0.199456951157373	0.246119547197399	0.417706419111443
chr12:64756705:C:T	12	64756705	-0.0564395167262445	0.207968575781029	0.78609506778171
chr12:67050802:C:T	12	67050802	0.0898142397201254	0.225630509139856	0.690586745077288
chr12:73909094:G:A	12	73909094	0.201989817428043	0.213244511851284	0.34352584772796
chr12:81126959:G:A	12	81126959	0.235389513166497	0.185389906055518	0.204191609979212
chr12:83608380:A:G	12	83608380	-0.125258036551454	0.19018916926998	0.510154521510869
chr12:90727178:A:C	12	90727178	-0.0354331271183955	0.213317723774009	0.86807436878356
chr12:92596791:C:T	12	92596791	-0.119437563437441	0.241511062884998	0.620922869318715
chr12:95914573:A:T	12	95914573	0.0242427216172474	0.320262586832477	0.939660648261827
chr12:105967464:T:C	12	105967464	0.0714738411749537	0.214444883270128	0.738910086409253
chr12:109533295:C:T	12	109533295	-0.0344008430447516	0.224785604083965	0.878367944534927
chr12:120976632:C:A	12	120976632	-0.355865863465872	0.410430989541404	0.385912379935282
chr12:125875525:T:C	12	125875525	0.311703091618582	0.218521180593277	0.153746999862959
chr12:126449337:A:G	12	126449337	0.00623044070618715	0.206980146355416	0.975985997211993
chr12:131091094:G:A	12	131091094	-0.482218087434031	0.241109969778941	0.0455010933827962
chr13:19545220:A:G	13	19545220	0.446608368526691	0.23640913816466	0.0588739732599213
chr13:22977365:T:G	13	22977365	0.286465923272351	0.217279086329767	0.187361810831999
chr13:24330599:T:C	13	24330599	-0.307443746403216	0.329326722029152	0.350534837119942
chr13:24623185:A:C	13	24623185	0.243641284091831	0.231978875204295	0.293592347818763
chr13:25202506:T:G	13	25202506	0.549710226113408	0.317602728483599	0.0834855186373541
chr13:26234118:A:T	13	26234118	0.00757632152992556	0.240762651435813	0.974896303803089
chr13:26494236:G:A	13	26494236	0.174763455297478	0.221936298544668	0.43101923317945
chr13:27255876:A:G	13	27255876	0.141097395516912	0.304384767115472	0.642970568593228
chr13:42909938:A:G	13	42909938	-0.360180251467789	0.32406703230749	0.266380079418452
chr13:45708351:G:A	13	45708351	0.127418549510439	0.255833541430532	0.618446998628217
chr13:45809177:C:G	13	45809177	0.0641536062443511	0.175551119615886	0.714782115205785
chr13:50558767:A:T	13	50558767	0.133328562366741	0.350311763144032	0.703500281885986
chr13:58710908:G:A	13	58710908	0.0832998980977002	0.199247332304829	0.675893861891989
chr13:58934154:C:T	13	58934154	-0.0603548661968325	0.186471277128545	0.746189071687018
chr13:70397215:T:C	13	70397215	-0.0617535273032147	0.189493022110461	0.744508994056889
chr13:70990050:T:C	13	70990050	-0.10158461418915	0.390410902699076	0.794710102285421
chr13:86776101:G:A	13	86776101	0.00448306159946246	0.227395550628597	0.984270871058361
chr13:91472230:T:C	13	91472230	-0.201223372460484	0.229872245714479	0.381372369780814
chr13:93235990:C:T	13	93235990	-0.126452206103357	0.299448242962131	0.67281772487799
chr13:96765286:G:A	13	96765286	-0.53833836905637	0.23785213059543	0.0236152231659346
chr13:102180181:A:G	13	102180181	0.464015103133318	0.191963395105596	0.0156401556092406
chr13:106009559:G:C	13	106009559	0.060498428873277	0.211354524150829	0.774693186359913
chr13:106084136:A:G	13	106084136	0.0371829813208136	0.196342669197754	0.849796568669369
chr13:112716578:T:C	13	112716578	-0.100465239775905	0.243263349396593	0.679614214082745
chr14:21167555:A:G	14	21167555	-0.339750492599612	0.331376038376765	0.305234978934083
chr14:26929954:A:G	14	26929954	0.0629683390979614	0.223779386000544	0.778414516691373
chr14:27823594:G:A	14	27823594	-0.347174534497724	0.273424126220566	0.204181189291623
chr14:38216062:T:A	14	38216062	0.166151882458505	0.235660371964657	0.480780342885217
chr14:39925237:C:T	14	39925237	0.112128843603855	0.250823775637675	0.65484450112581
chr14:44446011:A:G	14	44446011	0.155239919945023	0.249443027080352	0.53371424865622
chr14:51426205:T:C	14	51426205	0.0106408019960343	0.337113151931161	0.974819368572532
chr14:52881822:T:G	14	52881822	-0.502633501676143	0.343930279990914	0.143894703623373
chr14:53358297:A:G	14	53358297	0.0912542115419773	0.189997486714579	0.631020006148182
chr14:56254615:G:A	14	56254615	0.00962536538281231	0.19201010640649	0.960019213457116
chr14:57978070:T:C	14	57978070	-0.196516156907588	0.193575609476598	0.310014936769033
chr14:62445185:T:C	14	62445185	-0.483577963073779	0.252882176280413	0.0558420969481217
chr14:67518615:G:A	14	67518615	-0.402349178622224	0.242693949884074	0.0973485667312319
chr14:68863518:T:G	14	68863518	0.226935761073228	0.232948299624741	0.329962513560692
chr14:77734277:G:A	14	77734277	0.363370856602196	0.227245044475024	0.109814706205393
chr14:84531019:T:G	14	84531019	-0.357591023457973	0.29397300975201	0.223829664104524
chr14:90804831:C:G	14	90804831	-0.305107353180316	0.260272817654471	0.241092778364868
chr14:91397629:G:T	14	91397629	0.211023416905484	0.293768703864888	0.472552695477779
chr14:91961156:T:C	14	91961156	-0.133958818571999	0.198865475312719	0.500555949780639
chr14:92998270:C:G	14	92998270	-0.0307519094979506	0.361158874026036	0.932143832289825
chr14:98340169:A:G	14	98340169	-0.286796271631277	0.212882955278148	0.17791529212907
chr14:100721312:C:T	14	100721312	0.0616505858083027	0.301304227871843	0.837874954611736
chr15:24165057:A:G	15	24165057	-0.124000669034867	0.260912540171089	0.634603372538533
chr15:26353849:A:G	15	26353849	-0.0205790682529057	0.24157623843194	0.932113011058451
chr15:33665926:A:G	15	33665926	-0.0512304063605206	0.24474495217142	0.834197186490066
chr15:34880184:A:T	15	34880184	0.0598477223584463	0.226776504614863	0.791852209012738
chr15:37080410:C:T	15	37080410	0.0900900300054299	0.259300555882416	0.728264712686307
chr15:57522102:A:T	15	57522102	0.236770924155169	0.20704323262594	0.252797009834298
chr15:57590535:T:C	15	57590535	-0.647170426621856	0.406968259162559	0.111784470009294
chr15:69786285:T:C	15	69786285	0.102915408588446	0.205329128355416	0.616215125129069
chr15:71331250:T:C	15	71331250	-0.219745345778821	0.322900930100028	0.496165843958474
chr15:76807237:T:C	15	76807237	-0.36501385497662	0.337815423601499	0.279913935120675
chr15:77734259:G:A	15	77734259	-0.402903522145463	0.215536194713776	0.0615799828034452
chr15:79750604:G:T	15	79750604	-0.188760072001075	0.187030488507072	0.312855902609044
chr15:81697597:G:A	15	81697597	-0.0901567481340823	0.223645145455764	0.686856931653469
chr15:87989871:C:T	15	87989871	-0.101899705300091	0.216003639799021	0.637105282519922
chr15:88891382:T:C	15	88891382	0.108404267423542	0.211812950342266	0.608796279453348
chr15:94791129:A:G	15	94791129	-0.172939080099538	0.279056197415353	0.535436545427339
chr15:100978492:T:G	15	100978492	-0.372944861209086	0.284218169252911	0.189460044644779
chr16:4957642:T:C	16	4957642	-0.0365205626397885	0.21406289508437	0.864533034779235
chr16:5884026:G:T	16	5884026	0.0121924159661803	0.247215864272336	0.960665153059511
chr16:6848656:G:A	16	6848656	-0.0613804854409073	0.195069811035827	0.753020523674465
chr16:7909855:G:A	16	7909855	0.252294214928183	0.221399727075886	0.254477298057195
chr16:8273542:C:G	16	8273542	-0.0209815642057367	0.227989241349567	0.926675199716943
chr16:12394716:C:T	16	12394716	0.115548628025468	0.211671815818904	0.585144473985542
chr16:17779668:G:A	16	17779668	-0.046178750307684	0.197336815120954	0.814977364010863
chr16:31127124:G:A	16	31127124	-0.130111660773507	0.259961175925253	0.616720098493154
chr16:56688556:C:T	16	56688556	0.249245015241606	0.184789425136053	0.17739940892182
chr16:60324635:A:C	16	60324635	-0.0682956861799673	0.250172099984952	0.784857201199705
chr16:60499572:C:T	16	60499572	0.0393325109483197	0.188457801341985	0.834676773928227
chr16:62273123:C:T	16	62273123	-0.0645799572145668	0.187415088549855	0.730408274067297
chr16:65972427:C:T	16	65972427	0.127864775334164	0.227847471935456	0.574670853710085
chr16:69246420:T:C	16	69246420	-0.250039540638444	0.242480845822681	0.302460010235393
chr16:71908403:G:A	16	71908403	-0.041962013864056	0.237224746655074	0.859597017311462
chr16:72103328:C:A	16	72103328	-0.0430609511807464	0.1803721004352	0.811311858658163
chr16:74837740:A:C	16	74837740	0.0745698065953313	0.328336365882587	0.820335047860191
chr16:79886631:C:T	16	79886631	0.0191783376028666	0.300143440195192	0.949052049499057
chr16:81396153:C:A	16	81396153	-0.16139874980365	0.20242240005217	0.42525567965423
chr16:82294878:C:G	16	82294878	0.0956060263492233	0.283816798788936	0.736223769522261
chr16:82421890:A:G	16	82421890	0.197038268695355	0.203820564636021	0.333681934855349
chr16:83827178:T:C	16	83827178	-0.138375814750395	0.263854099317725	0.599972090997588
chr16:89331863:A:T	16	89331863	-0.0781401743317368	0.220965367600139	0.723615539358352
chr16:89337630:T:C	16	89337630	-0.0351931590057833	0.21652120397565	0.870881349807452
chr16:89479873:T:G	16	89479873	0.349180638797266	0.220954180294548	0.114031189678863
chr16:90035976:C:A	16	90035976	-0.326742995281869	0.237483084463949	0.168865608803586
chr17:2489248:C:G	17	2489248	0.412385934870448	0.225383421421844	0.0672935571633221
chr17:4147521:T:C	17	4147521	0.272920896694394	0.250391221359841	0.275722880922188
chr17:6949267:T:C	17	6949267	0.407738815695922	0.222570076164165	0.0669578227886383
chr17:7929448:A:G	17	7929448	0.304635135041117	0.20229410484142	0.132092284882535
chr17:12174148:T:C	17	12174148	-0.0122688502833955	0.276099693536089	0.964556622750224
chr17:14402381:C:T	17	14402381	0.24434442422411	0.301181522677973	0.417201311821186
chr17:15219976:C:T	17	15219976	-0.165168622617175	0.161791120732599	0.307313336295372
chr17:16482403:T:A	17	16482403	-0.115413372741147	0.226613910639908	0.610545334931564
chr17:18684803:A:G	17	18684803	-0.602574658671004	0.233613306767923	0.0098981315012342
chr17:20040710:T:C	17	20040710	-0.0777930796673859	0.301216599313555	0.796203998271021
chr17:21275023:A:C	17	21275023	0.0598298345927401	0.206405072767915	0.771918672807054
chr17:30609729:C:T	17	30609729	0.229303443374445	0.275584923543921	0.405374562455207
chr17:31554254:C:T	17	31554254	-0.77737205250248	0.411797477120633	0.0590590752439213
chr17:33472425:T:G	17	33472425	-0.405004876656285	0.26412132501283	0.125176175612794
chr17:44156671:T:A	17	44156671	-0.0715228589267733	0.192067095788902	0.70960640082989
chr17:45754773:C:T	17	45754773	0.232987097747052	0.242431770310514	0.336531082900281
chr17:48779278:C:T	17	48779278	-0.0232137338652793	0.201317013351075	0.908199927917845
chr17:52703044:C:G	17	52703044	-0.583304558335534	0.31319048620278	0.0625383661207549
chr17:53282498:G:T	17	53282498	0.102631267346006	0.240365924381805	0.669394425449111
chr17:58411807:C:T	17	58411807	-0.307478418984109	0.345415806701646	0.37337518523113
chr17:61409438:A:G	17	61409438	-0.0493611755496524	0.199421503871462	0.804504399228358
chr17:66262233:G:T	17	66262233	-0.0833889647818851	0.19271193958068	0.665223271975931
chr17:66751216:C:T	17	66751216	0.12207562409771	0.212562897236752	0.565762414908077
chr17:66971178:A:G	17	66971178	0.114737340616992	0.292645291706386	0.695006742802018
chr17:68771033:G:A	17	68771033	-0.0305568925340518	0.192303481300707	0.873748195951406
chr17:69081332:C:T	17	69081332	0.441953827705983	0.232454025043521	0.0572689297640191
chr17:69213412:T:C	17	69213412	-0.157634829546102	0.24262465525183	0.515881787272966
chr17:72829246:G:A	17	72829246	0.321774303431911	0.261574098755565	0.218642476889667
chr17:73506492:C:T	17	73506492	0.14258965244028	0.220825990015585	0.518466882696799
chr17:75360149:C:G	17	75360149	-0.542435432814859	0.33210046147314	0.102395948243468
chr17:77625920:A:T	17	77625920	-0.593835901249344	0.320837753808313	0.0641851504523089
chr18:1137045:A:T	18	1137045	0.118103064640162	0.194861582986689	0.54445700897657
chr18:4080016:T:A	18	4080016	0.19510718378515	0.283863459612009	0.491876324803328
chr18:8920896:G:C	18	8920896	0.0936271503840699	0.277100576266898	0.735452511089092
chr18:9609299:C:T	18	9609299	0.19580616898015	0.23195182386803	0.398575866521914
chr18:10572326:C:T	18	10572326	0.0221070919082261	0.211232196099171	0.916647367595692
chr18:11017906:C:T	18	11017906	-0.181499052471642	0.222773594533566	0.41523016217416
chr18:14686017:A:G	18	14686017	0.394612417441935	0.242054648708258	0.103046203504289
chr18:14895123:C:T	18	14895123	0.144182826818374	0.199780501858478	0.470475129457162
chr18:30059135:A:G	18	30059135	-0.0427269377532778	0.190778646514698	0.822787807739592
chr18:32490781:T:C	18	32490781	0.185285023720562	0.250971668131795	0.460349980707155
chr18:36255061:C:A	18	36255061	-0.0975056916889302	0.204518498177541	0.633534938681609
chr18:42762909:A:C	18	42762909	0.0262303364869079	0.185162046936186	0.887347373181402
chr18:45461168:C:T	18	45461168	-0.106008665173937	0.211490612579323	0.616198531228141
chr18:49146783:T:G	18	49146783	0.156483979663251	0.242062823461973	0.517981368743124
chr18:49872731:C:G	18	49872731	-0.166391172037667	0.244982280234595	0.497013197249433
chr18:50485733:T:C	18	50485733	0.280111551229846	0.292539983830047	0.338307157213913
chr18:59256389:C:T	18	59256389	0.133082546581969	0.216969635002603	0.539632078690873
chr18:62622293:T:A	18	62622293	0.113832670066055	0.253874843287367	0.653878212050628
chr18:62998306:G:A	18	62998306	-0.260956377858834	0.222377119171871	0.240601072747693
chr18:66103927:C:T	18	66103927	-0.128415389997867	0.24587268103681	0.601472543501138
chr18:66206557:C:T	18	66206557	-0.0891245213376544	0.256483654675479	0.728226111104421
chr18:68001558:G:A	18	68001558	-0.0766925804463736	0.183524213309252	0.676028950816809
chr18:71730181:C:T	18	71730181	0.0300879417297351	0.191708724366211	0.875287306500186
chr18:72912108:T:C	18	72912108	0.248950701294457	0.18581893981224	0.180327026922855
chr18:73248491:G:A	18	73248491	0.0448880981181161	0.266927238814436	0.866452652465544
chr19:2907557:G:A	19	2907557	0.30349461327668	0.219557629067554	0.166879462551084
chr19:16021187:G:A	19	16021187	-0.405053007010286	0.297162858460445	0.172861267543056
chr19:17584922:G:A	19	17584922	-0.231740334563001	0.258469989486334	0.369940365783532
chr19:18704666:C:T	19	18704666	0.203672643855108	0.273505472872754	0.45646831356605
chr19:18737022:C:T	19	18737022	0.180577079384487	0.201950515138321	0.371233623584163
chr19:18805179:A:G	19	18805179	-0.112211324425588	0.225868010673617	0.619329793219902
chr19:21560366:G:T	19	21560366	0.317111270239756	0.201713390570485	0.115930064210431
chr19:21659434:G:C	19	21659434	-0.180101847133188	0.249781886189375	0.470887082336691
chr19:33474662:T:C	19	33474662	-0.143112226440229	0.173337703032568	0.409015914787484
chr19:37956680:C:T	19	37956680	0.370203965722446	0.225982703830435	0.101380809878335
chr19:38120117:A:T	19	38120117	0.0881779987464225	0.287889701901171	0.759383159701501
chr19:44380983:T:C	19	44380983	0.168276806990068	0.227499196286055	0.459493648948051
chr19:44819986:A:G	19	44819986	0.276989932345724	0.219986629912899	0.207986389203771
chr19:48685001:C:T	19	48685001	0.150017222673285	0.231422000600595	0.516829105515458
chr19:51552139:T:A	19	51552139	0.142749928125796	0.208310216200889	0.493169966101819
chr19:52714810:C:T	19	52714810	-0.0280325582718778	0.179133976383789	0.875647318817273
chr19:53330671:T:C	19	53330671	0.10093980873346	0.205822259038241	0.623835158043449
chr19:54944544:G:A	19	54944544	-0.0360053106994434	0.312494321224474	0.90827146939119
chr19:57195010:G:C	19	57195010	-0.475244655918303	0.374763067585273	0.204754991042905
chr20:1709120:A:G	20	1709120	0.0486903500192655	0.256701192714278	0.84956212928282
chr20:1735934:T:G	20	1735934	-0.293630950234704	0.241347126649827	0.223743768459222
chr20:1906500:G:T	20	1906500	-0.0135977457733642	0.279481647526782	0.961195475111488
chr20:3649460:G:A	20	3649460	-0.0470460559628054	0.235826366410548	0.841875968772855
chr20:5407753:C:T	20	5407753	0.0632128690202264	0.187052565082783	0.735407093266142
chr20:5860313:T:C	20	5860313	0.337686581769968	0.231114878746457	0.143982500445318
chr20:7000966:A:C	20	7000966	-0.0647758929964279	0.237626256957586	0.785164026951937
chr20:12129436:G:A	20	12129436	0.195896318929358	0.226400089379807	0.386892761135082
chr20:31347432:T:C	20	31347432	-0.0471382389499584	0.222492738698159	0.832213005860004
chr20:37593342:C:T	20	37593342	-0.516501222177016	0.272347734077994	0.0578969943846311
chr20:38200488:G:A	20	38200488	-0.398405893730959	0.230982656444296	0.084558052385091
chr20:38350608:A:G	20	38350608	0.00367841034278344	0.284863058837373	0.989697276750821
chr20:45729681:A:G	20	45729681	-0.173226729163356	0.188487033267028	0.358075743463048
chr20:48501317:C:T	20	48501317	0.169482192573346	0.204983821424147	0.408346090888814
chr20:49036824:T:G	20	49036824	-0.0876844583994196	0.246290801756611	0.72182556561189
chr20:50371082:C:T	20	50371082	0.217725878104827	0.254977679035575	0.393159447752718
chr20:54253971:A:G	20	54253971	-0.0046836843777238	0.217432116289756	0.982814174224824
chr20:58480201:T:G	20	58480201	0.0510518477865595	0.246637899778107	0.836016816725379
chr20:60073360:C:T	20	60073360	0.0519675269177323	0.202689675879027	0.797650009942342
chr21:15297615:T:C	21	15297615	0.499988620501364	0.264645829056372	0.0588550544867885
chr21:15686888:A:G	21	15686888	0.265078935772035	0.216546848339007	0.220907645477806
chr21:24026351:C:T	21	24026351	0.204418288169462	0.208651758381122	0.327229113466482
chr21:26647335:G:C	21	26647335	0.0334972818184946	0.192244284751887	0.861674244271031
chr21:28043199:C:G	21	28043199	0.0324565760981386	0.277931474938463	0.907035138723742
chr21:31885030:A:G	21	31885030	-0.112782717445853	0.205791647918004	0.583662226312815
chr21:35502622:A:T	21	35502622	-0.135539424941995	0.250975950270114	0.58916292754139
chr21:36306638:T:G	21	36306638	-0.674875803581432	0.216776220262515	0.00185047198187172
chr21:41442549:G:A	21	41442549	0.094618859644059	0.245993738114902	0.700504671668034
chr22:20147688:T:C	22	20147688	-0.235995360728304	0.257190768513118	0.358834199793904
chr22:23891985:A:G	22	23891985	0.217352572319847	0.301910738647655	0.471572227267951
chr22:24245985:G:T	22	24245985	-0.246422787722138	0.225322839829716	0.274111502195209
chr22:30662128:G:A	22	30662128	-0.361506081245872	0.238973669320134	0.130344595430205
chr22:36977479:G:A	22	36977479	-0.382649443755238	0.301084760966134	0.203763256179019
chr22:42475109:T:G	22	42475109	-0.0162126959610927	0.159276135064666	0.918923472041535
chr22:44719519:A:G	22	44719519	0.435233150380066	0.236422952829073	0.0656348898938155
chr22:45210278:T:C	22	45210278	-0.130448822883347	0.199666101594512	0.513540428742555
chr22:48785864:A:G	22	48785864	0.13905454462302	0.305182856151699	0.64864645153182
chr22:49668266:A:G	22	49668266	-0.286537682132331	0.265502842408234	0.280486804637325
