SNP	CHR	POS	est	stderr	pval
chr1:1837340:C:T	1	1837340	0.177933200740594	0.209181518873442	0.394982555396405
chr1:2261200:G:C	1	2261200	0.136508582304459	0.18858325728717	0.469149391635518
chr1:14678191:A:C	1	14678191	0.125597580616206	0.153695871128958	0.413824125386437
chr1:14985097:C:T	1	14985097	-0.383525596043823	0.325149253167088	0.238184386260705
chr1:15065941:C:T	1	15065941	0.112991779483865	0.27907902692056	0.685570295327658
chr1:20215506:G:C	1	20215506	0.0495779563155557	0.12157018516168	0.683410640224344
chr1:20533654:G:C	1	20533654	-0.322173396963599	0.367309588263412	0.380423220782338
chr1:22009627:T:C	1	22009627	0.367244674727392	0.193872162496807	0.0581902391844318
chr1:22126221:C:T	1	22126221	0.0614539303837912	0.174592436857536	0.724849462432527
chr1:23180575:A:G	1	23180575	0.0421091282836432	0.205201108707672	0.837408784917668
chr1:26058659:G:C	1	26058659	-0.183014609272624	0.259817379923241	0.481185510711177
chr1:26181362:A:G	1	26181362	0.132879731107461	0.25196780888377	0.597938139018437
chr1:26848285:C:T	1	26848285	-0.0989013874697481	0.398454380296622	0.803969937852445
chr1:28670719:C:T	1	28670719	0.201558583131903	0.171186835976693	0.239028426717467
chr1:29753056:A:C	1	29753056	0.149830223334607	0.156586801003221	0.33864251078961
chr1:29908726:A:G	1	29908726	0.172785869839557	0.190011929560765	0.363169511080953
chr1:31886486:G:T	1	31886486	-0.071836396888585	0.228732884471815	0.753473652033087
chr1:37838865:C:T	1	37838865	-0.355363381069424	0.222713531771959	0.110576452577276
chr1:39880059:T:C	1	39880059	0.170872128525847	0.18073462175404	0.344438841453076
chr1:41175014:G:A	1	41175014	0.439088586140788	0.286706848710699	0.125648409749738
chr1:41597921:C:T	1	41597921	0.0877920224152183	0.260555404860615	0.736160729717898
chr1:42635725:A:G	1	42635725	-0.0200258759238403	0.340162831578395	0.953054505707221
chr1:43202709:G:A	1	43202709	-0.150511457597059	0.194464831461936	0.438943934278214
chr1:47498869:G:A	1	47498869	-0.0818378487753697	0.238799037457885	0.73181969304345
chr1:51034150:G:A	1	51034150	0.0809322556602757	0.290111570198917	0.780268294935614
chr1:54900240:G:A	1	54900240	0.134121222597629	0.169183827847445	0.427920933401732
chr1:55459433:C:T	1	55459433	-0.533862342610593	0.377061067742997	0.156819092918948
chr1:56563907:C:T	1	56563907	-0.346358264781437	0.327945971186186	0.290902298468315
chr1:65351414:T:A	1	65351414	0.165594781284366	0.191830804699095	0.388009085967839
chr1:66254178:T:A	1	66254178	0.179447264718026	0.211964302980694	0.397222623142658
chr1:73302339:T:C	1	73302339	0.265866157637018	0.182880523862317	0.146010176806117
chr1:73563666:T:C	1	73563666	-0.476549513381795	0.342121327572542	0.163642327369823
chr1:76062379:T:C	1	76062379	-0.0116444479062601	0.18408768931767	0.949563530433975
chr1:86928231:G:T	1	86928231	-0.539270325727753	0.20636944148712	0.00897169818016208
chr1:88611347:G:A	1	88611347	-0.0285412976504114	0.223395757715642	0.898338000310717
chr1:91057167:C:A	1	91057167	-0.0996050911399371	0.228711860926826	0.663196125809341
chr1:91093925:G:A	1	91093925	-0.415265967153304	0.200255457424703	0.0381089330434687
chr1:92475800:A:G	1	92475800	-0.0874752680087752	0.203043582705099	0.666599142545356
chr1:94752415:G:A	1	94752415	-0.0147247208153208	0.241682732675671	0.951418279176678
chr1:95614324:G:A	1	95614324	0.452435084539992	0.225098786039782	0.0444375251939159
chr1:99691102:T:C	1	99691102	0.16621633381913	0.153737460709778	0.279621490240317
chr1:104937367:T:A	1	104937367	0.176348660496893	0.192197376263158	0.358860069671085
chr1:115841221:A:T	1	115841221	0.117775060186275	0.396833294694278	0.766628944122201
chr1:153704237:C:A	1	153704237	-0.0468390167431429	0.191726003250286	0.806997052983816
chr1:155857667:G:T	1	155857667	-0.461803696644698	0.446849706918114	0.30138616958668
chr1:157334223:T:C	1	157334223	0.163552224825468	0.275785950352985	0.553154080153704
chr1:159540226:C:T	1	159540226	0.178753416793534	0.215095368041811	0.405949556623606
chr1:165647351:T:C	1	165647351	0.109606156020012	0.247026341650395	0.657257832169795
chr1:167545338:A:T	1	167545338	-0.584693527202195	0.52121404125908	0.261951063564699
chr1:168863629:G:A	1	168863629	0.345618401842948	0.212534364764933	0.103912101393886
chr1:171350391:G:A	1	171350391	0.042731936717225	0.166178092590712	0.797066509942379
chr1:173013575:C:G	1	173013575	-0.0356429660935258	0.166482303344859	0.830473268237737
chr1:178947344:C:A	1	178947344	-0.223631676431225	0.257491165002072	0.385119398017893
chr1:182872646:T:G	1	182872646	0.395232739393906	0.345924920954665	0.253230013306645
chr1:185127444:C:G	1	185127444	-0.114710141431111	0.352325386426847	0.744742055624741
chr1:185619557:C:T	1	185619557	-0.181742254123453	0.286098408269302	0.525269388827892
chr1:186638909:G:T	1	186638909	-0.0611504197751438	0.231006387832577	0.791230475946689
chr1:188272062:T:C	1	188272062	-0.422851240164398	0.282984011754932	0.135108090440602
chr1:193365737:C:T	1	193365737	-0.259412972136597	0.21098415318222	0.218870268929346
chr1:193791070:G:T	1	193791070	-0.655283892724266	0.535726289072268	0.221265798726344
chr1:195033388:T:C	1	195033388	-0.00320496422196338	0.238023654537536	0.989256890427905
chr1:195907914:A:G	1	195907914	-0.094706232839592	0.211016799036147	0.653569465321345
chr1:196692375:G:C	1	196692375	0.0393564521044553	0.207044747265635	0.849241194415921
chr1:197559019:A:G	1	197559019	0.0698812088026248	0.269217605434365	0.795194348053586
chr1:199160726:G:A	1	199160726	-0.193437709425689	0.229911787737917	0.400148411855145
chr1:204277152:T:C	1	204277152	0.0887576902862841	0.214074743085957	0.678426875631002
chr1:207498131:C:T	1	207498131	-0.12678198677354	0.215239356674213	0.555842556233171
chr1:208744577:C:T	1	208744577	0.329333639537795	0.187693134127628	0.0793211250042251
chr1:210496535:G:A	1	210496535	-0.214984907096859	0.280566869924976	0.443526411395105
chr1:212937214:T:G	1	212937214	-0.291916458771761	0.179455466946301	0.103805268295704
chr1:219750864:A:G	1	219750864	-0.082497872451583	0.189633280296163	0.663534119970965
chr1:221920463:G:A	1	221920463	0.118705142570426	0.227426602822696	0.601705672948718
chr1:227462684:A:G	1	227462684	0.417288341084577	0.233688980323118	0.0741548272505052
chr1:234456961:G:A	1	234456961	0.108879577984456	0.243479517115705	0.654743892285239
chr1:237308322:A:G	1	237308322	0.257946831860153	0.198042670861402	0.192751981517622
chr1:239000642:T:C	1	239000642	-0.157739750932382	0.396089253874373	0.690451112803011
chr1:242239801:C:T	1	242239801	0.0290058199226528	0.361707252583343	0.936085010266185
chr1:244583991:C:T	1	244583991	0.135970945004948	0.161139819769496	0.398777134558431
chr1:246213578:G:A	1	246213578	-0.736113510246975	0.585037448926916	0.208307450717834
chr1:247190028:T:C	1	247190028	0.115724063020595	0.22349176853296	0.604597739421966
chr1:247897239:C:T	1	247897239	-0.238947014338729	0.259517825690326	0.357189061634655
chr2:3248328:A:G	2	3248328	0.057543503572453	0.145660262005277	0.692803874976865
chr2:4505759:T:G	2	4505759	-0.242200056373139	0.306634020465173	0.429605516784316
chr2:6804400:G:A	2	6804400	0.345619972621855	0.223795064879075	0.122501332622643
chr2:9411790:A:C	2	9411790	0.211735682819622	0.185292899054535	0.253159836561395
chr2:12096367:C:T	2	12096367	0.0420896102785105	0.237051873430116	0.859072915325362
chr2:13545005:C:T	2	13545005	-0.103889349029176	0.18995473381276	0.584436204793338
chr2:16009716:A:G	2	16009716	-0.110341119531179	0.177339330326658	0.533808185342792
chr2:16367899:A:T	2	16367899	0.188319161823911	0.156367144542838	0.228458303552054
chr2:17630111:A:C	2	17630111	0.436439762521285	0.2536209128961	0.0852807557767494
chr2:17928966:C:G	2	17928966	0.27629659792907	0.235672310650525	0.24104606768456
chr2:18261494:A:T	2	18261494	0.0653230043419272	0.168712480819193	0.698618980040764
chr2:19530615:T:C	2	19530615	-0.34836160579833	0.228838720911139	0.127933467372722
chr2:19562158:T:C	2	19562158	0.490176653242056	0.188410413536735	0.00927783479427691
chr2:27383116:G:A	2	27383116	0.128096404889185	0.160523506737701	0.42487538313097
chr2:37762298:C:T	2	37762298	-0.552697751189253	0.326430780944987	0.0904260595130885
chr2:42010994:T:A	2	42010994	0.181492146596484	0.227047565317252	0.424083216929631
chr2:45824390:C:G	2	45824390	0.194701443742307	0.188499559463576	0.301650081111745
chr2:46742820:T:C	2	46742820	0.263350031394059	0.335962850149669	0.433118434607493
chr2:49789441:T:C	2	49789441	-0.302829539658549	0.217363003035335	0.163560148949605
chr2:49994518:G:A	2	49994518	-0.0174269400798824	0.223970737925094	0.937979983879273
chr2:51284042:G:A	2	51284042	-0.235013197499367	0.257880548519179	0.36212373574321
chr2:51344078:G:A	2	51344078	0.0771543520022418	0.217415385250507	0.722686452675975
chr2:57278002:C:A	2	57278002	-0.190526954689006	0.227356119139275	0.402024461544752
chr2:57368273:A:G	2	57368273	0.0164421514971086	0.254116204793587	0.948410252658112
chr2:60075157:T:C	2	60075157	0.331134239265404	0.251574428102873	0.188090949273505
chr2:60373837:A:G	2	60373837	0.113255687508548	0.191853982280806	0.55497457966129
chr2:61147014:T:C	2	61147014	0.0244998427796616	0.183678180933995	0.893889215011556
chr2:61693274:A:G	2	61693274	0.21757854745832	0.226090024172831	0.335872015712502
chr2:65295480:C:T	2	65295480	-0.0131929075254596	0.208181864194589	0.949470258599766
chr2:66031496:T:C	2	66031496	0.0626566890585529	0.207818882364063	0.763035832696213
chr2:69165635:T:C	2	69165635	-0.644654426451883	0.34473638516139	0.0614848707566146
chr2:71204755:G:A	2	71204755	0.0982650024559077	0.384669426162764	0.798373152737773
chr2:72022684:A:G	2	72022684	-0.418102828398075	0.55212829272065	0.44889610902067
chr2:76651386:C:A	2	76651386	-0.101135749351671	0.154214020893942	0.511943659491058
chr2:79784490:C:G	2	79784490	-0.517881898640651	0.351674836813513	0.14085467926673
chr2:82619301:T:C	2	82619301	0.175967503684911	0.286457857024203	0.53902530850714
chr2:83181917:T:C	2	83181917	-0.0783128000684496	0.53170095872456	0.882905254132345
chr2:83400799:T:A	2	83400799	-0.119038086803596	0.229128561327923	0.60339446789274
chr2:85744328:G:A	2	85744328	-0.194219752922274	0.234937703871102	0.408414956547754
chr2:85757440:T:A	2	85757440	-0.0909303619179436	0.179033139505502	0.611525706186559
chr2:99811694:T:C	2	99811694	-0.207831609959983	0.183781256243544	0.258112329769414
chr2:101228073:A:C	2	101228073	0.420246980162227	0.210203019301301	0.0455820345545829
chr2:106861882:T:C	2	106861882	0.359977954966545	0.334206660075015	0.281430298296576
chr2:108083619:T:C	2	108083619	0.0224536422174822	0.190935493303235	0.906386147904001
chr2:114129906:T:C	2	114129906	0.191950279528491	0.329281437959924	0.559935822173806
chr2:118004610:C:T	2	118004610	0.236884679941299	0.143442474687156	0.09865155154625
chr2:119455921:A:G	2	119455921	0.248135762803139	0.212586201258487	0.243119832596481
chr2:120644763:G:A	2	120644763	-0.0216468180884019	0.191747862796352	0.91011610294035
chr2:120916837:A:G	2	120916837	-0.289630819524221	0.216687740344377	0.181344217408997
chr2:122628686:C:A	2	122628686	-0.100140430298653	0.225347059053122	0.656765611826141
chr2:122629789:A:C	2	122629789	-0.0530533568420076	0.221178830087883	0.810433874595947
chr2:126391403:A:G	2	126391403	0.232360816675705	0.301984847830361	0.441629015307048
chr2:127192867:G:A	2	127192867	0.485693148716175	0.209298059354084	0.0203094560135202
chr2:130915743:C:T	2	130915743	-0.297201181373594	0.200748162177246	0.138748459284257
chr2:136107122:C:T	2	136107122	0.4505074106989	0.296800791895186	0.129045141432461
chr2:136507185:G:C	2	136507185	-0.143116537915547	0.188990922442225	0.448890078659249
chr2:141023592:C:T	2	141023592	0.000899337276898154	0.211351044170779	0.996604865778806
chr2:143017176:T:C	2	143017176	0.471671197721368	0.233377097902331	0.0432726318045711
chr2:143920023:G:T	2	143920023	-0.1596274749898	0.248844734141331	0.521214642750838
chr2:144729333:C:T	2	144729333	-0.0447909610182078	0.179949768563972	0.803431843642184
chr2:148561010:G:C	2	148561010	0.151402334266069	0.190821080619326	0.427529888649427
chr2:154835349:G:T	2	154835349	0.185678302325317	0.222489194297826	0.403971262842327
chr2:164974626:C:A	2	164974626	-0.284617576079547	0.353384718803048	0.420586404657396
chr2:167086954:T:G	2	167086954	0.0385088641826904	0.184710253565691	0.834852208458002
chr2:167199229:C:T	2	167199229	0.0366213622234347	0.250230903966336	0.883644877420514
chr2:167657344:C:T	2	167657344	-0.477190803930993	0.295030889025946	0.105786230547135
chr2:167884398:C:T	2	167884398	0.487550316248187	0.249727757281324	0.0508993591359621
chr2:168647356:T:G	2	168647356	0.095037910108857	0.215344515304961	0.658974395762737
chr2:170041677:A:G	2	170041677	0.174725631802889	0.267083959598843	0.512984636805906
chr2:171274449:C:A	2	171274449	-0.455479816731209	0.294308249998739	0.121711780936265
chr2:177787584:G:A	2	177787584	0.100589192936369	0.238185097654008	0.67279494724178
chr2:179648558:C:T	2	179648558	0.189732734517105	0.222448843782064	0.393699514628283
chr2:180833197:G:A	2	180833197	-0.470483818947813	0.738276960332614	0.523947170964711
chr2:183527028:C:T	2	183527028	0.226506096918257	0.24049219794838	0.346272592650852
chr2:184516924:T:A	2	184516924	0.185204832278555	0.196964531639779	0.347066086554112
chr2:191922008:C:T	2	191922008	0.560456220586069	0.258206296743462	0.0299632877807142
chr2:195817951:G:C	2	195817951	0.0916552844645782	0.221435576913122	0.678937093555036
chr2:197010424:G:A	2	197010424	0.35960636826844	0.281997587361043	0.202234640562296
chr2:209101337:G:A	2	209101337	-0.0162131195094535	0.185831062028102	0.930475536860348
chr2:209103516:A:G	2	209103516	0.0617904272781533	0.185594551624051	0.739185361314548
chr2:210957182:G:A	2	210957182	-0.297293569840141	0.281815109153969	0.291460007519239
chr2:214802180:T:C	2	214802180	-0.152566103786457	0.196564707264707	0.437653197279839
chr2:215209936:A:G	2	215209936	0.0481786626728757	0.156972151475703	0.758900531983088
chr2:215367000:G:A	2	215367000	0.324153030797495	0.371229304698947	0.382560531269808
chr2:220997842:C:T	2	220997842	0.0891130833615301	0.196172103098496	0.649641908610016
chr2:226027918:G:A	2	226027918	-0.038301245891259	0.263717088313899	0.884524450999767
chr2:228947684:G:A	2	228947684	-0.290877384661695	0.22409977061419	0.194293648860437
chr2:233152507:T:C	2	233152507	0.177018307637751	0.164163659147059	0.280898174205717
chr2:235620294:A:T	2	235620294	0.380286757914791	0.191176464019388	0.046679977022688
chr2:237288548:A:G	2	237288548	0.0362918330653981	0.16624762792308	0.827195487448834
chr2:237513585:T:C	2	237513585	-0.377200982884663	0.24048779567529	0.116768489539234
chr2:237920759:T:G	2	237920759	0.316495475605908	0.220181531624882	0.150595931346106
chr2:240429648:C:T	2	240429648	0.0351167484155102	0.178493410549343	0.844031204388764
chr3:9841346:T:C	3	9841346	-0.154245945380257	0.342278424355867	0.652245670851294
chr3:10127208:T:G	3	10127208	0.0183707738858887	0.273991026072066	0.946542841076849
chr3:14082905:A:G	3	14082905	-0.314586533520776	0.161109895392031	0.0508645441174136
chr3:16798495:T:G	3	16798495	0.344805564321838	0.210678345714348	0.101704763277908
chr3:18882818:T:C	3	18882818	0.0768256417829353	0.165205443966695	0.641909304765623
chr3:20179943:G:A	3	20179943	0.194131613097409	0.244847233310544	0.427854549927634
chr3:22245167:A:G	3	22245167	-0.528552791097353	0.189929070736434	0.00538761255055997
chr3:24009496:G:A	3	24009496	-0.0746952077995655	0.227841722226162	0.743034043459173
chr3:24010534:C:T	3	24010534	0.167741283612538	0.188870782688024	0.374472320955163
chr3:33111016:C:A	3	33111016	-0.38746588464203	0.471719918851059	0.41142432616482
chr3:33421913:A:G	3	33421913	0.0518549206538569	0.177280899627727	0.769903249431677
chr3:34471110:A:G	3	34471110	0.137220361807678	0.196152012329639	0.484201301979723
chr3:34498029:C:T	3	34498029	-0.200535817378866	0.285112716701457	0.481833750669027
chr3:35230331:G:A	3	35230331	-0.314161633021143	0.324520168609398	0.333004189421559
chr3:41413926:T:C	3	41413926	0.130579304214356	0.220001500193184	0.552820996190297
chr3:42098050:T:C	3	42098050	0.129668048844346	0.183895648275556	0.480737086115631
chr3:46489654:A:G	3	46489654	-0.0163346226544731	0.206911685384773	0.937076448307006
chr3:56959175:A:G	3	56959175	-0.111915548790596	0.306908715307957	0.715369558762024
chr3:64441608:G:A	3	64441608	-0.355551010100378	0.198346915463835	0.0730414811758977
chr3:66150510:T:A	3	66150510	-0.13723662416451	0.410562069559791	0.738179426173897
chr3:66995763:G:T	3	66995763	0.00151413511869555	0.15030020369212	0.991962189203128
chr3:68498445:T:C	3	68498445	-0.164708268199076	0.196356211976005	0.401568180707156
chr3:68824246:G:A	3	68824246	-0.032535282572704	0.173262233267428	0.851048660237285
chr3:69021248:A:C	3	69021248	-0.0225011464033995	0.20066262161005	0.910716985493878
chr3:69617754:T:G	3	69617754	0.518262030321182	0.248169285885789	0.0367671088780762
chr3:74191731:G:A	3	74191731	-0.0104403337728964	0.177914590594744	0.953205621434389
chr3:74732240:G:A	3	74732240	0.599150179645439	0.231780499458009	0.00973819358762185
chr3:75709324:A:T	3	75709324	0.234704694789017	0.188842551664317	0.213919738155499
chr3:84465702:T:C	3	84465702	-0.286191047472504	0.233467265262897	0.220262865283359
chr3:84817748:G:A	3	84817748	-0.38741361930876	0.175087029443757	0.0269189070364125
chr3:85705423:A:G	3	85705423	0.0456963964614973	0.215472813462506	0.8320485248453
chr3:88069353:C:T	3	88069353	0.206216482928629	0.190468941878191	0.278951489197369
chr3:93986190:G:A	3	93986190	0.181254691097585	0.209500598205326	0.386942715853165
chr3:101022648:G:A	3	101022648	0.523001109998295	0.19049215914398	0.0060414043685133
chr3:105622159:T:C	3	105622159	-0.246578106955441	0.307816800879964	0.42309995732037
chr3:106664728:C:T	3	106664728	0.0746656053461989	0.217613779248049	0.731515219042847
chr3:110774699:C:T	3	110774699	-0.0850207063676972	0.235319876589024	0.717876353242299
chr3:113428518:G:A	3	113428518	-0.144227830789958	0.198586940516259	0.467672978100294
chr3:121058963:T:G	3	121058963	-0.160557196595463	0.227161518971813	0.479692320494889
chr3:122312606:G:A	3	122312606	0.394531328467551	0.315844304462772	0.211616681537419
chr3:124193435:A:C	3	124193435	-0.0324889262420442	0.146348748917187	0.824316521766285
chr3:124804582:A:T	3	124804582	0.0256173369645967	0.316597880951348	0.935510004395448
chr3:126773646:G:T	3	126773646	0.236560533799554	0.180695059337098	0.190476803807792
chr3:131110446:C:G	3	131110446	0.29815342424744	0.226126531806584	0.187328052200124
chr3:131209978:G:T	3	131209978	-0.387312605369457	0.262548004683165	0.140156950224406
chr3:133982842:C:T	3	133982842	-0.104604592136463	0.172097519460967	0.543305792095486
chr3:134929007:C:T	3	134929007	-0.029341736694905	0.381011528154867	0.93861550850025
chr3:137777496:C:T	3	137777496	0.311677433848133	0.257787702381439	0.226644810599262
chr3:146265901:G:T	3	146265901	-0.0372460979347744	0.165553380778066	0.821995310894983
chr3:148006706:G:A	3	148006706	0.838503131591692	0.350273808110757	0.0166725428507732
chr3:149679065:C:A	3	149679065	-0.330731948616524	0.165498617822636	0.0456736318795702
chr3:150888061:C:A	3	150888061	-0.237990431990358	0.406597723690008	0.558331490712766
chr3:152663712:G:C	3	152663712	-0.154550161761043	0.188926666756265	0.413332560325692
chr3:159417151:A:G	3	159417151	-0.0683858514776913	0.182761893200674	0.708270377150611
chr3:164899350:G:A	3	164899350	-0.181639202882648	0.267355795679761	0.496889957801898
chr3:168053836:T:C	3	168053836	-0.552931805014416	0.489104604203985	0.258266416455467
chr3:171028381:G:A	3	171028381	0.14438424272506	0.181086640348426	0.425264429769853
chr3:174497130:T:C	3	174497130	-0.046044836876034	0.197872998669756	0.815995193044047
chr3:176663180:T:G	3	176663180	-0.174401913368049	0.345918208686308	0.614141249495434
chr3:196706550:C:T	3	196706550	-0.0379144283969878	0.250351158782852	0.879624702896776
chr4:332191:G:A	4	332191	-0.0391852544557292	0.17779408082438	0.825562102410838
chr4:8816874:T:C	4	8816874	0.204988503579884	0.196544481488115	0.29696570861194
chr4:9851274:C:G	4	9851274	-0.104535813724459	0.199393795671883	0.600092055522344
chr4:10725805:A:G	4	10725805	-0.43687704777998	0.238702859658334	0.0672181128430692
chr4:13219910:C:T	4	13219910	-0.0413346609465224	0.146237855434435	0.777442363725035
chr4:18747099:A:G	4	18747099	-0.0962901199340801	0.1800184288303	0.592725683397759
chr4:20840555:C:T	4	20840555	-0.0499677507203741	0.168048117201479	0.766205476407911
chr4:21137718:C:T	4	21137718	0.212228734879074	0.163355775469929	0.193881788561734
chr4:26851610:T:C	4	26851610	0.301840782639709	0.249270869204096	0.225935751444368
chr4:32302160:A:T	4	32302160	0.454392606107423	0.208799058411761	0.0295388430397985
chr4:34501888:A:G	4	34501888	-0.252522411198396	0.386271236140113	0.513276903706706
chr4:40603484:A:G	4	40603484	-0.0227610864070038	0.184588498504809	0.901863858856271
chr4:41002348:C:T	4	41002348	0.381250223993516	0.265625251948841	0.151203450883216
chr4:44018406:T:G	4	44018406	-0.272083264615007	0.299565795300106	0.363741513507348
chr4:44680448:T:C	4	44680448	-0.264882961600228	0.179393686802346	0.139797479217062
chr4:55337032:C:T	4	55337032	-0.0978454293358093	0.156709977719812	0.53238286030818
chr4:55659669:G:A	4	55659669	-0.367528013556636	0.314103340548932	0.241966243705008
chr4:56719096:C:T	4	56719096	0.167453891738409	0.204026556828721	0.411791210621365
chr4:58944563:C:T	4	58944563	-0.414538164188099	0.560384359268245	0.459458380293503
chr4:61158247:C:G	4	61158247	0.170358379983799	0.170110887296188	0.31660693830155
chr4:64485722:G:A	4	64485722	0.00374637374935894	0.275567773022528	0.989153007032034
chr4:67708732:C:T	4	67708732	0.234291100285747	0.190389587102152	0.218477076057755
chr4:67911021:C:T	4	67911021	-0.0734123209820377	0.210228343802041	0.726937083240573
chr4:90022599:G:T	4	90022599	0.148727148880168	0.163928481183373	0.364264822261754
chr4:95020597:A:T	4	95020597	0.196001919680246	0.306011598381608	0.521844422691496
chr4:95433170:T:C	4	95433170	0.212000223669635	0.261462777784613	0.417466907289556
chr4:97398054:G:A	4	97398054	-0.0567945507067805	0.154277418637835	0.712774347113711
chr4:98823404:T:C	4	98823404	-0.499967983113502	0.28641212178812	0.0808762426332647
chr4:99262681:C:G	4	99262681	0.0937877646325049	0.211443762293812	0.657361519292238
chr4:99355957:G:T	4	99355957	-0.138603966821888	0.168148953949773	0.409773226387204
chr4:101085120:T:C	4	101085120	-0.259782029990494	0.158288736804385	0.100757799919096
chr4:102399971:C:T	4	102399971	0.154647454162201	0.229644465185841	0.500679357222622
chr4:102884286:T:C	4	102884286	0.072516485063916	0.190235387618719	0.703059703773603
chr4:105992845:C:T	4	105992845	-0.026911127594276	0.169196370664935	0.873627409489744
chr4:108791253:G:A	4	108791253	-0.0884381988281575	0.20737222817383	0.669764825162712
chr4:110191180:A:G	4	110191180	0.388151200070462	0.361730063423539	0.283252707100815
chr4:110957298:T:A	4	110957298	-0.014206103925633	0.257963334243634	0.956082501493833
chr4:113348012:C:T	4	113348012	-0.111211846694055	0.275110840661336	0.686033461246655
chr4:115515844:A:G	4	115515844	-0.582112079121336	0.409209019447423	0.154872468190603
chr4:115522695:G:A	4	115522695	-0.363052393066812	0.190205807287945	0.0562963457487551
chr4:120770744:A:C	4	120770744	-0.0102356191928136	0.23387843636073	0.965091966829442
chr4:123964831:A:G	4	123964831	-0.0415543413585834	0.186982244686793	0.824129524564003
chr4:125256344:T:C	4	125256344	0.404325358047768	0.252517422672931	0.109337485848641
chr4:126268710:T:G	4	126268710	0.26979085113543	0.214326570092437	0.208108371261117
chr4:134094420:T:C	4	134094420	0.0360599318327689	0.230271729600876	0.875562228145817
chr4:134350906:C:T	4	134350906	0.0998896361503982	0.142672629580492	0.483845036659594
chr4:138952375:G:A	4	138952375	0.063097405058976	0.136291373573579	0.643393297894562
chr4:141012527:T:G	4	141012527	-0.104772094985128	0.346018410116203	0.762047304412714
chr4:141618953:G:A	4	141618953	-0.250232823930447	0.247063896665955	0.311143113688127
chr4:143626434:A:G	4	143626434	0.336747872783594	0.245568931300671	0.170282474270346
chr4:149616644:T:G	4	149616644	0.138217093540881	0.181677665013404	0.446787299862186
chr4:154030957:C:G	4	154030957	-0.220293994461684	0.33056298044531	0.505142270592079
chr4:168588553:A:C	4	168588553	0.0699543123607554	0.232815279021545	0.763817675678022
chr4:171334248:A:T	4	171334248	0.134301076076362	0.373129809788281	0.718898552466188
chr4:171974219:A:G	4	171974219	-0.265754257880012	0.175354203067767	0.12963866823869
chr4:176312841:C:T	4	176312841	0.322438882658938	0.180044148190349	0.073311289177391
chr4:179329624:T:G	4	179329624	-0.497055714121394	0.260268808590701	0.056161768721943
chr4:183032183:A:G	4	183032183	0.141366151356658	0.211462346348496	0.503803700518153
chr4:184991673:A:G	4	184991673	-0.088621703779657	0.184951951547994	0.631824320827294
chr4:189912372:C:T	4	189912372	0.0758750416898573	0.204044154332336	0.710000071530448
chr5:79496:A:G	5	79496	0.426696544905125	0.289503103055093	0.140510451297244
chr5:5313703:A:G	5	5313703	0.0598901478712886	0.227782242048777	0.792606688543252
chr5:7364955:T:A	5	7364955	0.639906578070442	0.317852308639501	0.0440915055645594
chr5:8067079:G:C	5	8067079	0.217343919573677	0.21044711589321	0.30171054150534
chr5:13911296:G:T	5	13911296	-0.315241416052713	0.239159359610248	0.187462527362542
chr5:15621966:C:G	5	15621966	-0.229221838457835	0.149706441571634	0.125734271717584
chr5:15997511:T:A	5	15997511	-0.981148610563932	0.644330330245587	0.127823360995775
chr5:17902851:T:C	5	17902851	0.171370344428415	0.249869984860788	0.492815235977572
chr5:20719353:A:C	5	20719353	0.298811929952303	0.218986068452241	0.172402441856762
chr5:20732163:G:T	5	20732163	-0.109705898763586	0.179273519783535	0.540572801303695
chr5:21913130:A:C	5	21913130	-0.228086707140974	0.24055660575878	0.343046830930944
chr5:23682774:A:T	5	23682774	-0.206280265958316	0.500317944126391	0.680120753312886
chr5:23787194:A:C	5	23787194	-0.158769075797621	0.166038326226308	0.338961378979254
chr5:23895775:T:G	5	23895775	0.0136477666534419	0.164165731894812	0.933744929814422
chr5:25693600:A:G	5	25693600	0.718059845949494	0.342661235327314	0.0361231406971114
chr5:33466391:T:A	5	33466391	0.0412470823779665	0.154070671756948	0.78891844056433
chr5:33624899:A:G	5	33624899	-0.579864468344982	0.332318224573729	0.0810010209379212
chr5:39550509:T:G	5	39550509	-0.0409591950366307	0.185398960789339	0.825151126715822
chr5:39634108:G:A	5	39634108	-0.0945735752121732	0.205219628651636	0.6449128365524
chr5:39978357:G:A	5	39978357	0.225211192356435	0.163556157036108	0.168522901680559
chr5:40238036:C:A	5	40238036	-0.500726629083209	0.496199249683723	0.312915113715701
chr5:44011742:G:T	5	44011742	0.106747119585528	0.195933882786287	0.585882863086759
chr5:50222627:G:A	5	50222627	-0.356603437386453	0.480994604887874	0.45845845870027
chr5:54814079:C:T	5	54814079	0.245265269774579	0.186666265945277	0.188871811964966
chr5:66989845:C:A	5	66989845	-0.0490261276875894	0.159572651974205	0.758665346471578
chr5:66992139:G:A	5	66992139	0.19362300488684	0.169348078509868	0.252896049643219
chr5:73076502:T:C	5	73076502	-0.240846634032816	0.181458331998336	0.184414948962972
chr5:76998986:C:A	5	76998986	0.0921715369009389	0.175317580595192	0.599068581972251
chr5:77675144:G:C	5	77675144	-0.129201799525751	0.334757869612803	0.699529275118963
chr5:80530472:T:A	5	80530472	-0.298294249980363	0.292121762321209	0.307192924642627
chr5:81710558:G:T	5	81710558	-0.237780929615516	0.164651557637604	0.148697840455445
chr5:82792281:C:G	5	82792281	-0.322662428305339	0.29812760674688	0.27912085587665
chr5:84879932:A:G	5	84879932	-0.193425586914698	0.223121311772058	0.385992575135696
chr5:85476293:A:G	5	85476293	-0.0323761800675872	0.25153289165915	0.897582776028307
chr5:85809583:T:C	5	85809583	0.0530849644440109	0.190437741983046	0.780434899397607
chr5:92192959:A:T	5	92192959	-0.20794614358388	0.190504831102238	0.275029569480212
chr5:94648523:C:G	5	94648523	-0.226336674762428	0.287310131341083	0.430826420752933
chr5:98024666:G:A	5	98024666	0.34351257384719	0.17516305397654	0.0498671532042998
chr5:101328324:T:C	5	101328324	-0.0307147779668372	0.309830861158058	0.921031863164195
chr5:101825779:A:C	5	101825779	-0.0704106370260944	0.174768786970263	0.687037396924582
chr5:106773905:G:A	5	106773905	-0.0736914395790769	0.194292314121591	0.70447899181389
chr5:110045491:C:T	5	110045491	0.209074503735322	0.293149154366541	0.475720894362768
chr5:114915760:G:T	5	114915760	0.073180824342224	0.173795245081197	0.673700351989572
chr5:115102683:A:G	5	115102683	-0.131449417399587	0.207406717574444	0.526226962774031
chr5:117238479:G:A	5	117238479	-0.304264542121934	0.245749230330155	0.215675332942422
chr5:121740415:G:T	5	121740415	0.0714965187806492	0.152635744499685	0.639489499050235
chr5:137227416:A:T	5	137227416	-0.20264535044357	0.240625155167595	0.399697307599501
chr5:137406489:C:T	5	137406489	0.0988415538345979	0.206323345672532	0.63189493860434
chr5:140638650:G:A	5	140638650	0.0284104006948375	0.185037796452621	0.877973738221833
chr5:142682003:T:C	5	142682003	-0.225805283163951	0.146121113612945	0.122266557402261
chr5:144183699:A:G	5	144183699	0.275346435464015	0.208534209927224	0.18670492059048
chr5:145690757:G:T	5	145690757	-0.523434009926094	0.296124035084515	0.0771248798217339
chr5:147282093:C:T	5	147282093	0.180788440156154	0.240608849370944	0.452424588508759
chr5:148033208:G:T	5	148033208	-0.181620648035378	0.328743204634109	0.580626612547069
chr5:151763317:T:C	5	151763317	0.172202338847321	0.203073953830926	0.396449966201897
chr5:153541577:C:T	5	153541577	0.0607125175330385	0.259987766879906	0.815357120785529
chr5:160435085:T:G	5	160435085	-0.705702595749412	0.370474938719939	0.0567983759127475
chr5:164252995:G:C	5	164252995	-0.54151928636788	0.402595295028859	0.178602282977349
chr5:168245100:T:C	5	168245100	0.203877109511749	0.211769533332923	0.335682500096722
chr5:169455657:C:T	5	169455657	-0.259454590726573	0.181369725584826	0.152565345837829
chr5:169808985:G:C	5	169808985	-0.379096534252924	0.355556612814953	0.286330606316905
chr5:172672695:T:C	5	172672695	-0.0357066476664046	0.274217954075584	0.896398183108761
chr5:173346700:A:C	5	173346700	0.322969404975893	0.219845777321817	0.141813102002524
chr5:177122146:G:C	5	177122146	0.421179216815381	0.225467791328364	0.0617587434114728
chr6:1084246:G:A	6	1084246	-0.221859060728902	0.339573086399844	0.513532592159923
chr6:3041612:C:A	6	3041612	0.270634001391719	0.173614274606957	0.119038173896365
chr6:3673174:A:G	6	3673174	-0.797972204405703	0.368859641453466	0.0305143328344929
chr6:3786319:G:C	6	3786319	0.0831494096968913	0.206980075478656	0.687885218601531
chr6:6090729:G:T	6	6090729	-0.0578496353112081	0.24561670890036	0.813798876178776
chr6:6354181:A:T	6	6354181	-0.107393307359078	0.223187176287036	0.63038824965583
chr6:6456261:T:C	6	6456261	0.228753269012579	0.175190542062523	0.191641047343192
chr6:7642514:C:G	6	7642514	0.0367993902836344	0.165614717801373	0.824159134220124
chr6:12212257:G:A	6	12212257	0.332083537167635	0.23430348901029	0.156388746609248
chr6:21494280:T:C	6	21494280	0.16887638864274	0.325990648862481	0.604429948402119
chr6:23163726:T:C	6	23163726	0.596115283190939	0.21953892451104	0.00662146269974717
chr6:23344439:T:A	6	23344439	0.0911111116459585	0.196813550729537	0.643413761427224
chr6:24077828:C:T	6	24077828	-0.212033907123324	0.375491925695886	0.572289399160922
chr6:26287827:G:A	6	26287827	-0.398303213219387	0.271359401234293	0.142156670952822
chr6:27261142:G:T	6	27261142	-0.488550622221317	0.393054153816449	0.213882544567514
chr6:31108549:A:G	6	31108549	0.225588175197641	0.194895838752745	0.247076013062755
chr6:31845997:T:C	6	31845997	-0.00225769547955198	0.214143507261303	0.99158813163064
chr6:32660000:G:C	6	32660000	0.1936089858725	0.220533209695106	0.379990898959274
chr6:33148933:A:G	6	33148933	-0.103138295693753	0.187399392215039	0.582068210994452
chr6:37400014:G:T	6	37400014	-0.244563321638539	0.219156165923846	0.264451354161131
chr6:39124093:C:T	6	39124093	0.323066844751526	0.204931167614147	0.114918643213063
chr6:45195864:C:T	6	45195864	-0.372197556138145	0.278251445805334	0.181016992418004
chr6:46738257:G:A	6	46738257	0.34340156662274	0.178434909327097	0.0542894258015544
chr6:47717919:C:A	6	47717919	0.13063866099676	0.17178698278508	0.446974341273716
chr6:48859012:C:A	6	48859012	-0.00850717733215319	0.289218120752185	0.976534088673251
chr6:49860743:T:G	6	49860743	0.251436070979296	0.177235413317962	0.155999349912357
chr6:53292416:C:G	6	53292416	0.120751824740868	0.195674851035422	0.537165822190832
chr6:54457248:C:T	6	54457248	-0.207834212889524	0.361351491796642	0.565184423227985
chr6:57513520:G:A	6	57513520	-0.111043057789895	0.240469149550834	0.64424143915633
chr6:67461006:G:C	6	67461006	-1.04520684841934	0.445264568840127	0.01890576772941
chr6:69504128:A:G	6	69504128	-0.158943702532478	0.316394530528228	0.615414874909497
chr6:81137001:T:C	6	81137001	-0.0363945609032577	0.155260020593439	0.814666398652871
chr6:84758749:C:T	6	84758749	-0.489221990332059	0.252805808904989	0.0529695479344251
chr6:86667874:G:T	6	86667874	0.323733887636647	0.337726934860684	0.337776934317493
chr6:87387916:G:T	6	87387916	-0.335572963158005	0.167012803017055	0.0445090480766157
chr6:88566465:G:A	6	88566465	-0.250094497271179	0.198945687077475	0.208717656393814
chr6:93273487:T:C	6	93273487	-0.224724434431193	0.276764979899273	0.41680972974143
chr6:97788153:C:A	6	97788153	-0.0857784119191067	0.21858801179444	0.694747558269748
chr6:98771646:C:T	6	98771646	0.0993174665578359	0.216794356416818	0.646867437075101
chr6:104918249:A:G	6	104918249	-0.044092243523736	0.225973091233616	0.845297710232115
chr6:107129138:A:G	6	107129138	0.0516766412623764	0.133271486185024	0.698197593374399
chr6:112187089:T:C	6	112187089	-0.219035759713545	0.178260459332942	0.219169297664366
chr6:118046853:T:C	6	118046853	0.134770659317158	0.202138955792177	0.504949184834734
chr6:121081137:A:G	6	121081137	-0.44264046676324	0.403659616224532	0.272830012968593
chr6:123103197:T:C	6	123103197	0.0471979900646996	0.252524710480372	0.85173555648201
chr6:127784009:G:A	6	127784009	0.258454888522863	0.183760448557767	0.159582458399747
chr6:129527930:G:A	6	129527930	-0.0935157207498533	0.19569246480865	0.632742143575474
chr6:137254996:T:C	6	137254996	-0.0422647880026418	0.144914818604222	0.770552230825421
chr6:138165202:C:G	6	138165202	0.029314542217782	0.307928177001847	0.92415653806188
chr6:139464917:T:A	6	139464917	0.289539714189483	0.30421794034689	0.341223302444325
chr6:151547601:G:A	6	151547601	0.0679165511038491	0.179899807588324	0.705784000321496
chr6:152638179:C:T	6	152638179	0.293707295115935	0.164611571793893	0.0743839407853006
chr6:153842833:G:A	6	153842833	0.118801432138187	0.254883922130483	0.641143822099397
chr6:156754666:T:G	6	156754666	0.181345013641622	0.321065502499993	0.572194514471623
chr6:160701242:A:G	6	160701242	0.131412373052281	0.242600300884771	0.588037146327641
chr6:160909689:G:C	6	160909689	-0.161719328110052	0.344043997283941	0.638316290260587
chr6:161970870:T:G	6	161970870	0.0890464362548642	0.316729909960444	0.778600626533619
chr6:162760256:C:T	6	162760256	0.255309971206188	0.186906812289083	0.171946913962931
chr6:163629327:G:A	6	163629327	-0.134434727847033	0.231812594387024	0.561962842211094
chr6:167509019:C:T	6	167509019	0.00317325185168162	0.271357309189654	0.990669752132528
chr7:6986920:C:A	7	6986920	0.131405011566532	0.484236163797115	0.786109897528205
chr7:7863676:G:A	7	7863676	0.150181762660455	0.183843854941021	0.413986455839299
chr7:8111839:A:G	7	8111839	0.218592440683766	0.182410885416467	0.230780029187146
chr7:9602661:C:A	7	9602661	0.215953404540013	0.240779954777566	0.369777016264015
chr7:10804524:T:C	7	10804524	-0.787727390959485	0.553955512342401	0.155024860944448
chr7:11334355:C:A	7	11334355	0.217502452484947	0.210935573421156	0.302478850507024
chr7:12476280:G:A	7	12476280	0.34633205352369	0.176345649763949	0.0495371963361482
chr7:12972158:C:G	7	12972158	0.0735206858866381	0.225952103065769	0.744892182241104
chr7:20850990:A:T	7	20850990	0.392729343369446	0.209255745188218	0.0605467155705186
chr7:22822020:C:A	7	22822020	-0.0280212276729875	0.167213862624006	0.866915924469116
chr7:24140802:T:C	7	24140802	0.0871800093500977	0.156036158202953	0.576355071614076
chr7:24278575:A:G	7	24278575	0.516907794097861	0.265384477487876	0.0514425484169067
chr7:24620726:T:A	7	24620726	0.106350683614839	0.205803766509625	0.605325303025832
chr7:24740434:C:T	7	24740434	0.156668584306115	0.193180489234551	0.417368026528445
chr7:28505993:C:T	7	28505993	-0.0057217747721241	0.180125324462944	0.974659043029223
chr7:36413989:G:A	7	36413989	-0.152253678719014	0.217708938018545	0.484336389270813
chr7:41157573:G:A	7	41157573	-0.602570111579377	0.414390878563351	0.145915683681635
chr7:43755241:C:T	7	43755241	0.011964398394015	0.155118877672341	0.938519720544468
chr7:44689517:A:G	7	44689517	0.143921426241966	0.188044688333134	0.444058649780162
chr7:46192346:C:G	7	46192346	-0.141175487466437	0.20881693505434	0.498994311082199
chr7:46368666:G:A	7	46368666	0.307461224565394	0.251586274412818	0.221673362146569
chr7:47748540:G:T	7	47748540	0.0824333320074739	0.284226220501302	0.77179543667336
chr7:48301675:T:C	7	48301675	0.191075948245548	0.173842095666081	0.271709144264522
chr7:51890159:C:T	7	51890159	-0.228397152123812	0.190657235042983	0.230937876678557
chr7:53046603:C:G	7	53046603	-0.0772607034510396	0.252722167202599	0.759822416425125
chr7:55663907:C:A	7	55663907	0.54267240015555	0.209193863776313	0.0094835471962349
chr7:56122201:A:G	7	56122201	-0.239432762738159	0.185734459382035	0.197358698778648
chr7:62910214:G:T	7	62910214	0.220772234054186	0.270689272373318	0.414733042443599
chr7:65406204:G:T	7	65406204	-0.13813226423833	0.359264106454243	0.70061776501677
chr7:67766433:G:A	7	67766433	0.343988697399567	0.190658739631329	0.0711981516384139
chr7:68433432:T:C	7	68433432	-0.460420466286521	0.219513741289468	0.0359532071035249
chr7:71020152:T:G	7	71020152	-0.714559907428724	0.3102274773147	0.0212596210937048
chr7:71553830:T:C	7	71553830	-0.675612888745	0.316321858009687	0.0326924545471224
chr7:78390279:T:G	7	78390279	0.151243950706273	0.187290483509038	0.419357303250365
chr7:83524616:A:T	7	83524616	0.0465598960885655	0.196206905574745	0.812424072398805
chr7:84786535:C:A	7	84786535	-0.148421315276419	0.177130882679704	0.402076250307211
chr7:86620755:G:A	7	86620755	0.118221667948642	0.223091000701545	0.596163405483404
chr7:89207269:G:A	7	89207269	-0.0236302687262081	0.18766708088662	0.89979849927258
chr7:91097147:A:G	7	91097147	0.0824425059522209	0.21047063203433	0.695275819431096
chr7:96212691:T:C	7	96212691	0.0674375420213607	0.326816245312637	0.836519891015059
chr7:103095283:G:A	7	103095283	0.128943987390216	0.330389618871325	0.696330569393541
chr7:104663551:G:A	7	104663551	-0.110230191721189	0.378615665512978	0.770944194454949
chr7:113434486:A:C	7	113434486	-0.0591219889207641	0.176381193520041	0.737478443577745
chr7:113749820:G:A	7	113749820	-0.2545201740138	0.162026195073853	0.11621559425208
chr7:117145973:C:G	7	117145973	-0.38673442310683	0.283787789066651	0.172958410508093
chr7:119808046:G:A	7	119808046	-0.246569246119046	0.284333983843801	0.385842425538122
chr7:122582926:C:G	7	122582926	-0.046926789460636	0.254119279661651	0.853492254659822
chr7:124802410:A:T	7	124802410	0.0897100566755989	0.148312439185533	0.545263981864903
chr7:129047886:A:G	7	129047886	-0.164148100537449	0.210641749604761	0.435817036010094
chr7:131384702:T:A	7	131384702	0.230730872659435	0.205405723598825	0.261312949324863
chr7:136870573:G:A	7	136870573	-0.271841063280307	0.268432476006644	0.31120437705168
chr7:142873374:T:C	7	142873374	-0.0338991178309706	0.263652661194339	0.897694018469906
chr7:143187070:C:T	7	143187070	-0.351764931047165	0.339048080908836	0.299499396381402
chr7:145116884:A:G	7	145116884	0.153828402754083	0.275072780125259	0.576006121048536
chr7:149242006:T:C	7	149242006	0.265671723781408	0.200455155002564	0.185057599524306
chr7:153502245:G:A	7	153502245	-0.0385422527100965	0.185846370607286	0.835707082072531
chr7:153952270:G:A	7	153952270	-0.00297135578896851	0.156810029340275	0.984881980753818
chr7:154426289:T:C	7	154426289	0.365328945213594	0.252333257314865	0.147672044577016
chr7:156975524:A:T	7	156975524	0.241126774004617	0.220262948448581	0.273638291045653
chr7:157677820:C:T	7	157677820	0.4118945880869	0.275814238194667	0.135338578882964
chr8:276778:A:T	8	276778	0.236822619927609	0.170612802273179	0.165115538901895
chr8:1102873:G:T	8	1102873	0.133136711243821	0.254202469122574	0.600457447207018
chr8:8710521:T:C	8	8710521	-0.181941898640926	0.221868129175159	0.412190329371131
chr8:9029509:T:C	8	9029509	0.00823813375549284	0.286764272843563	0.977081609010019
chr8:9109096:A:G	8	9109096	-0.0159754233653978	0.203277126400323	0.937359234812935
chr8:9827297:A:G	8	9827297	-0.881323770096236	0.47045952456394	0.0610234665132294
chr8:10675470:T:G	8	10675470	-0.162787291348453	0.32335325609798	0.61465858912299
chr8:13032868:C:A	8	13032868	-0.206264138246592	0.305247614620188	0.499213816786556
chr8:14391498:A:G	8	14391498	-0.320737817656257	0.408726953312731	0.432615454124676
chr8:16627132:C:G	8	16627132	-0.254322147512246	0.609434684776449	0.676452924010401
chr8:17129593:A:G	8	17129593	-0.270560309276214	0.518534511617659	0.601824359994304
chr8:20741226:C:T	8	20741226	0.244458113824071	0.204830406085411	0.232686942374804
chr8:23115837:G:A	8	23115837	0.47660769382213	0.352702190255923	0.176598240707154
chr8:25783762:T:C	8	25783762	-0.123689677073546	0.231102576454349	0.592500861144943
chr8:27010051:G:C	8	27010051	-0.0284432816499042	0.238437820093354	0.905045492502865
chr8:27022227:G:T	8	27022227	0.0853543745688132	0.182230385302107	0.639507740924238
chr8:28150898:A:G	8	28150898	0.0995451402875763	0.142122096611039	0.48366513150165
chr8:28528484:G:T	8	28528484	-0.137272199570899	0.157121358169924	0.382298053434325
chr8:29917542:C:T	8	29917542	-0.59687118324983	0.400755297293408	0.13639110259257
chr8:37085597:G:A	8	37085597	-0.535642296765959	0.353818006803315	0.130053199919172
chr8:41788192:C:T	8	41788192	-0.0908406594494249	0.232333436186734	0.695802689257842
chr8:42055528:T:G	8	42055528	-0.0110361749496003	0.359710298428198	0.975524158261309
chr8:50763512:C:T	8	50763512	0.356555916560207	0.182679792157075	0.0509609802119121
chr8:51570259:T:G	8	51570259	0.479197165655285	0.261632876072285	0.0670165134920037
chr8:53142705:G:A	8	53142705	0.481903460569866	0.242520371028219	0.0469153223605928
chr8:60609620:T:A	8	60609620	-0.0589414208000762	0.29412653515652	0.841171845649836
chr8:61304314:G:C	8	61304314	0.0761661444408994	0.199653852520599	0.702838960849019
chr8:61926940:A:T	8	61926940	-0.0237304902596436	0.188574739398948	0.899857549338499
chr8:63445672:G:A	8	63445672	0.0338891147742352	0.175091389100091	0.846527462940327
chr8:65343369:C:A	8	65343369	0.277114147149828	0.259711165235635	0.28596777806007
chr8:65418628:G:T	8	65418628	0.203436012585496	0.176823734597098	0.249937282018758
chr8:71273350:T:A	8	71273350	-0.15328777816862	0.316847023930964	0.628534114231216
chr8:72033005:T:C	8	72033005	0.379927177718474	0.25436941179857	0.13527914636931
chr8:72065200:T:A	8	72065200	-0.411980730591959	0.224991855140742	0.0670868491618223
chr8:73211475:T:C	8	73211475	0.158633413253021	0.17161213787434	0.355292794641957
chr8:75992459:A:G	8	75992459	0.162709268928072	0.239836729868633	0.497507454452309
chr8:78402394:T:A	8	78402394	0.309609678242204	0.60840966166389	0.610833839843738
chr8:79795588:T:G	8	79795588	-0.66729770112495	0.486413699480833	0.170103053772736
chr8:86323708:T:C	8	86323708	0.090224898669261	0.180896315768121	0.617944371725543
chr8:89525432:A:G	8	89525432	0.0284338234536768	0.211452047047135	0.893031430650894
chr8:92001032:A:G	8	92001032	-0.139647170552811	0.216790657072202	0.519473777127171
chr8:92645879:A:G	8	92645879	0.118444884585811	0.29279710795222	0.685823849116876
chr8:95906161:G:A	8	95906161	-0.0612816763854668	0.154197542750712	0.691055431572118
chr8:96365126:C:T	8	96365126	-0.0254347900566724	0.196687166632598	0.897107642072672
chr8:97430280:G:A	8	97430280	-0.473507359231389	0.481486746394647	0.32539702812036
chr8:98002322:C:T	8	98002322	0.0248775329184415	0.214020396469051	0.907463069254347
chr8:98018653:A:G	8	98018653	0.0723960976573204	0.256903683439411	0.778094961616116
chr8:104471980:T:G	8	104471980	-0.29603044581414	0.407067956312399	0.467087454756634
chr8:106920372:G:A	8	106920372	0.467121038129762	0.229302183797255	0.041635845177586
chr8:108142424:A:G	8	108142424	0.195922655006506	0.166511961770641	0.239343972687796
chr8:109421925:C:T	8	109421925	-0.0363144759692862	0.194148606717898	0.851625553233179
chr8:116252872:C:T	8	116252872	-0.225645493550112	0.185198616380101	0.22307303189567
chr8:116821900:C:T	8	116821900	-1.04797219831152	0.705374496490528	0.137359500235941
chr8:119015250:G:A	8	119015250	0.567614307321828	0.387166425593554	0.142628355242284
chr8:121384602:C:T	8	121384602	-0.329043574908624	0.21467409570108	0.125335334898369
chr8:127029052:C:T	8	127029052	0.0172950018802106	0.179663348112103	0.923311391282177
chr8:128437247:A:G	8	128437247	-0.164610837835106	0.230119786919122	0.474407166934643
chr8:131111695:G:T	8	131111695	0.239612752232874	0.324135856893619	0.459763970289967
chr8:131315237:G:A	8	131315237	-0.147132076030275	0.198577138262542	0.458734916576746
chr8:135895676:A:T	8	135895676	-0.262256758116293	0.312026572728325	0.400630932822661
chr8:138585221:A:T	8	138585221	-0.541536711415955	0.405011356246995	0.181193198840154
chr8:141605122:C:T	8	141605122	0.31082314047679	0.224989541295999	0.167125156037744
chr9:733358:A:C	9	733358	-0.12535078094743	0.199654743562645	0.530110246896954
chr9:5461379:C:T	9	5461379	0.35202765430477	0.182157191232373	0.0532918096568527
chr9:11397008:T:G	9	11397008	-0.0409056975742195	0.233053586935512	0.860670611990946
chr9:11517950:T:C	9	11517950	0.09932386189375	0.310292999210872	0.748894790671681
chr9:11955148:T:G	9	11955148	-0.392173501026896	0.299588520934157	0.190520639280095
chr9:12389360:A:G	9	12389360	0.232681947961241	0.225878072221319	0.302952787956015
chr9:12615226:G:C	9	12615226	0.103936639537026	0.15983298143325	0.51550956184888
chr9:13582959:T:A	9	13582959	-0.111981297348424	0.349206439563882	0.748457731323256
chr9:13820455:C:G	9	13820455	-0.21754984558213	0.344131869896428	0.527275795618593
chr9:14098421:G:A	9	14098421	-0.00875964654380988	0.162098948775493	0.956904183283471
chr9:18952915:A:G	9	18952915	-0.375545807032525	0.171950836330633	0.0289600342982841
chr9:21476808:G:A	9	21476808	-0.706274541163658	0.404841221952282	0.0810594495430323
chr9:29651949:A:G	9	29651949	-0.15997190366294	0.175872284761711	0.363038077872622
chr9:32058643:A:T	9	32058643	-0.295653517294588	0.213478102940601	0.166072027382856
chr9:37013405:C:T	9	37013405	0.178463741460248	0.140726325971437	0.204740199453258
chr9:37992585:C:T	9	37992585	-0.119325434689025	0.20007966837644	0.550914982174546
chr9:72294932:G:A	9	72294932	-0.0587521459709308	0.346080461990575	0.865195416092585
chr9:73616570:C:T	9	73616570	-0.0696376338145371	0.375626107131208	0.852922504439482
chr9:76464251:C:G	9	76464251	0.189876559803899	0.236836687435995	0.42271530862772
chr9:79067117:C:T	9	79067117	0.207510480765936	0.306234733562846	0.498013281867896
chr9:82773489:T:C	9	82773489	0.628362935146093	0.250952622819411	0.0122829062344054
chr9:89995415:A:G	9	89995415	-0.528343231068499	0.253780966635593	0.0373528156106639
chr9:91844381:C:T	9	91844381	0.211391825855722	0.246121296105941	0.39039962464608
chr9:94568472:C:A	9	94568472	0.0298526395501362	0.182409455785918	0.870000931634606
chr9:95559980:C:T	9	95559980	-0.692355439857894	0.711841606749665	0.330739365657967
chr9:96162075:C:T	9	96162075	-0.542528768990148	0.241693860229435	0.0247877805462313
chr9:97240484:A:G	9	97240484	0.140911448568292	0.35600147513565	0.692240008449279
chr9:100192956:A:G	9	100192956	-0.161125565719782	0.242194382346329	0.505875415061602
chr9:100529836:G:C	9	100529836	-0.0273226727193159	0.201811025875973	0.892305575431599
chr9:101460357:C:T	9	101460357	-0.0975984269263691	0.217828369641575	0.654115700851405
chr9:103293239:C:G	9	103293239	0.259775431284186	0.218774145643521	0.235064454319419
chr9:105684376:G:T	9	105684376	-0.0626645811429469	0.362293995685041	0.862678070644097
chr9:106822394:G:C	9	106822394	-0.467176157778376	0.359263769934831	0.193473872939374
chr9:107904127:G:A	9	107904127	-0.0958096510770452	0.195691560330217	0.624420364839555
chr9:117420412:T:C	9	117420412	-0.0749466310607043	0.202273149218047	0.710993663889569
chr9:117972207:C:A	9	117972207	0.139795850271303	0.157810527411024	0.375700430015529
chr9:118511323:G:A	9	118511323	0.113068707411996	0.367691910002566	0.758455692480472
chr9:121356498:A:G	9	121356498	0.246456613077889	0.262080375702689	0.347019802487612
chr9:124044726:T:G	9	124044726	-0.0957795197842455	0.187634109070443	0.609729931115053
chr9:125005426:C:T	9	125005426	-0.1114618754934	0.338538376815261	0.741970941651728
chr9:129533341:A:G	9	129533341	0.0759972188547369	0.197323066708298	0.700132894309687
chr9:136630984:C:T	9	136630984	0.162378407539555	0.152011497300453	0.285431117316686
chr10:2050300:A:G	10	2050300	-0.0393215800807913	0.192612801437633	0.838237594406765
chr10:3113976:C:T	10	3113976	0.310130081692666	0.229344556941445	0.176296880970493
chr10:4591592:T:C	10	4591592	0.194602714479565	0.204131630384941	0.340428088639792
chr10:7462546:C:T	10	7462546	-0.383547612894834	0.198029948911975	0.0527678150733467
chr10:7849544:T:G	10	7849544	-0.0192263395684981	0.289682048537756	0.947082863779666
chr10:9367893:G:A	10	9367893	0.107072929797908	0.21874037128586	0.62448931401496
chr10:10628189:C:T	10	10628189	0.470312729809188	0.226781546880991	0.0380924988081437
chr10:14014383:T:C	10	14014383	-0.248692422562246	0.243714585034247	0.307527006213849
chr10:16341555:C:T	10	16341555	0.360137315300386	0.202449357453023	0.0752560339345429
chr10:18075702:C:T	10	18075702	-0.197713023083866	0.373903218884888	0.596957184552968
chr10:20923823:C:G	10	20923823	0.377009206983085	0.332041669187012	0.256196287417989
chr10:26220185:A:C	10	26220185	0.235202710714555	0.421652087035343	0.576972578485586
chr10:27289376:T:C	10	27289376	-0.323806771721619	0.216288557547857	0.134365829773597
chr10:27674317:A:G	10	27674317	-0.228637742887164	0.229383722512823	0.318886894703727
chr10:28771902:G:A	10	28771902	-0.0462606082609806	0.195391933746654	0.812844517259119
chr10:28891836:C:T	10	28891836	-0.19399525417855	0.229955292868568	0.398880885140388
chr10:30622484:G:A	10	30622484	-0.584648759930456	0.286776711968165	0.0414809955726527
chr10:35177843:G:T	10	35177843	0.0727592912468909	0.223339790147994	0.744591982442194
chr10:43613180:G:A	10	43613180	0.439853467676208	0.207880409062307	0.034353595743833
chr10:44139011:T:C	10	44139011	-1.08233165637626	0.439114691680772	0.0137088210902682
chr10:45036473:A:G	10	45036473	0.0258511421828683	0.170645555574698	0.879588981540117
chr10:51560095:T:G	10	51560095	-0.162049662951258	0.206510413725707	0.4326268096848
chr10:54072488:A:G	10	54072488	0.146204354303675	0.172177904698913	0.395799490474311
chr10:54082016:C:T	10	54082016	0.0314995163062397	0.155639135674689	0.839613293812463
chr10:55299918:G:C	10	55299918	0.244152688228218	0.198914380329176	0.219662507769477
chr10:56747004:T:C	10	56747004	-0.275495296948444	0.356714349118251	0.439928789055935
chr10:57761967:T:C	10	57761967	0.164898638732572	0.183540368679145	0.368954997568771
chr10:61894829:G:A	10	61894829	0.43946774661101	0.349045283311815	0.208009910624645
chr10:62473064:C:G	10	62473064	0.0405923118350477	0.523206350100506	0.938159167256266
chr10:65713195:A:G	10	65713195	-0.134401133150265	0.47552248252055	0.777453687141433
chr10:69232402:C:A	10	69232402	0.1808555201252	0.196336612115188	0.356971986054793
chr10:79437519:C:T	10	79437519	0.561248154502123	0.220503672260625	0.0109183666372498
chr10:81546102:G:A	10	81546102	-0.205682264985181	0.288160953254016	0.47536593339385
chr10:82354363:C:G	10	82354363	0.138906704156597	0.256553564493251	0.588208795780228
chr10:84591955:C:T	10	84591955	0.0163318495523903	0.251670168738674	0.948258506593062
chr10:84989741:G:A	10	84989741	0.244525825950389	0.195468302652651	0.210943848669184
chr10:86779196:C:A	10	86779196	0.465042796369078	0.203267897128186	0.022147307464609
chr10:91053424:A:C	10	91053424	0.232317195950572	0.20985749078555	0.268283722873645
chr10:93612452:G:A	10	93612452	0.0729888656748228	0.258794847824001	0.777917678176185
chr10:93671121:T:C	10	93671121	-0.322687867141694	0.223814828898371	0.149369334897248
chr10:101249704:C:T	10	101249704	-0.130694435609633	0.396545580637772	0.741715539302558
chr10:102352980:T:C	10	102352980	-0.536165404595673	0.26487706632953	0.0429490934204914
chr10:104637359:T:C	10	104637359	-0.41147401376552	0.299910075952422	0.170066147449552
chr10:108480456:T:C	10	108480456	-0.121582535424352	0.225261619338081	0.589376873957566
chr10:109264424:C:T	10	109264424	-0.156026356639674	0.264818545756978	0.555739098874035
chr10:111352001:T:G	10	111352001	0.2524474013913	0.28981895712333	0.383725724960489
chr10:118828443:C:T	10	118828443	-0.326162053110829	0.217031624243138	0.132882391772205
chr10:120152982:A:G	10	120152982	-0.38270054358349	0.363402470423004	0.292293394905924
chr10:121580593:A:G	10	121580593	-0.148025281620661	0.28770242645414	0.606896670406173
chr10:121611573:C:G	10	121611573	-0.14688880086302	0.249144299857777	0.555476826922095
chr10:121734173:T:C	10	121734173	0.0130337966195338	0.153762834649442	0.932447754281794
chr10:121910644:T:A	10	121910644	-0.0111144313403427	0.305127014622817	0.970943010348661
chr10:122561189:A:G	10	122561189	-0.278431828445473	0.275022890366372	0.311349177062259
chr10:123750431:C:G	10	123750431	-0.182206164729293	0.218268876414336	0.403842434711942
chr10:127533155:T:C	10	127533155	0.0768624731045538	0.156177825577513	0.622615316403526
chr10:129953349:A:G	10	129953349	-0.0821224498780794	0.239388601794415	0.731560248131824
chr10:130263340:C:T	10	130263340	0.428141832743459	0.272982000693206	0.116790491454164
chr10:130662147:G:T	10	130662147	0.295784861958368	0.22207352710237	0.182885457479396
chr10:131485315:A:G	10	131485315	-0.367478763047126	0.364870145909152	0.313862965717734
chr10:131819683:A:G	10	131819683	-0.144132641044592	0.180240544181965	0.423903031410858
chr10:131953941:A:C	10	131953941	-0.00898249014472167	0.215949652578765	0.966821321678913
chr11:388357:C:T	11	388357	-0.0686956528650137	0.264633067457104	0.795181348394758
chr11:2257707:C:T	11	2257707	0.0419883639775041	0.179944231679656	0.815496636647735
chr11:3623903:G:A	11	3623903	-0.00216146677822349	0.238316037993885	0.992763486077312
chr11:5806222:C:T	11	5806222	0.012035864597531	0.22479698222885	0.957300830986078
chr11:9789492:C:A	11	9789492	0.123948675603335	0.200630730696227	0.53671043597874
chr11:14569664:T:G	11	14569664	0.217702604337085	0.219620796253751	0.32155576352225
chr11:21819583:A:G	11	21819583	0.556900756832272	0.217016820785289	0.0102830191290086
chr11:36019710:C:A	11	36019710	0.076665187459596	0.176672689795293	0.664332667707861
chr11:39635569:C:T	11	39635569	0.172627794161673	0.166446888044658	0.299673223015262
chr11:40512905:C:G	11	40512905	0.388849240116624	0.226005405635301	0.0853360170732664
chr11:41632790:A:T	11	41632790	-0.445102190963354	0.270536908010892	0.0999172429275728
chr11:42744986:A:G	11	42744986	0.372339375893934	0.207131644109023	0.0722407763257402
chr11:43201079:C:T	11	43201079	-0.781144098748403	0.359930251239717	0.0299867612993477
chr11:43982585:G:A	11	43982585	0.259034469315496	0.31577493264471	0.412037359816355
chr11:44330300:A:G	11	44330300	0.151330098765296	0.172196385142016	0.379497395278546
chr11:49875094:A:G	11	49875094	0.151728436562875	0.171932536293458	0.377512851554079
chr11:50253126:G:T	11	50253126	-0.276602177724245	0.250375923128907	0.2692690104717
chr11:55906271:G:A	11	55906271	0.27151025998772	0.186294495896542	0.144999093907519
chr11:56124264:C:A	11	56124264	-0.392066452790989	0.38129367011715	0.303830719107837
chr11:57305789:G:A	11	57305789	0.0995980940312079	0.151071540656404	0.509717475924307
chr11:58998793:A:C	11	58998793	0.12939282919336	0.222477212154015	0.560835892773311
chr11:60456695:C:T	11	60456695	0.295833226257734	0.375491871234505	0.430781403965579
chr11:62505064:A:G	11	62505064	-0.346861350640535	0.489329680534275	0.47841755753285
chr11:63184971:C:T	11	63184971	0.0900168105920956	0.208826242893573	0.666424151143679
chr11:65009160:T:C	11	65009160	-0.785095343584709	0.453289055519862	0.0832740732956984
chr11:70801858:T:C	11	70801858	-0.148722891141722	0.199344690511817	0.455631803359378
chr11:71334794:T:G	11	71334794	-0.0863282012718188	0.251760836658679	0.731675453703713
chr11:72713691:C:T	11	72713691	0.0696657170072431	0.299390885561326	0.816000962924172
chr11:77208574:G:A	11	77208574	-0.00667230458009722	0.231826879689473	0.977038927041696
chr11:77376654:A:G	11	77376654	0.162297106292415	0.259595922994537	0.531845527090652
chr11:77897055:A:G	11	77897055	0.0222738363712016	0.270443780589196	0.934360188686369
chr11:79339250:G:A	11	79339250	0.00172087998225928	0.421263905387385	0.99674061857082
chr11:81783030:C:T	11	81783030	-0.009003243916637	0.177451062110973	0.959535499812003
chr11:83962252:C:T	11	83962252	0.115789229698112	0.235602164670141	0.623100566744196
chr11:86328783:G:T	11	86328783	-0.372516326244819	0.227300750267601	0.101240386619858
chr11:86644523:C:T	11	86644523	-0.294524813771404	0.229888826943673	0.200136794069803
chr11:93046218:A:C	11	93046218	-0.0605135548865671	0.16654899057813	0.716352510020113
chr11:99371984:G:C	11	99371984	0.196231969960236	0.169069930050057	0.245781963478335
chr11:100626548:G:A	11	100626548	0.158591605290969	0.379445976599935	0.675979513617426
chr11:104129521:G:A	11	104129521	0.0360715436968825	0.297469192739357	0.903483958264278
chr11:108728662:A:G	11	108728662	-0.821489977601115	0.446874570255484	0.0660180611318223
chr11:110338613:G:A	11	110338613	0.288602281269246	0.255638411191175	0.258920086850892
chr11:110396347:G:A	11	110396347	-0.019536063203897	0.219992332067686	0.929238169496174
chr11:113789228:G:C	11	113789228	-0.00050703681087723	0.358788624466554	0.998872437193064
chr11:113800784:C:T	11	113800784	0.259710837527521	0.259538723439393	0.316989686668966
chr11:115616504:A:T	11	115616504	0.1194185904811	0.207731761520544	0.565379765170329
chr11:119630310:G:A	11	119630310	0.0094940491752367	0.193931447575942	0.960954602293992
chr11:123267436:G:A	11	123267436	0.0197378504306591	0.181787926751775	0.913538603271109
chr11:125907492:T:C	11	125907492	-0.185741834043905	0.175172963119388	0.288992714499091
chr11:126829359:G:A	11	126829359	0.162137277653135	0.207906183616291	0.435474527239016
chr11:130038952:T:C	11	130038952	0.061070195675863	0.282007880618074	0.828555216062044
chr11:130290657:C:T	11	130290657	-0.202162820279829	0.314950520610261	0.520946193869915
chr11:131355535:G:A	11	131355535	0.0377037237245312	0.149048320769142	0.800296735935685
chr11:133238417:A:G	11	133238417	0.0799327759911425	0.227801849276166	0.725672899066426
chr11:133300920:A:C	11	133300920	-0.162790460700382	0.604114318681975	0.787568311442099
chr11:133409278:A:G	11	133409278	-0.101911551938397	0.425308575778528	0.810626479216661
chr11:134309503:C:T	11	134309503	-0.378469567916639	0.207973427612089	0.0687898161639756
chr12:5192681:C:T	12	5192681	0.150740600484098	0.191415624560694	0.430986794604997
chr12:5448727:G:A	12	5448727	0.135718999528226	0.162468646567208	0.403517847311197
chr12:6639294:C:T	12	6639294	-0.106941714968747	0.213987244227567	0.617245889634165
chr12:19523028:C:A	12	19523028	-0.290195193671524	0.252199520148985	0.249873290964564
chr12:19758400:A:T	12	19758400	0.48818430913521	0.280163411537022	0.0814212632037057
chr12:20003679:T:A	12	20003679	-0.314437552215051	0.34512000199666	0.362244642913213
chr12:21333090:G:A	12	21333090	-0.0511947659819589	0.177823581607668	0.773426055598653
chr12:25518059:A:T	12	25518059	0.0216784697566961	0.227493476139517	0.924082333203457
chr12:28965843:C:T	12	28965843	0.0266300489079587	0.177095579379404	0.880471877243915
chr12:32086665:A:C	12	32086665	-0.0712154526178498	0.254622275387681	0.779714903875159
chr12:44631613:C:T	12	44631613	0.395855080228788	0.332065234834325	0.233221902678101
chr12:48567461:T:G	12	48567461	-0.107813130149739	0.223594550474887	0.629677098991748
chr12:51039498:T:C	12	51039498	-0.655788967624027	0.425099047809841	0.12291005371828
chr12:52880890:G:T	12	52880890	-0.184176120833397	0.328026756441888	0.574479382730109
chr12:53646626:C:G	12	53646626	-0.0318665847927455	0.26882331857536	0.905639011420247
chr12:53680144:C:A	12	53680144	0.0190056370116531	0.19893390635762	0.923887949960341
chr12:54366280:G:A	12	54366280	-0.286980549148498	0.209183851845324	0.170092750411092
chr12:55599330:T:C	12	55599330	-0.34484732487117	0.325840855276023	0.289904779116443
chr12:56675083:C:T	12	56675083	-0.200667760713591	0.165244775932769	0.224607708338755
chr12:57436134:C:T	12	57436134	-0.0673867066386632	0.194818805159916	0.729422181812256
chr12:58724212:C:T	12	58724212	-0.157867215086346	0.223895980095112	0.480753121802396
chr12:59048769:A:C	12	59048769	0.0682150234153174	0.261379611911902	0.79410742226575
chr12:59161225:G:A	12	59161225	-0.0990033969600203	0.322422054311703	0.758796567820246
chr12:59226687:C:T	12	59226687	0.315445044519131	0.203463086920279	0.121050402255802
chr12:63113400:T:C	12	63113400	-0.0425169690882081	0.269176174340501	0.874494464170127
chr12:64271340:C:T	12	64271340	-0.0102814108242165	0.235946297926635	0.965243007938566
chr12:64756705:C:T	12	64756705	-0.064810344223622	0.171922838702707	0.706193341795083
chr12:67050802:C:T	12	67050802	-0.264947283027754	0.250573048594954	0.290344835591094
chr12:71564908:A:G	12	71564908	-0.0684950197960319	0.311021173285768	0.825694971084513
chr12:73909094:G:A	12	73909094	-0.000635284606180139	0.17061967093034	0.997029166654623
chr12:81126959:G:A	12	81126959	0.419104693606417	0.160814032888386	0.00915676790266606
chr12:83608380:A:G	12	83608380	0.241256927112493	0.190340097837564	0.204974962023227
chr12:90727178:A:C	12	90727178	0.0819799591603982	0.191619559006814	0.668777313223476
chr12:92596791:C:T	12	92596791	0.373197164783926	0.176148615542493	0.0341201046117587
chr12:95914573:A:T	12	95914573	-0.0692552736381968	0.221851154751097	0.754911334776835
chr12:101611098:G:C	12	101611098	0.12920325460692	0.199927575681595	0.518117272678636
chr12:105967464:T:C	12	105967464	0.0527404175432779	0.204994609548465	0.796964873350325
chr12:109533295:C:T	12	109533295	0.255449250835545	0.246944434212848	0.300930417589763
chr12:112209515:G:A	12	112209515	0.333307697626306	0.258885307398283	0.197929670643986
chr12:120976632:C:A	12	120976632	-0.0975610270580717	0.336530824326828	0.771891056881119
chr12:125875525:T:C	12	125875525	-0.132284722687355	0.211853343587947	0.532354093715266
chr12:126449337:A:G	12	126449337	-0.267271673934038	0.174691154110293	0.126024935803459
chr12:131091094:G:A	12	131091094	0.0357196378785064	0.200029116727296	0.858273630894739
chr12:132776953:G:A	12	132776953	-0.0875421079952346	0.35444594591427	0.804921413514587
chr13:19545220:A:G	13	19545220	-0.16907972800748	0.288981066201582	0.558487677155357
chr13:22977365:T:G	13	22977365	0.0236603233757439	0.256538830748129	0.926516086556231
chr13:24330599:T:C	13	24330599	0.0455933215197547	0.265082331180478	0.863440018581721
chr13:24623185:A:C	13	24623185	-0.092723877891096	0.220866194147267	0.674617508064671
chr13:25202506:T:G	13	25202506	-0.450029070911118	0.504251086631933	0.372140955664315
chr13:26234118:A:T	13	26234118	-0.292823305388251	0.221446003047277	0.18606037313992
chr13:26494236:G:A	13	26494236	-0.147465627016881	0.169835454741155	0.385238173149158
chr13:27255876:A:G	13	27255876	-0.412444136942247	0.34241586374981	0.228391611333143
chr13:42909938:A:G	13	42909938	-0.0409376892056626	0.218689643698908	0.851507453308638
chr13:45470952:C:T	13	45470952	0.354836364557104	0.268642920230466	0.186552174526115
chr13:45708351:G:A	13	45708351	-0.382484867821987	0.301282780058034	0.20425524448527
chr13:45809177:C:G	13	45809177	-0.0786707640636136	0.201906176526111	0.696802617746028
chr13:50558767:A:T	13	50558767	0.0251314528519606	0.24012031698985	0.916644081224817
chr13:58710908:G:A	13	58710908	-0.107391488535299	0.236141131128886	0.649269881705879
chr13:58934154:C:T	13	58934154	0.167654944842206	0.200564936864198	0.40320354893049
chr13:70397215:T:C	13	70397215	-0.0322519616906399	0.187979902326418	0.863774549215332
chr13:70990050:T:C	13	70990050	-0.330763151394313	0.36109657186351	0.359668795415595
chr13:75832713:T:C	13	75832713	0.369511674349684	0.223134710916189	0.0977212805649704
chr13:86776101:G:A	13	86776101	0.362002362840769	0.183492048648043	0.0485126082527193
chr13:91472230:T:C	13	91472230	0.153696633515721	0.228391533387661	0.500977565807575
chr13:93235990:C:T	13	93235990	0.202795173388438	0.195675451850718	0.300022398080121
chr13:96765286:G:A	13	96765286	0.0781189341847916	0.187176478627539	0.676419175101504
chr13:102180181:A:G	13	102180181	-0.0362767042582014	0.274159831200429	0.894731548231914
chr13:104405113:C:T	13	104405113	0.0985658989241207	0.236823868411428	0.677264262548183
chr13:106009559:G:C	13	106009559	0.0941577600980952	0.254189650947474	0.711067142755306
chr13:106084136:A:G	13	106084136	-0.0704093713907887	0.200482074688319	0.725438060323003
chr13:112716578:T:C	13	112716578	0.0550714294473383	0.234123532015939	0.814035025899554
chr14:21167555:A:G	14	21167555	0.295373178185435	0.249850925160455	0.237127282330011
chr14:26929954:A:G	14	26929954	0.145329691564876	0.170514079744818	0.394045844237843
chr14:27823594:G:A	14	27823594	-0.0485971149694261	0.186256177864364	0.794157707947529
chr14:34182794:A:C	14	34182794	-0.0317286512012607	0.343357687447745	0.926374684099842
chr14:38216062:T:A	14	38216062	0.12628404502834	0.203963474842572	0.535817354671258
chr14:38962987:G:A	14	38962987	-0.381917686894402	0.387443303409257	0.324261570571349
chr14:39925237:C:T	14	39925237	-0.316028799907513	0.248079463730182	0.202698328262776
chr14:44446011:A:G	14	44446011	-0.0823844607101437	0.259225526708064	0.750629076293208
chr14:48685878:C:A	14	48685878	-0.366469258245476	0.263757907627667	0.164706516709586
chr14:51426205:T:C	14	51426205	-0.0546007597450657	0.206640943147582	0.791602608597846
chr14:52881822:T:G	14	52881822	0.110260066309658	0.280011933897781	0.693751469331824
chr14:53358297:A:G	14	53358297	-0.164221814684816	0.227200988178933	0.469800223974632
chr14:56254615:G:A	14	56254615	0.133468905516813	0.174934218089361	0.445483520070317
chr14:57978070:T:C	14	57978070	0.226460620936106	0.169833768613587	0.182392318658902
chr14:62445185:T:C	14	62445185	0.202058003076585	0.186102049047973	0.277595074392872
chr14:67518615:G:A	14	67518615	0.185349319074612	0.159422686502206	0.244980363732829
chr14:68863518:T:G	14	68863518	0.109099091349266	0.164083400993969	0.506114307495492
chr14:77734277:G:A	14	77734277	0.155893722071968	0.216941362086151	0.472388381374859
chr14:81022028:G:A	14	81022028	-0.353216563542012	0.447430045542711	0.429858295214399
chr14:81884763:T:G	14	81884763	-0.246216677120783	0.448176856230408	0.582748866905002
chr14:82929256:T:A	14	82929256	0.5581845470181	0.320231396277015	0.0813220387742337
chr14:84531019:T:G	14	84531019	-0.170811766919833	0.224270551998524	0.446279303523199
chr14:84812257:C:T	14	84812257	-0.513824174713001	0.569576686149763	0.366995312885487
chr14:90804831:C:G	14	90804831	0.103206724681848	0.21419690027932	0.629925945826715
chr14:91397629:G:T	14	91397629	0.112616632507899	0.218169157354602	0.605722049448693
chr14:91532430:A:C	14	91532430	-0.748760769374908	0.561747816411126	0.182560471483785
chr14:91961156:T:C	14	91961156	0.174991955094321	0.203765530215073	0.390455964821924
chr14:92998270:C:G	14	92998270	0.095495894413132	0.279408859402517	0.732517715902621
chr14:93757265:G:A	14	93757265	-0.166695669531787	0.35151581412936	0.635343356972422
chr14:93769225:C:T	14	93769225	-0.46720404279973	0.408270910365735	0.252479300546017
chr14:98340169:A:G	14	98340169	0.0751863669880455	0.194567087087984	0.699178968088403
chr14:100721312:C:T	14	100721312	-0.0363113397385817	0.249292723184542	0.884191821323587
chr14:102093442:A:G	14	102093442	0.233534184557341	0.22389734684048	0.296929155281494
chr15:24165057:A:G	15	24165057	0.158730715709163	0.230147340865659	0.490388073035292
chr15:26353849:A:G	15	26353849	0.248264664197996	0.250256597522858	0.321177800454373
chr15:28182824:G:A	15	28182824	-0.4270365957488	0.538339326854403	0.427633345100056
chr15:33665926:A:G	15	33665926	0.0595806300711344	0.252975660331624	0.813805763349914
chr15:34880184:A:T	15	34880184	0.0316988903714881	0.174404414987324	0.855774929333808
chr15:37080410:C:T	15	37080410	-0.0986138804959275	0.201163639092349	0.623980194747339
chr15:37762539:C:G	15	37762539	0.121949165422977	0.292179123798957	0.676401876213989
chr15:52558833:C:G	15	52558833	0.151793089557548	0.18989782601477	0.42409279853482
chr15:55712443:A:G	15	55712443	0.584911509832902	0.216329537112949	0.00685518149943654
chr15:57522102:A:T	15	57522102	-0.39965522345801	0.204759825393938	0.0509590562718545
chr15:57590535:T:C	15	57590535	0.516885038091674	0.236268059606342	0.0286910289086949
chr15:58439508:G:A	15	58439508	-0.145864792343102	0.461929773859156	0.752175073060187
chr15:69786285:T:C	15	69786285	-0.0309362172125835	0.181085003985067	0.864351073469807
chr15:71331250:T:C	15	71331250	0.0676017832434611	0.280240184579233	0.809378399651943
chr15:74245092:G:C	15	74245092	0.212464136852541	0.195720052163465	0.277677601417953
chr15:76807237:T:C	15	76807237	0.0828913932641412	0.263097184979054	0.752716115209625
chr15:77734259:G:A	15	77734259	0.0982194283747851	0.179758924407259	0.584794251831473
chr15:79750604:G:T	15	79750604	-0.126123624693251	0.230674088231151	0.584542851997123
chr15:81697597:G:A	15	81697597	-0.192652828208323	0.161455765269998	0.232781817416797
chr15:87989871:C:T	15	87989871	-0.437907495457067	0.189097441892377	0.0205704509067577
chr15:88891382:T:C	15	88891382	0.10369005361456	0.15974387252569	0.5162725039553
chr15:89804552:C:T	15	89804552	-0.791784884052139	0.56258712517274	0.159308935489146
chr15:94791129:A:G	15	94791129	0.252092467339275	0.208881109399795	0.227481986210072
chr15:97043895:A:G	15	97043895	0.202474977481744	0.221237467160873	0.360090327838235
chr15:98725394:C:T	15	98725394	0.18186889414061	0.293400523615709	0.535346269597181
chr15:100978492:T:G	15	100978492	0.343767826738928	0.192304185380738	0.0738364811370876
chr16:2671727:C:T	16	2671727	-0.0220317310020351	0.259899239125708	0.93244402242001
chr16:4957642:T:C	16	4957642	-0.106581792390926	0.192040343357232	0.57889679097408
chr16:5603936:C:T	16	5603936	0.296464733567495	0.333144353728582	0.373520271937779
chr16:5884026:G:T	16	5884026	-0.274817719705705	0.166929398243102	0.0996997272427095
chr16:6848656:G:A	16	6848656	0.180315229925236	0.163844417491999	0.27110250666837
chr16:7909855:G:A	16	7909855	-0.199569581557707	0.132480923811344	0.131963905026323
chr16:8273542:C:G	16	8273542	0.0680964258679612	0.19971699869843	0.733130234316941
chr16:12394716:C:T	16	12394716	-0.0843140901810963	0.349320791082621	0.80927162137475
chr16:13985277:C:A	16	13985277	-0.75641526955795	0.45857618589804	0.0990479880324067
chr16:17779668:G:A	16	17779668	0.238103743211118	0.215647276120745	0.269534504263233
chr16:29740733:G:C	16	29740733	0.0432660872361868	0.279846217901205	0.877131424362477
chr16:31127124:G:A	16	31127124	-0.088123097906739	0.155237962283764	0.570262723870803
chr16:56688556:C:T	16	56688556	0.143293092854042	0.169297708528556	0.397331244812575
chr16:60324635:A:C	16	60324635	-0.0971709701398664	0.220788291965187	0.659857980933126
chr16:60499572:C:T	16	60499572	-0.269635897314648	0.209805067620528	0.198731688001687
chr16:62273123:C:T	16	62273123	-0.0935585758381767	0.153344344023034	0.541781780463149
chr16:65972427:C:T	16	65972427	-0.0675824676519729	0.183161971033946	0.71214522218124
chr16:69246420:T:C	16	69246420	0.062039869958364	0.187754762987113	0.741074820583495
chr16:71908403:G:A	16	71908403	0.252291025553998	0.18606822289088	0.175129068444982
chr16:72103328:C:A	16	72103328	0.0622543512493607	0.161211772997432	0.699374441221132
chr16:74837740:A:C	16	74837740	-0.0391112385954831	0.282393645054789	0.889846056669236
chr16:79886631:C:T	16	79886631	0.053307309215294	0.257508604934014	0.836000675209839
chr16:81396153:C:A	16	81396153	0.157312369217792	0.160835513978175	0.328027472240078
chr16:82294878:C:G	16	82294878	-0.159633819359706	0.240505995675867	0.506855749147267
chr16:82421890:A:G	16	82421890	-0.323420279395366	0.24182914645595	0.181094831041614
chr16:83827178:T:C	16	83827178	-0.125546111488833	0.187386895231822	0.502868364477653
chr16:84032337:C:T	16	84032337	-0.0586732078257218	0.422049250548375	0.889434492681983
chr16:89303022:G:A	16	89303022	-0.256158857574832	0.346330376577847	0.459520114829854
chr16:89331863:A:T	16	89331863	-0.312617100083261	0.2573243628367	0.224413525858929
chr16:89337630:T:C	16	89337630	-0.0988263454103086	0.234406589477615	0.673315364109583
chr16:89479873:T:G	16	89479873	-0.439345073957809	0.230880732552021	0.057052392114023
chr16:90035976:C:A	16	90035976	0.0223384147399534	0.187403577191668	0.905117294142097
chr17:2489248:C:G	17	2489248	-0.180154211932335	0.253216414154603	0.476797120940636
chr17:4018176:C:A	17	4018176	0.403702610756602	0.232558373564025	0.0825780729860066
chr17:4147521:T:C	17	4147521	-0.315021971402381	0.284358612476623	0.267933768167968
chr17:6949267:T:C	17	6949267	-0.314107492281558	0.200447264686902	0.117106962274935
chr17:7929448:A:G	17	7929448	-0.0660469548629965	0.182197530052781	0.716976987371047
chr17:10308301:C:T	17	10308301	-0.379945252068979	0.484169947985561	0.432608778152142
chr17:12174148:T:C	17	12174148	-0.0893560501422465	0.235189107973118	0.703995318374218
chr17:14402381:C:T	17	14402381	0.542112454448558	0.259459108405724	0.0366722188584206
chr17:15219976:C:T	17	15219976	0.337682242131248	0.22692109102293	0.136723400328753
chr17:16482403:T:A	17	16482403	0.0745998015021524	0.225719487479571	0.741023829661834
chr17:18684803:A:G	17	18684803	0.441551057328879	0.223928929066348	0.0486283651265804
chr17:20040710:T:C	17	20040710	0.0599717033691332	0.218263973086519	0.783495371489324
chr17:21275023:A:C	17	21275023	-0.0647169903198043	0.166911099382844	0.698213414708981
chr17:30609729:C:T	17	30609729	-0.20053891441877	0.317076776620801	0.527085233305701
chr17:31554254:C:T	17	31554254	0.527632117377001	0.212755708092381	0.0131385913512021
chr17:33472425:T:G	17	33472425	0.0342530506775472	0.220318828750739	0.876450508154077
chr17:44156671:T:A	17	44156671	-0.201107655070036	0.193146197777648	0.297773525159819
chr17:45754773:C:T	17	45754773	-0.022466634286558	0.192001921959429	0.906850109194576
chr17:48779278:C:T	17	48779278	0.383713131132352	0.165792889668531	0.0206451075639276
chr17:52703044:C:G	17	52703044	0.152618057221236	0.251328310351904	0.54368781133062
chr17:53282498:G:T	17	53282498	0.0435369111169702	0.188185243563941	0.817041853001054
chr17:58411807:C:T	17	58411807	0.213324157686176	0.232083821857545	0.358007401105141
chr17:61409438:A:G	17	61409438	-0.0119207243922019	0.187570944179546	0.94932603699087
chr17:61905160:C:T	17	61905160	0.108790657668015	0.267299260159277	0.684008376218546
chr17:66262233:G:T	17	66262233	-0.0230989825875617	0.136388901773579	0.865512572129919
chr17:66751216:C:T	17	66751216	0.114150223862158	0.132105700954801	0.38754257370115
chr17:66971178:A:G	17	66971178	-0.450881203686844	0.441824245212596	0.307491859773912
chr17:68771033:G:A	17	68771033	0.0372019572152339	0.164411999830736	0.820989282250279
chr17:69081332:C:T	17	69081332	-0.0844989077819263	0.219425058940636	0.700169008485024
chr17:69213412:T:C	17	69213412	-0.0210266011010763	0.172985137446328	0.903254234352036
chr17:72829246:G:A	17	72829246	-0.214337023229675	0.255796113150256	0.402074879786314
chr17:73506492:C:T	17	73506492	-0.354654011865065	0.195203278561758	0.0692409198832236
chr17:75360149:C:G	17	75360149	0.0979295510381477	0.247751348346308	0.692641029182155
chr17:77625920:A:T	17	77625920	0.351991876322764	0.190751692137985	0.0649956034463013
chr18:1137045:A:T	18	1137045	-0.0845540393380008	0.156353854406094	0.58865481219323
chr18:4080016:T:A	18	4080016	-0.2927497142585	0.27045800179362	0.27906501920763
chr18:8920896:G:C	18	8920896	-0.119410636210012	0.283746118789731	0.67387470135716
chr18:9609299:C:T	18	9609299	-0.115853429975424	0.205752482515278	0.573385962433108
chr18:10572326:C:T	18	10572326	0.222573509252717	0.180110727637073	0.216548042492141
chr18:11017906:C:T	18	11017906	-0.0327893893794971	0.195535621891101	0.866827079360312
chr18:12120157:A:G	18	12120157	0.304061665810621	0.250268044405158	0.224387440098244
chr18:14686017:A:G	18	14686017	-0.443450428626062	0.266151280594448	0.0956816920535354
chr18:14895123:C:T	18	14895123	-0.0206421722921288	0.202836577898403	0.918941219594386
chr18:30059135:A:G	18	30059135	0.0204340866736343	0.200805089518348	0.918946540666563
chr18:32490781:T:C	18	32490781	-0.0828693653806997	0.252242550467955	0.742510604695874
chr18:36255061:C:A	18	36255061	0.42846771582999	0.209207421801537	0.0405548870424298
chr18:42762909:A:C	18	42762909	-0.0715910311756484	0.188120495907736	0.703530180289985
chr18:43928870:G:A	18	43928870	-0.0133567818434191	0.197107435435531	0.945973527593294
chr18:44831686:A:G	18	44831686	0.0602318048093154	0.323092706716402	0.852113316513028
chr18:45461168:C:T	18	45461168	-0.0674339747349451	0.172751728265768	0.69627631030748
chr18:47992191:T:C	18	47992191	0.156554725971675	0.449838051432421	0.72782167871139
chr18:49146783:T:G	18	49146783	-0.223464823085441	0.227508609812428	0.325988626763134
chr18:49872731:C:G	18	49872731	0.272952534907911	0.195142139984918	0.161891859212714
chr18:50485733:T:C	18	50485733	-0.475160796104977	0.279242326056283	0.0888289976598797
chr18:58120958:C:T	18	58120958	0.113494818773662	0.294706629105414	0.700155042476686
chr18:59256389:C:T	18	59256389	-0.0575226678704628	0.165611076288732	0.728339003109159
chr18:62622293:T:A	18	62622293	-0.126593492773199	0.243909353252779	0.60374776573492
chr18:62998306:G:A	18	62998306	0.16467494274803	0.166471436567519	0.32256119138839
chr18:66103927:C:T	18	66103927	0.402891446387399	0.182621617245716	0.0273732054167943
chr18:66206557:C:T	18	66206557	-0.106137532092479	0.205737269368517	0.60593214795173
chr18:68001558:G:A	18	68001558	0.0665200990819849	0.198025091244897	0.73693305910026
chr18:69946690:A:G	18	69946690	-0.247196920905592	0.512483766627773	0.629556812570012
chr18:71730181:C:T	18	71730181	-0.119005404572041	0.195611331977345	0.542937566533773
chr18:72912108:T:C	18	72912108	-0.112767531175938	0.14410487609083	0.433898504344482
chr18:73248491:G:A	18	73248491	-0.0339354069669126	0.271856723123887	0.90065949883817
chr18:77734991:G:A	18	77734991	0.195704829914327	0.261232339043911	0.453760750069186
chr19:2907557:G:A	19	2907557	-0.180508223376865	0.190251523330064	0.34272881779896
chr19:16021187:G:A	19	16021187	0.0232211807822739	0.205783095331111	0.910155030991901
chr19:17584922:G:A	19	17584922	0.375792859934889	0.207449815177889	0.0700653381360904
chr19:18704666:C:T	19	18704666	-0.3612159051052	0.294632460082829	0.220203133833664
chr19:18737022:C:T	19	18737022	-0.383161054932962	0.222229432339718	0.0846773737577582
chr19:18805179:A:G	19	18805179	-0.346366320596823	0.325230947825631	0.286882384316185
chr19:21560366:G:T	19	21560366	-0.0670100950834327	0.186709124628284	0.719669137304863
chr19:21659434:G:C	19	21659434	0.190394384077389	0.187809257701101	0.310695072781492
chr19:33474662:T:C	19	33474662	0.0174012589223871	0.224101405828113	0.93810723219643
chr19:37956680:C:T	19	37956680	-0.272540572442985	0.301639546990524	0.366244335029663
chr19:38120117:A:T	19	38120117	0.0868392727124643	0.224038569635651	0.698305715606191
chr19:44380983:T:C	19	44380983	-0.211593122629896	0.210786750217629	0.315462713340435
chr19:44819986:A:G	19	44819986	-0.152379820423338	0.216275936631364	0.481082813407441
chr19:48685001:C:T	19	48685001	0.105891600886773	0.216491154799809	0.624752010274697
chr19:51210487:G:T	19	51210487	-0.67828062569211	0.65994720978636	0.304053267447003
chr19:51552139:T:A	19	51552139	-0.253083973787848	0.220280654207122	0.250590608786404
chr19:52714810:C:T	19	52714810	-0.145264925463543	0.237370664213931	0.540554261318841
chr19:53330671:T:C	19	53330671	0.150257219434834	0.227919308782375	0.509731257780434
chr19:54944544:G:A	19	54944544	0.311867651659751	0.216394608028859	0.149528524387491
chr19:57195010:G:C	19	57195010	0.267264809826828	0.263257620268033	0.310000229331769
chr20:1709120:A:G	20	1709120	-0.0835867037609419	0.257639710102579	0.745610592778046
chr20:1735934:T:G	20	1735934	0.0527388009794713	0.200002716775318	0.792018475799295
chr20:1906500:G:T	20	1906500	-0.328664763279705	0.253028234129488	0.193969581973599
chr20:3649460:G:A	20	3649460	0.083713522198681	0.13523658590163	0.535906248458107
chr20:5407753:C:T	20	5407753	-0.309943638858837	0.217934883083753	0.154972662445624
chr20:5860313:T:C	20	5860313	-0.201366587044132	0.239292520195218	0.400063365510122
chr20:7000966:A:C	20	7000966	0.448378058572472	0.183653742257545	0.0146291573867211
chr20:12129436:G:A	20	12129436	-0.229022925919703	0.225030213313531	0.308800103298757
chr20:13244402:C:A	20	13244402	-0.128799738169309	0.413798062752819	0.755601222334594
chr20:31347432:T:C	20	31347432	-0.00260830292869101	0.219782685131006	0.990531211386325
chr20:37593342:C:T	20	37593342	0.0932177161655545	0.190937090683876	0.625399918371063
chr20:38200488:G:A	20	38200488	0.237131563579753	0.149692713279615	0.113165893137591
chr20:38350608:A:G	20	38350608	-0.229508656633345	0.246679750705931	0.352168599720731
chr20:45729681:A:G	20	45729681	0.305161292970068	0.198459519744448	0.124134199767867
chr20:48501317:C:T	20	48501317	-0.0372209740084021	0.209574539611901	0.859035116683531
chr20:49036824:T:G	20	49036824	-0.256375808402452	0.233942463011277	0.273125788408865
chr20:50371082:C:T	20	50371082	-0.135438706068801	0.201284395211787	0.501028497777536
chr20:52513956:G:A	20	52513956	-0.152017635497388	0.374647768014363	0.684917858970149
chr20:54253971:A:G	20	54253971	0.159312883633201	0.19580978731015	0.415868165637786
chr20:58480201:T:G	20	58480201	-0.241307442578203	0.209249900440934	0.24882740655061
chr20:60073360:C:T	20	60073360	0.18379979877247	0.177885972827307	0.3014892409417
chr21:14869783:A:G	21	14869783	0.244479553247548	0.320649266861354	0.445790507072447
chr21:15297615:T:C	21	15297615	-0.275086932373758	0.36457153352256	0.450519887182161
chr21:15686888:A:G	21	15686888	-0.62620691536124	0.357868244821778	0.0801484604934941
chr21:18805376:C:A	21	18805376	-0.138447861279217	0.387367725009815	0.720787282462438
chr21:22007486:G:T	21	22007486	0.285444965885128	0.238600364766138	0.23156749296918
chr21:24026351:C:T	21	24026351	0.199443841197966	0.158833558160037	0.209232655233114
chr21:26647335:G:C	21	26647335	0.297035691318108	0.190514710693892	0.118967489456829
chr21:28043199:C:G	21	28043199	0.12522303523302	0.233942515690504	0.592461321256535
chr21:29538421:G:A	21	29538421	-0.42563532308909	0.377460871900365	0.259477196377539
chr21:31885030:A:G	21	31885030	-0.423198126221591	0.236652452838371	0.0737326998224671
chr21:35502622:A:T	21	35502622	0.0235604318799144	0.230407570045869	0.918553908326
chr21:36306638:T:G	21	36306638	0.298147940606768	0.173426170424286	0.0855846065268164
chr21:41442549:G:A	21	41442549	0.229717587979863	0.232597929530899	0.32334042878499
chr21:42627184:G:A	21	42627184	0.296706649689317	0.218946008108616	0.175366909726603
chr22:20147688:T:C	22	20147688	0.0545158883849397	0.240774517836176	0.82087567179588
chr22:23891985:A:G	22	23891985	-0.0895969399795016	0.185314799629877	0.628751353877179
chr22:24245985:G:T	22	24245985	0.111814697921399	0.189020171526735	0.554152617971425
chr22:28624303:G:A	22	28624303	-0.317748511679041	0.43346035867963	0.463527377377862
chr22:30376697:C:T	22	30376697	0.56083139319727	0.320043330309067	0.0797117837720572
chr22:30662128:G:A	22	30662128	0.242931178886968	0.192105857155501	0.206025746074554
chr22:36298345:C:A	22	36298345	-0.16539705518263	0.3667064819384	0.651965115511218
chr22:36977479:G:A	22	36977479	0.534554066683417	0.247892235269898	0.0310526805560292
chr22:42350572:C:T	22	42350572	-0.304391112924048	0.570276384266675	0.593507118210117
chr22:42475109:T:G	22	42475109	0.10851420823121	0.191858293256415	0.571668713426087
chr22:44719519:A:G	22	44719519	-0.233515058818992	0.211258343788656	0.269006630617463
chr22:44805054:T:C	22	44805054	-0.344982711741579	0.395836118329823	0.383465302233102
chr22:45210278:T:C	22	45210278	-0.106252506257461	0.186132697152056	0.568106221181118
chr22:47062473:C:T	22	47062473	-0.469416837839885	0.399802340985728	0.240346048813118
chr22:48785864:A:G	22	48785864	0.353829391663267	0.259570202733273	0.172839769660452
chr22:49668266:A:G	22	49668266	-0.0202169279734842	0.229179040373293	0.929706146037857
chr22:49926053:G:A	22	49926053	-0.0577831955269814	0.210252203116651	0.783448374077456
