SNP	CHR	POS	est	stderr	pval
chr1:1837340:C:T	1	1837340	-0.0105344275729892	0.234014452792703	0.964094443440801
chr1:2261200:G:C	1	2261200	0.105823741980284	0.137537560693711	0.441645779746525
chr1:14678191:A:C	1	14678191	0.0815594060847293	0.180705620316522	0.651745590940313
chr1:14985097:C:T	1	14985097	-0.0759163052341194	0.274409817301598	0.782046547308746
chr1:15065941:C:T	1	15065941	0.170795712829025	0.186430098715336	0.359594476826571
chr1:20215506:G:C	1	20215506	-0.431232517305152	0.200313386789503	0.0313352408351936
chr1:20533654:G:C	1	20533654	-0.266535587744195	0.366978550752817	0.467656438718365
chr1:22009627:T:C	1	22009627	-0.215454071861961	0.285052595674028	0.449745303698452
chr1:22126221:C:T	1	22126221	-0.0243330793104631	0.215989746601798	0.910301309634736
chr1:23180575:A:G	1	23180575	-0.232674627139498	0.206051574761996	0.258811040237725
chr1:26058659:G:C	1	26058659	0.026204937642959	0.224535743231001	0.907092085376336
chr1:26181362:A:G	1	26181362	-0.598128640947039	0.430704513144117	0.1649174372516
chr1:26848285:C:T	1	26848285	0.521974492219788	0.332275793304074	0.116204166698026
chr1:28670719:C:T	1	28670719	-0.0164322779864994	0.238515898512071	0.945074115708091
chr1:29753056:A:C	1	29753056	-0.182018846588839	0.205119145468006	0.374873772164842
chr1:29908726:A:G	1	29908726	0.0670269561860024	0.241200567684042	0.781097658480733
chr1:31886486:G:T	1	31886486	-0.109077442540577	0.232962759962481	0.639628440371021
chr1:37838865:C:T	1	37838865	-0.0454601463486724	0.228577077556792	0.842354091886611
chr1:39880059:T:C	1	39880059	-0.1264764436751	0.175606458169963	0.471385483948962
chr1:41175014:G:A	1	41175014	-0.467216215964283	0.496882324099809	0.347066004527469
chr1:41597921:C:T	1	41597921	0.409444257153184	0.247599063163307	0.0981969506180124
chr1:42635725:A:G	1	42635725	-0.284257206402309	0.410088042195149	0.488208261396495
chr1:43202709:G:A	1	43202709	-0.0726257778466954	0.192687476476939	0.706240716868054
chr1:47498869:G:A	1	47498869	-0.00697702172176932	0.201039507235543	0.972315189587871
chr1:51034150:G:A	1	51034150	0.0416222250637062	0.204743645053971	0.838908793147488
chr1:54900240:G:A	1	54900240	0.25617504585907	0.176126549534506	0.14580933861912
chr1:55459433:C:T	1	55459433	0.185433905955994	0.19040637198826	0.330113651806508
chr1:56563907:C:T	1	56563907	-0.475044779741791	0.447181746683676	0.288095850516981
chr1:65351414:T:A	1	65351414	0.0918988225807724	0.221712014445013	0.678510633502967
chr1:66254178:T:A	1	66254178	0.109841990106717	0.16586045141693	0.507807514225175
chr1:73302339:T:C	1	73302339	0.0246431943451475	0.18159529307543	0.892055343363052
chr1:73563666:T:C	1	73563666	-0.0453233827887359	0.29694440702958	0.878688052605268
chr1:76062379:T:C	1	76062379	-0.0662333458412955	0.171037366541289	0.698574921660759
chr1:86928231:G:T	1	86928231	-0.0631397053659824	0.195568140609828	0.746806787318817
chr1:88611347:G:A	1	88611347	0.0108602533474745	0.199577922898834	0.956603647374729
chr1:91057167:C:A	1	91057167	0.147886970753023	0.171813887030159	0.3893816240077
chr1:91093925:G:A	1	91093925	0.0739907973615131	0.195119459274823	0.704533649352082
chr1:92475800:A:G	1	92475800	0.456845702628917	0.198877364200967	0.0216117726552678
chr1:94752415:G:A	1	94752415	0.15999587993599	0.220111539064035	0.46729611770455
chr1:95614324:G:A	1	95614324	0.0253540031650763	0.291631391481052	0.93072037651587
chr1:99691102:T:C	1	99691102	-0.354412047518327	0.273993311779818	0.195836041154296
chr1:104937367:T:A	1	104937367	-0.1017917899744	0.226909297879227	0.653719346823657
chr1:115841221:A:T	1	115841221	0.11610141722984	0.261124151979973	0.656593293316082
chr1:153704237:C:A	1	153704237	0.362060983966794	0.250032858678139	0.147602057661961
chr1:155857667:G:T	1	155857667	0.0983866760013032	0.249093291786654	0.692858218150415
chr1:157334223:T:C	1	157334223	0.303260225972707	0.24717622486425	0.219860610950849
chr1:159540226:C:T	1	159540226	0.1192237225745	0.167077380301136	0.475484538455293
chr1:165647351:T:C	1	165647351	-0.294985909020206	0.242729255963355	0.224256334643061
chr1:167545338:A:T	1	167545338	-1.00255073416158	0.687175483515664	0.144580447131301
chr1:168863629:G:A	1	168863629	0.587479286761286	0.212722132852629	0.00574975015750612
chr1:171350391:G:A	1	171350391	-0.0471681359159595	0.158972865445137	0.766691298146186
chr1:173013575:C:G	1	173013575	-0.392991896730919	0.274827085131692	0.152728334673587
chr1:178947344:C:A	1	178947344	0.117362517340119	0.172220384954115	0.495576010440743
chr1:182872646:T:G	1	182872646	-0.0822210449677283	0.268335240292666	0.759291235756453
chr1:185127444:C:G	1	185127444	0.393824542319615	0.2657322106321	0.138330876691261
chr1:185619557:C:T	1	185619557	0.179109272696058	0.187256483986329	0.338823875738627
chr1:186638909:G:T	1	186638909	0.352839625312132	0.188112085872123	0.0606981031021867
chr1:188272062:T:C	1	188272062	-0.345074912807267	0.285037646759375	0.226037528408216
chr1:193365737:C:T	1	193365737	-0.213189378243031	0.174288499068602	0.221254845501527
chr1:193791070:G:T	1	193791070	-0.411658385229678	0.51622516682146	0.425195774349693
chr1:195033388:T:C	1	195033388	0.0404254120261453	0.282515204612472	0.886218232017844
chr1:195907914:A:G	1	195907914	-0.0974141424380208	0.17434327353794	0.576332983310887
chr1:196692375:G:C	1	196692375	-0.492966664866445	0.225389952737574	0.0287299470679859
chr1:197559019:A:G	1	197559019	-0.0649276294036681	0.244363776702418	0.790469715159346
chr1:199160726:G:A	1	199160726	0.155481545895572	0.203741797704933	0.445385671720101
chr1:204277152:T:C	1	204277152	0.358044191832434	0.199666503069994	0.0729391740957627
chr1:207498131:C:T	1	207498131	-0.532519044654469	0.237518321471784	0.0249605647290327
chr1:208744577:C:T	1	208744577	0.249919197558889	0.185897024753783	0.17882039953219
chr1:210496535:G:A	1	210496535	-0.56525508281116	0.293273486765044	0.0539298996627509
chr1:212937214:T:G	1	212937214	-0.335372839633517	0.239607963163705	0.161611208870952
chr1:219750864:A:G	1	219750864	0.220416062000387	0.178544587907773	0.217010872937362
chr1:221920463:G:A	1	221920463	-0.660192900872222	0.259236978125877	0.0108753981861394
chr1:227462684:A:G	1	227462684	-0.255290663600275	0.487193401234799	0.60027665346287
chr1:234456961:G:A	1	234456961	-0.0864663951786125	0.235569011472079	0.713579222374353
chr1:237308322:A:G	1	237308322	-0.135454281877059	0.247567854000823	0.584282536075793
chr1:239000642:T:C	1	239000642	0.488665585860521	0.27726499917133	0.0779933652962564
chr1:242239801:C:T	1	242239801	0.0622538002914388	0.210654262297598	0.767592134370052
chr1:244583991:C:T	1	244583991	0.119386108518844	0.171768498685706	0.487029755686635
chr1:246213578:G:A	1	246213578	0.426978470046775	0.307046724773794	0.164347453426673
chr1:247190028:T:C	1	247190028	0.259713913999325	0.225349063992718	0.249117277620289
chr1:247897239:C:T	1	247897239	-0.377926426716187	0.316628828119288	0.232636627793453
chr2:3248328:A:G	2	3248328	-0.349090704345085	0.184995945407386	0.0591578861631338
chr2:4505759:T:G	2	4505759	0.443796087627889	0.276723481665425	0.108768529205814
chr2:6804400:G:A	2	6804400	-0.420500253300158	0.297813026393859	0.157961568700287
chr2:9411790:A:C	2	9411790	0.247188350000032	0.191263157176611	0.196218936017144
chr2:12096367:C:T	2	12096367	0.305082576437632	0.19075191475985	0.109738779035596
chr2:13545005:C:T	2	13545005	0.0256391369267712	0.159387591443726	0.872203425349938
chr2:16009716:A:G	2	16009716	0.0710635666976939	0.252063398281576	0.777999215152372
chr2:16367899:A:T	2	16367899	0.142660369386425	0.165160564562734	0.387715486876975
chr2:17630111:A:C	2	17630111	0.271122722224667	0.206074945111822	0.188291183740278
chr2:17928966:C:G	2	17928966	0.108683667030471	0.247150236461942	0.660120088143442
chr2:18261494:A:T	2	18261494	-0.309448353684159	0.292721378967065	0.290446333876444
chr2:19530615:T:C	2	19530615	-0.130012246325636	0.186189591812659	0.485002849344982
chr2:19562158:T:C	2	19562158	-0.139240958996754	0.224443801518138	0.535006130954507
chr2:27383116:G:A	2	27383116	0.132243615551434	0.18300740157499	0.469917383380701
chr2:37762298:C:T	2	37762298	-0.415303729675214	0.340485264050321	0.222563192690504
chr2:42010994:T:A	2	42010994	-0.342322122405775	0.228756042983842	0.134536266728096
chr2:45824390:C:G	2	45824390	-0.413301213114878	0.375650665992646	0.27123298836737
chr2:46742820:T:C	2	46742820	-0.114684759889467	0.406926496050487	0.778072612193633
chr2:49789441:T:C	2	49789441	-0.21663539433238	0.236832196979021	0.360338094170023
chr2:49994518:G:A	2	49994518	-0.0149532047608044	0.22231499448359	0.946373652190175
chr2:51284042:G:A	2	51284042	-0.394042824737197	0.368105707539863	0.28441182903772
chr2:51344078:G:A	2	51344078	-0.222099326814968	0.280590626306766	0.428627649910798
chr2:57278002:C:A	2	57278002	0.0492434892006367	0.246350364150215	0.841564976744679
chr2:57368273:A:G	2	57368273	-0.416648572888502	0.254790707522465	0.10199494934733
chr2:60075157:T:C	2	60075157	0.227145118313735	0.25299897605101	0.369286625633811
chr2:60373837:A:G	2	60373837	-0.328199071049912	0.312706809132615	0.293928527753689
chr2:61147014:T:C	2	61147014	0.181166418073979	0.14678816313326	0.217127201889386
chr2:61693274:A:G	2	61693274	0.10681133033263	0.167553598427279	0.523815099854734
chr2:65295480:C:T	2	65295480	0.0808937882683372	0.202604489574846	0.689694656138695
chr2:66031496:T:C	2	66031496	-0.0196310374333712	0.161877154116261	0.903476227270706
chr2:69165635:T:C	2	69165635	0.151544008557524	0.218313872547206	0.487584026419288
chr2:71204755:G:A	2	71204755	0.191518933892221	0.237960587561526	0.420915084855499
chr2:72022684:A:G	2	72022684	0.230284283800185	0.162745995321445	0.157070837336308
chr2:76651386:C:A	2	76651386	0.0773773953451412	0.196061352028574	0.693094496257227
chr2:79784490:C:G	2	79784490	0.130917764526269	0.17080157955529	0.44338458450289
chr2:82619301:T:C	2	82619301	-0.126747916188976	0.279609778391508	0.650330663486994
chr2:83181917:T:C	2	83181917	0.0509669793761611	0.187159310455525	0.785376981883342
chr2:83400799:T:A	2	83400799	-0.236519972843204	0.266385167116306	0.37460144539977
chr2:85744328:G:A	2	85744328	0.0336649472421629	0.22802006034726	0.882626658750536
chr2:85757440:T:A	2	85757440	0.26848701821412	0.169752903493852	0.11373307431398
chr2:99811694:T:C	2	99811694	-0.0290688979793868	0.18377577882735	0.874318198977185
chr2:101228073:A:C	2	101228073	0.188061946357205	0.217350290323809	0.386902578080425
chr2:106861882:T:C	2	106861882	0.45134191702193	0.285044872750468	0.113328832261783
chr2:108083619:T:C	2	108083619	0.0631827023342037	0.194192493210844	0.744907718379437
chr2:114129906:T:C	2	114129906	-0.286312292905662	0.596122638695918	0.631020541648513
chr2:118004610:C:T	2	118004610	0.171467919466111	0.212652372479632	0.420052781376492
chr2:119455921:A:G	2	119455921	0.364722875684233	0.201009871141238	0.0696080797847658
chr2:120644763:G:A	2	120644763	0.116693551694748	0.163273290992282	0.474786372624484
chr2:120916837:A:G	2	120916837	0.135531560902206	0.147077837747407	0.356791806357541
chr2:122628686:C:A	2	122628686	-0.0208478853548747	0.206795631888065	0.919698149456154
chr2:122629789:A:C	2	122629789	0.102820539137243	0.152840535056646	0.501118553682512
chr2:126391403:A:G	2	126391403	0.34988494096988	0.241679349370261	0.147694316899683
chr2:127192867:G:A	2	127192867	-0.19144299341978	0.157960168816084	0.225523846139048
chr2:130915743:C:T	2	130915743	-0.166127128834048	0.153755299201498	0.279935426443487
chr2:136107122:C:T	2	136107122	0.0563494238723526	0.205476209004423	0.783901580447986
chr2:136507185:G:C	2	136507185	0.111343919259862	0.156596797706051	0.47707000557807
chr2:141023592:C:T	2	141023592	-0.13444386558438	0.288503109463975	0.64121198597304
chr2:143017176:T:C	2	143017176	-0.225447241833019	0.356501126468116	0.527132993105362
chr2:143920023:G:T	2	143920023	-0.868247220508298	0.458478168617649	0.0582569879575481
chr2:144729333:C:T	2	144729333	0.277796153116304	0.210497057561951	0.186930144309129
chr2:148561010:G:C	2	148561010	-0.171080848973068	0.347506750894095	0.622500617796583
chr2:154835349:G:T	2	154835349	0.264416274583139	0.242390833497347	0.27533120412663
chr2:164974626:C:A	2	164974626	-0.157923882014621	0.350548045273362	0.652345866710635
chr2:167086954:T:G	2	167086954	0.259533813925133	0.184396121215723	0.159285166002951
chr2:167199229:C:T	2	167199229	-0.0767245497146618	0.206316448493922	0.709983680429684
chr2:167657344:C:T	2	167657344	-0.77098492836492	0.361889053441422	0.0331348455185791
chr2:167884398:C:T	2	167884398	0.00772674547252994	0.205750569675881	0.970043328968367
chr2:168647356:T:G	2	168647356	-0.0759965302179115	0.223341993073459	0.733653374980649
chr2:170041677:A:G	2	170041677	-0.0796128346749368	0.189259270929091	0.674007117812691
chr2:171274449:C:A	2	171274449	0.20391802033252	0.210827342126115	0.333430276676915
chr2:177787584:G:A	2	177787584	-0.174900616431266	0.244332401986929	0.474095938771634
chr2:179648558:C:T	2	179648558	-0.35720626514162	0.36724683760265	0.330722371097364
chr2:180833197:G:A	2	180833197	-1.47410720740436	0.964177970969661	0.126295534708018
chr2:183527028:C:T	2	183527028	-0.167159756516305	0.266377746115563	0.530312542935198
chr2:184516924:T:A	2	184516924	0.0453520340038904	0.191940198325222	0.813213772360918
chr2:191922008:C:T	2	191922008	0.104468830757111	0.364655226718143	0.774505466393999
chr2:195817951:G:C	2	195817951	0.047613770107715	0.228642907423868	0.835037578657116
chr2:197010424:G:A	2	197010424	-0.0818558346012058	0.256599268329006	0.749724538693699
chr2:209101337:G:A	2	209101337	-0.213215403027953	0.102075415085276	0.0367254869238226
chr2:209103516:A:G	2	209103516	-0.346386667756284	0.187682122173445	0.0649498860655214
chr2:210957182:G:A	2	210957182	0.196604307222508	0.218247208600003	0.367677071193645
chr2:214802180:T:C	2	214802180	0.0694659348697421	0.150494232909353	0.64437869425686
chr2:215209936:A:G	2	215209936	0.0209274332071615	0.185264157676568	0.910062293418197
chr2:215367000:G:A	2	215367000	0.396689334341299	0.350107526198482	0.257193254611935
chr2:220997842:C:T	2	220997842	-0.0052982309807913	0.160061766910477	0.973593913604686
chr2:226027918:G:A	2	226027918	-0.0447472137573306	0.263090520448173	0.864944896328801
chr2:228947684:G:A	2	228947684	0.18622352398498	0.220925889045852	0.399271481911762
chr2:233152507:T:C	2	233152507	0.505729964600936	0.190921572334889	0.00807569612908865
chr2:235620294:A:T	2	235620294	-0.193878316985562	0.188644833513991	0.304070959912587
chr2:237288548:A:G	2	237288548	-0.0659916927891785	0.185754822097898	0.722393065880021
chr2:237513585:T:C	2	237513585	0.34621699815686	0.198302119795196	0.080827166711457
chr2:237920759:T:G	2	237920759	-0.288695574791403	0.188744921011356	0.126127129045897
chr2:240429648:C:T	2	240429648	-0.0290269422514642	0.149408909341173	0.845957801290219
chr3:9841346:T:C	3	9841346	0.396519230446531	0.380401775959528	0.297240375358044
chr3:10127208:T:G	3	10127208	-0.420643405185414	0.308467889060878	0.172676555002381
chr3:14082905:A:G	3	14082905	-0.174270606796389	0.232522673086451	0.453569208657457
chr3:16798495:T:G	3	16798495	0.0558758883671886	0.209007253541918	0.7892077996984
chr3:18882818:T:C	3	18882818	0.174001763927867	0.179794076244633	0.333152440543542
chr3:20179943:G:A	3	20179943	0.2536758737296	0.24751874773902	0.305421986918917
chr3:22245167:A:G	3	22245167	-0.618439786974754	0.261670054540455	0.0181064732674469
chr3:24009496:G:A	3	24009496	-0.125048196460811	0.223452980068918	0.575740370588845
chr3:24010534:C:T	3	24010534	-0.0512898398732035	0.195984965515448	0.79355048079398
chr3:33111016:C:A	3	33111016	0.106504906067884	0.251761256523489	0.672266586942495
chr3:33421913:A:G	3	33421913	0.0802035859559174	0.167279867665033	0.631613201117675
chr3:34471110:A:G	3	34471110	-0.0742516660916906	0.144514620646951	0.607391566648841
chr3:34498029:C:T	3	34498029	0.15273376530403	0.248198807134204	0.538311289042414
chr3:35230331:G:A	3	35230331	-0.0187032952444348	0.199828871004992	0.925429641031316
chr3:41413926:T:C	3	41413926	-0.240854212735555	0.263105444707165	0.359966741918661
chr3:42098050:T:C	3	42098050	-0.0520858813710928	0.139022992084805	0.707915874056641
chr3:46489654:A:G	3	46489654	-0.195478028271379	0.19330245699594	0.311894516371756
chr3:56959175:A:G	3	56959175	-0.389478567927593	0.417531266550943	0.350916559345908
chr3:64441608:G:A	3	64441608	-0.263176606528559	0.238076593816722	0.268974042816451
chr3:66150510:T:A	3	66150510	-0.458499330385661	0.513077206404729	0.371521823141418
chr3:66995763:G:T	3	66995763	-0.144495180512354	0.253905618717264	0.569294978949
chr3:68498445:T:C	3	68498445	-0.182108228561978	0.183218860006298	0.320252943066464
chr3:68824246:G:A	3	68824246	-0.280665465302539	0.264214619805867	0.288116219509178
chr3:69021248:A:C	3	69021248	-0.101750451904935	0.217489112315529	0.639897876927609
chr3:69617754:T:G	3	69617754	0.342768801342379	0.235569938991511	0.145652174639328
chr3:74191731:G:A	3	74191731	-0.386427233361012	0.276321745923558	0.161972451783693
chr3:74732240:G:A	3	74732240	0.160112912692091	0.163638097171941	0.327848133953974
chr3:75709324:A:T	3	75709324	0.209549112548284	0.19608216322926	0.285213825990407
chr3:84465702:T:C	3	84465702	-0.00559888238327138	0.224788489587728	0.980128875966921
chr3:84817748:G:A	3	84817748	-0.255401554927262	0.158397420624181	0.106872791495455
chr3:85705423:A:G	3	85705423	-0.101430088532877	0.231118188315291	0.660758089390857
chr3:88069353:C:T	3	88069353	-0.226142781242909	0.203296331965751	0.26597478426335
chr3:93986190:G:A	3	93986190	-0.210412799202087	0.337342113024208	0.532800238641483
chr3:101022648:G:A	3	101022648	0.18277465875927	0.178706101277388	0.306418141618287
chr3:105622159:T:C	3	105622159	0.182984300161005	0.197120522676127	0.353259027338227
chr3:106664728:C:T	3	106664728	0.127936784613405	0.2041302784688	0.530829120769069
chr3:110774699:C:T	3	110774699	0.054689194728912	0.187073174551842	0.77002576747044
chr3:113428518:G:A	3	113428518	-0.309920932437402	0.274727382208257	0.259276194253859
chr3:121058963:T:G	3	121058963	0.482377836742985	0.241223056253654	0.045530835750253
chr3:122312606:G:A	3	122312606	-0.17051939942062	0.412655863325141	0.679442340849223
chr3:124193435:A:C	3	124193435	-0.262892857575657	0.248845513043616	0.290762644703991
chr3:124804582:A:T	3	124804582	0.234643594506609	0.245370532760014	0.33892943000119
chr3:126773646:G:T	3	126773646	-0.157199297831025	0.264723342224024	0.552629269440467
chr3:131110446:C:G	3	131110446	-0.07233980970778	0.30230642496382	0.810878397164216
chr3:131209978:G:T	3	131209978	-0.20195934947596	0.239471832969084	0.399030907685161
chr3:133982842:C:T	3	133982842	-0.0855134141118202	0.183593623888914	0.641376195292806
chr3:134929007:C:T	3	134929007	-0.711362743655241	0.453777754147302	0.116963841236247
chr3:137777496:C:T	3	137777496	0.343087972431129	0.22126102191159	0.120996887375649
chr3:146265901:G:T	3	146265901	0.0291745281899088	0.16206798162538	0.857141468119134
chr3:148006706:G:A	3	148006706	0.606500104801298	0.352206120821839	0.0850689194348676
chr3:149679065:C:A	3	149679065	-0.191105354870375	0.166542848131984	0.251181390795438
chr3:150888061:C:A	3	150888061	0.0497411327167952	0.243085030761276	0.83786557698131
chr3:152663712:G:C	3	152663712	-0.0912910930097385	0.160836881882585	0.570306274174751
chr3:159417151:A:G	3	159417151	0.0563416660567578	0.177993257141051	0.751594031603629
chr3:164899350:G:A	3	164899350	-0.162250376722541	0.325688433179086	0.61835952983059
chr3:168053836:T:C	3	168053836	-0.122183107421713	0.518238865875566	0.813614248095111
chr3:171028381:G:A	3	171028381	0.422877339007845	0.182881237852632	0.0207608396987974
chr3:174497130:T:C	3	174497130	-0.267727185317556	0.221306765754142	0.226372538617553
chr3:176663180:T:G	3	176663180	0.358084898953057	0.211638187042964	0.0906522022825909
chr3:196706550:C:T	3	196706550	-0.108835395553507	0.205272171108441	0.595972965637578
chr4:332191:G:A	4	332191	0.389133820116763	0.201307403107638	0.0532321530316735
chr4:8816874:T:C	4	8816874	0.243972281251972	0.195171282750367	0.211284241484275
chr4:9851274:C:G	4	9851274	0.21826202058017	0.194370545597377	0.261472679838663
chr4:10725805:A:G	4	10725805	-0.0643982776783681	0.16700312823789	0.69978463278769
chr4:13219910:C:T	4	13219910	0.0587556456344247	0.14545313777399	0.686250242562746
chr4:18747099:A:G	4	18747099	-0.248905935604461	0.176233790274519	0.157843354100982
chr4:20840555:C:T	4	20840555	-0.0600513522392329	0.17299625857324	0.728497299765383
chr4:21137718:C:T	4	21137718	-0.428540079020366	0.221557778386927	0.0530868649037187
chr4:26851610:T:C	4	26851610	-0.127810886844038	0.250964948374239	0.610557488439972
chr4:32302160:A:T	4	32302160	-0.161881474606433	0.253061665462331	0.522372981573922
chr4:34501888:A:G	4	34501888	-0.389022155922858	0.305381344054655	0.202702500916936
chr4:40603484:A:G	4	40603484	0.372993030538897	0.192706777790826	0.0529232038553361
chr4:41002348:C:T	4	41002348	0.362873105005006	0.219249767332704	0.0979108613559836
chr4:44018406:T:G	4	44018406	0.0849333807465112	0.192892641211762	0.659709513398774
chr4:44680448:T:C	4	44680448	-0.265748910298618	0.218347838518078	0.223570080401657
chr4:55337032:C:T	4	55337032	0.040103772196426	0.161568418851671	0.803967739760734
chr4:55659669:G:A	4	55659669	-0.42179584452243	0.325654339972309	0.195242409056859
chr4:56719096:C:T	4	56719096	0.501784773092487	0.233901934026616	0.0319305922875299
chr4:58944563:C:T	4	58944563	0.553717220344451	0.284121652417388	0.051310507747845
chr4:61158247:C:G	4	61158247	0.424247777339623	0.197807623371948	0.0319728905467236
chr4:64485722:G:A	4	64485722	0.275476360121056	0.243070812143047	0.257081023084805
chr4:67708732:C:T	4	67708732	0.241542740054307	0.253036931335491	0.33979264211447
chr4:67911021:C:T	4	67911021	-0.0553079087207427	0.194978321480539	0.776669543998565
chr4:90022599:G:T	4	90022599	0.0801653954238742	0.183418462630376	0.662065770744753
chr4:95020597:A:T	4	95020597	-0.233049857059794	0.51302028651212	0.649634321342748
chr4:95433170:T:C	4	95433170	-0.0897910209191284	0.312325255384699	0.773735605521354
chr4:97398054:G:A	4	97398054	0.0937032831144005	0.127943750009712	0.463937428087908
chr4:98823404:T:C	4	98823404	-0.0849992211352124	0.273723153615999	0.756158032203931
chr4:99262681:C:G	4	99262681	0.297761450627515	0.201547195741728	0.139574263368358
chr4:99355957:G:T	4	99355957	0.241022385632356	0.150002038730303	0.108099550532209
chr4:101085120:T:C	4	101085120	-0.0100705045638836	0.168728277707127	0.952406720220345
chr4:102399971:C:T	4	102399971	0.0459858736625868	0.251478470395361	0.854906244755746
chr4:102884286:T:C	4	102884286	-0.071977231526467	0.208586938922083	0.730041254357234
chr4:105992845:C:T	4	105992845	-0.00807375248016418	0.167867160379021	0.961639669799442
chr4:108791253:G:A	4	108791253	0.0475778042880667	0.12348496012006	0.700020865803855
chr4:110191180:A:G	4	110191180	0.274388141351378	0.303004292426876	0.365169532574483
chr4:110957298:T:A	4	110957298	0.278379505827809	0.193238928906456	0.149698444760564
chr4:113348012:C:T	4	113348012	0.158734388807117	0.204707224912548	0.438090619171548
chr4:115515844:A:G	4	115515844	-0.591678470594161	0.531361509101099	0.265487746122578
chr4:115522695:G:A	4	115522695	-0.102351304304129	0.224431730324668	0.648356543131784
chr4:120770744:A:C	4	120770744	0.161164049144298	0.204007144120392	0.429532333491146
chr4:123964831:A:G	4	123964831	-0.314160777853484	0.191567206027458	0.101015413333242
chr4:125256344:T:C	4	125256344	0.495326182783209	0.217365194201684	0.0226804950872345
chr4:126268710:T:G	4	126268710	0.333173770763436	0.187981751058216	0.0763326688760672
chr4:134094420:T:C	4	134094420	0.248443392682807	0.204916814359346	0.225355105594255
chr4:134350906:C:T	4	134350906	-0.079538442773347	0.191783016099496	0.678338527914776
chr4:138952375:G:A	4	138952375	-0.267753399526093	0.179316899869893	0.135388629681843
chr4:141012527:T:G	4	141012527	0.334000619794054	0.249767191182715	0.181141773112738
chr4:141618953:G:A	4	141618953	0.317712311297002	0.236084285273752	0.178380580366054
chr4:143626434:A:G	4	143626434	0.253191940802557	0.239542785670826	0.290520701527706
chr4:149616644:T:G	4	149616644	-0.180188573487216	0.159847368112518	0.259635135829017
chr4:154030957:C:G	4	154030957	0.0306116263557502	0.277956867143522	0.912305601304572
chr4:168588553:A:C	4	168588553	0.137618419103799	0.221653099821962	0.534683204973007
chr4:171334248:A:T	4	171334248	0.532677260546965	0.264182476285278	0.0437661886654795
chr4:171974219:A:G	4	171974219	0.238735435109951	0.189476486165171	0.207678762772565
chr4:176312841:C:T	4	176312841	0.453528085830339	0.203834162770487	0.0260822019302901
chr4:179329624:T:G	4	179329624	-0.193398216687548	0.231847237570228	0.404189552342128
chr4:183032183:A:G	4	183032183	-0.226752148573281	0.278473372977546	0.415491042347695
chr4:184991673:A:G	4	184991673	0.00595464692583313	0.180722614937455	0.97371518047915
chr4:189912372:C:T	4	189912372	0.0410832238981548	0.183432742078108	0.822781526357352
chr5:79496:A:G	5	79496	-0.0187679151483158	0.199592364016685	0.925084350031913
chr5:5313703:A:G	5	5313703	0.160897164829018	0.202921402869219	0.427833834745743
chr5:7364955:T:A	5	7364955	-0.401509136109013	0.339047554244408	0.236323370861458
chr5:8067079:G:C	5	8067079	0.134687289561437	0.207607462331519	0.516493913381683
chr5:13911296:G:T	5	13911296	-0.0349609052155684	0.253068409061826	0.89012341768534
chr5:15621966:C:G	5	15621966	0.160443957734212	0.180284113022179	0.37349240275411
chr5:15997511:T:A	5	15997511	-0.0741799376775638	0.213532914065408	0.728295746517168
chr5:17902851:T:C	5	17902851	-0.196793610195311	0.299066720581992	0.510521569794144
chr5:20719353:A:C	5	20719353	-0.295467940423835	0.268705609792209	0.271507655558091
chr5:20732163:G:T	5	20732163	-0.19214036798235	0.164512294399184	0.242831264922259
chr5:21913130:A:C	5	21913130	0.279666202978749	0.177650343382476	0.115429469107545
chr5:23682774:A:T	5	23682774	0.318037937874	0.215379476125962	0.139772178069022
chr5:23787194:A:C	5	23787194	-0.313549713949158	0.151173224753123	0.0380692086161429
chr5:23895775:T:G	5	23895775	-0.0101346178714788	0.256610605744928	0.968496417141244
chr5:25693600:A:G	5	25693600	-0.363021171877654	0.675424072680875	0.590941984189578
chr5:33466391:T:A	5	33466391	-0.0139013981043315	0.122701347190762	0.909797010820812
chr5:33624899:A:G	5	33624899	0.312820907805787	0.222368852726774	0.159496832508658
chr5:39550509:T:G	5	39550509	-0.450531248189315	0.211755337609724	0.0333700302892666
chr5:39634108:G:A	5	39634108	-0.550113781315608	0.273470868956239	0.0442622037720543
chr5:39978357:G:A	5	39978357	0.0287227635925143	0.16479204961306	0.861632039067545
chr5:40238036:C:A	5	40238036	0.210008480741994	0.254471943094772	0.409217382418535
chr5:44011742:G:T	5	44011742	0.217054555587536	0.165389542191757	0.189390670646631
chr5:50222627:G:A	5	50222627	-0.00418785430685275	0.21661926504156	0.984575627847576
chr5:54814079:C:T	5	54814079	0.0980701572524866	0.17114576019894	0.566630306719332
chr5:66989845:C:A	5	66989845	-0.146787459206759	0.194632044159888	0.450741564292123
chr5:66992139:G:A	5	66992139	0.322083008985941	0.141140064895032	0.0224887626303807
chr5:73076502:T:C	5	73076502	-0.131869338535445	0.170348820074828	0.43886361505446
chr5:76998986:C:A	5	76998986	-0.0319674108310556	0.237328707712159	0.892851625504527
chr5:77675144:G:C	5	77675144	0.220292167472699	0.231369563065915	0.34103485785916
chr5:80530472:T:A	5	80530472	-0.335780138103038	0.387958234777918	0.386761183356317
chr5:81710558:G:T	5	81710558	0.0407500811852097	0.153910855026208	0.791191133297187
chr5:82792281:C:G	5	82792281	0.246458100981424	0.170506506521839	0.148332398387216
chr5:84879932:A:G	5	84879932	-0.405999708864098	0.224141729215504	0.0700862849106431
chr5:85476293:A:G	5	85476293	0.180499405051678	0.266491928685696	0.498205105593366
chr5:85809583:T:C	5	85809583	0.0924313984001541	0.221187666122236	0.676029909087361
chr5:92192959:A:T	5	92192959	-0.19385474339425	0.227073312107532	0.393265725864014
chr5:94648523:C:G	5	94648523	-0.313271961566761	0.270394186653505	0.246629438859592
chr5:98024666:G:A	5	98024666	-0.215641633124467	0.269428391668879	0.423498109717241
chr5:101328324:T:C	5	101328324	-0.00587089034693663	0.277696813249487	0.983132885869278
chr5:101825779:A:C	5	101825779	-0.193034594021092	0.182044432339617	0.288975956823671
chr5:106773905:G:A	5	106773905	-0.0948454386369324	0.18505893907176	0.608290789561485
chr5:110045491:C:T	5	110045491	0.584827000563222	0.318814514326494	0.0665975915328876
chr5:114915760:G:T	5	114915760	0.00221293734071725	0.21140053559019	0.991647910034011
chr5:115102683:A:G	5	115102683	0.305322411299976	0.17822797492896	0.0866940744337622
chr5:117238479:G:A	5	117238479	0.127242597123425	0.204991376530931	0.534782744649636
chr5:121740415:G:T	5	121740415	-0.00478724102748303	0.16774379553872	0.977232259159495
chr5:137227416:A:T	5	137227416	0.236701100318461	0.238576430676174	0.321129480888568
chr5:137406489:C:T	5	137406489	-0.218724837538313	0.236398119499188	0.354841429823055
chr5:140638650:G:A	5	140638650	-0.193385351235315	0.166711453409364	0.246048646674776
chr5:142682003:T:C	5	142682003	0.0232178761776411	0.150607610684192	0.877482497243271
chr5:144183699:A:G	5	144183699	-0.0843223962829314	0.239582533506927	0.724871617187391
chr5:145690757:G:T	5	145690757	0.116204403035659	0.198039073843863	0.557354742762413
chr5:147282093:C:T	5	147282093	-0.387652687321009	0.281941702963508	0.169150308396476
chr5:148033208:G:T	5	148033208	0.336236830692754	0.213338689615466	0.115009539985727
chr5:151763317:T:C	5	151763317	0.0614575328855314	0.223225321595288	0.783073368978778
chr5:153541577:C:T	5	153541577	-0.0292389217223896	0.280166378818848	0.916881516480433
chr5:160435085:T:G	5	160435085	0.0318021349558569	0.278669897480687	0.909141740021946
chr5:164252995:G:C	5	164252995	0.193329388124947	0.162510929969034	0.234188194407934
chr5:168245100:T:C	5	168245100	-0.140052489424179	0.21954211139153	0.523519276770729
chr5:169455657:C:T	5	169455657	-0.365906853043935	0.228785324755221	0.109743783535604
chr5:169808985:G:C	5	169808985	-0.516509205153805	0.40347120034582	0.200487551647456
chr5:172672695:T:C	5	172672695	-0.0121850210286009	0.264639960604542	0.963275364824494
chr5:173346700:A:C	5	173346700	-0.225207328951114	0.401842963587075	0.575181970402901
chr5:177122146:G:C	5	177122146	0.157971785194268	0.183171699923762	0.388453892788984
chr6:1084246:G:A	6	1084246	0.139071750395894	0.174913256176132	0.426561252486141
chr6:3041612:C:A	6	3041612	0.118779531567977	0.208411906864224	0.568727345603399
chr6:3673174:A:G	6	3673174	-0.203252679126032	0.306424303951844	0.507135430968986
chr6:3786319:G:C	6	3786319	0.0922240288414182	0.200107655403296	0.644890393092714
chr6:6090729:G:T	6	6090729	-0.21005444831046	0.284258600749436	0.459934036804789
chr6:6354181:A:T	6	6354181	0.00558298633544359	0.204332208738748	0.978202044464219
chr6:6456261:T:C	6	6456261	-0.0487944744180055	0.150729390294995	0.746148238482168
chr6:7642514:C:G	6	7642514	0.0394320545979111	0.141156980782018	0.779977042878952
chr6:12212257:G:A	6	12212257	-0.136880647995212	0.392138045122828	0.727042462116452
chr6:21494280:T:C	6	21494280	0.265312066132709	0.248654995482286	0.285976946366962
chr6:23163726:T:C	6	23163726	0.12126561567439	0.291415226316369	0.677317395612051
chr6:23344439:T:A	6	23344439	-0.0415507188569922	0.136405474637229	0.760661822307769
chr6:24077828:C:T	6	24077828	-0.524819658107115	0.516457253285011	0.309538030724641
chr6:26287827:G:A	6	26287827	-0.434654331693224	0.295770410307193	0.141679157609747
chr6:27261142:G:T	6	27261142	-0.274340463636391	0.428361117614504	0.521885265649398
chr6:31108549:A:G	6	31108549	0.0589798692218704	0.231555091855524	0.798945518318896
chr6:31845997:T:C	6	31845997	-0.359852885745105	0.408314176668478	0.378148042437927
chr6:32660000:G:C	6	32660000	-0.458215151145237	0.358505186398653	0.201204657365111
chr6:33148933:A:G	6	33148933	-0.298379703846371	0.243778706309885	0.220960634497434
chr6:37400014:G:T	6	37400014	-0.220027112682672	0.140503549601539	0.117351026507071
chr6:39124093:C:T	6	39124093	0.270568835157955	0.217552479241719	0.213611998551403
chr6:45195864:C:T	6	45195864	-0.239687554274415	0.22654833612336	0.290056620346107
chr6:46738257:G:A	6	46738257	-0.192945116798925	0.218200721832078	0.376558481436737
chr6:47717919:C:A	6	47717919	0.193966153186991	0.176715426358881	0.272371032074625
chr6:48859012:C:A	6	48859012	0.016579156573518	0.233531192329389	0.943403065448008
chr6:49860743:T:G	6	49860743	0.065047218702087	0.196079283694743	0.740086067035292
chr6:53292416:C:G	6	53292416	-0.458351068392405	0.276719931453232	0.097646564781309
chr6:54457248:C:T	6	54457248	0.430845119708237	0.22478350551208	0.0552745992987304
chr6:57513520:G:A	6	57513520	-0.145811537393752	0.390733840142719	0.709019274633441
chr6:67461006:G:C	6	67461006	0.19134478369332	0.265197573544073	0.470590960916736
chr6:69504128:A:G	6	69504128	0.0612403529292607	0.220951307451682	0.781652079429358
chr6:81137001:T:C	6	81137001	0.0237405115191287	0.143810915490435	0.868879889508803
chr6:84758749:C:T	6	84758749	-0.34672282335978	0.28030059557426	0.216099020850573
chr6:86667874:G:T	6	86667874	-0.475231090769034	0.546612315687827	0.384622037744194
chr6:87387916:G:T	6	87387916	-0.113219283339844	0.127228798441809	0.373526440162996
chr6:88566465:G:A	6	88566465	-0.436546665056127	0.197879480320526	0.0273753206954688
chr6:93273487:T:C	6	93273487	-0.0809281873388814	0.272293730165445	0.766306838759953
chr6:97788153:C:A	6	97788153	0.260422187909836	0.213776335132286	0.223148234781989
chr6:98771646:C:T	6	98771646	0.086680938199103	0.149123263438408	0.561058230338728
chr6:104918249:A:G	6	104918249	0.028227752045333	0.234166444741892	0.904050900326264
chr6:107129138:A:G	6	107129138	-0.270106373310706	0.176615959189155	0.126179445595713
chr6:112187089:T:C	6	112187089	-0.113987934513003	0.240548024261822	0.635594267007421
chr6:118046853:T:C	6	118046853	0.362901059667412	0.201293691967615	0.0714127686373521
chr6:121081137:A:G	6	121081137	0.477281755899645	0.330115427372674	0.148232565866891
chr6:123103197:T:C	6	123103197	0.161645269180417	0.184232133222666	0.380269426451667
chr6:127784009:G:A	6	127784009	0.534940797475112	0.215932821862597	0.0132362683218797
chr6:129527930:G:A	6	129527930	0.136663957368355	0.174029059657851	0.432281276889824
chr6:137254996:T:C	6	137254996	0.178380616735465	0.197373193222252	0.366115636866342
chr6:138165202:C:G	6	138165202	0.173468883179882	0.250368834851551	0.488401594844818
chr6:139464917:T:A	6	139464917	0.189358302186794	0.201208731358792	0.346651667086856
chr6:151547601:G:A	6	151547601	0.24374990436088	0.187477567720939	0.19354783691579
chr6:152638179:C:T	6	152638179	0.258097797920143	0.173862310441491	0.137677545903852
chr6:153842833:G:A	6	153842833	-0.0598717555616376	0.241388396951038	0.804110581544939
chr6:156754666:T:G	6	156754666	0.505809844636083	0.247504276126358	0.0409890424261133
chr6:160701242:A:G	6	160701242	-0.0898050471610633	0.232116881281328	0.698833348430537
chr6:160909689:G:C	6	160909689	-0.292385288394859	0.340110705585583	0.389967218189691
chr6:161970870:T:G	6	161970870	-0.281510874566735	0.409094585176974	0.491369969357055
chr6:162760256:C:T	6	162760256	0.024005297392412	0.202805753537697	0.905777697362486
chr6:163629327:G:A	6	163629327	0.152106346479278	0.174677638716874	0.383872561005211
chr6:167509019:C:T	6	167509019	0.0440012919379827	0.174281283849055	0.800675599276987
chr7:6986920:C:A	7	6986920	0.447522184717807	0.248640831766377	0.0718805255789943
chr7:7863676:G:A	7	7863676	0.286847181909632	0.226407763530807	0.205173380538911
chr7:8111839:A:G	7	8111839	0.309620485350229	0.193818588994834	0.110159711022025
chr7:9602661:C:A	7	9602661	0.442534848748544	0.208747704143166	0.0340102001707978
chr7:10804524:T:C	7	10804524	-0.611476327820864	0.617739604544871	0.322242075984015
chr7:11334355:C:A	7	11334355	-0.315054712300162	0.245436307854284	0.199263882135712
chr7:12476280:G:A	7	12476280	0.0570348733279936	0.185325130599133	0.758268199789861
chr7:12972158:C:G	7	12972158	-0.33102476320451	0.60787641859553	0.5860566462925
chr7:20850990:A:T	7	20850990	0.0311379599880728	0.190202395829598	0.869959752160407
chr7:22822020:C:A	7	22822020	0.326996953448782	0.182778518214457	0.0736093666097986
chr7:24140802:T:C	7	24140802	-0.107665862863746	0.201415024181274	0.59296291464962
chr7:24278575:A:G	7	24278575	0.130140006876446	0.322829448936034	0.686857670849305
chr7:24620726:T:A	7	24620726	0.0350074422222103	0.209395201404811	0.867225593263468
chr7:24740434:C:T	7	24740434	-0.289097664344895	0.200523370875356	0.14938263164542
chr7:28505993:C:T	7	28505993	0.0611390244905159	0.209159400415183	0.770050928951146
chr7:36413989:G:A	7	36413989	-0.0990248285353044	0.223295795240652	0.657426324870966
chr7:41157573:G:A	7	41157573	0.280972347285641	0.299991477549393	0.348963786953762
chr7:43755241:C:T	7	43755241	0.326743110954128	0.179357020752608	0.0684933859187418
chr7:44689517:A:G	7	44689517	0.0175864438380453	0.182519304950499	0.923239517309386
chr7:46192346:C:G	7	46192346	0.238618305340565	0.245591955394285	0.331247228857641
chr7:46368666:G:A	7	46368666	0.31703868371485	0.261525463048434	0.225410198711104
chr7:47748540:G:T	7	47748540	0.304889436390305	0.197034094951938	0.121768193707031
chr7:48301675:T:C	7	48301675	0.143634579144201	0.178101975387423	0.419969701635162
chr7:51890159:C:T	7	51890159	0.106311837381704	0.176859773575662	0.547768007854245
chr7:53046603:C:G	7	53046603	0.0977964928492863	0.194405079162143	0.614925438272035
chr7:55663907:C:A	7	55663907	0.438577928640956	0.213992223902505	0.0404128526414614
chr7:56122201:A:G	7	56122201	0.0250489967728438	0.182614400084891	0.890897377601812
chr7:62910214:G:T	7	62910214	-0.312721384130483	0.252697065002771	0.215888643676453
chr7:65406204:G:T	7	65406204	-0.435077323378698	0.473981085190269	0.358660081086395
chr7:67766433:G:A	7	67766433	0.184848500242907	0.175636243696901	0.292592785052266
chr7:68433432:T:C	7	68433432	-0.161033076529539	0.224225954613698	0.472650486074881
chr7:71020152:T:G	7	71020152	-0.148639793498243	0.274977565920364	0.588816108526854
chr7:71553830:T:C	7	71553830	-0.426749891629323	0.335094432014227	0.202833124484669
chr7:78390279:T:G	7	78390279	-0.372714025144149	0.231446188199389	0.107317080322467
chr7:83524616:A:T	7	83524616	0.0363743941083524	0.222147606118554	0.869936021665552
chr7:84786535:C:A	7	84786535	-0.0621280658402245	0.192866227792264	0.747353945260853
chr7:86620755:G:A	7	86620755	-0.416989981132474	0.238883990457029	0.0808847862198459
chr7:89207269:G:A	7	89207269	-0.510114433022761	0.267367765377332	0.0564024628962011
chr7:91097147:A:G	7	91097147	-0.390998506742429	0.293574508596472	0.182908031402188
chr7:96212691:T:C	7	96212691	0.470693933223964	0.303956436974997	0.12148819799359
chr7:103095283:G:A	7	103095283	-0.722152540996916	0.404726390727563	0.0743752344114379
chr7:104663551:G:A	7	104663551	0.213968125726815	0.216674404563683	0.323392718140292
chr7:113434486:A:C	7	113434486	0.0582053681736677	0.230374898986849	0.80053483107641
chr7:113749820:G:A	7	113749820	-0.0447976914009305	0.158566044923436	0.777546687260056
chr7:117145973:C:G	7	117145973	-0.393361500726451	0.303214123028891	0.194525921177165
chr7:119808046:G:A	7	119808046	-0.494625277798811	0.325829393105352	0.129001819514309
chr7:122582926:C:G	7	122582926	-0.107075628794555	0.238454063144646	0.65340214749182
chr7:124802410:A:T	7	124802410	0.130842210358028	0.183326007140226	0.475404477757315
chr7:129047886:A:G	7	129047886	-0.0849666535685788	0.553987166345536	0.878104164434211
chr7:131384702:T:A	7	131384702	0.0856396633992108	0.234456105165383	0.714910246168599
chr7:136870573:G:A	7	136870573	-0.268968496976076	0.316095348353071	0.394819693721245
chr7:142873374:T:C	7	142873374	0.220754762915324	0.211654966017017	0.29695128326049
chr7:143187070:C:T	7	143187070	0.346584770580318	0.23260071606502	0.136213267066806
chr7:145116884:A:G	7	145116884	-0.27941992798429	0.294939387718153	0.343444745454136
chr7:149242006:T:C	7	149242006	0.178345743069312	0.162680743089756	0.272950616982638
chr7:153502245:G:A	7	153502245	0.112524081326521	0.212907030259582	0.597143495918565
chr7:153952270:G:A	7	153952270	0.082174583086517	0.166858948029578	0.622380529994438
chr7:154426289:T:C	7	154426289	0.0285629856332996	0.313419842169332	0.927386670286113
chr7:156975524:A:T	7	156975524	-0.109249386408619	0.234172039900284	0.640832803381985
chr7:157677820:C:T	7	157677820	0.280212667187043	0.275366362902256	0.308868335460289
chr8:276778:A:T	8	276778	-0.116922503077934	0.21328382153797	0.583553577423117
chr8:1102873:G:T	8	1102873	-0.483768235385788	0.366301296732371	0.18660677522609
chr8:8710521:T:C	8	8710521	-0.434202460180196	0.28930237553067	0.133391689327916
chr8:9029509:T:C	8	9029509	-0.570325162019298	0.531123840296062	0.282908631124226
chr8:9109096:A:G	8	9109096	-0.190444914944984	0.170360315731253	0.263611916513546
chr8:9827297:A:G	8	9827297	-0.171666315140762	0.383751660971741	0.654631758935771
chr8:10675470:T:G	8	10675470	0.23302210894672	0.21130382976213	0.270121746095327
chr8:13032868:C:A	8	13032868	0.343221827627001	0.231332388065336	0.137895452253085
chr8:14391498:A:G	8	14391498	0.127430901006865	0.277506839517728	0.646091170794577
chr8:16627132:C:G	8	16627132	0.368682321111735	0.257058009341569	0.151504405353745
chr8:17129593:A:G	8	17129593	0.388268708496029	0.191418051741936	0.0425213940983601
chr8:20741226:C:T	8	20741226	-0.216192146540221	0.195566263417663	0.268957073333906
chr8:23115837:G:A	8	23115837	-0.17563668419664	0.466184168741094	0.706356533968436
chr8:25783762:T:C	8	25783762	0.176306843327919	0.235374562278991	0.453828279682259
chr8:27010051:G:C	8	27010051	0.268376733074609	0.180096290630054	0.13617568364969
chr8:27022227:G:T	8	27022227	0.202783698091108	0.176992832237261	0.251912264366685
chr8:28150898:A:G	8	28150898	0.0381998934957679	0.19393801744912	0.84385132832366
chr8:28528484:G:T	8	28528484	0.190826272297025	0.162276878001053	0.239622792532093
chr8:29917542:C:T	8	29917542	0.358716673879635	0.248420490447446	0.148741822396187
chr8:37085597:G:A	8	37085597	-0.566331008234697	0.354477334424289	0.11012070692101
chr8:41788192:C:T	8	41788192	-0.693135187675725	0.450972363939697	0.124298378835678
chr8:42055528:T:G	8	42055528	-0.34027878299093	0.473396292306758	0.472262168531586
chr8:50763512:C:T	8	50763512	0.161833812132772	0.182117177922785	0.374204842808489
chr8:51570259:T:G	8	51570259	0.299486183092696	0.251552956807504	0.233830586337582
chr8:53142705:G:A	8	53142705	0.0565110378711354	0.213525037866224	0.791273193496622
chr8:60609620:T:A	8	60609620	0.234869986600894	0.23409803823477	0.315717321220472
chr8:61304314:G:C	8	61304314	-0.367572766516024	0.278547906874748	0.186967465262995
chr8:61926940:A:T	8	61926940	-0.257514735629426	0.217138742567899	0.235643784782291
chr8:63445672:G:A	8	63445672	0.0936987796114897	0.178778608740929	0.60020544543533
chr8:65343369:C:A	8	65343369	-0.46756568378914	0.277671930145394	0.0922052284011496
chr8:65418628:G:T	8	65418628	-0.0187932482973005	0.180624672745032	0.917132959923804
chr8:71273350:T:A	8	71273350	-0.0207651417076212	0.174440763350628	0.905244968028752
chr8:72033005:T:C	8	72033005	0.304258806402018	0.200835315326537	0.129780848057952
chr8:72065200:T:A	8	72065200	-0.655066909378275	0.296519840858313	0.027161840325819
chr8:73211475:T:C	8	73211475	0.19343776437221	0.180672976136192	0.284326228874596
chr8:75992459:A:G	8	75992459	0.483684919174599	0.259426062433347	0.0622596202192797
chr8:78402394:T:A	8	78402394	0.332337738680235	0.421571251470103	0.430503046616319
chr8:79795588:T:G	8	79795588	-0.156739973890584	0.366740805709863	0.669098028238631
chr8:86323708:T:C	8	86323708	-0.0544273745085314	0.233290952418571	0.815526477235722
chr8:89525432:A:G	8	89525432	0.421688866667385	0.200644983136666	0.0355824881982043
chr8:92001032:A:G	8	92001032	0.31126687652363	0.204149648266907	0.127334054449178
chr8:92645879:A:G	8	92645879	-0.469026175565367	0.36748185870412	0.201840759885858
chr8:95906161:G:A	8	95906161	-0.0143839365603312	0.217776347747566	0.94733871710791
chr8:96365126:C:T	8	96365126	-0.218537087847049	0.145283450641507	0.132526827916392
chr8:97430280:G:A	8	97430280	0.0853204212499578	0.276999299769102	0.758069594653285
chr8:98002322:C:T	8	98002322	-0.19350647445536	0.166319632131148	0.244642344541661
chr8:98018653:A:G	8	98018653	-0.120298211701854	0.327357402952887	0.713258926960351
chr8:104471980:T:G	8	104471980	0.557654277477507	0.243238322859774	0.0218695996508322
chr8:106920372:G:A	8	106920372	-0.0314737614895963	0.263742460224278	0.905009790417127
chr8:108142424:A:G	8	108142424	0.224139025215766	0.171257021862406	0.190606390365817
chr8:109421925:C:T	8	109421925	-0.0754633637855174	0.267150587907506	0.777579309271636
chr8:116252872:C:T	8	116252872	0.0851106086890522	0.160199828244672	0.595226302591596
chr8:116821900:C:T	8	116821900	0.23910166322086	0.255607874057774	0.349569987920566
chr8:119015250:G:A	8	119015250	-0.1815782323447	0.324400367572255	0.575660220934803
chr8:121384602:C:T	8	121384602	0.0205304519923211	0.160854438806723	0.898438836843856
chr8:127029052:C:T	8	127029052	0.274994192676441	0.211476866800702	0.193480635189041
chr8:128437247:A:G	8	128437247	0.290969758134912	0.198867974226541	0.143431729167205
chr8:131111695:G:T	8	131111695	-0.553010206177007	0.745360651503709	0.458125864210232
chr8:131315237:G:A	8	131315237	0.0238980360274685	0.183997468519672	0.896659455237468
chr8:135895676:A:T	8	135895676	0.0380105362289932	0.311648539718585	0.902925918749692
chr8:138585221:A:T	8	138585221	0.270181020686994	0.217290999468213	0.213718110902695
chr8:141605122:C:T	8	141605122	-0.0191771085325548	0.348216312325212	0.956080783243925
chr9:733358:A:C	9	733358	-0.301343455393388	0.174381549701574	0.0839757463830931
chr9:5461379:C:T	9	5461379	0.113383754594667	0.169043958650233	0.502389154721482
chr9:11397008:T:G	9	11397008	0.298603681225252	0.209569310074807	0.154202152379111
chr9:11517950:T:C	9	11517950	0.267246002746008	0.217140060850702	0.218414877358059
chr9:11955148:T:G	9	11955148	-0.32774083856882	0.340910966639889	0.336367250115385
chr9:12389360:A:G	9	12389360	-0.145592724214889	0.204541017123353	0.476587336094247
chr9:12615226:G:C	9	12615226	0.0958946548146467	0.160102460612017	0.549200870867339
chr9:13582959:T:A	9	13582959	0.0875142345391116	0.343851464169012	0.799100235231122
chr9:13820455:C:G	9	13820455	-0.297228341337218	0.346488586298626	0.39098628207329
chr9:14098421:G:A	9	14098421	0.110475145800537	0.209721891580777	0.598353500572401
chr9:18952915:A:G	9	18952915	-0.231540417944441	0.204728374223859	0.258070250295634
chr9:21476808:G:A	9	21476808	0.189620085083987	0.253219125855072	0.453954897509737
chr9:29651949:A:G	9	29651949	-0.183394678137364	0.225247853992779	0.415535788082434
chr9:32058643:A:T	9	32058643	0.0734254541650594	0.206841505502936	0.722601472141146
chr9:37013405:C:T	9	37013405	0.189743896569007	0.186338019174024	0.308545883172599
chr9:37992585:C:T	9	37992585	0.42787373369206	0.208959272028329	0.0405951133278363
chr9:72294932:G:A	9	72294932	0.168618045145967	0.23554366336589	0.474073189745681
chr9:73616570:C:T	9	73616570	-0.138522677306833	0.262412999597667	0.597582354252564
chr9:76464251:C:G	9	76464251	0.398420826652078	0.206308144175444	0.0534591996684466
chr9:79067117:C:T	9	79067117	-0.0119146242780595	0.29397851132499	0.967671470918614
chr9:82773489:T:C	9	82773489	0.203670498452059	0.246092721095866	0.407887486166241
chr9:89995415:A:G	9	89995415	-0.395359044044714	0.34076887814409	0.245968591502251
chr9:91844381:C:T	9	91844381	-0.156540872565317	0.253664782641474	0.537157496869567
chr9:94568472:C:A	9	94568472	-0.301945922052335	0.165740743581674	0.0684858548422449
chr9:95559980:C:T	9	95559980	0.402589342796597	0.287673097069461	0.161672636793977
chr9:96162075:C:T	9	96162075	-0.534573393950288	0.257262913006016	0.0377161402351557
chr9:97240484:A:G	9	97240484	0.174201239474721	0.183205302371347	0.341679202739704
chr9:100192956:A:G	9	100192956	0.106581268779784	0.233505085367534	0.648072968153393
chr9:100529836:G:C	9	100529836	-0.326108847309686	0.217725656392327	0.134185985772344
chr9:101460357:C:T	9	101460357	-0.0726394450006814	0.359336717144863	0.839800487954863
chr9:103293239:C:G	9	103293239	-0.0475298781557721	0.381817464687315	0.900932663350001
chr9:105684376:G:T	9	105684376	0.567224997931194	0.343875137815156	0.0990434823240927
chr9:106822394:G:C	9	106822394	0.343043830461231	0.278665666207513	0.218314280889826
chr9:107904127:G:A	9	107904127	-0.124121699426953	0.16683351792871	0.456885315635456
chr9:117420412:T:C	9	117420412	-0.202366555900522	0.222847304586335	0.363827954068846
chr9:117972207:C:A	9	117972207	0.226770325251633	0.149420206273084	0.129098014288072
chr9:118511323:G:A	9	118511323	0.578772205035927	0.329259796623467	0.0787818893680441
chr9:121356498:A:G	9	121356498	0.408093821172407	0.238392012393736	0.0869224168984718
chr9:124044726:T:G	9	124044726	0.161681212054008	0.225674645163142	0.473722796273079
chr9:125005426:C:T	9	125005426	0.00846929193911695	0.236637407399109	0.971449674957253
chr9:129533341:A:G	9	129533341	0.00447531714145015	0.207882154144222	0.982824352260182
chr9:136630984:C:T	9	136630984	-0.194200104593291	0.117790704193977	0.0992115975246912
chr10:2050300:A:G	10	2050300	-0.161746241295323	0.225597936232213	0.473394552609204
chr10:3113976:C:T	10	3113976	-0.0367244599366011	0.154241646288258	0.811805928471046
chr10:4591592:T:C	10	4591592	-0.455288465309272	0.294937436965375	0.122666331817511
chr10:7462546:C:T	10	7462546	-0.00744319708416613	0.157909072964371	0.96240486049274
chr10:7849544:T:G	10	7849544	0.00645477702245735	0.233202685969622	0.977918310081721
chr10:9367893:G:A	10	9367893	-0.207998850939476	0.21326938919099	0.329417944653463
chr10:10628189:C:T	10	10628189	0.113921509174192	0.217783901728482	0.600908658930086
chr10:14014383:T:C	10	14014383	0.265968002400613	0.233384354761445	0.254447285255028
chr10:16341555:C:T	10	16341555	-0.0657372422670402	0.279770648889916	0.814233313803722
chr10:18075702:C:T	10	18075702	0.338707855112456	0.271784459601553	0.212677391626668
chr10:20923823:C:G	10	20923823	0.263869359751715	0.264912256449603	0.31921942059993
chr10:26220185:A:C	10	26220185	0.520347514046595	0.360301505401717	0.148682662518169
chr10:27289376:T:C	10	27289376	-0.22961127157699	0.221565823083728	0.300056714172776
chr10:27674317:A:G	10	27674317	-0.303528663751125	0.215032978345358	0.158084061152969
chr10:28771902:G:A	10	28771902	-0.300017467120222	0.201492045004355	0.136492841950334
chr10:28891836:C:T	10	28891836	0.153124812199952	0.183403825621136	0.403771072945015
chr10:30622484:G:A	10	30622484	-0.23320808721019	0.261536072692677	0.372561192563035
chr10:35177843:G:T	10	35177843	-0.398489964471442	0.440244174082977	0.365382376616394
chr10:43613180:G:A	10	43613180	0.198966324205727	0.225139781607496	0.376833479787044
chr10:44139011:T:C	10	44139011	-0.356314820047989	0.466966097619706	0.44543825249997
chr10:45036473:A:G	10	45036473	-0.0269325233390864	0.170661517843093	0.874604536720013
chr10:51560095:T:G	10	51560095	-0.136574981859789	0.228436680818199	0.549928012217568
chr10:54072488:A:G	10	54072488	0.0368151369586215	0.164424597543234	0.822832893512916
chr10:54082016:C:T	10	54082016	-0.0949187185329852	0.229979183478915	0.679806321881861
chr10:55299918:G:C	10	55299918	0.106572049345806	0.144808089977434	0.461758876277671
chr10:56747004:T:C	10	56747004	0.00136037607714838	0.359887439224582	0.996984000090823
chr10:57761967:T:C	10	57761967	0.0242114665949831	0.264644440289289	0.927105813493203
chr10:61894829:G:A	10	61894829	0.0871345111895794	0.450102372041584	0.846498332924676
chr10:62473064:C:G	10	62473064	0.0758893900679259	0.156853515354946	0.628511256616771
chr10:65713195:A:G	10	65713195	-0.425394680685133	0.531150643490437	0.423193758172675
chr10:69232402:C:A	10	69232402	-0.124790017032421	0.243874255309536	0.608862247334686
chr10:79437519:C:T	10	79437519	0.146320459744882	0.452708762868812	0.746535437796824
chr10:81546102:G:A	10	81546102	0.445890707741407	0.222028733655946	0.0446160130331998
chr10:82354363:C:G	10	82354363	0.368107125024946	0.200053423124983	0.0657617600775485
chr10:84591955:C:T	10	84591955	-0.312532322213256	0.372745217395358	0.401771850728122
chr10:84989741:G:A	10	84989741	-0.196611165977317	0.254181669756238	0.439222701488452
chr10:86779196:C:A	10	86779196	0.26739856973278	0.199592763116958	0.180336143316701
chr10:91053424:A:C	10	91053424	0.165663192564866	0.203838750893248	0.416380404002121
chr10:93612452:G:A	10	93612452	0.08156818047085	0.183872551727819	0.657322695531266
chr10:93671121:T:C	10	93671121	-0.322877570024147	0.129826712226227	0.0128829480509256
chr10:101249704:C:T	10	101249704	0.0109962978111638	0.207835447010287	0.957804673610454
chr10:102352980:T:C	10	102352980	0.0203575358275801	0.2365613010113	0.931421845253963
chr10:104637359:T:C	10	104637359	-0.215254136637933	0.284304881364757	0.448975392071841
chr10:108480456:T:C	10	108480456	-0.165397376277532	0.199723311604779	0.407595434673623
chr10:109264424:C:T	10	109264424	0.00442592354375922	0.246494533481922	0.985674382833828
chr10:111352001:T:G	10	111352001	0.253734676467495	0.280576228824526	0.365818222912428
chr10:118828443:C:T	10	118828443	0.15020048834281	0.189525416465883	0.428064284190439
chr10:120152982:A:G	10	120152982	0.0577581566419188	0.211968345569114	0.785249261180002
chr10:121580593:A:G	10	121580593	0.297275430393753	0.191662457215274	0.120892982667871
chr10:121611573:C:G	10	121611573	-0.0446557310234482	0.275317010638065	0.871150327899253
chr10:121734173:T:C	10	121734173	-0.00646275327077427	0.203189145588981	0.974626293495283
chr10:121910644:T:A	10	121910644	0.07558806366187	0.236655046049068	0.749421794872787
chr10:122561189:A:G	10	122561189	0.124334635980915	0.256930942606834	0.628440949150513
chr10:123750431:C:G	10	123750431	0.199309773370792	0.182912365010487	0.275868999697329
chr10:127533155:T:C	10	127533155	0.0386105978092811	0.113118897610909	0.732856999154582
chr10:129953349:A:G	10	129953349	-0.138277680020196	0.241740490026924	0.567316034167437
chr10:130263340:C:T	10	130263340	-0.875287144078165	0.806061072038738	0.27753123713114
chr10:130662147:G:T	10	130662147	0.650467253809358	0.239468905153081	0.0066017844582843
chr10:131485315:A:G	10	131485315	-0.0833998911053453	0.618507722474487	0.892737983156371
chr10:131819683:A:G	10	131819683	0.205482993112873	0.188009985823681	0.27442164085161
chr10:131953941:A:C	10	131953941	0.176028776621725	0.186054962496978	0.34409161747079
chr11:388357:C:T	11	388357	0.0786494325411678	0.199701017378744	0.693702187930708
chr11:2257707:C:T	11	2257707	-0.157595363454358	0.196960778723711	0.423632141211061
chr11:3623903:G:A	11	3623903	0.333027985101826	0.206952580687452	0.107572730223791
chr11:5806222:C:T	11	5806222	-0.470220247786503	0.237629188736037	0.0478387137824824
chr11:9789492:C:A	11	9789492	0.0392078402929081	0.241529007342307	0.871044568200581
chr11:14569664:T:G	11	14569664	0.192123740466585	0.220727237538576	0.384075033292485
chr11:21819583:A:G	11	21819583	-0.731605905221676	0.480151824504929	0.127584413670977
chr11:36019710:C:A	11	36019710	0.229205843015179	0.18199553483361	0.207884567471742
chr11:39635569:C:T	11	39635569	0.0369967777401795	0.200424697850349	0.853549131967815
chr11:40512905:C:G	11	40512905	0.376971518736748	0.210045080954026	0.0726987693495248
chr11:41632790:A:T	11	41632790	-0.0942928321064164	0.261850230774971	0.718770742100971
chr11:42744986:A:G	11	42744986	0.321182945483608	0.195668817787884	0.100701531457415
chr11:43201079:C:T	11	43201079	-0.763685120408561	0.38352097894049	0.0464537041960541
chr11:43982585:G:A	11	43982585	0.288918090291452	0.242943822165954	0.234345919661114
chr11:44330300:A:G	11	44330300	0.214326235299356	0.171287297829582	0.210836885080158
chr11:49875094:A:G	11	49875094	-0.147261221980087	0.230438571124221	0.522791949259464
chr11:50253126:G:T	11	50253126	-0.0733619251722033	0.328366132735327	0.823212517700164
chr11:55906271:G:A	11	55906271	0.00781805609304835	0.206637879506165	0.969819578226036
chr11:56124264:C:A	11	56124264	-0.043790818509135	0.373106148228216	0.906568236971703
chr11:57305789:G:A	11	57305789	-0.0609051509629715	0.213438721018814	0.775374531499129
chr11:58998793:A:C	11	58998793	0.479226373643851	0.226031704913619	0.033991437707754
chr11:60456695:C:T	11	60456695	0.150632741439761	0.301770423240778	0.617664297423094
chr11:62505064:A:G	11	62505064	0.20526204789987	0.242884063902946	0.398053340740408
chr11:63184971:C:T	11	63184971	-0.0402010951855472	0.19553924459826	0.837110462846941
chr11:65009160:T:C	11	65009160	-0.396220071917507	0.454300926729495	0.383124728824555
chr11:70801858:T:C	11	70801858	-0.166394921562497	0.21018306238847	0.428555071199095
chr11:71334794:T:G	11	71334794	0.340581500230744	0.210849193783821	0.106249031282827
chr11:72713691:C:T	11	72713691	0.21906464635258	0.292214014956889	0.453452313691833
chr11:77208574:G:A	11	77208574	-0.266151744823685	0.320991712875662	0.407016949616511
chr11:77376654:A:G	11	77376654	0.0725533353504337	0.199348041000729	0.715893039802355
chr11:77897055:A:G	11	77897055	0.161934707629352	0.250981109643261	0.518793208466734
chr11:79339250:G:A	11	79339250	-0.122796301246648	0.291100403777685	0.673145551111867
chr11:81783030:C:T	11	81783030	0.127051142951514	0.202602487125193	0.530596523523482
chr11:83962252:C:T	11	83962252	0.468047551542647	0.245729390087731	0.0568154892932622
chr11:86328783:G:T	11	86328783	-0.408290200273906	0.214686559577939	0.0571977319534331
chr11:86644523:C:T	11	86644523	0.292753055820455	0.1892842505692	0.121952038389775
chr11:93046218:A:C	11	93046218	0.228498786810493	0.179052077007477	0.201899580715864
chr11:99371984:G:C	11	99371984	0.305410078214175	0.247851346953297	0.217862858918201
chr11:100626548:G:A	11	100626548	-0.288394872179387	0.494839500673407	0.560024664390941
chr11:104129521:G:A	11	104129521	0.420340283334568	0.263685628227309	0.110914468357762
chr11:108728662:A:G	11	108728662	0.1762915310023	0.234878763602388	0.452915127727265
chr11:110338613:G:A	11	110338613	0.308917671108459	0.25510027126297	0.225908561852449
chr11:110396347:G:A	11	110396347	0.0836241243903485	0.232326991467258	0.718890886100475
chr11:113789228:G:C	11	113789228	0.427751474309159	0.260818179911423	0.100997466900799
chr11:113800784:C:T	11	113800784	0.127077553408445	0.313669525538074	0.685380506336023
chr11:115616504:A:T	11	115616504	0.427560656062498	0.222047121047771	0.0541618128025971
chr11:119630310:G:A	11	119630310	-0.131144742144167	0.130448311857346	0.314733764484227
chr11:123267436:G:A	11	123267436	0.192812569008777	0.19518339885792	0.323224488608405
chr11:125907492:T:C	11	125907492	-0.144545832563932	0.181682625417884	0.426267332271785
chr11:126829359:G:A	11	126829359	-0.239889111114866	0.207309211211751	0.247208604086648
chr11:130038952:T:C	11	130038952	0.431999394722765	0.272590004389977	0.113012819819973
chr11:130290657:C:T	11	130290657	-0.295494322541852	0.361242338861626	0.413360207396307
chr11:131355535:G:A	11	131355535	-0.16148981770879	0.207559631103315	0.436545085040975
chr11:133238417:A:G	11	133238417	0.0887798582524766	0.198002856959353	0.653881388556729
chr11:133300920:A:C	11	133300920	0.625224910799289	0.242083012307018	0.00980339105664219
chr11:133409278:A:G	11	133409278	0.104812925141102	0.175765901400991	0.550960701907748
chr11:134309503:C:T	11	134309503	-0.259237359842309	0.231559582078988	0.262915092395663
chr12:5192681:C:T	12	5192681	-0.295347278290921	0.184477099441987	0.109377588991779
chr12:5448727:G:A	12	5448727	0.288842004581469	0.193104419731421	0.134710622759771
chr12:6639294:C:T	12	6639294	0.374702511734601	0.226669660115664	0.0983150948494252
chr12:19523028:C:A	12	19523028	0.00344329484771469	0.222754801745205	0.987666966684398
chr12:19758400:A:T	12	19758400	-0.140273850317656	0.318676664003909	0.659809570185934
chr12:20003679:T:A	12	20003679	0.0755824790106955	0.230341872204991	0.742812057352871
chr12:21333090:G:A	12	21333090	0.025757656509601	0.115073342517109	0.822884241683109
chr12:25518059:A:T	12	25518059	-0.31182893885237	0.162304495886809	0.0546990901516017
chr12:28965843:C:T	12	28965843	-0.0872125872654789	0.170951014613277	0.609938481075785
chr12:32086665:A:C	12	32086665	0.174779497950539	0.200272725807597	0.382822561105464
chr12:44631613:C:T	12	44631613	-0.364276721931447	0.356954497298144	0.307485204400965
chr12:48567461:T:G	12	48567461	-0.0902807681443995	0.259492148961333	0.727905301577132
chr12:51039498:T:C	12	51039498	0.00419274703885514	0.195510135744531	0.982890545710362
chr12:52880890:G:T	12	52880890	0.212623525605379	0.210606253680312	0.312697320292127
chr12:53646626:C:G	12	53646626	-0.0838906377247234	0.351489302560667	0.811359967830046
chr12:53680144:C:A	12	53680144	0.0204331382933584	0.223295048667252	0.927089465852963
chr12:54366280:G:A	12	54366280	-0.190076004441057	0.23113519321494	0.410872857597639
chr12:55599330:T:C	12	55599330	-0.264223313450432	0.448347162602683	0.555641599214867
chr12:56675083:C:T	12	56675083	-0.0518122726187584	0.154733857290511	0.7377399936616
chr12:57436134:C:T	12	57436134	0.189684646681757	0.216108635551733	0.380091229529723
chr12:58724212:C:T	12	58724212	-0.0336798281973919	0.177605238455553	0.849596664301107
chr12:59048769:A:C	12	59048769	-0.0409323422471674	0.174294759780033	0.814328641274856
chr12:59161225:G:A	12	59161225	0.481479895997892	0.255760797667898	0.0597627532924409
chr12:59226687:C:T	12	59226687	-0.249737540444156	0.238732955277484	0.295516806856236
chr12:63113400:T:C	12	63113400	0.311086580450774	0.238860713052911	0.192787710498217
chr12:64271340:C:T	12	64271340	0.0945321271304293	0.22994660269899	0.680995770134998
chr12:64756705:C:T	12	64756705	-0.408746480047785	0.181524056712975	0.0243381846077746
chr12:67050802:C:T	12	67050802	0.235486950905492	0.183702033724822	0.19987903836148
chr12:71564908:A:G	12	71564908	0.279501075462422	0.215223224525167	0.194061781387989
chr12:73909094:G:A	12	73909094	-0.134964240269085	0.212748356204363	0.525829981808193
chr12:81126959:G:A	12	81126959	0.257509302483251	0.124791631429187	0.0390638008447715
chr12:83608380:A:G	12	83608380	0.0552462199229448	0.214561424350168	0.796804855317072
chr12:90727178:A:C	12	90727178	0.239545629937009	0.211310287125603	0.256953856367087
chr12:92596791:C:T	12	92596791	0.0207705242999636	0.195472832378028	0.91537776735274
chr12:95914573:A:T	12	95914573	0.268613074261602	0.174965932503571	0.124727165278517
chr12:101611098:G:C	12	101611098	-0.355863511402176	0.347132014023473	0.305290884330518
chr12:105967464:T:C	12	105967464	-0.0262423115290192	0.235409384780209	0.911239519500471
chr12:109533295:C:T	12	109533295	0.0606723665244386	0.242558412281317	0.802482892399922
chr12:112209515:G:A	12	112209515	0.32261720119906	0.210660785929047	0.125657346536556
chr12:120976632:C:A	12	120976632	-0.171916018531005	0.376653350422397	0.648080549172944
chr12:125875525:T:C	12	125875525	-0.287728275438216	0.167597236620818	0.0860186223462938
chr12:126449337:A:G	12	126449337	-0.100847981389273	0.151702523083174	0.506194682374018
chr12:131091094:G:A	12	131091094	-0.080481863993891	0.21422966553669	0.707154588737327
chr12:132776953:G:A	12	132776953	0.347165206854692	0.250370316901647	0.165561665738346
chr13:19545220:A:G	13	19545220	0.325179189929993	0.179789560086433	0.0705029726135007
chr13:22977365:T:G	13	22977365	0.232034020924636	0.238355161387449	0.33031471549787
chr13:24330599:T:C	13	24330599	0.0701617599856038	0.19436671426951	0.718117230944584
chr13:24623185:A:C	13	24623185	0.398414776107787	0.226034882538677	0.0779637269144831
chr13:25202506:T:G	13	25202506	-0.0795487074032157	0.288767274967525	0.782949887477454
chr13:26234118:A:T	13	26234118	0.138201510153679	0.218686512268194	0.527411874148323
chr13:26494236:G:A	13	26494236	0.239421016997161	0.178799481814643	0.180555177430337
chr13:27255876:A:G	13	27255876	0.134951289921765	0.214025957049014	0.528343287447516
chr13:42909938:A:G	13	42909938	-0.279316039185995	0.204645340059347	0.172291218628188
chr13:45470952:C:T	13	45470952	0.476658908840988	0.240497078829395	0.0474821732549324
chr13:45708351:G:A	13	45708351	-0.414266791855268	0.327859475477145	0.206391642538279
chr13:45809177:C:G	13	45809177	-0.307618449032288	0.193088478049443	0.111127078898989
chr13:50558767:A:T	13	50558767	-0.18620969683939	0.259336996172888	0.472743654992547
chr13:58710908:G:A	13	58710908	-0.262697990179936	0.311077036067941	0.398401854703425
chr13:58934154:C:T	13	58934154	0.0542691718265499	0.20060017146177	0.786749444188348
chr13:70397215:T:C	13	70397215	0.156658896351819	0.167706614582369	0.350239555829124
chr13:70990050:T:C	13	70990050	0.497692459831598	0.238784033352642	0.0371348292950004
chr13:75832713:T:C	13	75832713	0.271209673536352	0.214402537623582	0.205887273053577
chr13:86776101:G:A	13	86776101	0.29718137113445	0.180981933283934	0.100579656677622
chr13:91472230:T:C	13	91472230	-0.125058717583318	0.265198039280609	0.637235687363047
chr13:93235990:C:T	13	93235990	-0.335292325765783	0.254475833476751	0.187644209205296
chr13:96765286:G:A	13	96765286	-0.361874652116889	0.209418463080302	0.0839886114112274
chr13:102180181:A:G	13	102180181	0.0537391872117443	0.283557423624574	0.849686983082528
chr13:104405113:C:T	13	104405113	-0.00437836019240495	0.224586184908959	0.984446039165208
chr13:106009559:G:C	13	106009559	-0.116860193483672	0.281458730138252	0.677999325161314
chr13:106084136:A:G	13	106084136	0.025831375613837	0.221355677661852	0.907100768789492
chr13:112716578:T:C	13	112716578	0.0750174269633182	0.15505338389595	0.628515914263482
chr14:21167555:A:G	14	21167555	-0.168783413900265	0.319523172127627	0.597336041960067
chr14:26929954:A:G	14	26929954	0.145334780609273	0.217404700145753	0.503815249263935
chr14:27823594:G:A	14	27823594	-0.580181776277867	0.385189256289786	0.132009364658151
chr14:34182794:A:C	14	34182794	-0.344664273553065	0.343680072201679	0.315926622441331
chr14:38216062:T:A	14	38216062	0.0975456197369952	0.204910215177974	0.634045321723316
chr14:38962987:G:A	14	38962987	-0.214997734137697	0.264248292314931	0.415862593191629
chr14:39925237:C:T	14	39925237	-0.18521471796835	0.226470070179469	0.413452498886012
chr14:44446011:A:G	14	44446011	0.0632585137106953	0.221816069992811	0.775502764679658
chr14:48685878:C:A	14	48685878	0.0307817509364675	0.12618418411449	0.807274950353531
chr14:51426205:T:C	14	51426205	0.0696562789012656	0.229675848556506	0.761675864309515
chr14:52881822:T:G	14	52881822	-0.348178339697178	0.335705666438086	0.299664279641013
chr14:53358297:A:G	14	53358297	0.140508144351595	0.249776675639322	0.573751503814005
chr14:56254615:G:A	14	56254615	-0.109585353340522	0.231327680988337	0.635697109611
chr14:57978070:T:C	14	57978070	0.230532831625716	0.191459337495748	0.228557705454278
chr14:62445185:T:C	14	62445185	0.0651199362927202	0.170137407122745	0.701905818766869
chr14:67518615:G:A	14	67518615	-0.0231505327809612	0.126677219586002	0.854992503972067
chr14:68863518:T:G	14	68863518	0.345264248794304	0.181602152736297	0.0572742089875459
chr14:77734277:G:A	14	77734277	0.374781099583082	0.200212862597128	0.0612186135890578
chr14:81022028:G:A	14	81022028	0.299891299398489	0.225587198260972	0.183722355379511
chr14:81884763:T:G	14	81884763	-0.636515051654087	0.517092825973355	0.218341827569163
chr14:82929256:T:A	14	82929256	0.111927142467358	0.39803297718595	0.778556485790603
chr14:84531019:T:G	14	84531019	-0.216691846117191	0.198790209322248	0.27568983787543
chr14:84812257:C:T	14	84812257	0.277740597633388	0.230267003193953	0.227752875552922
chr14:90804831:C:G	14	90804831	0.0896876855567445	0.196784193800504	0.648557741682043
chr14:91397629:G:T	14	91397629	-0.56922071929768	0.391987917941645	0.146463118537797
chr14:91532430:A:C	14	91532430	-0.617436646108512	0.347656140658537	0.0757332299103288
chr14:91961156:T:C	14	91961156	-0.255684195176357	0.161277374925153	0.11288245749314
chr14:92998270:C:G	14	92998270	-0.33967217225029	0.385254208538481	0.377948136059207
chr14:93757265:G:A	14	93757265	-0.488874607913903	0.577307209404889	0.397096118402401
chr14:93769225:C:T	14	93769225	-0.227714222967742	0.235053555931714	0.332657007616376
chr14:98340169:A:G	14	98340169	-0.208329228001622	0.21171781157717	0.32511806422451
chr14:100721312:C:T	14	100721312	-0.127880327284759	0.260887830846296	0.624011060289356
chr14:102093442:A:G	14	102093442	0.545533913530503	0.244669610071876	0.0257689722508113
chr15:24165057:A:G	15	24165057	0.229632393446215	0.286312589782216	0.422533368171124
chr15:26353849:A:G	15	26353849	-0.0459794630637673	0.252042247885319	0.855247165415071
chr15:28182824:G:A	15	28182824	0.214135519283978	0.230526108359573	0.352941323919835
chr15:33665926:A:G	15	33665926	-0.084115442251414	0.268437246602573	0.754012981113504
chr15:34880184:A:T	15	34880184	0.0798803658209355	0.181158823473689	0.659255658534951
chr15:37080410:C:T	15	37080410	0.193008857243997	0.175010233086908	0.270095234927526
chr15:37762539:C:G	15	37762539	0.108293879495266	0.29507592700289	0.713616453999994
chr15:52558833:C:G	15	52558833	-0.348356171196293	0.315257103919112	0.269163614448201
chr15:55712443:A:G	15	55712443	-0.264690308452809	0.377105494461676	0.482741591956584
chr15:57522102:A:T	15	57522102	-0.113652101304504	0.138504751147254	0.411894295666707
chr15:57590535:T:C	15	57590535	0.00571814935698336	0.481329004922249	0.990521419390377
chr15:58439508:G:A	15	58439508	0.338129658940799	0.254226626955927	0.183507585839285
chr15:69786285:T:C	15	69786285	-0.175541820106638	0.162647611203876	0.280464278651411
chr15:71331250:T:C	15	71331250	-0.360052981232666	0.34762102400743	0.300312741056398
chr15:74245092:G:C	15	74245092	-0.212257300528603	0.372890722375969	0.569206042482942
chr15:76807237:T:C	15	76807237	0.0325224864109363	0.235574997407897	0.890196345584465
chr15:77734259:G:A	15	77734259	-0.403832572645401	0.126669032426816	0.00143214791046165
chr15:79750604:G:T	15	79750604	-0.310085268476076	0.251046645690016	0.216767266857821
chr15:81697597:G:A	15	81697597	-0.144900513841072	0.128006683672146	0.257644458642952
chr15:87989871:C:T	15	87989871	0.0380184927923761	0.166229525604099	0.819093676663097
chr15:88891382:T:C	15	88891382	0.102045426143735	0.202541865566034	0.614385153626361
chr15:89804552:C:T	15	89804552	-0.0990844318555662	0.19454599391414	0.61053418700593
chr15:94791129:A:G	15	94791129	0.13776140223042	0.22687042028863	0.543701570434354
chr15:97043895:A:G	15	97043895	0.558969399036471	0.264101453250367	0.0343027320203885
chr15:98725394:C:T	15	98725394	0.453425590122455	0.251844324287966	0.0717943252415748
chr15:100978492:T:G	15	100978492	-0.473683617868827	0.304001253865215	0.119194526036633
chr16:2671727:C:T	16	2671727	0.231747125642492	0.224961063811772	0.302932324320352
chr16:4957642:T:C	16	4957642	-0.0107470216438406	0.146968553883613	0.941706939404289
chr16:5603936:C:T	16	5603936	0.0287251771056156	0.311813579420364	0.926600379186889
chr16:5884026:G:T	16	5884026	-0.173203511415698	0.151110275592731	0.251709907064443
chr16:6848656:G:A	16	6848656	-0.231439532406164	0.144548603676763	0.109350539229809
chr16:7909855:G:A	16	7909855	-0.399302447947835	0.21053182522772	0.0578758646774321
chr16:8273542:C:G	16	8273542	0.310604826462164	0.166404631854468	0.0619625566041568
chr16:12394716:C:T	16	12394716	-0.153626859328696	0.362370913594093	0.671602860966107
chr16:13985277:C:A	16	13985277	0.248796380363545	0.214537613021447	0.246176455662332
chr16:17779668:G:A	16	17779668	-0.111780607482597	0.242471871094546	0.64479542455993
chr16:29740733:G:C	16	29740733	0.28505652619352	0.190632729907728	0.134831505481341
chr16:31127124:G:A	16	31127124	-0.100901327791221	0.173150114829871	0.560069002978503
chr16:56688556:C:T	16	56688556	-0.060190567198645	0.171360666308324	0.725400219290985
chr16:60324635:A:C	16	60324635	-0.00350929573781137	0.189738070892738	0.985243587413796
chr16:60499572:C:T	16	60499572	-0.20715103939958	0.188472276739283	0.271721765548865
chr16:62273123:C:T	16	62273123	-0.157668575428053	0.17878498121279	0.377836633077652
chr16:65972427:C:T	16	65972427	-0.120860814774765	0.249487752031273	0.628076570885032
chr16:69246420:T:C	16	69246420	0.062580370301835	0.168809201601924	0.710848638053946
chr16:71908403:G:A	16	71908403	-0.197709574908142	0.211596280183646	0.350112193334527
chr16:72103328:C:A	16	72103328	0.313159495826518	0.171009570402403	0.0670647897376172
chr16:74837740:A:C	16	74837740	-0.243181607964995	0.335286985778065	0.46827174273872
chr16:79886631:C:T	16	79886631	0.186786688787055	0.216678531297481	0.388662642911036
chr16:81396153:C:A	16	81396153	0.100055352290402	0.152692632904392	0.512292032237904
chr16:82294878:C:G	16	82294878	0.0574771743304714	0.212592484911389	0.786880885210636
chr16:82421890:A:G	16	82421890	-0.0697419691630938	0.223075290306423	0.75455517123289
chr16:83827178:T:C	16	83827178	-0.103664945837499	0.203422307839784	0.610328493580133
chr16:84032337:C:T	16	84032337	0.172564094318879	0.2749396544562	0.530237488133301
chr16:89303022:G:A	16	89303022	0.24059900110208	0.260327116555054	0.355372837578568
chr16:89331863:A:T	16	89331863	-0.00561841458843411	0.198920168202954	0.977467089777446
chr16:89337630:T:C	16	89337630	0.094290934273043	0.188747669407554	0.617384374741641
chr16:89479873:T:G	16	89479873	-0.0305015626169672	0.217558311164047	0.888502380851477
chr16:90035976:C:A	16	90035976	0.268642203206603	0.183153314127859	0.142440985765023
chr17:2489248:C:G	17	2489248	0.430578381914861	0.194999707986807	0.0272374721734815
chr17:4018176:C:A	17	4018176	0.192080118521877	0.215647343748441	0.373082596329263
chr17:4147521:T:C	17	4147521	0.21039484246358	0.171399539808826	0.219630541879079
chr17:6949267:T:C	17	6949267	-0.300538808384257	0.125130481511481	0.0163144765394688
chr17:7929448:A:G	17	7929448	0.0447780362860738	0.136268087468397	0.742456146688635
chr17:10308301:C:T	17	10308301	0.127451477604766	0.652530764066684	0.845143438045604
chr17:12174148:T:C	17	12174148	-0.369643893902715	0.35621072635615	0.299404485163054
chr17:14402381:C:T	17	14402381	0.481480357651679	0.238015674649581	0.0430841303654955
chr17:15219976:C:T	17	15219976	0.122103439449303	0.286389468100842	0.669849548247197
chr17:16482403:T:A	17	16482403	0.265669587263534	0.197021820051132	0.177521010465813
chr17:18684803:A:G	17	18684803	0.118016291057596	0.209912479509422	0.573968418554892
chr17:20040710:T:C	17	20040710	-0.16925832251872	0.203229594445196	0.404933342732571
chr17:21275023:A:C	17	21275023	-0.147850760825866	0.203738728355397	0.468030028208286
chr17:30609729:C:T	17	30609729	-0.382150579585003	0.389831089001682	0.326939114214148
chr17:31554254:C:T	17	31554254	0.322950901463914	0.20733745340526	0.119325714514235
chr17:33472425:T:G	17	33472425	-0.192092840215065	0.243992813853984	0.431112751180526
chr17:44156671:T:A	17	44156671	-0.0232501174946706	0.186721842020345	0.900905627763584
chr17:45754773:C:T	17	45754773	0.0852434905668598	0.205913477005832	0.678890783582171
chr17:48779278:C:T	17	48779278	-0.0209147284869553	0.250582243520194	0.933482182116401
chr17:52703044:C:G	17	52703044	-0.768108039070981	0.326327310969223	0.0185827878669971
chr17:53282498:G:T	17	53282498	0.237292048595447	0.214866940578442	0.269433788061481
chr17:58411807:C:T	17	58411807	0.404825181519404	0.201701363547736	0.044744096635097
chr17:61409438:A:G	17	61409438	-0.221745265907617	0.216520685661832	0.305774015590522
chr17:61905160:C:T	17	61905160	0.703274936594802	0.344263180072874	0.0410681811141147
chr17:66262233:G:T	17	66262233	-0.0549258405843228	0.106811304972069	0.607089472774585
chr17:66751216:C:T	17	66751216	-0.18259059792285	0.225641707452064	0.418396729523204
chr17:66971178:A:G	17	66971178	0.23427691265051	0.179161638875869	0.190999255333907
chr17:68771033:G:A	17	68771033	-0.353351966141146	0.214400887352142	0.0993341966847149
chr17:69081332:C:T	17	69081332	0.382918106541716	0.177477777823627	0.0309624292210844
chr17:69213412:T:C	17	69213412	-0.502597368472399	0.196970554618456	0.0107218141002378
chr17:72829246:G:A	17	72829246	-0.153512858848848	0.248061778577629	0.536015638869279
chr17:73506492:C:T	17	73506492	-0.154732173012787	0.280229198922209	0.580836735887216
chr17:75360149:C:G	17	75360149	-0.0144894234576413	0.213964113550567	0.946009370157767
chr17:77625920:A:T	17	77625920	-0.162908176740958	0.34878946242144	0.640451678911567
chr18:1137045:A:T	18	1137045	0.226244883342303	0.181307550843542	0.212085476890278
chr18:4080016:T:A	18	4080016	-0.152357015791738	0.310179307454996	0.623291975830609
chr18:8920896:G:C	18	8920896	-0.176398956430578	0.358328760532935	0.622519692302043
chr18:9609299:C:T	18	9609299	-0.0945621588326599	0.245692753823373	0.700326530163326
chr18:10572326:C:T	18	10572326	0.133145838685968	0.16912410947131	0.431125554223682
chr18:11017906:C:T	18	11017906	0.113673779075495	0.237547947464621	0.632273147637841
chr18:12120157:A:G	18	12120157	0.303607701363839	0.190464617933651	0.110927685438198
chr18:14686017:A:G	18	14686017	-0.277375518099565	0.274758527309939	0.312723065036833
chr18:14895123:C:T	18	14895123	0.0248999166374817	0.129873037286376	0.847957570436795
chr18:30059135:A:G	18	30059135	0.272190928070627	0.189269045389449	0.150401015298998
chr18:32490781:T:C	18	32490781	-0.429712810755644	0.325773279753936	0.187150790226224
chr18:36255061:C:A	18	36255061	0.161195508155607	0.269721527839755	0.550082310418849
chr18:42762909:A:C	18	42762909	0.216996559740965	0.19562203489548	0.267316136680651
chr18:43928870:G:A	18	43928870	0.248105158000354	0.169106018300086	0.14233322338077
chr18:44831686:A:G	18	44831686	-0.55071534785387	0.850747857539804	0.517417828684641
chr18:45461168:C:T	18	45461168	0.404078787437949	0.234284715747954	0.0845754419030952
chr18:47992191:T:C	18	47992191	0.241507162777157	0.273256860860107	0.376798754507299
chr18:49146783:T:G	18	49146783	0.254629763452765	0.170995479435436	0.136460429577658
chr18:49872731:C:G	18	49872731	0.0740622138944625	0.19833361950256	0.708834099116562
chr18:50485733:T:C	18	50485733	0.162931473867544	0.225393159120587	0.469755610116307
chr18:58120958:C:T	18	58120958	-0.168204934462533	0.421053940518421	0.689535522341957
chr18:59256389:C:T	18	59256389	0.314243503802203	0.224778829740615	0.162109460377782
chr18:62622293:T:A	18	62622293	0.340245575142718	0.204840250273486	0.0967076430403329
chr18:62998306:G:A	18	62998306	-0.251668583684789	0.185049350930775	0.173827416210925
chr18:66103927:C:T	18	66103927	0.215926263326291	0.17642341562626	0.220986435915303
chr18:66206557:C:T	18	66206557	0.0641340094951983	0.207920312937282	0.757736321999235
chr18:68001558:G:A	18	68001558	0.455501573515358	0.218749131735642	0.0373149688807944
chr18:69946690:A:G	18	69946690	-0.435772794468604	0.641811203974084	0.497154657898345
chr18:71730181:C:T	18	71730181	-0.189150862527565	0.127693470323421	0.138529725386212
chr18:72912108:T:C	18	72912108	0.0482186019896028	0.164435351773292	0.769340666456537
chr18:73248491:G:A	18	73248491	0.237835851620878	0.200481393050438	0.235494444125859
chr18:77734991:G:A	18	77734991	0.44685421170068	0.262339863761108	0.0885042964027942
chr19:2907557:G:A	19	2907557	0.197890925986895	0.167800164597941	0.23826879446483
chr19:16021187:G:A	19	16021187	0.386577914477608	0.20694828297934	0.0617630665044565
chr19:17584922:G:A	19	17584922	0.22507995979785	0.193349094931177	0.244378713798393
chr19:18704666:C:T	19	18704666	0.0860604280318975	0.30333905057206	0.776632362809355
chr19:18737022:C:T	19	18737022	0.239412196391796	0.210046504365846	0.254367271491467
chr19:18805179:A:G	19	18805179	-0.342977908048015	0.32323479927912	0.288653648454634
chr19:21560366:G:T	19	21560366	0.0560751588601382	0.209448301481436	0.788908754261579
chr19:21659434:G:C	19	21659434	-0.0398776757242661	0.2366616236302	0.866189305009257
chr19:33474662:T:C	19	33474662	0.131654660870543	0.172107326375195	0.444297299708496
chr19:37956680:C:T	19	37956680	0.455253188810415	0.188772449731775	0.0158804925243086
chr19:38120117:A:T	19	38120117	0.383088846632395	0.18614036184596	0.0395839546484363
chr19:44380983:T:C	19	44380983	0.156136070424724	0.179114599578107	0.383366351156699
chr19:44819986:A:G	19	44819986	0.199858747739755	0.198890660830105	0.314960688144601
chr19:48685001:C:T	19	48685001	0.216892639146171	0.18408212335174	0.238701550385701
chr19:51210487:G:T	19	51210487	0.0106411935106485	0.157108152544437	0.94599925860618
chr19:51552139:T:A	19	51552139	-0.105838019241379	0.185007342051034	0.567271370073873
chr19:52714810:C:T	19	52714810	-0.327700604386424	0.237071955489385	0.166884732380178
chr19:53330671:T:C	19	53330671	0.405703480523684	0.21647922805766	0.0609167966119172
chr19:54944544:G:A	19	54944544	-0.515885892043411	0.386248391629006	0.181669432832964
chr19:57195010:G:C	19	57195010	0.210875567410117	0.217629166575011	0.332561455504839
chr20:1709120:A:G	20	1709120	0.367250304210512	0.257426580115229	0.153689011993334
chr20:1735934:T:G	20	1735934	-0.430505150627715	0.258940018152719	0.0963991247839125
chr20:1906500:G:T	20	1906500	-0.174105325428981	0.276552880620279	0.52898559195071
chr20:3649460:G:A	20	3649460	-0.242653621905336	0.169379663898585	0.151971649303471
chr20:5407753:C:T	20	5407753	-0.0504165268184169	0.188276383709772	0.788869170137891
chr20:5860313:T:C	20	5860313	0.271893685598462	0.246279037551393	0.269590269943567
chr20:7000966:A:C	20	7000966	0.456239499486629	0.199003805086583	0.0218700668431864
chr20:12129436:G:A	20	12129436	-0.31359106983861	0.378243740471936	0.407064002584464
chr20:13244402:C:A	20	13244402	0.476336321970955	0.351435515160901	0.175289583594182
chr20:31347432:T:C	20	31347432	0.0533753581172563	0.156629526506855	0.733273302870152
chr20:37593342:C:T	20	37593342	-0.439455414061568	0.161435400190782	0.00648537848023534
chr20:38200488:G:A	20	38200488	-0.17756334448166	0.151700750784126	0.241806135536771
chr20:38350608:A:G	20	38350608	0.0308548214964241	0.209674518276571	0.883009047122072
chr20:45729681:A:G	20	45729681	-0.275899463307303	0.176534674575016	0.118084885770163
chr20:48501317:C:T	20	48501317	-0.253244685218573	0.2344684478109	0.280106549357339
chr20:49036824:T:G	20	49036824	-0.0851524809034839	0.269179798086213	0.751744048378034
chr20:50371082:C:T	20	50371082	0.164112881788205	0.155876906636637	0.292415977422177
chr20:52513956:G:A	20	52513956	0.127401136060411	0.272130663427299	0.639669006168914
chr20:54253971:A:G	20	54253971	-0.255662389291115	0.163744251954126	0.118440758076999
chr20:58480201:T:G	20	58480201	0.141298905088977	0.202396562130285	0.485096537179586
chr20:60073360:C:T	20	60073360	0.290104602542919	0.167994822594757	0.0841916728215161
chr21:14869783:A:G	21	14869783	0.273434782603197	0.22747784009874	0.229352595762885
chr21:15297615:T:C	21	15297615	0.220759288673449	0.245936491938597	0.369384324172292
chr21:15686888:A:G	21	15686888	0.272859422106618	0.241509113979223	0.258556276060296
chr21:18805376:C:A	21	18805376	0.123234559116216	0.225050259945719	0.583975632421712
chr21:22007486:G:T	21	22007486	0.137877886206818	0.202270679654108	0.495460048590249
chr21:24026351:C:T	21	24026351	-0.0126708122723408	0.260810285376083	0.961252026913112
chr21:26647335:G:C	21	26647335	0.145281049678696	0.16286827602046	0.372384548745536
chr21:28043199:C:G	21	28043199	0.27764976119754	0.171658781310437	0.105780846825806
chr21:29538421:G:A	21	29538421	0.19042239625898	0.238639587222256	0.424899657837473
chr21:31885030:A:G	21	31885030	0.0537560914938622	0.205773454009923	0.793908053946243
chr21:35502622:A:T	21	35502622	-0.301137091390388	0.33081749291881	0.362673996392965
chr21:36306638:T:G	21	36306638	-0.0143874340068701	0.171713069023224	0.933225269774033
chr21:41442549:G:A	21	41442549	0.220304975263451	0.179131508465507	0.218753093364955
chr21:42627184:G:A	21	42627184	-0.167058111174157	0.331761993738037	0.614578993569117
chr22:20147688:T:C	22	20147688	-0.158983084538713	0.195199485774814	0.415378804581601
chr22:23891985:A:G	22	23891985	-0.279291822982065	0.214084523763843	0.192033618541188
chr22:24245985:G:T	22	24245985	-0.214792410120497	0.208992451604358	0.304066500424819
chr22:28624303:G:A	22	28624303	-0.831733547215672	0.4916209273875	0.0906805202250582
chr22:30376697:C:T	22	30376697	0.372461404902613	0.223419674840859	0.0954958881069404
chr22:30662128:G:A	22	30662128	-0.175441617075437	0.162645938146796	0.280733978334095
chr22:36298345:C:A	22	36298345	0.217216515792721	0.180811572443646	0.229618608137765
chr22:36977479:G:A	22	36977479	0.522672560128335	0.236836996490768	0.0273219337883348
chr22:42350572:C:T	22	42350572	0.115953531931622	0.215660451302044	0.590806888626219
chr22:42475109:T:G	22	42475109	-0.558229992892592	0.249983084090544	0.025544258085174
chr22:44719519:A:G	22	44719519	0.209115443492708	0.185622649170338	0.259927666184515
chr22:44805054:T:C	22	44805054	-0.273353191533173	0.550747437399783	0.619660686569347
chr22:45210278:T:C	22	45210278	-0.272488130287116	0.229837237066484	0.235792160410885
chr22:47062473:C:T	22	47062473	-0.247637014539866	0.389618521987725	0.525044729584959
chr22:48785864:A:G	22	48785864	0.147000661382816	0.270207010713306	0.586420978118445
chr22:49668266:A:G	22	49668266	0.113920288640851	0.256766391268572	0.657279093478191
chr22:49926053:G:A	22	49926053	0.317204179886089	0.191493937990423	0.0976264468252414
