SNP	CHR	POS	est	stderr	pval
chr1:1837340:C:T	1	1837340	-0.337442384820392	0.382799848345143	0.378041150686469
chr1:2261200:G:C	1	2261200	-0.122459280467776	0.273184242339749	0.65396104284739
chr1:14678191:A:C	1	14678191	0.0327241155401455	0.240658985278941	0.891839369134016
chr1:14985097:C:T	1	14985097	0.612914160908971	0.370920609539348	0.0984503192404729
chr1:15065941:C:T	1	15065941	-0.0833419250948302	0.393058223391707	0.832080076960112
chr1:20215506:G:C	1	20215506	-0.518380420386122	0.283815863335156	0.0677798883061692
chr1:20533654:G:C	1	20533654	-0.411903584904058	0.666014927053402	0.536272164128516
chr1:22009627:T:C	1	22009627	-0.0686350112613022	0.326212932261487	0.833355946451232
chr1:22126221:C:T	1	22126221	-0.169927915470205	0.369587348717141	0.645675996529461
chr1:23180575:A:G	1	23180575	-0.127588211833956	0.261564166393122	0.625699063528662
chr1:26058659:G:C	1	26058659	0.0580316453725774	0.3899380762567	0.881693521844221
chr1:26181362:A:G	1	26181362	0.458776723337959	0.462054657251821	0.320755890188281
chr1:26848285:C:T	1	26848285	-0.00923124594691027	0.548006971971828	0.98656017044648
chr1:28670719:C:T	1	28670719	0.308938519010681	0.28963934581414	0.286138162560684
chr1:29753056:A:C	1	29753056	-0.351649909972593	0.301549900408018	0.243557163976666
chr1:29908726:A:G	1	29908726	-0.0713531868408355	0.273943697517295	0.794503866268874
chr1:31886486:G:T	1	31886486	-0.330253480069282	0.297048512782646	0.266231472473228
chr1:37838865:C:T	1	37838865	0.128235675923623	0.418222474486332	0.759132081174756
chr1:39880059:T:C	1	39880059	0.199893379642345	0.302525197979357	0.508772960045968
chr1:41175014:G:A	1	41175014	0.723536432007388	0.39342270481354	0.0659031944301504
chr1:41597921:C:T	1	41597921	0.338893983853222	0.337649342815331	0.315529893613827
chr1:42635725:A:G	1	42635725	-0.171770231034317	0.530253952913394	0.745983794571596
chr1:43202709:G:A	1	43202709	0.282774744408578	0.304327208272347	0.352795829151501
chr1:47498869:G:A	1	47498869	-0.539079435890525	0.353902558761202	0.127698034454955
chr1:51034150:G:A	1	51034150	0.498579121889034	0.425056506983706	0.240807278871859
chr1:54900240:G:A	1	54900240	-0.130240599188457	0.156822794838058	0.406258785534472
chr1:55459433:C:T	1	55459433	-0.859475786913178	0.732870601519178	0.240895095014998
chr1:56563907:C:T	1	56563907	-0.357187902630032	0.509946644775596	0.483651492354663
chr1:65351414:T:A	1	65351414	-0.59515105347938	0.35061206559441	0.0896091364447288
chr1:66254178:T:A	1	66254178	-0.333176748319433	0.428698380214072	0.437051285109841
chr1:73302339:T:C	1	73302339	0.0769808012176712	0.284400071228859	0.786638810412257
chr1:73563666:T:C	1	73563666	-0.0623758181654124	0.51540614239448	0.903673093431796
chr1:76062379:T:C	1	76062379	0.421694663999442	0.253701132697224	0.0964784940404825
chr1:86928231:G:T	1	86928231	-0.141650003090665	0.276342060226752	0.608238589187901
chr1:88611347:G:A	1	88611347	0.659789174962428	0.286513323547274	0.0212888621085626
chr1:91057167:C:A	1	91057167	-0.221266990200347	0.501167637848036	0.658848926844879
chr1:91093925:G:A	1	91093925	0.147549536807101	0.328205706487313	0.653024704626838
chr1:92475800:A:G	1	92475800	-0.108860023702148	0.32046227446331	0.734084837642295
chr1:94752415:G:A	1	94752415	0.601998868957434	0.32293539665267	0.0623011428972258
chr1:95614324:G:A	1	95614324	0.423639088257183	0.396761064902675	0.285636184834812
chr1:99691102:T:C	1	99691102	0.268997955044923	0.319669990333822	0.400075490846482
chr1:104937367:T:A	1	104937367	0.352091911721513	0.328625808693244	0.283986576289661
chr1:115841221:A:T	1	115841221	0.492630480044246	0.46967274896197	0.294233226962572
chr1:153704237:C:A	1	153704237	-0.280373860893569	0.27236190807155	0.303283966509594
chr1:155857667:G:T	1	155857667	0.32268168643774	0.510223404230558	0.527104528895287
chr1:157334223:T:C	1	157334223	-1.2056508796377	1.02916818330205	0.241405526873642
chr1:159540226:C:T	1	159540226	-0.413258753712202	0.359818143635978	0.250753480574616
chr1:165647351:T:C	1	165647351	-0.0915818218410817	0.420248106584053	0.827488932636748
chr1:167545338:A:T	1	167545338	0.0907019718709353	0.719848430293396	0.89973074833847
chr1:168863629:G:A	1	168863629	-0.126079505034844	0.417524568795497	0.762675642802478
chr1:171350391:G:A	1	171350391	0.281440591593911	0.426587572668911	0.509415116251446
chr1:173013575:C:G	1	173013575	-0.196054612841791	0.328060260323104	0.550095062154213
chr1:178947344:C:A	1	178947344	-0.119195794790562	0.504415742986996	0.813196264791426
chr1:182872646:T:G	1	182872646	-1.42275754553138	2.05296700418853	0.488293835906847
chr1:185127444:C:G	1	185127444	0.237135444434331	0.420985148475929	0.573239496252771
chr1:185619557:C:T	1	185619557	0.312528208592776	0.341450879995719	0.360036897967479
chr1:186638909:G:T	1	186638909	-0.754882494363871	0.378833924440325	0.0463000536296601
chr1:188272062:T:C	1	188272062	0.218587171038145	0.372461229631094	0.557289488111141
chr1:193365737:C:T	1	193365737	0.0219154668807729	0.180098988692113	0.903147959165319
chr1:193791070:G:T	1	193791070	-1.08612596823243	0.962764791237193	0.259264089394697
chr1:195033388:T:C	1	195033388	-0.502783375301647	0.372747569487682	0.177382723717742
chr1:195907914:A:G	1	195907914	0.0445180954232867	0.320325230090089	0.889467692655984
chr1:196692375:G:C	1	196692375	0.456403724916443	0.297639095504754	0.125174072599236
chr1:197559019:A:G	1	197559019	-0.516559143009999	0.502198658292092	0.303669921703292
chr1:199160726:G:A	1	199160726	0.358195676453962	0.298906296096223	0.230779074997459
chr1:204277152:T:C	1	204277152	0.283068491677281	0.326858972861773	0.386475697719707
chr1:207498131:C:T	1	207498131	0.375286260503111	0.320951075171129	0.24228508173979
chr1:208744577:C:T	1	208744577	-0.206128827015004	0.366568492157144	0.573897953767789
chr1:210496535:G:A	1	210496535	0.72781789881974	0.334093623916588	0.0293699587930174
chr1:212937214:T:G	1	212937214	0.0348701353109444	0.222486316064126	0.875458156356637
chr1:219750864:A:G	1	219750864	0.0738075370066516	0.344260075204511	0.830239271060576
chr1:221920463:G:A	1	221920463	0.550606289591501	0.445376191501716	0.216357329696281
chr1:227462684:A:G	1	227462684	0.195930077589506	0.386335880086791	0.612049872399356
chr1:234456961:G:A	1	234456961	0.179105397969627	0.38418894439168	0.641078847143197
chr1:237308322:A:G	1	237308322	0.290836946980599	0.344671947228466	0.398776703492988
chr1:239000642:T:C	1	239000642	0.0893523821271692	0.375104275373047	0.811720717691297
chr1:242239801:C:T	1	242239801	-1.68820825365848	1.30290849092846	0.195070999211721
chr1:244583991:C:T	1	244583991	0.225924431518358	0.265788792971158	0.395316808121751
chr1:246213578:G:A	1	246213578	-0.234277449343693	0.561969566651058	0.676761527920478
chr1:247190028:T:C	1	247190028	-0.126999168357544	0.408151250122408	0.755681177739787
chr1:247897239:C:T	1	247897239	0.859646757734843	0.302482202639487	0.00448350537713826
chr2:3248328:A:G	2	3248328	0.264918819304839	0.336949280418954	0.431734167595443
chr2:4505759:T:G	2	4505759	0.910560859353842	0.396496626631766	0.021646393612602
chr2:6804400:G:A	2	6804400	0.704361413871002	0.335744618317409	0.0359132486714479
chr2:9411790:A:C	2	9411790	-0.687159799042578	0.297712974960309	0.0209919910714432
chr2:12096367:C:T	2	12096367	0.109301614659324	0.353296025777436	0.757034871559594
chr2:13545005:C:T	2	13545005	-0.154552762831272	0.338252320397567	0.647731708816063
chr2:16009716:A:G	2	16009716	0.013279090742562	0.356877140304158	0.970318252633736
chr2:16367899:A:T	2	16367899	0.428845283515953	0.301784928042833	0.155308185350775
chr2:17630111:A:C	2	17630111	-0.329476905973239	0.343666659963283	0.33770450390419
chr2:17928966:C:G	2	17928966	0.17524965238676	0.322943607677349	0.587361628970153
chr2:18261494:A:T	2	18261494	0.0351001236859853	0.37449500215154	0.925326381079611
chr2:19530615:T:C	2	19530615	0.144393570817308	0.30258011814397	0.633214208423112
chr2:19562158:T:C	2	19562158	-0.0762878161321033	0.416581554084972	0.854697455919128
chr2:27383116:G:A	2	27383116	0.361608870581863	0.291372647632362	0.214586205816829
chr2:37762298:C:T	2	37762298	0.290853572663324	0.353007594367682	0.409979292261884
chr2:42010994:T:A	2	42010994	-0.874605665290228	0.806693664246855	0.278282509080208
chr2:45824390:C:G	2	45824390	-0.374635245103989	0.514452762348637	0.466478384078225
chr2:46742820:T:C	2	46742820	-0.974797386558587	0.946324815812103	0.302968921184779
chr2:49789441:T:C	2	49789441	0.853511142660751	0.333442367793424	0.0104763718354929
chr2:49994518:G:A	2	49994518	-0.409034865297057	0.37218665669682	0.271766038917057
chr2:51284042:G:A	2	51284042	0.538618589374213	0.267697375940084	0.0442154209388059
chr2:51344078:G:A	2	51344078	0.260502245067952	0.278812127784501	0.350134230747144
chr2:57278002:C:A	2	57278002	-0.622549389229126	0.34289835250245	0.0694393016918778
chr2:57368273:A:G	2	57368273	0.501660285099258	0.366269877911213	0.170797252185908
chr2:60075157:T:C	2	60075157	0.379613140445963	0.432563710008902	0.380166817545913
chr2:60373837:A:G	2	60373837	0.461695811732867	0.3843330192982	0.229638325585415
chr2:61147014:T:C	2	61147014	-0.297110946218211	0.352253961359267	0.398973100471356
chr2:61693274:A:G	2	61693274	-0.124098498458068	0.44848597460809	0.782006312345854
chr2:65295480:C:T	2	65295480	0.133033041461014	0.31334218715365	0.671156334871835
chr2:66031496:T:C	2	66031496	0.404672754623495	0.290920090544104	0.164222394923108
chr2:69165635:T:C	2	69165635	-0.0568425771528289	0.398946525291728	0.886699537098274
chr2:71204755:G:A	2	71204755	0.347373348624115	0.434188951530066	0.423681190835394
chr2:72022684:A:G	2	72022684	-1.35602198000513	0.821044747670241	0.0986199773766021
chr2:76651386:C:A	2	76651386	0.0011448053130525	0.313597983201624	0.9970872884886
chr2:79784490:C:G	2	79784490	-0.0311486585866293	0.420148072517144	0.940901107604411
chr2:82619301:T:C	2	82619301	-0.091992245662049	0.544243873942705	0.865774917866968
chr2:83181917:T:C	2	83181917	-0.236300841734991	0.891660400459552	0.791000100341407
chr2:83400799:T:A	2	83400799	-0.387659773039054	0.442447360441423	0.380936800735191
chr2:85744328:G:A	2	85744328	-0.1193444719239	0.34934488935745	0.732634146012327
chr2:85757440:T:A	2	85757440	0.165189211761023	0.282313462969733	0.558462367901873
chr2:99811694:T:C	2	99811694	-0.102643368829303	0.280261693730613	0.714185128615627
chr2:101228073:A:C	2	101228073	-0.0580764667194122	0.291052232410292	0.841840614211796
chr2:106861882:T:C	2	106861882	-0.343686842536952	0.470298237823275	0.464910558767022
chr2:108083619:T:C	2	108083619	0.111184100933826	0.309110754622974	0.719078841376355
chr2:114129906:T:C	2	114129906	-0.35285093246415	0.677695944262205	0.602601832283195
chr2:118004610:C:T	2	118004610	0.815541604233247	0.40183614405814	0.0424035529568385
chr2:119455921:A:G	2	119455921	-0.523929626040221	0.342360757856129	0.125931678828334
chr2:120644763:G:A	2	120644763	0.223018276163059	0.235086069182898	0.34279026223601
chr2:120916837:A:G	2	120916837	-0.246869945715063	0.283363860429093	0.383638504999358
chr2:122628686:C:A	2	122628686	-0.179039889413975	0.416127365707231	0.667011888400651
chr2:122629789:A:C	2	122629789	-0.00653177908140005	0.343915220733889	0.984847159788492
chr2:126391403:A:G	2	126391403	0.314009210299104	0.396815787244606	0.428755896129891
chr2:127192867:G:A	2	127192867	0.218636820676844	0.305181948486438	0.473735347822393
chr2:130915743:C:T	2	130915743	-0.150694615280734	0.400770454547086	0.706907761309884
chr2:136107122:C:T	2	136107122	0.287522681737663	0.494424637188443	0.560883410879292
chr2:136507185:G:C	2	136507185	0.206962240946939	0.314881501801778	0.511007167089363
chr2:141023592:C:T	2	141023592	0.141911280502769	0.31787139835712	0.655277687133279
chr2:143017176:T:C	2	143017176	0.103279634567085	0.540846553293689	0.848557544902419
chr2:143920023:G:T	2	143920023	0.20543057707059	0.500325307977101	0.681370252918745
chr2:144729333:C:T	2	144729333	-0.338403256394488	0.405085855713608	0.403500126721281
chr2:148561010:G:C	2	148561010	0.160012546887886	0.394421057204449	0.684970636379176
chr2:154835349:G:T	2	154835349	-0.141013951204211	0.423089288275174	0.738910887423747
chr2:164974626:C:A	2	164974626	0.326814761803162	0.365535788654791	0.371284177022503
chr2:167086954:T:G	2	167086954	-0.278918623362472	0.27699759067102	0.313965916831973
chr2:167199229:C:T	2	167199229	0.729430536292859	0.368263489922462	0.0476215624147116
chr2:167657344:C:T	2	167657344	0.567936158653633	0.279684483199379	0.0422923763960797
chr2:167884398:C:T	2	167884398	0.860520695128523	0.36607005195429	0.0187381587966965
chr2:168647356:T:G	2	168647356	-0.054503442842023	0.352270536251463	0.877041736566439
chr2:170041677:A:G	2	170041677	-0.182255423459527	0.453106594566214	0.687510936184105
chr2:171274449:C:A	2	171274449	-0.0999904973388495	0.366775064189057	0.785144750814987
chr2:177787584:G:A	2	177787584	0.553176967902408	0.342832245097867	0.106625070362817
chr2:179648558:C:T	2	179648558	0.229880911701801	0.498106757574921	0.64443323527291
chr2:180833197:G:A	2	180833197	-0.202337693421384	0.921866527944976	0.826270726778633
chr2:183527028:C:T	2	183527028	0.145387338291776	0.394143727208704	0.712225492318758
chr2:184516924:T:A	2	184516924	-0.236140974237514	0.378697873541809	0.532916364380329
chr2:191922008:C:T	2	191922008	0.149176841201256	0.390549843570908	0.702486432758795
chr2:195817951:G:C	2	195817951	0.414140198093947	0.446642038014729	0.353806779745504
chr2:197010424:G:A	2	197010424	-0.135901849512986	0.468156787471704	0.771593382470377
chr2:209101337:G:A	2	209101337	0.145673252271949	0.203462607943504	0.474009482230064
chr2:209103516:A:G	2	209103516	-0.18147959447362	0.329544827760719	0.581840888737183
chr2:210957182:G:A	2	210957182	0.262765581786499	0.330916113927212	0.427163436199698
chr2:214802180:T:C	2	214802180	0.139783830493616	0.323307488690177	0.665482921571608
chr2:215209936:A:G	2	215209936	0.330751550131322	0.266688263300891	0.214894820094114
chr2:215367000:G:A	2	215367000	0.409538860815466	0.507164561775377	0.419374526080308
chr2:220997842:C:T	2	220997842	0.12558228099051	0.239787076030977	0.600470420617722
chr2:226027918:G:A	2	226027918	0.151496246964644	0.493619582499201	0.758912708592507
chr2:228947684:G:A	2	228947684	-0.204235481234983	0.30589132376829	0.504342132609886
chr2:233152507:T:C	2	233152507	-0.214863380128735	0.2911808327075	0.460573040737895
chr2:235620294:A:T	2	235620294	-0.318312175587141	0.47265844214624	0.50066058026893
chr2:237288548:A:G	2	237288548	0.37441533798651	0.20161777326525	0.0633032984479076
chr2:237513585:T:C	2	237513585	-0.0787127530449112	0.39249000096924	0.841052682656525
chr2:237920759:T:G	2	237920759	-0.3571047521919	0.406601970264822	0.379799294090449
chr2:240429648:C:T	2	240429648	0.0967046318654316	0.232104884654926	0.676940320089006
chr3:9841346:T:C	3	9841346	0.594405876593559	0.422169524332829	0.159137252001727
chr3:10127208:T:G	3	10127208	-0.203956090632149	0.534035399274721	0.702524467762735
chr3:14082905:A:G	3	14082905	-0.470505575323679	0.272922878369442	0.0847167513464264
chr3:16798495:T:G	3	16798495	-0.393558574863646	0.351365192863697	0.262677914575707
chr3:18882818:T:C	3	18882818	0.426624954810567	0.254747480511927	0.0939936089385306
chr3:20179943:G:A	3	20179943	0.197451697881456	0.435943309217032	0.650599321482597
chr3:22245167:A:G	3	22245167	0.0372752474832963	0.346299553884988	0.914282265791147
chr3:24009496:G:A	3	24009496	0.390742970019838	0.366839157277975	0.286802824274593
chr3:24010534:C:T	3	24010534	-0.0851309459185056	0.281674069162526	0.762475134176459
chr3:33111016:C:A	3	33111016	-1.31867396042506	1.03819081111128	0.204025749241382
chr3:33421913:A:G	3	33421913	-0.314669254093383	0.383879037644935	0.412381792308883
chr3:34471110:A:G	3	34471110	0.11240446440256	0.309365714155346	0.716352061224675
chr3:34498029:C:T	3	34498029	-0.300199937588351	1.035667057245	0.771922247329559
chr3:35230331:G:A	3	35230331	0.0350383036346154	0.384572732812975	0.927405430754218
chr3:41413926:T:C	3	41413926	0.583272377457809	0.276779753163634	0.03508707556469
chr3:42098050:T:C	3	42098050	-0.159855954082792	0.344479508796956	0.642611428240771
chr3:46489654:A:G	3	46489654	0.62774267984	0.301457439169165	0.0373096698145927
chr3:56959175:A:G	3	56959175	0.383957550251904	0.460060280061206	0.403953686042161
chr3:64441608:G:A	3	64441608	-0.125539100747138	0.375826986401513	0.738353683266452
chr3:66150510:T:A	3	66150510	-0.58642868300967	0.57662935129398	0.309156207383379
chr3:66995763:G:T	3	66995763	-0.232341799881906	0.320887154821884	0.469028428550974
chr3:68498445:T:C	3	68498445	0.815945452918179	0.276752577225234	0.00319542395862293
chr3:68824246:G:A	3	68824246	0.636325133246436	0.316595272575573	0.0444416751638036
chr3:69021248:A:C	3	69021248	0.0125500301879413	0.273133360712974	0.963351408559976
chr3:69617754:T:G	3	69617754	-0.0694684761978657	0.279298558464001	0.803573669194729
chr3:74191731:G:A	3	74191731	0.0631651164743066	0.362011837805093	0.861485444920381
chr3:74732240:G:A	3	74732240	0.268296116341153	0.329234973121613	0.415125142453836
chr3:75709324:A:T	3	75709324	-0.0657326530187379	0.221224696970032	0.766366713347782
chr3:84465702:T:C	3	84465702	-0.250790586895788	0.358078052861039	0.483690231847078
chr3:84817748:G:A	3	84817748	-0.141676038918047	0.348418815811328	0.684282931130516
chr3:85705423:A:G	3	85705423	0.240071020605845	0.284353048036589	0.398518010288585
chr3:88069353:C:T	3	88069353	-0.0536555735474471	0.347666063262463	0.877348931774615
chr3:93986190:G:A	3	93986190	0.300103955382124	0.354815274367764	0.397662444240906
chr3:101022648:G:A	3	101022648	-0.134377145145008	0.360620130965331	0.709425357239578
chr3:105622159:T:C	3	105622159	0.487177375703853	0.346298931235352	0.159483242938654
chr3:106664728:C:T	3	106664728	-0.613201572794637	0.392972186652719	0.11866071367682
chr3:110774699:C:T	3	110774699	-0.357971854070721	0.4009113222083	0.371913219244776
chr3:113428518:G:A	3	113428518	-0.233541989986801	0.459208229178751	0.61104990451149
chr3:121058963:T:G	3	121058963	0.544972152669495	0.371743195667215	0.142650758168783
chr3:122312606:G:A	3	122312606	0.368998562616082	0.419876884232132	0.379495833358319
chr3:124193435:A:C	3	124193435	-0.128613273407931	0.225847200398283	0.5690370192848
chr3:124804582:A:T	3	124804582	-0.230903906128685	0.425594251099143	0.58744332141735
chr3:126773646:G:T	3	126773646	-0.163959468338148	0.367369613992879	0.655375818957971
chr3:131110446:C:G	3	131110446	0.914436827223472	0.339986930955994	0.00715326805768446
chr3:131209978:G:T	3	131209978	0.347368095121859	0.349521322282957	0.320301013786457
chr3:133982842:C:T	3	133982842	-0.132616963483637	0.206475481548449	0.520685451648059
chr3:134929007:C:T	3	134929007	-0.381085159421909	0.693139746803285	0.582459600216148
chr3:137777496:C:T	3	137777496	-0.304245837757507	0.4483474286635	0.497395198241018
chr3:146265901:G:T	3	146265901	0.202455956642804	0.276109042510938	0.463408170507214
chr3:148006706:G:A	3	148006706	-0.112039544659161	0.584432018623066	0.847971942757006
chr3:149679065:C:A	3	149679065	-0.117587954540298	0.203626994882734	0.563623744066325
chr3:150888061:C:A	3	150888061	0.13512218420514	0.526466029722056	0.797442113468825
chr3:152663712:G:C	3	152663712	0.400591091907225	0.298317902830532	0.179326090523122
chr3:159417151:A:G	3	159417151	-0.5401334220743	0.408936079621762	0.186559375452128
chr3:164899350:G:A	3	164899350	-0.564202914571989	0.655616921793074	0.389476040670769
chr3:168053836:T:C	3	168053836	-0.34642254264792	0.485390366005632	0.475413421973673
chr3:171028381:G:A	3	171028381	-0.215678458752575	0.289413035051372	0.456134396898774
chr3:174497130:T:C	3	174497130	0.0258505131002109	0.279569295401865	0.926328205271472
chr3:176663180:T:G	3	176663180	0.155099214767033	0.590036027226608	0.792655424839619
chr3:196706550:C:T	3	196706550	0.363890531146295	0.302213026837756	0.228556268197394
chr4:332191:G:A	4	332191	0.139576161611172	0.237340644253362	0.556476120789553
chr4:8816874:T:C	4	8816874	0.424776273604515	0.292235596979481	0.146073745423386
chr4:9851274:C:G	4	9851274	-0.422709822493946	0.287099280629294	0.140927142967702
chr4:10725805:A:G	4	10725805	-0.279006183875088	0.323358122263395	0.388225678460807
chr4:13219910:C:T	4	13219910	-0.165159573395058	0.219555938753988	0.451904513550024
chr4:18747099:A:G	4	18747099	0.122545691472542	0.231185953130296	0.596060539345127
chr4:20840555:C:T	4	20840555	0.181133885348827	0.296689463552753	0.541519554946132
chr4:21137718:C:T	4	21137718	0.25925352050988	0.353754679005079	0.463642327839373
chr4:26851610:T:C	4	26851610	0.659972402310343	0.275776191601516	0.0167046398916466
chr4:32302160:A:T	4	32302160	0.114563772823904	0.371375664886141	0.757713413058181
chr4:34501888:A:G	4	34501888	-0.974409715281369	1.30534738756859	0.455380285610735
chr4:40603484:A:G	4	40603484	0.476518472445736	0.315074999799731	0.130432907360134
chr4:41002348:C:T	4	41002348	-0.141988007108898	0.549971332194406	0.79627303207634
chr4:44018406:T:G	4	44018406	-0.410479770638274	0.390663187935132	0.293384684146733
chr4:44680448:T:C	4	44680448	-0.406718725703617	0.244896640443254	0.0967582274286832
chr4:55337032:C:T	4	55337032	-0.434143621192417	0.355586025794302	0.22211468128595
chr4:55659669:G:A	4	55659669	-0.000468514659362665	0.435402784852092	0.99914143741363
chr4:56719096:C:T	4	56719096	0.823015411925603	0.319005337189126	0.00988167808991636
chr4:58944563:C:T	4	58944563	0.148066739924269	0.607156232656657	0.807332079041678
chr4:61158247:C:G	4	61158247	-0.717568343623397	0.594500187176136	0.227427857089585
chr4:64485722:G:A	4	64485722	0.356273917626893	0.363663495624715	0.327244014282641
chr4:67708732:C:T	4	67708732	0.152047009660532	0.352684317171371	0.66638576405507
chr4:67911021:C:T	4	67911021	-0.355754273637527	0.236014561098016	0.131723437226626
chr4:90022599:G:T	4	90022599	-0.263663361790493	0.274925115436544	0.337540098892837
chr4:95020597:A:T	4	95020597	-0.822301822424298	1.17009603283655	0.482202593845032
chr4:95433170:T:C	4	95433170	0.613139894980614	0.285959934507483	0.0320211775979187
chr4:97398054:G:A	4	97398054	0.0296681536107879	0.187610234487457	0.874348702997324
chr4:98823404:T:C	4	98823404	0.250676293260946	0.360698168236232	0.487070823352909
chr4:99262681:C:G	4	99262681	0.807208670226684	0.386418518834344	0.0367122929340924
chr4:99355957:G:T	4	99355957	0.32255993096062	0.283990004968535	0.256034258172386
chr4:101085120:T:C	4	101085120	0.0549181050884618	0.18398866460518	0.765331992079571
chr4:102399971:C:T	4	102399971	0.302514228108649	0.303727298729747	0.319247203994535
chr4:102884286:T:C	4	102884286	0.205338904464947	0.338036131706079	0.543554559858318
chr4:105992845:C:T	4	105992845	0.349250927799964	0.340724866114526	0.305352192216189
chr4:108791253:G:A	4	108791253	-0.376634112165922	0.22148328713513	0.0890354039749237
chr4:110191180:A:G	4	110191180	-0.568535614410418	1.15631438185912	0.622946215455549
chr4:110957298:T:A	4	110957298	-0.121682976804857	0.361126567476074	0.736151711865416
chr4:113348012:C:T	4	113348012	0.016865234117261	0.350978477262882	0.961674763356553
chr4:115515844:A:G	4	115515844	-0.330624440871746	0.592477556133024	0.576819069391629
chr4:115522695:G:A	4	115522695	0.157922484656181	0.2438506225026	0.517230905557004
chr4:120770744:A:C	4	120770744	-0.355814978020568	0.288093989248381	0.216806087746029
chr4:123964831:A:G	4	123964831	-0.127375687503669	0.347895261556316	0.714266366694169
chr4:125256344:T:C	4	125256344	-0.0851801021947683	0.440606625879915	0.846704757283729
chr4:126268710:T:G	4	126268710	-0.320222110924007	0.458090670895563	0.484529204736407
chr4:134094420:T:C	4	134094420	-0.130863068187289	0.532048804493534	0.805712695956711
chr4:134350906:C:T	4	134350906	-0.149752248811899	0.221334620158581	0.498667679286108
chr4:138952375:G:A	4	138952375	-0.126882193033843	0.284424987782324	0.655524489706453
chr4:141012527:T:G	4	141012527	-0.224715114609952	0.531161911999273	0.672249073346109
chr4:141618953:G:A	4	141618953	0.568515840053187	0.364524671448739	0.118852385090303
chr4:143626434:A:G	4	143626434	-0.0133568757481896	0.680852443136659	0.984348207171546
chr4:149616644:T:G	4	149616644	-0.168089210157001	0.282512724456242	0.551857338321896
chr4:154030957:C:G	4	154030957	-0.181680282561324	0.446042541599137	0.68377588209257
chr4:168588553:A:C	4	168588553	0.696453523188723	0.326856225981845	0.0331085785270353
chr4:171334248:A:T	4	171334248	-0.252824051993769	0.43192950933267	0.558321562869717
chr4:171974219:A:G	4	171974219	0.206931917553231	0.280596978636038	0.460836442370085
chr4:176312841:C:T	4	176312841	-0.0586531935914084	0.346155492028837	0.865449183650074
chr4:179329624:T:G	4	179329624	-0.0431779088496947	0.34334131247076	0.899923507161596
chr4:183032183:A:G	4	183032183	-0.00771579157768327	0.333160579570049	0.981523142093851
chr4:184991673:A:G	4	184991673	0.0722769704444944	0.35098227684386	0.836847393382173
chr4:189912372:C:T	4	189912372	0.246156102815958	0.282663819152434	0.383839313989138
chr5:79496:A:G	5	79496	0.798902556511378	0.392538804118984	0.0418288102972388
chr5:5313703:A:G	5	5313703	-0.123457136763779	0.305135309338198	0.685773026794894
chr5:7364955:T:A	5	7364955	0.727874802702465	0.372756615742153	0.0508573932380022
chr5:8067079:G:C	5	8067079	0.127535887630774	0.301697608655277	0.672494060646738
chr5:13911296:G:T	5	13911296	0.302768121631909	0.277950707876518	0.276027297869404
chr5:15621966:C:G	5	15621966	0.660554747403201	0.284356521313153	0.0201801823815623
chr5:15997511:T:A	5	15997511	-0.397548552619795	0.727155809274629	0.584573069073619
chr5:17902851:T:C	5	17902851	-0.41724421427207	0.504441116179096	0.408156827720755
chr5:20719353:A:C	5	20719353	-0.134885991240636	0.420280378083045	0.748253684560357
chr5:20732163:G:T	5	20732163	0.0470009802975875	0.344856820269586	0.891591010589029
chr5:21913130:A:C	5	21913130	-0.0976093267125921	0.304079746206951	0.748211068325288
chr5:23682774:A:T	5	23682774	-1.77151462240829	1.03495184578608	0.0869541870325984
chr5:23787194:A:C	5	23787194	0.52799961186822	0.247385551064254	0.0328167001834906
chr5:23895775:T:G	5	23895775	0.365223483968352	0.268692013228031	0.174062825586324
chr5:25693600:A:G	5	25693600	0.498281302582353	0.505772594279891	0.324531528086105
chr5:33466391:T:A	5	33466391	-0.254849802854096	0.258369490519554	0.323947995537019
chr5:33624899:A:G	5	33624899	-0.708697289371033	0.585618467968562	0.226214068075529
chr5:39550509:T:G	5	39550509	-0.599506488286279	0.327246358357309	0.066955445412163
chr5:39634108:G:A	5	39634108	0.185373191194417	0.34201526282677	0.587816655345557
chr5:39978357:G:A	5	39978357	-0.0470208654881368	0.363623474110066	0.897110805244312
chr5:40238036:C:A	5	40238036	0.0754527426907197	0.514663484489027	0.883443036128757
chr5:44011742:G:T	5	44011742	0.387243693619191	0.240487706296535	0.1073447739281
chr5:50222627:G:A	5	50222627	0.111900109722941	0.477587179775	0.814749755874684
chr5:54814079:C:T	5	54814079	-0.595817690096768	0.494122233294287	0.227890633964311
chr5:66989845:C:A	5	66989845	-0.145016600963053	0.312164661587308	0.642252581188046
chr5:66992139:G:A	5	66992139	-0.0103556183221049	0.310727884210073	0.973413848171418
chr5:73076502:T:C	5	73076502	0.317818601926601	0.317252544806209	0.316447806773135
chr5:76998986:C:A	5	76998986	-0.15205257752215	0.324228163580052	0.639092632575711
chr5:77675144:G:C	5	77675144	-0.40603136665879	0.678587669976672	0.549607959879701
chr5:80530472:T:A	5	80530472	-0.19238194031333	0.465693479904084	0.679527113644661
chr5:81710558:G:T	5	81710558	0.0612394440661434	0.230276043095302	0.790285976401983
chr5:82792281:C:G	5	82792281	-0.322852397574142	0.37988370204848	0.395396435822408
chr5:84879932:A:G	5	84879932	-0.254988811254795	0.343745311302889	0.458211095519673
chr5:85476293:A:G	5	85476293	-0.674881025465407	0.605721010967256	0.265202830892655
chr5:85809583:T:C	5	85809583	-0.00765292927563412	0.282716878178829	0.978404513632667
chr5:92192959:A:T	5	92192959	0.232665692051699	0.336802868528882	0.489686998605085
chr5:94648523:C:G	5	94648523	0.407929493317199	0.391728467711652	0.297709522686304
chr5:98024666:G:A	5	98024666	-0.731848246784183	0.515394705643204	0.155614592418264
chr5:101328324:T:C	5	101328324	-0.0322550133174099	0.398801084787659	0.935537422269517
chr5:101825779:A:C	5	101825779	0.126828163756501	0.296256912935008	0.66857689314666
chr5:106773905:G:A	5	106773905	0.388878102333306	0.256797446491678	0.129940164206893
chr5:110045491:C:T	5	110045491	0.370895676883945	0.414989611319322	0.371457327976113
chr5:114915760:G:T	5	114915760	0.232570738411309	0.323474300472519	0.472154793466678
chr5:115102683:A:G	5	115102683	-0.00643668322896851	0.379032074479475	0.986451058674933
chr5:117238479:G:A	5	117238479	-0.188407826100778	0.337419694064203	0.576586105876927
chr5:121740415:G:T	5	121740415	0.164213264416757	0.245899896501522	0.504257856346381
chr5:137227416:A:T	5	137227416	0.592668186825349	0.319422367423207	0.0635337997671767
chr5:137406489:C:T	5	137406489	-0.0386752949977789	0.357924822537304	0.913952666024214
chr5:140638650:G:A	5	140638650	-0.190144511069004	0.399012639263986	0.633691452482311
chr5:142682003:T:C	5	142682003	0.630187678019913	0.26275175487374	0.0164662100209341
chr5:144183699:A:G	5	144183699	0.451522137526296	0.318157763730322	0.155847459156326
chr5:145690757:G:T	5	145690757	0.224175352371694	0.289688877416847	0.439020287359903
chr5:147282093:C:T	5	147282093	-0.084973234914981	0.376320022717689	0.821356617886334
chr5:148033208:G:T	5	148033208	-0.111227786492242	0.389495176068609	0.775208173685744
chr5:151763317:T:C	5	151763317	0.0075494700905123	0.31560944447229	0.980916188185222
chr5:153541577:C:T	5	153541577	0.553743317913297	0.359213220112797	0.123184216905551
chr5:160435085:T:G	5	160435085	0.49417728394721	0.304260561686462	0.104335038463011
chr5:164252995:G:C	5	164252995	-0.65431967278978	0.54080595482909	0.22631829758055
chr5:168245100:T:C	5	168245100	-0.370564295305956	0.23091541028143	0.108546172882196
chr5:169455657:C:T	5	169455657	0.0811318885657799	0.276185536719405	0.768942339283062
chr5:169808985:G:C	5	169808985	0.796947297689369	0.414415555656122	0.0544721153274352
chr5:172672695:T:C	5	172672695	-1.11187858253737	0.593325482197414	0.0609335313126116
chr5:173346700:A:C	5	173346700	0.562932107234797	0.341982711182664	0.0997465635413201
chr5:177122146:G:C	5	177122146	0.182262559998573	0.344427033848045	0.596683283474224
chr6:1084246:G:A	6	1084246	0.256213115160658	0.431211540091642	0.552398176357941
chr6:3041612:C:A	6	3041612	0.156621258333383	0.309611077090117	0.612951762358855
chr6:3673174:A:G	6	3673174	0.257899800257708	0.476936596010039	0.588685206150495
chr6:3786319:G:C	6	3786319	0.519683085536696	0.32956394721394	0.114822937854942
chr6:6090729:G:T	6	6090729	0.332317270993761	0.372935262670766	0.372883208290158
chr6:6354181:A:T	6	6354181	0.143330710818345	0.272026388391557	0.598263016569506
chr6:6456261:T:C	6	6456261	-0.403336660248642	0.241893036562358	0.0954314345923434
chr6:7642514:C:G	6	7642514	0.32202805208679	0.291109183725106	0.268635394800719
chr6:12212257:G:A	6	12212257	-0.3096826211729	0.510562030286694	0.544148002370637
chr6:21494280:T:C	6	21494280	0.366878247620158	0.378005215686779	0.331765448852059
chr6:23163726:T:C	6	23163726	-0.208078014206067	0.510966128866176	0.683842982536416
chr6:23344439:T:A	6	23344439	0.255282884422178	0.37313025737159	0.493870605171714
chr6:24077828:C:T	6	24077828	-0.540854150238284	0.715156499549116	0.449485030784072
chr6:26287827:G:A	6	26287827	0.310993935152245	0.289835019878721	0.283269631841117
chr6:27261142:G:T	6	27261142	0.548906711595105	0.35140386954519	0.118278692589495
chr6:31108549:A:G	6	31108549	-0.255353580809659	0.252509820119102	0.311891057695415
chr6:31845997:T:C	6	31845997	0.136870890279184	0.483667576100916	0.777187984830994
chr6:32660000:G:C	6	32660000	-1.13051492594962	0.878619254531569	0.198200646580019
chr6:33148933:A:G	6	33148933	0.430580095114629	0.303619609974329	0.15614510598608
chr6:37400014:G:T	6	37400014	0.0287289985952872	0.252739468345435	0.909499071088646
chr6:39124093:C:T	6	39124093	-0.394396086134231	0.267232474967377	0.139983121720087
chr6:45195864:C:T	6	45195864	-0.863431257020938	0.469864905781619	0.0661190131139916
chr6:46738257:G:A	6	46738257	-0.0305790825954481	0.288296220319159	0.915528182503689
chr6:47717919:C:A	6	47717919	-0.0291138572707606	0.204052320632363	0.886544181705661
chr6:48859012:C:A	6	48859012	0.0486628159232145	0.451044364468821	0.914083583778909
chr6:49860743:T:G	6	49860743	-0.0973084667189093	0.343118085120391	0.776716539998624
chr6:53292416:C:G	6	53292416	0.227445752378719	0.336918445655681	0.499627111641571
chr6:54457248:C:T	6	54457248	-0.625386999379275	0.558524794776047	0.262836445314585
chr6:57513520:G:A	6	57513520	0.0692604889142857	0.771155468318236	0.92843509316398
chr6:67461006:G:C	6	67461006	0.490224809097297	0.283504706083576	0.0837805820666567
chr6:69504128:A:G	6	69504128	0.0522335211631671	0.393865750845174	0.89449583153116
chr6:81137001:T:C	6	81137001	-0.366534669435855	0.163886774904009	0.0253182798022991
chr6:84758749:C:T	6	84758749	-0.199440228723296	0.337502423240123	0.554567479407982
chr6:86667874:G:T	6	86667874	0.675471497346261	0.489319660963115	0.167454315142697
chr6:87387916:G:T	6	87387916	0.328596383856976	0.294629558190038	0.26472764666983
chr6:88566465:G:A	6	88566465	0.393183851865539	0.334515493585334	0.239841488805043
chr6:93273487:T:C	6	93273487	0.0686464077061484	0.352075906363062	0.845411612213217
chr6:97788153:C:A	6	97788153	0.389147248795323	0.330122186560865	0.238478771112337
chr6:98771646:C:T	6	98771646	-0.113263843219665	0.514126630613433	0.825634874717225
chr6:104918249:A:G	6	104918249	0.397522625277421	0.335985053652343	0.236747453385302
chr6:107129138:A:G	6	107129138	-0.0672830391713992	0.292043925412769	0.817791287254783
chr6:112187089:T:C	6	112187089	-0.0193368977934917	0.298571385040064	0.948361316769201
chr6:118046853:T:C	6	118046853	0.821262111958973	0.381442184228578	0.0313151576773321
chr6:121081137:A:G	6	121081137	0.694104794206008	0.404761462961353	0.0863729131983596
chr6:123103197:T:C	6	123103197	0.343603720669123	0.328715194668344	0.295887531595887
chr6:127784009:G:A	6	127784009	0.196287712762027	0.235527747863333	0.404621837302126
chr6:129527930:G:A	6	129527930	0.268167171163381	0.280108004949212	0.338380227961793
chr6:137254996:T:C	6	137254996	0.229239643994805	0.215558010391523	0.287568512461632
chr6:138165202:C:G	6	138165202	0.081454788118915	0.391663974961401	0.83525153200324
chr6:139464917:T:A	6	139464917	0.58774974280497	0.320056472128183	0.0662994258363303
chr6:151547601:G:A	6	151547601	-0.0543850303336339	0.231281130236505	0.81409475324759
chr6:152638179:C:T	6	152638179	-0.273966640126493	0.29480030838039	0.352718321768618
chr6:153842833:G:A	6	153842833	-0.197818615639597	0.425153463854233	0.641725545816233
chr6:156754666:T:G	6	156754666	0.520517914790848	0.452630464677458	0.25015034982495
chr6:160701242:A:G	6	160701242	-0.919794667386745	0.558898183303897	0.0998196691652626
chr6:160909689:G:C	6	160909689	-0.312758875249127	0.524151471188014	0.550710632495181
chr6:161970870:T:G	6	161970870	0.904897088044174	0.360747753051232	0.0121281741668854
chr6:162760256:C:T	6	162760256	-0.160856517297606	0.417452516460431	0.699993755389314
chr6:163629327:G:A	6	163629327	-0.146867398571088	0.310244306267488	0.635933016854181
chr6:167509019:C:T	6	167509019	-0.606649609749138	0.749299098840654	0.418157018900799
chr7:6986920:C:A	7	6986920	-0.896578898084369	0.684305918978981	0.190127551633228
chr7:7863676:G:A	7	7863676	-0.366721411469761	0.435759120257594	0.400029190419925
chr7:8111839:A:G	7	8111839	-0.453810114117065	0.462596888235637	0.32659000535577
chr7:9602661:C:A	7	9602661	-0.145988390749232	0.454106355993356	0.747842862895206
chr7:10804524:T:C	7	10804524	0.631576395448653	0.348694837095689	0.0701008873434551
chr7:11334355:C:A	7	11334355	-0.0120847233200417	0.338854459348141	0.97155070467008
chr7:12476280:G:A	7	12476280	0.127691212591784	0.303269775138722	0.673719838375324
chr7:12972158:C:G	7	12972158	0.410484784856313	0.370637395616698	0.268073301350758
chr7:20850990:A:T	7	20850990	-0.100592724184263	0.331959245137646	0.761869032814065
chr7:22822020:C:A	7	22822020	0.333632533022829	0.286315789874961	0.243913488556513
chr7:24140802:T:C	7	24140802	-0.270408758110856	0.321333002080234	0.400055622139827
chr7:24278575:A:G	7	24278575	0.333771406102825	0.519080835991631	0.520221064077734
chr7:24620726:T:A	7	24620726	-0.36333920390628	0.421542226971077	0.388726937063343
chr7:24740434:C:T	7	24740434	0.230123696207616	0.333690616115552	0.490425696420995
chr7:28505993:C:T	7	28505993	-0.632410739378727	0.369457059133733	0.0869464335656889
chr7:36413989:G:A	7	36413989	0.463288937919872	0.309970217737495	0.135012589517307
chr7:41157573:G:A	7	41157573	0.432494849661403	0.346467947731249	0.211922365360473
chr7:43755241:C:T	7	43755241	0.377375731255698	0.303098285091074	0.213109477239617
chr7:44689517:A:G	7	44689517	0.281459972977629	0.300209493324533	0.348478178749558
chr7:46192346:C:G	7	46192346	-0.599328415885988	0.266429813548198	0.0244820027500691
chr7:46368666:G:A	7	46368666	0.449653894881713	0.271410162029701	0.097573674569277
chr7:47748540:G:T	7	47748540	0.507687328659523	0.350677723776554	0.147692043732941
chr7:48301675:T:C	7	48301675	-0.181410382659871	0.360792535959635	0.615097301636101
chr7:51890159:C:T	7	51890159	0.0815287485449558	0.291657563933124	0.779833620524228
chr7:53046603:C:G	7	53046603	-0.28823287758394	0.354564688937182	0.416263683255754
chr7:55663907:C:A	7	55663907	-0.331338817036433	0.275745685794928	0.229514604058075
chr7:56122201:A:G	7	56122201	-0.0867815745212577	0.298052036557656	0.770927045355374
chr7:62910214:G:T	7	62910214	0.551130230956886	0.328978910585653	0.0938802365961494
chr7:65406204:G:T	7	65406204	0.400044914515558	0.416670988705066	0.337005977572017
chr7:67766433:G:A	7	67766433	-0.175085326225068	0.273416353780759	0.521937559505212
chr7:68433432:T:C	7	68433432	0.130630026986159	0.301325787395207	0.664638795237548
chr7:71020152:T:G	7	71020152	-0.0292742521508467	0.315621012508405	0.926101158909857
chr7:71553830:T:C	7	71553830	0.508582831864219	0.34011913268148	0.134834099811221
chr7:78390279:T:G	7	78390279	0.0788904679785722	0.349239477316549	0.821285277635984
chr7:83524616:A:T	7	83524616	-0.0271992555504909	0.237950700899164	0.908995017379158
chr7:84786535:C:A	7	84786535	0.333533849854751	0.22898076915843	0.145226271031714
chr7:86620755:G:A	7	86620755	0.494852969048275	0.340830806357456	0.146528824038154
chr7:89207269:G:A	7	89207269	0.455796459008067	0.33853490446157	0.178180155312912
chr7:91097147:A:G	7	91097147	0.478826893455958	0.427573388264906	0.262768881866237
chr7:96212691:T:C	7	96212691	0.552201425605585	0.299804519230097	0.0654939355956417
chr7:103095283:G:A	7	103095283	0.122958022420345	0.41251669160103	0.765651269581796
chr7:104663551:G:A	7	104663551	-0.0535789628186652	0.480905300045431	0.91128908154296
chr7:113434486:A:C	7	113434486	-0.292610261837438	0.254681579738007	0.250586539047743
chr7:113749820:G:A	7	113749820	0.103202593808446	0.32751966679659	0.752683070056875
chr7:117145973:C:G	7	117145973	0.400024863828738	0.294313917897756	0.174090339924797
chr7:119808046:G:A	7	119808046	0.566812792923515	0.303002375029155	0.0613929685205372
chr7:122582926:C:G	7	122582926	-0.922626470020055	0.470931862660256	0.0500951453055485
chr7:124802410:A:T	7	124802410	0.0311955344730988	0.162545491934632	0.847805817098435
chr7:129047886:A:G	7	129047886	-0.210085734079328	0.619339237641363	0.734451936297454
chr7:131384702:T:A	7	131384702	0.138724623530426	0.228199115651232	0.543246878689758
chr7:136870573:G:A	7	136870573	0.324191270497703	0.391594090662874	0.407740842190523
chr7:142873374:T:C	7	142873374	0.381989788463465	0.294065645429232	0.19394566215684
chr7:143187070:C:T	7	143187070	0.228713599443366	0.33265256983408	0.491739375704748
chr7:145116884:A:G	7	145116884	0.136959404773044	0.400109808857925	0.732121717978725
chr7:149242006:T:C	7	149242006	-0.624113257816853	0.374957468707052	0.0960143876677007
chr7:153502245:G:A	7	153502245	-0.958583453037646	0.581609331130465	0.0993204712551741
chr7:153952270:G:A	7	153952270	-0.0723893935665053	0.263695088750763	0.783685566895422
chr7:154426289:T:C	7	154426289	0.59870342646875	0.324672740110116	0.0651800458618521
chr7:156975524:A:T	7	156975524	-0.13975614255707	0.397604663939462	0.725216850852229
chr7:157677820:C:T	7	157677820	-0.685966637507791	0.665183420547035	0.302426252442044
chr8:276778:A:T	8	276778	-0.319105768219523	0.349900136195258	0.361773465688861
chr8:1102873:G:T	8	1102873	-0.50843707641079	0.410117122807728	0.215072953222589
chr8:8710521:T:C	8	8710521	-0.0487401131954357	0.363149405126563	0.893232530570811
chr8:9029509:T:C	8	9029509	-0.47404084637133	0.588218409566706	0.420304795189611
chr8:9109096:A:G	8	9109096	-0.0405747301852953	0.296385382373608	0.891110982052537
chr8:9827297:A:G	8	9827297	0.524444590180655	0.456492065546989	0.250614512640527
chr8:10675470:T:G	8	10675470	-0.440553762639763	0.582395665128914	0.449378861524372
chr8:13032868:C:A	8	13032868	0.130907248650167	0.542064211442162	0.809169415553284
chr8:14391498:A:G	8	14391498	-0.623726736493392	0.675209480938749	0.355614967119508
chr8:16627132:C:G	8	16627132	-0.150271000276165	0.640513957786945	0.814511422274762
chr8:17129593:A:G	8	17129593	-0.284129903693224	0.569647938770512	0.617933259617999
chr8:20741226:C:T	8	20741226	-0.186618257163824	0.337686303744709	0.58051136934131
chr8:23115837:G:A	8	23115837	0.011118131952281	0.474914351958507	0.981322578386886
chr8:25783762:T:C	8	25783762	-0.282150887837815	0.370362323099212	0.446165084262764
chr8:27010051:G:C	8	27010051	0.404976934797324	0.28636097221023	0.157297808762251
chr8:27022227:G:T	8	27022227	-0.093824239029096	0.324806787667654	0.772687218142767
chr8:28150898:A:G	8	28150898	-0.0949815775720151	0.381398166620654	0.803333535319832
chr8:28528484:G:T	8	28528484	0.0425340780462666	0.249702342448062	0.864743445047585
chr8:29917542:C:T	8	29917542	-0.249495156330925	0.671212829195704	0.710110292386018
chr8:37085597:G:A	8	37085597	0.567867530256491	0.316275756512665	0.0725768865542886
chr8:41788192:C:T	8	41788192	-0.619740512005961	0.569567906971741	0.27655586761987
chr8:42055528:T:G	8	42055528	0.692393913940007	0.425598130191527	0.103764169730514
chr8:50763512:C:T	8	50763512	0.516292903166928	0.310316354351666	0.0961597785311994
chr8:51570259:T:G	8	51570259	0.0520811250315201	0.477858501057058	0.913211538985466
chr8:53142705:G:A	8	53142705	-0.0565839382739898	0.287758637284068	0.844111768749988
chr8:60609620:T:A	8	60609620	-0.393010199579134	0.742838133535289	0.596759853424049
chr8:61304314:G:C	8	61304314	0.37897919786076	0.270059505066808	0.160522216923649
chr8:61926940:A:T	8	61926940	0.186873955241518	0.314545699298167	0.552440222982721
chr8:63445672:G:A	8	63445672	0.54059551753798	0.319341075709556	0.0904846322282065
chr8:65343369:C:A	8	65343369	-0.104161656444641	0.41423041732372	0.801459835873839
chr8:65418628:G:T	8	65418628	0.0746372692390331	0.269799509074221	0.782056737874806
chr8:71273350:T:A	8	71273350	-0.022840329708916	0.381304085868796	0.952234830884593
chr8:72033005:T:C	8	72033005	-0.613729601149474	0.707285375661026	0.385544587914575
chr8:72065200:T:A	8	72065200	0.394739278999542	0.283977378981903	0.16451741221874
chr8:73211475:T:C	8	73211475	-0.340023444650747	0.276879249453723	0.219425647001353
chr8:75992459:A:G	8	75992459	-0.596335473978869	0.92558716057374	0.519395158493356
chr8:78402394:T:A	8	78402394	0.262258817698278	0.53301823584488	0.622700980465301
chr8:79795588:T:G	8	79795588	-0.497681265530073	0.565307613715939	0.378657560106941
chr8:86323708:T:C	8	86323708	0.277346867783917	0.290307728013717	0.339398327367181
chr8:89525432:A:G	8	89525432	0.583160256740317	0.329848949875543	0.077067333826742
chr8:92001032:A:G	8	92001032	-0.53997484384151	0.511095494067042	0.290737648054319
chr8:92645879:A:G	8	92645879	-0.306692862339102	0.627378652043442	0.62494924132781
chr8:95906161:G:A	8	95906161	0.17915064726678	0.304432438324724	0.556214020560432
chr8:96365126:C:T	8	96365126	0.814446796306714	0.30580715148761	0.00773854563747045
chr8:97430280:G:A	8	97430280	-0.80804129488905	0.945484068780163	0.392754698966495
chr8:98002322:C:T	8	98002322	-0.228825115782946	0.286027730995669	0.4237048601304
chr8:98018653:A:G	8	98018653	-0.111347558065267	0.569678180556048	0.845035238753621
chr8:104471980:T:G	8	104471980	-0.448040797272349	0.53804814427549	0.405005444165293
chr8:106920372:G:A	8	106920372	0.571353391236403	0.365557617689249	0.118061065932445
chr8:108142424:A:G	8	108142424	0.253234706299474	0.285043794831469	0.374322231732804
chr8:109421925:C:T	8	109421925	0.469282450214636	0.270342345762009	0.0825846760189732
chr8:116252872:C:T	8	116252872	-0.346709128978218	0.323215211045998	0.28341105588754
chr8:116821900:C:T	8	116821900	-0.636207273292036	0.688469674206039	0.355439964430792
chr8:119015250:G:A	8	119015250	0.846483591141439	0.479348141904844	0.077411679496116
chr8:121384602:C:T	8	121384602	-0.31763432508819	0.323126275273458	0.325605616227105
chr8:127029052:C:T	8	127029052	-0.344878832816713	0.295104663581016	0.242538162682728
chr8:128437247:A:G	8	128437247	0.176798548394075	0.386596330842611	0.647440471978275
chr8:131111695:G:T	8	131111695	-0.447919038464416	0.794022897452462	0.572676888743529
chr8:131315237:G:A	8	131315237	0.508519266497677	0.31166245187974	0.102756466889975
chr8:135895676:A:T	8	135895676	0.528401950391725	0.319951744247184	0.0986354719374227
chr8:138585221:A:T	8	138585221	0.288932090561511	0.411887726861881	0.483001863941541
chr8:141605122:C:T	8	141605122	0.30334364468477	0.32779062374066	0.354748041491141
chr9:733358:A:C	9	733358	-0.246353772383362	0.268224661094682	0.358377798126031
chr9:5461379:C:T	9	5461379	-0.120861867558719	0.416338465997786	0.771588923686747
chr9:11397008:T:G	9	11397008	-0.211005798081328	0.564820702578325	0.708716710584749
chr9:11517950:T:C	9	11517950	-0.0950677138037862	0.399805437615759	0.812047896331605
chr9:11955148:T:G	9	11955148	-0.263141017705921	0.420272092075678	0.531235836307009
chr9:12389360:A:G	9	12389360	0.180120064871068	0.368970842423106	0.625430260007302
chr9:12615226:G:C	9	12615226	0.247166731416045	0.227306431516506	0.276872280307141
chr9:13582959:T:A	9	13582959	-1.28046061516478	0.738879469540394	0.0830998798893534
chr9:13820455:C:G	9	13820455	0.00104657244568627	0.473145402229775	0.998235123259568
chr9:14098421:G:A	9	14098421	-0.170834001726787	0.269195319507617	0.525682901432686
chr9:18952915:A:G	9	18952915	-0.173086980450042	0.217772108269207	0.426725285866574
chr9:21476808:G:A	9	21476808	0.165761657437411	0.494903108600507	0.737672160945949
chr9:29651949:A:G	9	29651949	0.445995624508085	0.345541582916757	0.196802601355442
chr9:32058643:A:T	9	32058643	0.0254890706994998	0.32519754036183	0.937525568277247
chr9:37013405:C:T	9	37013405	-0.136511713625775	0.306362302504349	0.655894059694983
chr9:37992585:C:T	9	37992585	0.449683734342653	0.308668713031954	0.145158041148666
chr9:72294932:G:A	9	72294932	-0.403674010676467	0.797087651261863	0.612550494084161
chr9:73616570:C:T	9	73616570	-1.27759468336683	0.746750692840352	0.0871047860392345
chr9:76464251:C:G	9	76464251	-0.537344214315007	0.556916454540432	0.33461691395157
chr9:79067117:C:T	9	79067117	0.118213144244262	0.509151426267496	0.816400703418138
chr9:82773489:T:C	9	82773489	0.358379998937955	0.423647766347197	0.397586996927909
chr9:89995415:A:G	9	89995415	0.35106852885481	0.502169771511935	0.48448749573854
chr9:91844381:C:T	9	91844381	0.137643703191661	0.360049752191415	0.702245687449367
chr9:94568472:C:A	9	94568472	0.260503479090839	0.360479849036291	0.469890310959414
chr9:95559980:C:T	9	95559980	-0.648139248251069	0.771564280107831	0.400890035713213
chr9:96162075:C:T	9	96162075	-0.247572747015128	0.229207736381707	0.280087024154475
chr9:97240484:A:G	9	97240484	-0.691257407087057	0.842023931998408	0.411676196691757
chr9:100192956:A:G	9	100192956	-0.327126029329604	0.368730096204892	0.374987746579171
chr9:100529836:G:C	9	100529836	-0.111372236606747	0.284889409847681	0.695847889481181
chr9:101460357:C:T	9	101460357	0.412715287381005	0.374702448832948	0.27070169592517
chr9:103293239:C:G	9	103293239	0.484326503077605	0.467221855643799	0.299917994930104
chr9:105684376:G:T	9	105684376	0.791174712417346	0.420805579563815	0.0600885760570976
chr9:106822394:G:C	9	106822394	-0.139981409614017	0.691482869465916	0.839575453541461
chr9:107904127:G:A	9	107904127	-0.0857102182054004	0.279918811808314	0.759454880048326
chr9:117420412:T:C	9	117420412	0.344614507610165	0.430691540015671	0.423628371527286
chr9:117972207:C:A	9	117972207	0.28665906810333	0.303645875764692	0.345140431149002
chr9:118511323:G:A	9	118511323	-0.212557983105141	0.577416452505476	0.712784483479515
chr9:121356498:A:G	9	121356498	-0.359599667852947	0.5637627457308	0.523567170408882
chr9:124044726:T:G	9	124044726	-0.0330169943801258	0.314470914405694	0.916381994879507
chr9:125005426:C:T	9	125005426	-0.239326348835994	0.411658471808381	0.560990354003451
chr9:129533341:A:G	9	129533341	-0.00518376715502685	0.300642066290715	0.986243299547492
chr9:136630984:C:T	9	136630984	-0.0650551696294491	0.241354569870283	0.787512702384311
chr10:2050300:A:G	10	2050300	0.464701308386132	0.312416867123711	0.136898669755106
chr10:3113976:C:T	10	3113976	0.319115659134751	0.31680218107406	0.313789383075041
chr10:4591592:T:C	10	4591592	0.419252889831942	0.249613242482747	0.0930332272912698
chr10:7462546:C:T	10	7462546	-0.204960780990829	0.460651082497978	0.656365172630327
chr10:7849544:T:G	10	7849544	-0.692845272330209	0.490067587367516	0.157427994717461
chr10:9367893:G:A	10	9367893	0.473010164851651	0.320051439099544	0.13942940821465
chr10:10628189:C:T	10	10628189	0.410135930969064	0.388518720047872	0.29113268432702
chr10:14014383:T:C	10	14014383	-0.0318401247115367	0.324094826849779	0.921739150764295
chr10:16341555:C:T	10	16341555	-0.237014872827725	0.283637456818268	0.40336525915706
chr10:18075702:C:T	10	18075702	-0.828386410434657	0.706348083629335	0.240886593093431
chr10:20923823:C:G	10	20923823	0.630658537577569	0.388267139632365	0.104313872585842
chr10:26220185:A:C	10	26220185	0.49920263406855	0.485362732970956	0.303707849017834
chr10:27289376:T:C	10	27289376	0.562368456304301	0.335305549780045	0.0935068839460165
chr10:27674317:A:G	10	27674317	0.301644871071101	0.26820106852613	0.260717557873026
chr10:28771902:G:A	10	28771902	0.0329815360180871	0.363203413387371	0.927645677303678
chr10:28891836:C:T	10	28891836	-0.0468714207584865	0.283305941008631	0.868594099742211
chr10:30622484:G:A	10	30622484	-0.0639284615853715	0.354081447796949	0.8567228973623
chr10:35177843:G:T	10	35177843	-0.139147807407147	0.527223295032225	0.791837127675961
chr10:43613180:G:A	10	43613180	-0.253945936049334	0.551754453571834	0.645335551527005
chr10:44139011:T:C	10	44139011	-0.481421968604991	0.633948695174218	0.447612059389517
chr10:45036473:A:G	10	45036473	0.0667947178024774	0.374248870193493	0.858348587754069
chr10:51560095:T:G	10	51560095	0.548443390190865	0.242473888446366	0.0237056973442927
chr10:54072488:A:G	10	54072488	-0.715429619802905	0.426828186253062	0.0937081014661391
chr10:54082016:C:T	10	54082016	0.306610679479182	0.248600233387113	0.217445838481383
chr10:55299918:G:C	10	55299918	0.0938614860143151	0.2843767041139	0.741354331415604
chr10:56747004:T:C	10	56747004	-0.958916729766797	0.704776837056034	0.173641313653131
chr10:57761967:T:C	10	57761967	-0.17185454403369	0.252345594871416	0.495853451879367
chr10:61894829:G:A	10	61894829	-0.157404811573622	0.515316789582744	0.760021527157874
chr10:62473064:C:G	10	62473064	-0.24455761082657	0.970099861947649	0.800967406635442
chr10:65713195:A:G	10	65713195	0.555125287763899	0.417314880981005	0.183442097218411
chr10:69232402:C:A	10	69232402	-0.160762665585921	0.333111942406662	0.629373719762037
chr10:79437519:C:T	10	79437519	0.620459272707225	0.370498617220821	0.0940009288451127
chr10:81546102:G:A	10	81546102	-0.538284130562887	0.385301462148732	0.162399532636305
chr10:82354363:C:G	10	82354363	0.59595648330973	0.269078211036887	0.0267732691412697
chr10:84591955:C:T	10	84591955	-0.166106698899015	0.534387029881506	0.755925340059378
chr10:84989741:G:A	10	84989741	0.0353025610295015	0.24309851001731	0.884537840068362
chr10:86779196:C:A	10	86779196	0.0621648599131286	0.410992215821573	0.879774119723899
chr10:91053424:A:C	10	91053424	0.15174874121492	0.330452228302334	0.646079516599562
chr10:93612452:G:A	10	93612452	0.166384365784908	0.317752769159093	0.600537042657899
chr10:93671121:T:C	10	93671121	-0.593510500659798	0.2444697093094	0.0151929551429912
chr10:101249704:C:T	10	101249704	-0.977561317093813	0.722126952902706	0.175824125688245
chr10:102352980:T:C	10	102352980	-0.0131636225738576	0.320948867938091	0.96728417423463
chr10:104637359:T:C	10	104637359	-0.432049800721473	0.546403604535916	0.429110027576299
chr10:108480456:T:C	10	108480456	0.197428375759445	0.296896288883311	0.506066987331431
chr10:109264424:C:T	10	109264424	0.312635467439498	0.345200655555435	0.365114242686428
chr10:111352001:T:G	10	111352001	0.659203172447005	0.362497759358642	0.0689873267086292
chr10:118828443:C:T	10	118828443	0.0981462338832128	0.391030723401973	0.801819008060698
chr10:120152982:A:G	10	120152982	-0.359560121737834	0.544507758852881	0.509035821669588
chr10:121580593:A:G	10	121580593	-0.259207170954042	0.397734846365771	0.514589253028197
chr10:121611573:C:G	10	121611573	-0.330552655349046	0.472869058057194	0.48452932101884
chr10:121734173:T:C	10	121734173	-0.375352174612361	0.393584767082029	0.340247893190981
chr10:121910644:T:A	10	121910644	-0.0872464317913987	0.410943884076033	0.831867214653451
chr10:122561189:A:G	10	122561189	0.391567514301792	0.329455598566185	0.23462508395047
chr10:123750431:C:G	10	123750431	-0.203031553031178	0.298965301415068	0.497065566110536
chr10:127533155:T:C	10	127533155	-0.0292246276545169	0.209391362088392	0.889000215861193
chr10:129953349:A:G	10	129953349	0.160962177021991	0.335008415739978	0.630891779718337
chr10:130263340:C:T	10	130263340	-0.424833202116265	0.831786067431125	0.609527414211318
chr10:130662147:G:T	10	130662147	0.179974736741995	0.420687709150301	0.668788888316126
chr10:131485315:A:G	10	131485315	-0.0220518893746164	0.72351814968293	0.975685284012993
chr10:131819683:A:G	10	131819683	0.189072824471645	0.386783687725228	0.624959577654072
chr10:131953941:A:C	10	131953941	0.353630226615947	0.34051691242709	0.299032671324899
chr11:388357:C:T	11	388357	-0.320832244331726	0.361416157611578	0.374697499255282
chr11:2257707:C:T	11	2257707	-0.353768380659231	0.170035874313794	0.0374749839495029
chr11:3623903:G:A	11	3623903	-0.437283533968628	0.362202293354197	0.227320132651969
chr11:5806222:C:T	11	5806222	-0.0805708890329146	0.340606311387634	0.813004851835947
chr11:9789492:C:A	11	9789492	-0.492205919741533	0.393867578705546	0.21141880058598
chr11:14569664:T:G	11	14569664	-1.50810935035877	0.856629569424466	0.0783204980230747
chr11:21819583:A:G	11	21819583	0.286807698871543	0.751380690366563	0.702678283069279
chr11:36019710:C:A	11	36019710	-0.0728472967782792	0.272031411926829	0.788860954452856
chr11:39635569:C:T	11	39635569	-0.321557983810826	0.485007017077189	0.507332757361355
chr11:40512905:C:G	11	40512905	0.238060150179078	0.332430619973985	0.473917376754873
chr11:41632790:A:T	11	41632790	0.57694200727179	0.285106310827675	0.0430110084078102
chr11:42744986:A:G	11	42744986	0.256401067189499	0.246204694664489	0.297683351084113
chr11:43201079:C:T	11	43201079	0.601583540708808	0.321122730941073	0.0610165146244803
chr11:43982585:G:A	11	43982585	-0.112248899725592	0.664391352026884	0.865835992862609
chr11:44330300:A:G	11	44330300	0.133773588987222	0.323514788663353	0.679239815523089
chr11:49875094:A:G	11	49875094	-0.0119117280727713	0.306312576982704	0.968980088481116
chr11:50253126:G:T	11	50253126	0.56690337067017	0.353866402957835	0.109149739813079
chr11:55906271:G:A	11	55906271	0.18010164737853	0.281580687940955	0.522426587053445
chr11:56124264:C:A	11	56124264	-0.764093501312615	0.602676826249585	0.204857634641328
chr11:57305789:G:A	11	57305789	-0.29176829746726	0.364834678702072	0.423868740817741
chr11:58998793:A:C	11	58998793	0.384564815745941	0.385856169188704	0.318932835698383
chr11:60456695:C:T	11	60456695	1.00091388521221	0.439604228850664	0.0227950490993726
chr11:62505064:A:G	11	62505064	-0.259311566707538	0.572438090604401	0.650552374802802
chr11:63184971:C:T	11	63184971	-0.402693306541235	0.305793759389562	0.187879267285651
chr11:65009160:T:C	11	65009160	0.329551735966461	0.380641059845293	0.386610359065143
chr11:70801858:T:C	11	70801858	-0.294299921059457	0.438934543550263	0.502547367994542
chr11:71334794:T:G	11	71334794	-0.127300217964183	0.3383008818005	0.706699161300173
chr11:72713691:C:T	11	72713691	0.150313902737314	0.473333476364418	0.75081531570151
chr11:77208574:G:A	11	77208574	-0.175723440107818	0.355978290485484	0.621563786101785
chr11:77376654:A:G	11	77376654	0.0364163206658776	0.392299845336286	0.926040387263133
chr11:77897055:A:G	11	77897055	0.504616002822277	0.308812549366082	0.102247769960238
chr11:79339250:G:A	11	79339250	0.00721443446764086	0.549155369528132	0.989518229955759
chr11:81783030:C:T	11	81783030	0.0243239831215371	0.282523866991957	0.931390642827339
chr11:83962252:C:T	11	83962252	-0.108712061108625	0.358274175627973	0.761560212280773
chr11:86328783:G:T	11	86328783	0.500935640067832	0.293341118168448	0.0876939128264322
chr11:86644523:C:T	11	86644523	0.242135554977554	0.329132432304411	0.461926560291275
chr11:93046218:A:C	11	93046218	-0.205263944250921	0.299237016169652	0.492739764293244
chr11:99371984:G:C	11	99371984	0.858326637954494	0.346814707667536	0.0133278954428914
chr11:100626548:G:A	11	100626548	0.0912444429449303	0.549385529927196	0.868090420583304
chr11:104129521:G:A	11	104129521	0.496492345000248	0.496406069393048	0.317226405921679
chr11:108728662:A:G	11	108728662	-0.352939684481153	0.552111199624187	0.52265724660582
chr11:110338613:G:A	11	110338613	0.694911224068194	0.33099646463071	0.035777065738287
chr11:110396347:G:A	11	110396347	0.487193957064554	0.331918718112166	0.142155559243023
chr11:113789228:G:C	11	113789228	-0.238261333396448	0.463089559986104	0.60689981177848
chr11:113800784:C:T	11	113800784	0.170647203520715	0.415905200378994	0.681583599803366
chr11:115616504:A:T	11	115616504	0.248494402701129	0.309063089617759	0.421382626529105
chr11:119630310:G:A	11	119630310	0.3648619655158	0.328861936911109	0.267228118648414
chr11:123267436:G:A	11	123267436	0.0556451613590313	0.289565948143162	0.847611010727977
chr11:125907492:T:C	11	125907492	-0.484465612534205	0.31861720902038	0.128378937914094
chr11:126829359:G:A	11	126829359	-0.433158435789398	0.424405919415252	0.307433095918894
chr11:130038952:T:C	11	130038952	0.689580176916957	0.368496725733057	0.0612989040174925
chr11:130290657:C:T	11	130290657	0.41974888339309	0.404008636229611	0.298823258355918
chr11:131355535:G:A	11	131355535	0.0307456879626908	0.238180209308881	0.897289741012785
chr11:133238417:A:G	11	133238417	-0.580088741320024	0.243086563109366	0.0170167148288809
chr11:133300920:A:C	11	133300920	-2.46577580430655	1.22244384529066	0.043686416621777
chr11:133409278:A:G	11	133409278	-0.766872514123469	0.711750036114805	0.281280884369898
chr11:134309503:C:T	11	134309503	0.550576103250884	0.21157600223053	0.00926111825556752
chr12:5192681:C:T	12	5192681	-0.207539965027808	0.379568974164414	0.584531258360857
chr12:5448727:G:A	12	5448727	0.0428979682740411	0.459452071120324	0.925611475768742
chr12:6639294:C:T	12	6639294	0.494595114191227	0.398925432026796	0.215042549290634
chr12:19523028:C:A	12	19523028	-0.455939574335492	0.313632952803291	0.146019460128049
chr12:19758400:A:T	12	19758400	-0.384051962503199	0.933201729449903	0.680674949448498
chr12:20003679:T:A	12	20003679	-0.557659278381409	0.433651333923854	0.198456209874606
chr12:21333090:G:A	12	21333090	-0.459529600598329	0.343121478655092	0.180485354201643
chr12:25518059:A:T	12	25518059	-0.411212022360831	0.351328569353634	0.241820498621178
chr12:28965843:C:T	12	28965843	0.382194313393282	0.320566770989631	0.233164968951224
chr12:32086665:A:C	12	32086665	-0.231344397946159	0.342263190615748	0.499087984359641
chr12:44631613:C:T	12	44631613	0.33711359634327	0.340157370486386	0.321660255506537
chr12:48567461:T:G	12	48567461	0.329556290526035	0.390895861779943	0.399183978964111
chr12:51039498:T:C	12	51039498	-0.0214537799689573	0.536070447112365	0.968076823437065
chr12:52880890:G:T	12	52880890	0.219563612916808	0.414830068390974	0.596607291087131
chr12:53646626:C:G	12	53646626	0.27460172061886	0.410256643256407	0.503277778295954
chr12:53680144:C:A	12	53680144	0.297067947213853	0.307918377752139	0.334664037571872
chr12:54366280:G:A	12	54366280	0.0770601382624253	0.295579575507018	0.794317231057621
chr12:55599330:T:C	12	55599330	0.171395856076208	0.450073116504082	0.703338446936522
chr12:56675083:C:T	12	56675083	0.332084015664455	0.236617034769478	0.160477857932665
chr12:57436134:C:T	12	57436134	-0.340832278293681	0.405569380627275	0.400695522030841
chr12:58724212:C:T	12	58724212	-0.230319008656469	0.431892963779051	0.593841166072871
chr12:59048769:A:C	12	59048769	0.151003484942747	0.35195649187685	0.667893967166482
chr12:59161225:G:A	12	59161225	0.168060320034195	0.624081357752156	0.787704737606134
chr12:59226687:C:T	12	59226687	0.0762060175259947	0.598482717945914	0.898677612826043
chr12:63113400:T:C	12	63113400	0.428313211119587	0.296969110000908	0.149222827225451
chr12:64271340:C:T	12	64271340	0.0214070498149879	0.308161021987662	0.94461782677956
chr12:64756705:C:T	12	64756705	-0.140960777702723	0.250355522182728	0.573406002378618
chr12:67050802:C:T	12	67050802	0.147890611120483	0.347210770155093	0.670152289609867
chr12:71564908:A:G	12	71564908	0.155661056394101	0.382476761166379	0.684021402176541
chr12:73909094:G:A	12	73909094	-0.152324798361514	0.330393247391788	0.644769265512478
chr12:81126959:G:A	12	81126959	-0.2427617955948	0.347836433883076	0.485227600586095
chr12:83608380:A:G	12	83608380	0.0454707973128162	0.250476479235105	0.855945941190506
chr12:90727178:A:C	12	90727178	-0.307937582659468	0.344194367087762	0.370967857258181
chr12:92596791:C:T	12	92596791	0.193040299576044	0.282000281342987	0.493634627199996
chr12:95914573:A:T	12	95914573	0.0752014408297972	0.312304990153246	0.809714102514966
chr12:101611098:G:C	12	101611098	-0.305885761434747	0.44953659325978	0.496221561168278
chr12:105967464:T:C	12	105967464	-0.115494523013989	0.376772231910213	0.759196028333036
chr12:109533295:C:T	12	109533295	-0.0537446804128637	0.300662778367999	0.858130850097563
chr12:112209515:G:A	12	112209515	0.0731099140792467	0.434349705835457	0.866331229828659
chr12:120976632:C:A	12	120976632	0.7802442341319	0.324257904670603	0.0161174146068285
chr12:125875525:T:C	12	125875525	-0.147576342007892	0.293234608439596	0.614774070533999
chr12:126449337:A:G	12	126449337	0.318552395478627	0.225777879858102	0.158270987287933
chr12:131091094:G:A	12	131091094	0.670035403171306	0.242949669981829	0.00581706889718137
chr12:132776953:G:A	12	132776953	-0.159354242170498	0.555794840724356	0.774331206498629
chr13:19545220:A:G	13	19545220	-0.202619960887603	0.356593797981901	0.569892764868124
chr13:22977365:T:G	13	22977365	-0.191694826790466	0.536751870349419	0.720988027457399
chr13:24330599:T:C	13	24330599	0.633989683936913	0.384552536078056	0.0992208807218962
chr13:24623185:A:C	13	24623185	0.122019391031573	0.328851176288155	0.710602188832041
chr13:25202506:T:G	13	25202506	-1.31479906320538	0.859317272721532	0.126004160121956
chr13:26234118:A:T	13	26234118	0.190309688984113	0.353034276713179	0.589839529304463
chr13:26494236:G:A	13	26494236	-1.01907723335114	0.401732025435507	0.0111899935327474
chr13:27255876:A:G	13	27255876	0.643351321321648	0.39057104881508	0.0995155288049423
chr13:42909938:A:G	13	42909938	-0.00382015324788196	0.323284697432165	0.990571869355299
chr13:45470952:C:T	13	45470952	-0.757706939836877	0.971353363579697	0.435359779756915
chr13:45708351:G:A	13	45708351	0.310013837401255	0.415653909362495	0.455760402531942
chr13:45809177:C:G	13	45809177	-0.234025445577501	0.396041757351822	0.554580030381479
chr13:50558767:A:T	13	50558767	0.154213436647575	0.39574321818484	0.696772777430264
chr13:58710908:G:A	13	58710908	-0.132738510511713	0.324266929333663	0.682283182501828
chr13:58934154:C:T	13	58934154	-0.203622532095447	0.35669373642157	0.568093890224681
chr13:70397215:T:C	13	70397215	-0.227138772302512	0.253276342873235	0.369824493206966
chr13:70990050:T:C	13	70990050	-0.0342697244269632	0.415608851375687	0.934283568460044
chr13:75832713:T:C	13	75832713	-0.047508945266186	0.504295807563051	0.924943542739339
chr13:86776101:G:A	13	86776101	-0.104010567965634	0.288440100562301	0.718400905909156
chr13:91472230:T:C	13	91472230	-0.252221367053432	0.418944624849635	0.547147598984247
chr13:93235990:C:T	13	93235990	-0.283639659648421	0.293188848574478	0.333329166855749
chr13:96765286:G:A	13	96765286	0.509958624852657	0.324408575768076	0.115958884348138
chr13:102180181:A:G	13	102180181	-0.281063100191961	0.39519827925912	0.476963312528003
chr13:104405113:C:T	13	104405113	-0.717457436569715	0.688236275241728	0.297199370908444
chr13:106009559:G:C	13	106009559	-0.249806063856821	0.370429712387802	0.500077176726176
chr13:106084136:A:G	13	106084136	0.255262123112388	0.239653184405409	0.286816488068988
chr13:112716578:T:C	13	112716578	-0.147189484862481	0.67497058801062	0.827376131234304
chr14:21167555:A:G	14	21167555	0.35718794001916	0.391666531452872	0.361784761157264
chr14:26929954:A:G	14	26929954	0.109732858459753	0.287181207196992	0.702384817792181
chr14:27823594:G:A	14	27823594	0.309561768020973	0.472931261091781	0.512751245825249
chr14:34182794:A:C	14	34182794	0.789854486307334	0.365470442735856	0.030679942975312
chr14:38216062:T:A	14	38216062	-0.0185042924748666	0.296550258782357	0.950245486366526
chr14:38962987:G:A	14	38962987	0.39221347680747	0.382851660472463	0.305621427680647
chr14:39925237:C:T	14	39925237	-0.508711248087306	0.413856450715067	0.218997826250642
chr14:44446011:A:G	14	44446011	-0.470811817604153	0.63613564447654	0.459231853392116
chr14:48685878:C:A	14	48685878	0.0517405045764698	0.365090936658988	0.887301572545218
chr14:51426205:T:C	14	51426205	0.42008111977715	0.300144055730711	0.161633633736529
chr14:52881822:T:G	14	52881822	0.327580473398759	0.409166278607564	0.423360489800375
chr14:53358297:A:G	14	53358297	0.231195550883458	0.26771749121553	0.387818490993331
chr14:56254615:G:A	14	56254615	-0.0595136596479633	0.223745698250078	0.790248489181776
chr14:57978070:T:C	14	57978070	0.0836639814265221	0.360701742671988	0.816578545298284
chr14:62445185:T:C	14	62445185	0.57255034692508	0.345621481948333	0.0976040016411163
chr14:67518615:G:A	14	67518615	0.275940387015124	0.197633678331331	0.162647810022921
chr14:68863518:T:G	14	68863518	-0.149293437767726	0.254310962165851	0.55716963168877
chr14:77734277:G:A	14	77734277	-0.111208833038522	0.396453267876033	0.779086782912949
chr14:81022028:G:A	14	81022028	-1.15799516143499	1.01420465950888	0.253546885726167
chr14:81884763:T:G	14	81884763	0.856649606967135	0.376897132877742	0.0230321886352577
chr14:82929256:T:A	14	82929256	0.0452370667703071	0.464077423415708	0.922347270435095
chr14:84531019:T:G	14	84531019	0.186236838550683	0.373669403483808	0.61820212196814
chr14:84812257:C:T	14	84812257	0.0563164596336208	0.55224042365036	0.918774014295157
chr14:90804831:C:G	14	90804831	0.370232163949537	0.350409032394924	0.2907072362444
chr14:91397629:G:T	14	91397629	-0.299593313311278	0.452000234647251	0.507447943381161
chr14:91532430:A:C	14	91532430	0.0819676449421675	0.57054239873438	0.885764081327701
chr14:91961156:T:C	14	91961156	0.221515877348826	0.379900721893831	0.55983348524551
chr14:92998270:C:G	14	92998270	-0.114306300441848	0.493303728463469	0.816758707769374
chr14:93757265:G:A	14	93757265	0.322233617036344	0.451335580666265	0.475254564049918
chr14:93769225:C:T	14	93769225	0.218431941806221	0.487344456553879	0.654002708168715
chr14:98340169:A:G	14	98340169	-0.0294282861199255	0.419563393518624	0.944082021584849
chr14:100721312:C:T	14	100721312	0.513933251438871	0.329485648976723	0.118806049368891
chr14:102093442:A:G	14	102093442	-0.316033172176847	0.537113126561579	0.556269074533462
chr15:24165057:A:G	15	24165057	0.446493804378279	0.352988958457343	0.205909136764806
chr15:26353849:A:G	15	26353849	-0.747018491289809	0.482208078943815	0.121342752196156
chr15:28182824:G:A	15	28182824	-0.347335466159876	0.59752955683536	0.56104782712851
chr15:33665926:A:G	15	33665926	0.186514346541001	0.334393198102033	0.577001752177048
chr15:34880184:A:T	15	34880184	-0.104126056853659	0.261866245952736	0.690902432374119
chr15:37080410:C:T	15	37080410	0.530585065343086	0.336053758433633	0.114365968694986
chr15:37762539:C:G	15	37762539	-0.759937694324119	0.95014900447475	0.423821486575885
chr15:52558833:C:G	15	52558833	-0.974711719518817	0.770016605532447	0.205573208069359
chr15:55712443:A:G	15	55712443	-0.655410514142505	0.660902174165513	0.321348447984176
chr15:57522102:A:T	15	57522102	-0.320540361506752	0.286836633428039	0.263779968425869
chr15:57590535:T:C	15	57590535	0.508705319680035	0.293287318761859	0.082830333416562
chr15:58439508:G:A	15	58439508	0.29960801263301	0.518981863653785	0.563737096427199
chr15:69786285:T:C	15	69786285	-0.0500669736356277	0.309856663689144	0.871635759331533
chr15:71331250:T:C	15	71331250	-0.547403800815521	0.545344443546119	0.315486474197821
chr15:74245092:G:C	15	74245092	0.639831591536427	0.333259368454629	0.0548679048327469
chr15:76807237:T:C	15	76807237	-0.280707705527608	0.518526807742086	0.588262086391306
chr15:77734259:G:A	15	77734259	0.183253721273907	0.258687157138514	0.478697518445496
chr15:79750604:G:T	15	79750604	0.238296227945785	0.340692868197669	0.484273414792348
chr15:81697597:G:A	15	81697597	0.166450419628659	0.285123460074313	0.559365866982716
chr15:87989871:C:T	15	87989871	0.314345467839302	0.235568717504316	0.182069224869828
chr15:88891382:T:C	15	88891382	-0.643934698134848	0.304327910883049	0.0343512809178536
chr15:89804552:C:T	15	89804552	0.00907243109314134	0.535483721087964	0.986482490286426
chr15:94791129:A:G	15	94791129	0.420280256289726	0.321956563754376	0.191758625581047
chr15:97043895:A:G	15	97043895	0.5082701875308	0.318794533658076	0.110857578396561
chr15:98725394:C:T	15	98725394	0.160752576323055	0.388100787095344	0.678725320389242
chr15:100978492:T:G	15	100978492	-0.23182563058817	0.358367220201906	0.517700502270679
chr16:2671727:C:T	16	2671727	0.919205567302574	0.357750940466836	0.0101874542563938
chr16:4957642:T:C	16	4957642	0.29653069669737	0.336842928745052	0.378684164750552
chr16:5603936:C:T	16	5603936	1.02522598537274	0.405131424712255	0.0113867299152604
chr16:5884026:G:T	16	5884026	-0.320184402839975	0.253371114499927	0.206338681072124
chr16:6848656:G:A	16	6848656	-0.0600585822032505	0.359691020946587	0.867391526809365
chr16:7909855:G:A	16	7909855	0.15252571467923	0.289898993201453	0.598795112175021
chr16:8273542:C:G	16	8273542	0.0760882704526567	0.315984031632016	0.809711808313152
chr16:12394716:C:T	16	12394716	-0.508979957379963	0.499867372943731	0.308568663524654
chr16:13985277:C:A	16	13985277	-1.02857876913395	0.910753022291753	0.258741028860904
chr16:17779668:G:A	16	17779668	-0.249492053028745	0.231325987528594	0.280797232294031
chr16:29740733:G:C	16	29740733	0.173534036159053	0.361540810890857	0.631238314641977
chr16:31127124:G:A	16	31127124	-0.149745490845543	0.322664837047426	0.642583340110933
chr16:56688556:C:T	16	56688556	-0.153235722019661	0.309623751845307	0.620664036835902
chr16:60324635:A:C	16	60324635	0.140440167879185	0.352117142496925	0.690007404224176
chr16:60499572:C:T	16	60499572	-0.126779901842873	0.215456931340329	0.556248129636143
chr16:62273123:C:T	16	62273123	0.113554653940654	0.228518449103291	0.619247731691294
chr16:65972427:C:T	16	65972427	0.0833073430001465	0.263517041751685	0.751898938669575
chr16:69246420:T:C	16	69246420	0.33993413835001	0.249112421119007	0.172384702042685
chr16:71908403:G:A	16	71908403	-0.00165760314247019	0.373898471014943	0.996462751988816
chr16:72103328:C:A	16	72103328	0.163475404153515	0.322379192234868	0.612091367469868
chr16:74837740:A:C	16	74837740	-0.116579872034006	0.424883520170104	0.783792011130462
chr16:79886631:C:T	16	79886631	0.191649965734056	0.487797533204335	0.694401949839583
chr16:81396153:C:A	16	81396153	0.350089470310308	0.230510506817812	0.128823646379404
chr16:82294878:C:G	16	82294878	0.369417001197529	0.379027945887418	0.32973728852169
chr16:82421890:A:G	16	82421890	-0.39492098255886	0.327793905102097	0.228286544652691
chr16:83827178:T:C	16	83827178	0.0413239495219478	0.322814899821874	0.898140043904404
chr16:84032337:C:T	16	84032337	-0.135039707189858	0.648946947487852	0.83515828977199
chr16:89303022:G:A	16	89303022	0.464799678797791	0.437325732295122	0.287862401336802
chr16:89331863:A:T	16	89331863	0.514736033166585	0.346416605609686	0.137308934615881
chr16:89337630:T:C	16	89337630	0.0018510213183985	0.285449986418712	0.994826095458187
chr16:89479873:T:G	16	89479873	-0.188005655129339	0.301703999890452	0.53318855214764
chr16:90035976:C:A	16	90035976	0.780905198164342	0.294381196916338	0.00798506478857719
chr17:2489248:C:G	17	2489248	-0.458563771637492	0.319358646788739	0.151033747559645
chr17:4018176:C:A	17	4018176	-0.77312903756977	0.62758344371788	0.217981087849891
chr17:4147521:T:C	17	4147521	-0.819576197206264	0.493681482375186	0.0968879941378669
chr17:6949267:T:C	17	6949267	0.185155264966772	0.241294738539578	0.442878997061782
chr17:7929448:A:G	17	7929448	-0.260774768444684	0.349853573781782	0.456040456187253
chr17:10308301:C:T	17	10308301	-0.2193678430672	0.664729528625806	0.741391893095561
chr17:12174148:T:C	17	12174148	0.433817646299514	0.334504495323381	0.194666865671365
chr17:14402381:C:T	17	14402381	-0.258683830547968	0.618423693605885	0.675731100139155
chr17:15219976:C:T	17	15219976	0.255984710892076	0.279153310931586	0.359140528760467
chr17:16482403:T:A	17	16482403	-0.45177674471583	0.346708959917784	0.192560021195292
chr17:18684803:A:G	17	18684803	0.207731527342528	0.257743287360122	0.420264241204864
chr17:20040710:T:C	17	20040710	-0.244811792439354	0.308839231399506	0.427962190163472
chr17:21275023:A:C	17	21275023	-0.228033805290001	0.34467802592283	0.508237235409799
chr17:30609729:C:T	17	30609729	0.535952334023917	0.351674556475655	0.127508491022568
chr17:31554254:C:T	17	31554254	0.380513850912026	0.35436220161626	0.28291268567026
chr17:33472425:T:G	17	33472425	0.127227647490917	0.327326658493654	0.697507631055434
chr17:44156671:T:A	17	44156671	0.288178250346789	0.270797402255108	0.287245374416347
chr17:45754773:C:T	17	45754773	0.0626871128212287	0.321312945930647	0.845317203558765
chr17:48779278:C:T	17	48779278	-0.239548950370968	0.529269500973815	0.650834656629979
chr17:52703044:C:G	17	52703044	0.0534177515843562	0.452622406198237	0.906053114738444
chr17:53282498:G:T	17	53282498	-0.486438160854725	0.364941379630876	0.18255761140723
chr17:58411807:C:T	17	58411807	-0.0816645551945132	0.399119953056156	0.837875624925612
chr17:61409438:A:G	17	61409438	0.0723741393704779	0.263655359432257	0.783698237656497
chr17:61905160:C:T	17	61905160	0.319101155371729	0.385840034013039	0.408220245777187
chr17:66262233:G:T	17	66262233	0.0566198334351047	0.280377791841476	0.839962676705878
chr17:66751216:C:T	17	66751216	-0.397537268797578	0.376565556441654	0.291108924906989
chr17:66971178:A:G	17	66971178	-0.0053072147972922	0.493867605917472	0.991425914159179
chr17:68771033:G:A	17	68771033	-0.140232859239646	0.381496096858631	0.713181496095265
chr17:69081332:C:T	17	69081332	-0.885732893202438	0.42479337851369	0.0370610319155322
chr17:69213412:T:C	17	69213412	0.322392758567992	0.30689604426354	0.293490590746858
chr17:72829246:G:A	17	72829246	0.167608104900802	0.313797483007691	0.593252796052849
chr17:73506492:C:T	17	73506492	0.501700341615532	0.272261554546992	0.065370691193458
chr17:75360149:C:G	17	75360149	-0.13587644835754	0.460780506996553	0.76808307629009
chr17:77625920:A:T	17	77625920	0.527016390924413	0.242494702236733	0.0297569221447639
chr18:1137045:A:T	18	1137045	-0.299576442499155	0.291465175990591	0.304030139671815
chr18:4080016:T:A	18	4080016	-0.444065117016292	0.453378696365722	0.32735402985787
chr18:8920896:G:C	18	8920896	0.311878646201452	0.425524016098215	0.463602086226231
chr18:9609299:C:T	18	9609299	-0.20016733191108	0.340681962611319	0.556835080308186
chr18:10572326:C:T	18	10572326	0.0240867385379922	0.409105184565854	0.953050364611314
chr18:11017906:C:T	18	11017906	0.0765707231421737	0.259917884405146	0.768302653188639
chr18:12120157:A:G	18	12120157	-0.504876973460402	0.747347778056385	0.499321142450363
chr18:14686017:A:G	18	14686017	0.00303834518236429	0.301560869274781	0.991961133080202
chr18:14895123:C:T	18	14895123	-0.133287870970352	0.359751922960665	0.711010424844754
chr18:30059135:A:G	18	30059135	0.352205292054403	0.322880772408421	0.275351429190638
chr18:32490781:T:C	18	32490781	-0.166920142930226	0.390847579850442	0.669326727399116
chr18:36255061:C:A	18	36255061	-0.27084139258408	0.456151769263482	0.552677459075586
chr18:42762909:A:C	18	42762909	-0.317596214961259	0.319133039036734	0.31964659827054
chr18:43928870:G:A	18	43928870	0.879279878108042	0.325554678134629	0.00691589940038428
chr18:44831686:A:G	18	44831686	0.862587633229784	0.456137153626856	0.0586148992968505
chr18:45461168:C:T	18	45461168	0.195715970656271	0.276260370126983	0.478667399074659
chr18:47992191:T:C	18	47992191	-0.00488575462487219	0.752403874260081	0.994818951734656
chr18:49146783:T:G	18	49146783	0.100226540213014	0.297261548076496	0.735991631616941
chr18:49872731:C:G	18	49872731	-0.145742548159333	0.323923085141488	0.652761283646169
chr18:50485733:T:C	18	50485733	-0.169612273180782	0.424416223456171	0.689424166060076
chr18:58120958:C:T	18	58120958	-0.771098703036074	0.669228111621934	0.249230258668771
chr18:59256389:C:T	18	59256389	0.0271150993747818	0.331824629550847	0.934873230699433
chr18:62622293:T:A	18	62622293	0.200494084014426	0.335980982824948	0.550679407555598
chr18:62998306:G:A	18	62998306	0.284018972589538	0.35346910841806	0.421675100444857
chr18:66103927:C:T	18	66103927	-0.240170024836286	0.332742300890459	0.470423673414483
chr18:66206557:C:T	18	66206557	-0.153846935485623	0.283149307031644	0.586894291563015
chr18:68001558:G:A	18	68001558	0.395147913422509	0.319726894995247	0.216498709112131
chr18:69946690:A:G	18	69946690	-0.212968670736812	0.678369943008172	0.753565253778593
chr18:71730181:C:T	18	71730181	-0.697962325392647	0.48555340312811	0.150588073123898
chr18:72912108:T:C	18	72912108	-0.537375676781076	0.341101753831476	0.115161457067131
chr18:73248491:G:A	18	73248491	0.21189139073897	0.29463021007617	0.472031617612064
chr18:77734991:G:A	18	77734991	0.244661637835025	0.362261609019528	0.499438941009086
chr19:2907557:G:A	19	2907557	-0.096740533148388	0.265626147500785	0.715710099974575
chr19:16021187:G:A	19	16021187	-0.0542258778069237	0.318769805119438	0.864923761860173
chr19:17584922:G:A	19	17584922	0.15402265278713	0.266380993905218	0.563126153767602
chr19:18704666:C:T	19	18704666	-0.351756623019488	0.542589652249908	0.516795997445048
chr19:18737022:C:T	19	18737022	-0.207129721958369	0.32416807295032	0.522850378571643
chr19:18805179:A:G	19	18805179	0.968563898145868	0.338591990727974	0.0042288882277155
chr19:21560366:G:T	19	21560366	-1.01309154823908	0.523032917258567	0.0527507686411772
chr19:21659434:G:C	19	21659434	0.12845637788338	0.294352475323739	0.662544178892811
chr19:33474662:T:C	19	33474662	0.173781996705722	0.277544848370559	0.531222963317964
chr19:37956680:C:T	19	37956680	-0.328410196266207	0.411372932628533	0.424680644894803
chr19:38120117:A:T	19	38120117	-0.202651160812778	0.36829428416908	0.582153069644491
chr19:44380983:T:C	19	44380983	-0.16127738313982	0.288953887772435	0.576747228160399
chr19:44819986:A:G	19	44819986	-0.384927627003233	0.329201900255712	0.242292760370777
chr19:48685001:C:T	19	48685001	-0.823813505105879	0.693938324775803	0.235165831823974
chr19:51210487:G:T	19	51210487	0.272401738796879	0.6475310727446	0.673990609077463
chr19:51552139:T:A	19	51552139	-0.229352716619581	0.33167787231504	0.489256176610082
chr19:52714810:C:T	19	52714810	0.290465810644602	0.311854949162648	0.351639874478044
chr19:53330671:T:C	19	53330671	0.0213416479454333	0.300738050720078	0.943426214104624
chr19:54944544:G:A	19	54944544	0.0585096084339394	0.383177665980273	0.878638197355683
chr19:57195010:G:C	19	57195010	0.693045567618974	0.331852877438698	0.0367606761274
chr20:1709120:A:G	20	1709120	0.0362394076100431	0.246777800552294	0.883250137970181
chr20:1735934:T:G	20	1735934	0.169550773474079	0.321543537029198	0.597983403408778
chr20:1906500:G:T	20	1906500	-0.257496201443984	0.30516375388786	0.398782959524881
chr20:3649460:G:A	20	3649460	-0.290084690464706	0.331593686133188	0.381672014112909
chr20:5407753:C:T	20	5407753	0.056152785268198	0.323617137637825	0.862245769842837
chr20:5860313:T:C	20	5860313	0.09454371494014	0.418855014062581	0.821419645259058
chr20:7000966:A:C	20	7000966	-0.0382163735420947	0.404249626321387	0.924682932978003
chr20:12129436:G:A	20	12129436	-0.331889661112316	0.535502002696566	0.535407273537861
chr20:13244402:C:A	20	13244402	0.698212812932276	0.440308488674529	0.112799316663157
chr20:31347432:T:C	20	31347432	-0.297316463658297	0.27738747826882	0.283789524398155
chr20:37593342:C:T	20	37593342	-0.188127383929651	0.35319540325198	0.594280093598911
chr20:38200488:G:A	20	38200488	0.538595701219424	0.290333699776917	0.0635831011122072
chr20:38350608:A:G	20	38350608	0.202288744369798	0.329106194408604	0.5387786170102
chr20:45729681:A:G	20	45729681	0.104155645317904	0.239000179021645	0.662983764729655
chr20:48501317:C:T	20	48501317	-0.977314779576149	0.440493370743326	0.0265083561352326
chr20:49036824:T:G	20	49036824	-0.0101220824116874	0.239630183367995	0.966307031412652
chr20:50371082:C:T	20	50371082	-0.537298653044263	0.371746101390885	0.148363054940634
chr20:52513956:G:A	20	52513956	-0.135352549332569	0.90760812595323	0.881450228508438
chr20:54253971:A:G	20	54253971	-0.317738456592266	0.355307159429235	0.371180573881843
chr20:58480201:T:G	20	58480201	0.355417150643515	0.376622792470988	0.345325387984814
chr20:60073360:C:T	20	60073360	0.323345176484972	0.217868862053043	0.137775090475194
chr21:14869783:A:G	21	14869783	-0.378588187307756	0.58796670145338	0.519644221280912
chr21:15297615:T:C	21	15297615	-1.01231299225936	0.52700144039036	0.0547452907055231
chr21:15686888:A:G	21	15686888	0.259362934330735	0.37347091177444	0.487389874721527
chr21:18805376:C:A	21	18805376	-0.236160184045761	0.521144285999046	0.650435689389924
chr21:22007486:G:T	21	22007486	0.73227661080202	0.295752570638851	0.0132872076927653
chr21:24026351:C:T	21	24026351	-0.526270053319849	0.481773961597689	0.274675400215237
chr21:26647335:G:C	21	26647335	-0.445069720477519	0.410241686054894	0.277967551106521
chr21:28043199:C:G	21	28043199	-0.226211767404528	0.490039526442374	0.644354257672318
chr21:29538421:G:A	21	29538421	-0.684257784390581	0.985517561833837	0.487485857731681
chr21:31885030:A:G	21	31885030	0.444134411777183	0.304128395983531	0.144193447462851
chr21:35502622:A:T	21	35502622	-0.126438239496391	0.293657856742815	0.666786070703109
chr21:36306638:T:G	21	36306638	0.457950523612454	0.30390252271236	0.131836449935862
chr21:41442549:G:A	21	41442549	0.0867366039439812	0.224040285702911	0.698647121810125
chr21:42627184:G:A	21	42627184	0.245210161379758	0.450095401778361	0.585893850123731
chr22:20147688:T:C	22	20147688	-0.273381282979436	0.390117996031615	0.483449291094269
chr22:23891985:A:G	22	23891985	0.242459013332588	0.33417002542924	0.468111101448832
chr22:24245985:G:T	22	24245985	0.241539683555016	0.336647822034034	0.473075033429335
chr22:28624303:G:A	22	28624303	0.199944305333924	0.708789896994698	0.777872593328943
chr22:30376697:C:T	22	30376697	0.448666394042001	0.402041512473291	0.264434840658099
chr22:30662128:G:A	22	30662128	-0.0758600387327395	0.423760055871189	0.857924751979913
chr22:36298345:C:A	22	36298345	-0.0135605321906005	0.464080422199101	0.976688954621715
chr22:36977479:G:A	22	36977479	-0.441923361134077	0.515738123123156	0.391513695274883
chr22:42350572:C:T	22	42350572	-1.91461253086465	1.28332311489812	0.135720709484644
chr22:42475109:T:G	22	42475109	-0.292738735386778	0.269959360619668	0.278196012890073
chr22:44719519:A:G	22	44719519	0.00378038966792015	0.328796949131216	0.990826410945115
chr22:44805054:T:C	22	44805054	-0.354314750119957	0.605954827805854	0.558735067993033
chr22:45210278:T:C	22	45210278	0.225617293120859	0.350573985781826	0.519857282299117
chr22:47062473:C:T	22	47062473	0.376174551967156	0.333452618702583	0.259269264304501
chr22:48785864:A:G	22	48785864	-0.768872825171135	0.519706873694185	0.139023944376713
chr22:49668266:A:G	22	49668266	0.376723481694068	0.342513744494767	0.271385091282863
chr22:49926053:G:A	22	49926053	-0.450933362568596	0.463600653413261	0.330714213927912
