SNP	CHR	POS	est	stderr	pval
chr1:1837340:C:T	1	1837340	0.0809404204994824	0.216672433724466	0.708730784105769
chr1:2261200:G:C	1	2261200	0.0942524854149294	0.171102780794636	0.581734427391213
chr1:14678191:A:C	1	14678191	-0.0472058095817481	0.13127698339823	0.719154223673624
chr1:14985097:C:T	1	14985097	0.0199598704254236	0.178291210283352	0.910862297965719
chr1:20215506:G:C	1	20215506	0.223997192886692	0.147075878737873	0.127757634496293
chr1:22009627:T:C	1	22009627	-0.22699673176278	0.18842644221245	0.228320372250783
chr1:22126221:C:T	1	22126221	-0.117881075466785	0.184429671954994	0.522715301441393
chr1:23180575:A:G	1	23180575	0.085814218454362	0.125107031772511	0.492759508682855
chr1:26058659:G:C	1	26058659	0.0175798961976179	0.177462878406265	0.921088736604298
chr1:28670719:C:T	1	28670719	-0.196045015691757	0.147932797292719	0.185094800148134
chr1:29753056:A:C	1	29753056	0.109250894821811	0.143345254566751	0.445969197280748
chr1:29908726:A:G	1	29908726	-0.0463358426412356	0.173619434395568	0.789560278821212
chr1:31886486:G:T	1	31886486	0.11364947196639	0.145910348919864	0.436039022886729
chr1:37838865:C:T	1	37838865	0.17083932584244	0.218982578763109	0.435302408702602
chr1:39880059:T:C	1	39880059	-0.0326265673341187	0.153079586746378	0.831221922453481
chr1:43202709:G:A	1	43202709	-0.063857607192495	0.160325408311944	0.6904090739769
chr1:47498869:G:A	1	47498869	0.258355936435293	0.17533598035906	0.140618769694925
chr1:54900240:G:A	1	54900240	-0.0395650388995805	0.122502286548218	0.746715022969269
chr1:65351414:T:A	1	65351414	0.186296375899705	0.138745838235762	0.179363674064436
chr1:66254178:T:A	1	66254178	-0.0192748166437709	0.186048443574358	0.917485943541006
chr1:73302339:T:C	1	73302339	-0.0957856654565705	0.141486189598928	0.498408128847055
chr1:73563666:T:C	1	73563666	0.163831297586307	0.20574153554747	0.425859626436488
chr1:76062379:T:C	1	76062379	-0.280011959234324	0.152063430358996	0.0655606915658442
chr1:86928231:G:T	1	86928231	0.143579964780958	0.154638950742139	0.353155982734255
chr1:88611347:G:A	1	88611347	-0.255528086838889	0.144788205931439	0.0775905792508612
chr1:91057167:C:A	1	91057167	0.127436843849656	0.203997928912728	0.532170104488816
chr1:91093925:G:A	1	91093925	0.0553025254262437	0.156274194731108	0.723427792722832
chr1:92475800:A:G	1	92475800	0.135666768541679	0.140857916428143	0.335474153887711
chr1:94752415:G:A	1	94752415	-0.244542727735615	0.214327512647071	0.253879561658966
chr1:95614324:G:A	1	95614324	-0.330080891822185	0.281698044755951	0.241295720271636
chr1:99691102:T:C	1	99691102	-0.120082645153154	0.159668463370179	0.452006011608627
chr1:104937367:T:A	1	104937367	-0.29307715912154	0.138318689362877	0.0341027763835263
chr1:153704237:C:A	1	153704237	0.0972854224274509	0.145495055171139	0.503718095107455
chr1:159540226:C:T	1	159540226	0.0284344500014548	0.145491012012293	0.84505019097881
chr1:165647351:T:C	1	165647351	0.0492799267902827	0.180217588679055	0.784509765362726
chr1:168863629:G:A	1	168863629	-0.048071117866176	0.273144509179892	0.860300603043334
chr1:171350391:G:A	1	171350391	-0.239338096874208	0.18184195315599	0.188111134458887
chr1:173013575:C:G	1	173013575	0.220909176589262	0.170422564941497	0.19489153740588
chr1:178947344:C:A	1	178947344	0.0230946692324634	0.238259055463189	0.922781254512995
chr1:186638909:G:T	1	186638909	0.246634742321327	0.177475786197272	0.164625742434727
chr1:188272062:T:C	1	188272062	0.168806104988979	0.175205530098696	0.335309327704891
chr1:193365737:C:T	1	193365737	-0.0143389271822882	0.127339826284762	0.910344803925863
chr1:195033388:T:C	1	195033388	0.27835657116088	0.190026163342485	0.142966520185076
chr1:195907914:A:G	1	195907914	-0.0017597273704241	0.170017749857926	0.991741837351147
chr1:196692375:G:C	1	196692375	-0.136602497888984	0.144566346948951	0.344703727417826
chr1:197559019:A:G	1	197559019	0.215387169842314	0.207143757022294	0.298434867662242
chr1:199160726:G:A	1	199160726	-0.107632557432414	0.154846614590648	0.486997994357583
chr1:204277152:T:C	1	204277152	-0.307039024743083	0.17423240841136	0.0780290420812397
chr1:207498131:C:T	1	207498131	-0.112133567835377	0.176134568750645	0.524362116160413
chr1:210496535:G:A	1	210496535	-0.0235873483203452	0.19742397789379	0.904898569506867
chr1:212937214:T:G	1	212937214	0.189549942447792	0.128202690400205	0.13926927243682
chr1:219750864:A:G	1	219750864	-0.0643175516521296	0.150591002173509	0.669305841851248
chr1:221920463:G:A	1	221920463	-0.269516739788734	0.219256169090321	0.21898476499072
chr1:227462684:A:G	1	227462684	-0.745254114912698	0.264999415948684	0.00491907624989041
chr1:234456961:G:A	1	234456961	-0.231816983977364	0.204577760663567	0.257151894230345
chr1:237308322:A:G	1	237308322	-0.2369071658641	0.176400544800866	0.179269708340825
chr1:244583991:C:T	1	244583991	-0.191232572957045	0.186007034653672	0.303905975162907
chr1:247190028:T:C	1	247190028	-0.0670979643186209	0.216485768179742	0.756605300622841
chr1:247897239:C:T	1	247897239	-0.354238684297561	0.197894918994654	0.0734484043946623
chr2:3248328:A:G	2	3248328	-0.0859695969106916	0.14404230390539	0.550617045003243
chr2:6804400:G:A	2	6804400	-0.621410807043601	0.274168666331516	0.0234191086854766
chr2:9411790:A:C	2	9411790	0.272557994334618	0.178851319319961	0.127524657265996
chr2:12096367:C:T	2	12096367	-0.146066843346393	0.189145996568446	0.439969981071151
chr2:13545005:C:T	2	13545005	0.147412429656061	0.153260617316278	0.33612920315662
chr2:16009716:A:G	2	16009716	0.057101950872582	0.16945779939672	0.736140599922059
chr2:16367899:A:T	2	16367899	-0.18935639483302	0.157112677162567	0.22811579420902
chr2:17630111:A:C	2	17630111	-0.0436270306189533	0.174584731780435	0.802672186470184
chr2:17928966:C:G	2	17928966	-0.420924964170952	0.224731108467563	0.0610661741777759
chr2:18261494:A:T	2	18261494	-0.059691004647837	0.172258357637876	0.72895178814677
chr2:19530615:T:C	2	19530615	0.123441394740599	0.158105008695556	0.434946163885691
chr2:19562158:T:C	2	19562158	-0.0546209568679821	0.191840043055823	0.775857629134263
chr2:27383116:G:A	2	27383116	-0.198761966143714	0.128615508897262	0.122250369759697
chr2:37762298:C:T	2	37762298	0.027174428859226	0.180308449112827	0.880203861055713
chr2:42010994:T:A	2	42010994	0.156484592104342	0.264330744254246	0.553848583258214
chr2:45824390:C:G	2	45824390	0.0822893105802057	0.214056095561232	0.700660718229735
chr2:49789441:T:C	2	49789441	0.0112619381506499	0.150136264396859	0.9402056056963
chr2:49994518:G:A	2	49994518	0.153873339866169	0.163341205053086	0.346174069775648
chr2:51284042:G:A	2	51284042	-0.0282736290486205	0.164887081479715	0.863852113862756
chr2:51344078:G:A	2	51344078	-0.138909665225104	0.168651183517574	0.410138059724933
chr2:57278002:C:A	2	57278002	0.223099455325302	0.154180640938495	0.147896800249061
chr2:57368273:A:G	2	57368273	-0.211283160102456	0.170579554236496	0.215486447616342
chr2:60373837:A:G	2	60373837	-0.0823672026372404	0.216498267111507	0.703609907437434
chr2:61147014:T:C	2	61147014	0.0128247775818863	0.151553608822827	0.932561865858527
chr2:61693274:A:G	2	61693274	-0.0336497769640943	0.186557557771596	0.856860462378245
chr2:65295480:C:T	2	65295480	-0.0633842615670489	0.152656051648588	0.677988455297311
chr2:66031496:T:C	2	66031496	-0.234082791384597	0.142762127516958	0.101073779790676
chr2:69165635:T:C	2	69165635	0.200198398707937	0.201564096891753	0.320600562872544
chr2:76651386:C:A	2	76651386	-0.0287361569481681	0.186880995745987	0.877793341119641
chr2:79784490:C:G	2	79784490	0.195476530473253	0.200676521582946	0.330012998361501
chr2:82619301:T:C	2	82619301	0.0345116524353825	0.263418495822645	0.895763807161824
chr2:83400799:T:A	2	83400799	0.250228775665497	0.226404327670079	0.269060092623524
chr2:85744328:G:A	2	85744328	0.0313144370037423	0.196860941385398	0.873614656026597
chr2:85757440:T:A	2	85757440	-0.14924330592311	0.139099442694108	0.283304650805894
chr2:99811694:T:C	2	99811694	0.116868051375001	0.13848917792559	0.398737256601354
chr2:101228073:A:C	2	101228073	-0.0207843634340611	0.150990490856698	0.890514302990318
chr2:106861882:T:C	2	106861882	-0.0101654406683538	0.255460672991478	0.968258487476107
chr2:108083619:T:C	2	108083619	-0.19315331320144	0.186778793982543	0.301075996307915
chr2:118004610:C:T	2	118004610	-0.376385753886771	0.145471837401348	0.00967188482398906
chr2:119455921:A:G	2	119455921	0.0519658433830198	0.172689542052369	0.763475029181441
chr2:120644763:G:A	2	120644763	-0.0830108781920457	0.139610418978933	0.552117953215617
chr2:120916837:A:G	2	120916837	0.119960157959111	0.155587176173136	0.440697616562658
chr2:122628686:C:A	2	122628686	0.125386813205785	0.210680910154295	0.551742988404018
chr2:122629789:A:C	2	122629789	0.0187653574297972	0.183554271285445	0.918571502923703
chr2:127192867:G:A	2	127192867	-0.245210372929149	0.151626889638748	0.105836017198303
chr2:130915743:C:T	2	130915743	0.136932638697371	0.167160854324541	0.412691197436844
chr2:136507185:G:C	2	136507185	-0.136932421775687	0.145489449149783	0.34661029265912
chr2:141023592:C:T	2	141023592	-0.15538010422333	0.19599740685841	0.427914097800011
chr2:143017176:T:C	2	143017176	-0.364268738841135	0.296783657477402	0.219676745034497
chr2:143920023:G:T	2	143920023	-0.0220185018532113	0.198054411612648	0.911478366008331
chr2:144729333:C:T	2	144729333	0.197465164288159	0.167150992588061	0.237460530642875
chr2:148561010:G:C	2	148561010	-0.0963459707731899	0.205107597349768	0.638545217404268
chr2:154835349:G:T	2	154835349	-0.00494246892508265	0.206537554500973	0.980908347090457
chr2:164974626:C:A	2	164974626	0.00345926176958346	0.203295557756269	0.986423912059934
chr2:167086954:T:G	2	167086954	-0.0463426977896485	0.14996825956643	0.757308817713495
chr2:167657344:C:T	2	167657344	-0.029416341822358	0.194485270554239	0.879776706185674
chr2:168647356:T:G	2	168647356	-0.0419594523497291	0.145935324435275	0.773713519553169
chr2:170041677:A:G	2	170041677	0.100881179491777	0.275499641906816	0.714234230031347
chr2:171274449:C:A	2	171274449	0.0984547613962332	0.145932822097246	0.499893006854099
chr2:177787584:G:A	2	177787584	-0.297111079872748	0.243508635370548	0.222417327507239
chr2:179648558:C:T	2	179648558	-0.473246858402318	0.275671769141788	0.086033249285783
chr2:183527028:C:T	2	183527028	-0.318761044512797	0.264228066248102	0.227668684916475
chr2:184516924:T:A	2	184516924	0.0724076776544017	0.184296013324627	0.694402262821161
chr2:197010424:G:A	2	197010424	0.0106060111488958	0.245153797822074	0.965492137657562
chr2:209101337:G:A	2	209101337	0.0161177637904889	0.154535948443944	0.916933001417256
chr2:209103516:A:G	2	209103516	0.150367885472102	0.1793632271003	0.401838156290813
chr2:210957182:G:A	2	210957182	-0.117114765428155	0.168003613692763	0.48574227652101
chr2:214802180:T:C	2	214802180	-0.0472321928720729	0.14159796655077	0.738707474931221
chr2:215209936:A:G	2	215209936	-0.191304381270401	0.157671125476994	0.225010283565475
chr2:220997842:C:T	2	220997842	0.0201732103896007	0.140853357441441	0.886115355409044
chr2:226027918:G:A	2	226027918	-0.210502175045469	0.289741553718536	0.467521867158969
chr2:228947684:G:A	2	228947684	0.382574610423943	0.178012988453874	0.0316234033067575
chr2:233152507:T:C	2	233152507	0.0140587573020673	0.136627302556288	0.918043453795702
chr2:235620294:A:T	2	235620294	0.0119112344376605	0.181009206930162	0.947533411591136
chr2:237288548:A:G	2	237288548	-0.0357397322427917	0.132750370325995	0.787756463109976
chr2:237513585:T:C	2	237513585	0.135459063116245	0.1977617930194	0.493368698602724
chr2:237920759:T:G	2	237920759	0.113957701716929	0.15386329256272	0.458910200039477
chr2:240429648:C:T	2	240429648	0.0316480169655636	0.124649031436659	0.799575121174008
chr3:10127208:T:G	3	10127208	-0.0648386285890668	0.256873890888298	0.80072089255452
chr3:14082905:A:G	3	14082905	0.324794017686698	0.126479746956189	0.0102301090741568
chr3:16798495:T:G	3	16798495	0.183857927671957	0.170728727676077	0.281524522197603
chr3:18882818:T:C	3	18882818	-0.231825237568501	0.143236881504896	0.105560381888153
chr3:22245167:A:G	3	22245167	0.208457254537906	0.154792005332751	0.178079243201599
chr3:24009496:G:A	3	24009496	-0.0222625051484618	0.159267368000751	0.888833257966932
chr3:24010534:C:T	3	24010534	-0.0898408996580254	0.178153115338736	0.614057346765619
chr3:33421913:A:G	3	33421913	-0.0068472922120437	0.1546039266388	0.964673839214522
chr3:34471110:A:G	3	34471110	-0.137946811574756	0.14616762799135	0.345293525872206
chr3:35230331:G:A	3	35230331	0.0138171479537644	0.179755699329947	0.938729940353156
chr3:41413926:T:C	3	41413926	-0.211960234148074	0.165143938490877	0.199321222916838
chr3:42098050:T:C	3	42098050	-0.00360962056382462	0.141925022218427	0.979709356336964
chr3:46489654:A:G	3	46489654	-0.292334065660127	0.168653672523508	0.0830353510598495
chr3:56959175:A:G	3	56959175	0.071490081684472	0.273046430169208	0.793457210825218
chr3:64441608:G:A	3	64441608	0.225916423920708	0.160882304367345	0.160249139477979
chr3:66995763:G:T	3	66995763	0.0584789636923668	0.1850333309664	0.751967923106899
chr3:68498445:T:C	3	68498445	-0.383254687817738	0.157959297878244	0.0152541759342496
chr3:68824246:G:A	3	68824246	-0.427490214210721	0.17879120186879	0.0168024375506557
chr3:69021248:A:C	3	69021248	0.0116913229849317	0.165234001878453	0.943591825937613
chr3:69617754:T:G	3	69617754	-0.034124796243197	0.166555902488606	0.837662021036464
chr3:74191731:G:A	3	74191731	0.102924251096234	0.166009973650301	0.535265451204465
chr3:74732240:G:A	3	74732240	-0.38790713730095	0.160738658256435	0.0158097369843578
chr3:75709324:A:T	3	75709324	-0.0287768385922826	0.165394358213473	0.86187391893639
chr3:84465702:T:C	3	84465702	0.155207639779665	0.140733233803685	0.27009233255944
chr3:84817748:G:A	3	84817748	0.257561776690226	0.167314739401111	0.123710367952848
chr3:85705423:A:G	3	85705423	-0.201879184562393	0.161799776828633	0.212137311770462
chr3:88069353:C:T	3	88069353	-0.0208735769947157	0.210949031889555	0.921177328458801
chr3:93986190:G:A	3	93986190	-0.38305995069172	0.201997226009462	0.0579121360316033
chr3:101022648:G:A	3	101022648	-0.326668355846868	0.23731434056839	0.168660152463831
chr3:106664728:C:T	3	106664728	0.180207504035904	0.181649616863494	0.321167760382998
chr3:110774699:C:T	3	110774699	0.0862831407838673	0.191666624620605	0.652585697917244
chr3:113428518:G:A	3	113428518	0.101635902653495	0.169241714776643	0.548148445424358
chr3:121058963:T:G	3	121058963	-0.177802971273615	0.209544992384006	0.39614882595369
chr3:124193435:A:C	3	124193435	0.112398894437693	0.143020290373433	0.431929154261992
chr3:126773646:G:T	3	126773646	-0.0705579229000365	0.166625192000844	0.671964846548949
chr3:131209978:G:T	3	131209978	-0.0714788981251731	0.257489843971437	0.781320274619773
chr3:133982842:C:T	3	133982842	0.13843364162261	0.149190735675253	0.353460981403716
chr3:137777496:C:T	3	137777496	-0.235730511213434	0.205687712196865	0.251770222679667
chr3:146265901:G:T	3	146265901	-0.158399981743748	0.205409494047937	0.440622497858973
chr3:149679065:C:A	3	149679065	0.142937183848805	0.120438894335953	0.235305522828503
chr3:152663712:G:C	3	152663712	-0.254368201529028	0.170354128488563	0.135391882512581
chr3:159417151:A:G	3	159417151	0.283444075229754	0.175454023856252	0.106204803948293
chr3:164899350:G:A	3	164899350	0.303422331955231	0.269117732954109	0.259543563857906
chr3:168053836:T:C	3	168053836	0.205090746479685	0.196664393997879	0.297019458225513
chr3:171028381:G:A	3	171028381	-0.0794488229174813	0.186047558020779	0.669353819608655
chr3:174497130:T:C	3	174497130	0.046105024523756	0.134876265250595	0.732477320426806
chr3:196706550:C:T	3	196706550	-0.211193605410806	0.15503988090665	0.173138276766889
chr4:332191:G:A	4	332191	-0.0514424267958447	0.142221967027867	0.717572331484427
chr4:8816874:T:C	4	8816874	-0.241392045517776	0.160927945720113	0.133614198214672
chr4:9851274:C:G	4	9851274	0.236004795806553	0.161464788333526	0.143837505415049
chr4:10725805:A:G	4	10725805	0.234927884131539	0.169336618802104	0.165337356496711
chr4:13219910:C:T	4	13219910	0.105742050142958	0.139164153035745	0.447352119570983
chr4:18747099:A:G	4	18747099	-0.101610509452156	0.135863875041769	0.454529724581577
chr4:20840555:C:T	4	20840555	0.0298861531866673	0.147891783750795	0.83985322345104
chr4:21137718:C:T	4	21137718	-0.152299841082127	0.166533548521649	0.360438689840011
chr4:26851610:T:C	4	26851610	-0.417472902027785	0.169847344218872	0.013974036473532
chr4:32302160:A:T	4	32302160	-0.454730277333423	0.229936959372782	0.047970438594426
chr4:40603484:A:G	4	40603484	-0.236382213060049	0.189735551883984	0.212819129154804
chr4:41002348:C:T	4	41002348	0.136992159895952	0.231456685028646	0.553937957487842
chr4:44018406:T:G	4	44018406	0.222050200886333	0.17257060486817	0.198191592006582
chr4:44680448:T:C	4	44680448	0.359536849332166	0.151559043336855	0.0176798364307078
chr4:55337032:C:T	4	55337032	0.0892181293741451	0.150477448513098	0.553247854962709
chr4:55659669:G:A	4	55659669	0.0529054291159783	0.198655431725938	0.789994653245449
chr4:56719096:C:T	4	56719096	-0.492832733245814	0.197946377469297	0.0127840719193669
chr4:61158247:C:G	4	61158247	0.175382976101888	0.182723101008607	0.337141160990231
chr4:64485722:G:A	4	64485722	-0.0535245170105188	0.196129122467696	0.784926639400501
chr4:67708732:C:T	4	67708732	-0.362091943445208	0.19013089348854	0.0568535440662861
chr4:67911021:C:T	4	67911021	0.208692693252617	0.164612330473004	0.204875500099281
chr4:90022599:G:T	4	90022599	0.0780931491003511	0.110294510318147	0.478919156558263
chr4:97398054:G:A	4	97398054	-0.0497403359737137	0.141521115965733	0.725236255667989
chr4:98823404:T:C	4	98823404	0.0328532892223813	0.221803039661591	0.882248695640063
chr4:99262681:C:G	4	99262681	-0.269079702250119	0.175918889707271	0.126123979790772
chr4:99355957:G:T	4	99355957	-0.150336429869692	0.140071444775237	0.283143745915013
chr4:101085120:T:C	4	101085120	0.067699770149844	0.118651509042615	0.568286709727964
chr4:102399971:C:T	4	102399971	-0.118816131917287	0.160027060641317	0.457799441672208
chr4:102884286:T:C	4	102884286	-0.0523670714668577	0.132023212818871	0.691625217907398
chr4:105992845:C:T	4	105992845	0.0176090190587785	0.151593130688989	0.907525941367962
chr4:108791253:G:A	4	108791253	0.176378426672477	0.154975617962067	0.255076907290521
chr4:110957298:T:A	4	110957298	0.0807387927969137	0.185799183576531	0.663890041790768
chr4:113348012:C:T	4	113348012	-0.0740039486607747	0.193831758192938	0.702613609391335
chr4:115522695:G:A	4	115522695	0.0825125795324987	0.141900596484541	0.560915945883104
chr4:120770744:A:C	4	120770744	0.102281416494128	0.166755549163383	0.539637405376672
chr4:123964831:A:G	4	123964831	0.105725881622602	0.186398381483476	0.570575685301871
chr4:125256344:T:C	4	125256344	-0.179691801777374	0.215345387717924	0.404035709838474
chr4:126268710:T:G	4	126268710	-0.0750010096245068	0.19954873359481	0.707026110901308
chr4:134094420:T:C	4	134094420	0.0232230144949525	0.2758665462768	0.932911680606488
chr4:134350906:C:T	4	134350906	0.0836695207611627	0.171422775535177	0.625487010157045
chr4:138952375:G:A	4	138952375	0.173537022677005	0.1548930373846	0.262557470054639
chr4:141618953:G:A	4	141618953	-0.156766377260857	0.193889710007123	0.418783376624372
chr4:149616644:T:G	4	149616644	0.17236341437684	0.177620445045459	0.331845649291948
chr4:154030957:C:G	4	154030957	0.167258857289275	0.220210588864031	0.447529306025455
chr4:168588553:A:C	4	168588553	-0.607291230277932	0.290740570717463	0.036728107407533
chr4:171334248:A:T	4	171334248	0.0198257684606175	0.218138529043785	0.927583064851558
chr4:171974219:A:G	4	171974219	0.0509652570773144	0.164456178312543	0.756635673729813
chr4:176312841:C:T	4	176312841	-0.234818698257696	0.151732985375232	0.121723823260081
chr4:179329624:T:G	4	179329624	0.273707607281046	0.17895901389417	0.126154664702015
chr4:183032183:A:G	4	183032183	0.0925969266039637	0.160515783568287	0.564026492778825
chr4:184991673:A:G	4	184991673	0.000673668857295437	0.146406002416231	0.9963286472227
chr4:189912372:C:T	4	189912372	-0.168688444866331	0.169823794693114	0.320556692922665
chr5:5313703:A:G	5	5313703	0.0376438090580116	0.209323654346262	0.857281769163219
chr5:7364955:T:A	5	7364955	-0.336673754063588	0.232890659634089	0.148280971662794
chr5:8067079:G:C	5	8067079	-0.219761445765941	0.190142663301398	0.247774688059987
chr5:13911296:G:T	5	13911296	0.0413191980591826	0.167182188574749	0.804791583092722
chr5:15621966:C:G	5	15621966	-0.235675662753586	0.141954092769233	0.096869297579844
chr5:17902851:T:C	5	17902851	-0.126256166409355	0.259963793005591	0.627202381738107
chr5:20719353:A:C	5	20719353	-0.177324267713824	0.173840829469571	0.307710396226968
chr5:20732163:G:T	5	20732163	-0.168857726746538	0.153895321753344	0.272543239311026
chr5:21913130:A:C	5	21913130	0.0217845057382538	0.194558049594044	0.910847841778835
chr5:23787194:A:C	5	23787194	-0.0864743211403582	0.121042747995289	0.474972814110273
chr5:23895775:T:G	5	23895775	-0.0993274524325706	0.15577550413776	0.523713234161627
chr5:33466391:T:A	5	33466391	-0.0408509813013096	0.12144845302352	0.736595810701031
chr5:33624899:A:G	5	33624899	0.417418008451963	0.245687044681599	0.0893224663617497
chr5:39550509:T:G	5	39550509	0.209116583522654	0.165953220213674	0.207635614331539
chr5:39634108:G:A	5	39634108	-0.0380969491775369	0.173383303719707	0.826083973185359
chr5:39978357:G:A	5	39978357	-0.0758108154970089	0.151272023080953	0.616261647161785
chr5:44011742:G:T	5	44011742	-0.460074919897342	0.182892154863852	0.0118845786442114
chr5:50222627:G:A	5	50222627	0.0118314518646068	0.244698295437531	0.961436364732488
chr5:54814079:C:T	5	54814079	0.0717929010991684	0.191966403949086	0.708414136939649
chr5:66989845:C:A	5	66989845	0.144373740877828	0.140156584268999	0.302968278191868
chr5:66992139:G:A	5	66992139	-0.318216740837746	0.172355730833683	0.0648517268092871
chr5:73076502:T:C	5	73076502	0.00474157888407134	0.153603903676785	0.975374116487339
chr5:76998986:C:A	5	76998986	0.113175372936285	0.164401037514334	0.491194418817432
chr5:80530472:T:A	5	80530472	0.142064831514859	0.279884222740741	0.611744917733257
chr5:81710558:G:T	5	81710558	0.133087479525517	0.121409137914989	0.272995647046554
chr5:84879932:A:G	5	84879932	0.228508196447399	0.157160564765854	0.145952065561344
chr5:85476293:A:G	5	85476293	0.205606393710263	0.210142873701848	0.327870397045491
chr5:85809583:T:C	5	85809583	-0.0387606411572828	0.145906790081993	0.790506122281346
chr5:92192959:A:T	5	92192959	0.0631578835066808	0.219112979264396	0.773160382709099
chr5:94648523:C:G	5	94648523	-0.292393279590697	0.21602678265111	0.175894428940922
chr5:98024666:G:A	5	98024666	0.165178684429771	0.173654083220258	0.341506013598344
chr5:101825779:A:C	5	101825779	0.00285319844892722	0.158785167464178	0.985663645254338
chr5:106773905:G:A	5	106773905	-0.135652333118544	0.168820595978908	0.421668739220777
chr5:114915760:G:T	5	114915760	0.0750359188456558	0.170174312991839	0.659259594381701
chr5:115102683:A:G	5	115102683	-0.185997212165291	0.169847305210586	0.273479461614678
chr5:117238479:G:A	5	117238479	0.189664488271293	0.153261971854006	0.2158947406708
chr5:121740415:G:T	5	121740415	-0.11087465604118	0.16253779517943	0.495146055734632
chr5:137227416:A:T	5	137227416	-0.209218059975546	0.179900472602009	0.244843462140721
chr5:137406489:C:T	5	137406489	-0.120905341576776	0.196495455575996	0.538350946219453
chr5:140638650:G:A	5	140638650	-0.0263678534177628	0.176938960846689	0.881536025379343
chr5:142682003:T:C	5	142682003	-0.208142456068809	0.129379912316005	0.107666753690141
chr5:144183699:A:G	5	144183699	-0.463928682730424	0.179720829411119	0.00984047240870667
chr5:145690757:G:T	5	145690757	-0.03093081756968	0.185872084135986	0.867834965056845
chr5:147282093:C:T	5	147282093	0.0136977748694638	0.186106619421849	0.94132727009629
chr5:151763317:T:C	5	151763317	-0.0109069195789436	0.169098424484232	0.948571771858189
chr5:153541577:C:T	5	153541577	-0.583764877545682	0.25216713747099	0.0206133760424938
chr5:164252995:G:C	5	164252995	0.218321398461062	0.180685877509158	0.22693475569045
chr5:168245100:T:C	5	168245100	0.141231007636263	0.137975339609256	0.306026128770568
chr5:169455657:C:T	5	169455657	0.133389712200389	0.139163154615947	0.33780406916481
chr5:169808985:G:C	5	169808985	-0.0359578352348711	0.21122480149415	0.864825397577012
chr5:172672695:T:C	5	172672695	0.232865776235768	0.200243805197144	0.244865507590165
chr5:173346700:A:C	5	173346700	-0.556984222588616	0.294587441859525	0.0586608904107589
chr6:3041612:C:A	6	3041612	-0.184643554597207	0.141148982615722	0.190823607285931
chr6:3673174:A:G	6	3673174	0.143229927852868	0.223354299482518	0.521348683912277
chr6:3786319:G:C	6	3786319	-0.469502978256716	0.222202396978171	0.0346048844839512
chr6:6090729:G:T	6	6090729	-0.163074225930147	0.2196439918328	0.457815992025765
chr6:6354181:A:T	6	6354181	-0.121044820223799	0.161049151168889	0.452290604180929
chr6:6456261:T:C	6	6456261	0.0134714207708458	0.16409651623277	0.934571570027109
chr6:7642514:C:G	6	7642514	-0.196163617795463	0.196981553111825	0.319324171633544
chr6:23163726:T:C	6	23163726	-0.0417227473000762	0.236100763918888	0.859731589924626
chr6:23344439:T:A	6	23344439	-0.102288797719269	0.149989229461952	0.495255210376448
chr6:26287827:G:A	6	26287827	0.0968549835917071	0.14127710928944	0.492985931023923
chr6:31108549:A:G	6	31108549	0.078508846908178	0.1234539944731	0.524818097680899
chr6:31845997:T:C	6	31845997	-0.0850682161686561	0.196378725122063	0.664880752111915
chr6:32660000:G:C	6	32660000	0.330894356915242	0.267602558900684	0.216267500631766
chr6:33148933:A:G	6	33148933	-0.110362501207807	0.171341642048067	0.519505483165093
chr6:37400014:G:T	6	37400014	0.0652748051658422	0.128842242171068	0.612417395866385
chr6:39124093:C:T	6	39124093	-0.0914546652030638	0.172863049922036	0.596764871690861
chr6:45195864:C:T	6	45195864	0.576138279890941	0.183029250668876	0.00164507880527831
chr6:46738257:G:A	6	46738257	0.0247924315006317	0.171268941354922	0.884902487585384
chr6:47717919:C:A	6	47717919	0.0553430707552859	0.146620425345279	0.705833178630502
chr6:48859012:C:A	6	48859012	0.0973057348898027	0.257311561848154	0.70530944418315
chr6:49860743:T:G	6	49860743	-0.0717834710271039	0.211438612905489	0.73423287641405
chr6:53292416:C:G	6	53292416	0.0180267883141957	0.147768617296871	0.902904286659184
chr6:69504128:A:G	6	69504128	0.0788580705469003	0.200983972197732	0.694792239617302
chr6:81137001:T:C	6	81137001	0.144337835649996	0.136642130930555	0.290821975064525
chr6:84758749:C:T	6	84758749	0.162329999688716	0.171920154642867	0.345058570508464
chr6:87387916:G:T	6	87387916	0.0448205616317428	0.149456309253944	0.764260505754458
chr6:88566465:G:A	6	88566465	-0.151070943914098	0.182851536405117	0.408693735999254
chr6:93273487:T:C	6	93273487	0.211803921448293	0.187193806399989	0.257857895679628
chr6:97788153:C:A	6	97788153	-0.233197833363262	0.171985120502847	0.175125051110034
chr6:98771646:C:T	6	98771646	-0.0387227594928084	0.191829185836733	0.840025684457444
chr6:104918249:A:G	6	104918249	-0.26603505526773	0.180410422239299	0.14031736144092
chr6:107129138:A:G	6	107129138	0.0581109629118498	0.136431501556018	0.670155150114594
chr6:112187089:T:C	6	112187089	0.0793656243075739	0.148046237812619	0.591898607170226
chr6:118046853:T:C	6	118046853	-0.421113623268543	0.1711809666331	0.0138917917780816
chr6:123103197:T:C	6	123103197	-0.488024027416939	0.270390283221744	0.0710922968492518
chr6:127784009:G:A	6	127784009	-0.0631929908479959	0.131669274880261	0.631272006812748
chr6:129527930:G:A	6	129527930	-0.133276676962472	0.147160149236207	0.365117221288278
chr6:137254996:T:C	6	137254996	-0.152544121697663	0.142445253862109	0.284215976430262
chr6:138165202:C:G	6	138165202	-0.112690098343443	0.21963346340848	0.607893574624434
chr6:139464917:T:A	6	139464917	-0.342912041294193	0.178824247219102	0.0551626976097102
chr6:151547601:G:A	6	151547601	-0.204714628874578	0.154687205372973	0.185698994113009
chr6:152638179:C:T	6	152638179	-0.118598433001253	0.164254013278622	0.47026814383777
chr6:153842833:G:A	6	153842833	0.0882033212013513	0.178753577306727	0.621705060343602
chr6:160701242:A:G	6	160701242	0.343976808650267	0.249990149379093	0.168833568323351
chr6:162760256:C:T	6	162760256	0.0738887493301394	0.201912313448817	0.71440630963837
chr6:163629327:G:A	6	163629327	0.0948301251989275	0.154672867575663	0.539809407660052
chr6:167509019:C:T	6	167509019	0.158429985088459	0.28600591461143	0.57962022299148
chr7:7863676:G:A	7	7863676	0.0724654084214818	0.152052346633646	0.633659817720825
chr7:8111839:A:G	7	8111839	0.0411056326080513	0.187262737456543	0.826254499982073
chr7:9602661:C:A	7	9602661	-0.0943465259952917	0.17659805675709	0.593172441901301
chr7:11334355:C:A	7	11334355	-0.11138182977904	0.180370909734671	0.536894770805503
chr7:12476280:G:A	7	12476280	-0.235523633631858	0.174714546325047	0.177642873125375
chr7:20850990:A:T	7	20850990	0.0385956673636905	0.187284102441404	0.836727755774233
chr7:22822020:C:A	7	22822020	-0.304507444447067	0.137071006270991	0.026315039753194
chr7:24140802:T:C	7	24140802	0.0467680430077198	0.158398824831043	0.767799099434678
chr7:24278575:A:G	7	24278575	-0.477466673676601	0.232874570269498	0.0403335136789443
chr7:24620726:T:A	7	24620726	0.18537579132924	0.164171521818291	0.258830663405842
chr7:24740434:C:T	7	24740434	-0.197189262432375	0.156963985928837	0.20901782744355
chr7:28505993:C:T	7	28505993	0.256169636310045	0.152506125634324	0.0930091939398952
chr7:36413989:G:A	7	36413989	-0.298588293456195	0.217923859483739	0.170640200862346
chr7:43755241:C:T	7	43755241	-0.12399699046959	0.139972200605602	0.375688287885777
chr7:44689517:A:G	7	44689517	-0.439933192746109	0.231987881513429	0.0579120849624175
chr7:46192346:C:G	7	46192346	0.236074662234798	0.1764871930186	0.181016898418491
chr7:48301675:T:C	7	48301675	-0.0855937814913	0.186806725665872	0.646812836975809
chr7:51890159:C:T	7	51890159	-0.0273873967026721	0.155275175914882	0.859995612452039
chr7:53046603:C:G	7	53046603	0.161857856689061	0.156752842371722	0.301806445162421
chr7:55663907:C:A	7	55663907	0.0154782703288198	0.162004237699395	0.92388403037283
chr7:56122201:A:G	7	56122201	0.193584055135479	0.145597373010231	0.183655106532118
chr7:67766433:G:A	7	67766433	-0.0991111490098178	0.170520565055367	0.561087502244327
chr7:68433432:T:C	7	68433432	0.201857244529515	0.16125816205454	0.210655684988978
chr7:71020152:T:G	7	71020152	0.269744942115816	0.208413400750321	0.195569309027409
chr7:71553830:T:C	7	71553830	0.0550018793481643	0.176470544098218	0.755285709532138
chr7:78390279:T:G	7	78390279	-0.0464757345363326	0.161082837107071	0.772948179903262
chr7:83524616:A:T	7	83524616	-0.0311209544765243	0.158618041340249	0.844453160452059
chr7:84786535:C:A	7	84786535	-0.162753792263681	0.129427974629276	0.208577911850143
chr7:86620755:G:A	7	86620755	-0.254991109933589	0.195419500310658	0.191947458936557
chr7:89207269:G:A	7	89207269	-0.0231429447002976	0.17703358430132	0.895991829842717
chr7:91097147:A:G	7	91097147	-0.171080754024062	0.203203873241474	0.399834527776986
chr7:103095283:G:A	7	103095283	-0.167385021214183	0.252146024400638	0.506791694865692
chr7:113434486:A:C	7	113434486	0.0398386590283957	0.152437109074975	0.793826554251714
chr7:113749820:G:A	7	113749820	0.0364585373192871	0.140123945816068	0.794718935762892
chr7:117145973:C:G	7	117145973	0.00928619091502415	0.175250555721659	0.957741403114892
chr7:119808046:G:A	7	119808046	-0.0741212549357108	0.170326776242467	0.66343839000156
chr7:122582926:C:G	7	122582926	0.284266879378624	0.210108080195045	0.176069852207919
chr7:124802410:A:T	7	124802410	-0.0596611175562941	0.136291270321613	0.661569573264012
chr7:131384702:T:A	7	131384702	-0.208274884834147	0.150760059604813	0.16712555807741
chr7:136870573:G:A	7	136870573	0.0788485796713051	0.200613016643129	0.694291264933614
chr7:142873374:T:C	7	142873374	-0.143818554655665	0.143710372245971	0.316946343149074
chr7:145116884:A:G	7	145116884	0.0405300883119785	0.198888013083814	0.838522715281963
chr7:149242006:T:C	7	149242006	0.135241654452305	0.148616679320931	0.36282081970965
chr7:153502245:G:A	7	153502245	0.300738584275406	0.167820616333125	0.0731291100832331
chr7:153952270:G:A	7	153952270	0.0509210390686208	0.152640712988006	0.738680937593481
chr7:154426289:T:C	7	154426289	-1.17613050656911	0.451533195042493	0.00919416651888116
chr7:156975524:A:T	7	156975524	0.0431130374523737	0.176027417893548	0.806516606004134
chr7:157677820:C:T	7	157677820	0.0152602975274815	0.302633331848446	0.959783683615603
chr8:276778:A:T	8	276778	0.250438055706813	0.179659858735056	0.163330694191272
chr8:1102873:G:T	8	1102873	0.0904475506119337	0.183331661094359	0.621761930816761
chr8:8710521:T:C	8	8710521	0.110346306183155	0.175574392324471	0.529684650309673
chr8:9029509:T:C	8	9029509	0.145225660524849	0.226587217651697	0.521570700963918
chr8:9109096:A:G	8	9109096	-0.0433783250655063	0.184781133136388	0.814398769838096
chr8:13032868:C:A	8	13032868	-0.114497997340774	0.272861483264332	0.67476344571152
chr8:20741226:C:T	8	20741226	0.0565191147366926	0.147478307688953	0.701544194482973
chr8:25783762:T:C	8	25783762	0.00382720167399916	0.199892237621934	0.984724376475554
chr8:27022227:G:T	8	27022227	-0.158374786892281	0.1621900602287	0.328828373974804
chr8:28150898:A:G	8	28150898	0.0094839985077149	0.210637307857622	0.964087178750987
chr8:28528484:G:T	8	28528484	0.276732239950122	0.168259845404281	0.100037490267073
chr8:37085597:G:A	8	37085597	-0.122110710634494	0.20149558495628	0.544500298452459
chr8:41788192:C:T	8	41788192	0.277715001502344	0.169726056690576	0.101786362204771
chr8:53142705:G:A	8	53142705	0.000155830386316907	0.173781361766633	0.999284534075347
chr8:61304314:G:C	8	61304314	-0.112246602251142	0.138699701106462	0.418355317714169
chr8:61926940:A:T	8	61926940	-0.0724683043592583	0.140204920929329	0.605243988758678
chr8:63445672:G:A	8	63445672	-0.0945800279890729	0.187013396760765	0.613039661834119
chr8:65343369:C:A	8	65343369	0.116047745405159	0.206503985743604	0.574140746532644
chr8:65418628:G:T	8	65418628	-0.0829302056311771	0.136974850908415	0.544885943381755
chr8:71273350:T:A	8	71273350	0.089060290342641	0.207262134555739	0.667414757016161
chr8:72033005:T:C	8	72033005	-0.00618933393604477	0.288171676766055	0.982864400864469
chr8:72065200:T:A	8	72065200	-0.0783596048904031	0.181578534011647	0.666070953105212
chr8:73211475:T:C	8	73211475	0.114049005182784	0.157771964654723	0.469758256512669
chr8:86323708:T:C	8	86323708	-0.0417355891806279	0.149535087804025	0.780166306582705
chr8:89525432:A:G	8	89525432	-0.380453732283475	0.154981690676111	0.0140951155010043
chr8:92001032:A:G	8	92001032	0.163130602004592	0.186730062710579	0.382326734358282
chr8:92645879:A:G	8	92645879	0.0270501261626744	0.289830680276859	0.925640772478491
chr8:95906161:G:A	8	95906161	-0.135149090364751	0.136690315081364	0.322797856003633
chr8:96365126:C:T	8	96365126	-0.418423253596838	0.152499639101045	0.00607389032918515
chr8:98002322:C:T	8	98002322	0.175996491495156	0.152721234782383	0.249155287268394
chr8:106920372:G:A	8	106920372	-0.476900011026767	0.182786138598526	0.00907913096797153
chr8:108142424:A:G	8	108142424	-0.188864454607989	0.125153833824687	0.131283838043115
chr8:109421925:C:T	8	109421925	-0.140844241777721	0.15170585714013	0.353198327472734
chr8:116252872:C:T	8	116252872	0.148660339927544	0.132463352610768	0.26174543327502
chr8:121384602:C:T	8	121384602	0.207892669771965	0.148094676633036	0.160383718444284
chr8:127029052:C:T	8	127029052	0.0307302163764481	0.129718607131794	0.812735097556728
chr8:128437247:A:G	8	128437247	-0.166319896041531	0.227883524968111	0.465484277858907
chr8:131315237:G:A	8	131315237	-0.21914323062594	0.147943125604255	0.138535509112629
chr8:135895676:A:T	8	135895676	-0.193657279672382	0.25414654330216	0.446065608204298
chr8:141605122:C:T	8	141605122	-0.245303076737916	0.17595134215534	0.163271432682664
chr9:733358:A:C	9	733358	0.148477493295333	0.156008889961462	0.341236686595954
chr9:5461379:C:T	9	5461379	-0.00207515943150566	0.171092267610651	0.990322782556483
chr9:11397008:T:G	9	11397008	0.190202185643679	0.270235315473461	0.481532970668114
chr9:11955148:T:G	9	11955148	0.195340171806792	0.161255196645116	0.225752528829833
chr9:12389360:A:G	9	12389360	-0.169262683611695	0.165525112312348	0.306506429070609
chr9:12615226:G:C	9	12615226	-0.170634718322148	0.131910648406747	0.19581645104305
chr9:13582959:T:A	9	13582959	0.583286145143626	0.277898787295163	0.0358243270649707
chr9:14098421:G:A	9	14098421	-0.0650700078023928	0.148644293791213	0.661562797649336
chr9:18952915:A:G	9	18952915	0.0666279987711649	0.128601276887508	0.604390251383522
chr9:29651949:A:G	9	29651949	-0.0569093192450778	0.161320774043919	0.724259994128489
chr9:32058643:A:T	9	32058643	0.143029809262492	0.161650738821084	0.376260386371379
chr9:37013405:C:T	9	37013405	-0.112889029705449	0.145417878500594	0.437567283454921
chr9:37992585:C:T	9	37992585	-0.198850300833217	0.160534292231648	0.215464758101173
chr9:76464251:C:G	9	76464251	-0.00985676697589842	0.238612424991255	0.967049804425526
chr9:89995415:A:G	9	89995415	0.0854593831334884	0.208326807731222	0.6816461198555
chr9:94568472:C:A	9	94568472	-0.0506985367721077	0.172939937494045	0.769402222719499
chr9:96162075:C:T	9	96162075	0.38072317016694	0.1445653225036	0.00844919459663185
chr9:100192956:A:G	9	100192956	0.151694450803571	0.239410949079018	0.526331884781136
chr9:100529836:G:C	9	100529836	-0.0142531304657596	0.140129290116641	0.918983576943436
chr9:107904127:G:A	9	107904127	-0.0092501922215626	0.129478928744853	0.943046238324012
chr9:117420412:T:C	9	117420412	-0.101742549737633	0.164446166121364	0.536115184959367
chr9:117972207:C:A	9	117972207	-0.327938388013216	0.145597328630024	0.024299189207764
chr9:121356498:A:G	9	121356498	-0.0355062902290053	0.306294192009605	0.907714217697719
chr9:124044726:T:G	9	124044726	-0.0361852394231404	0.174197706938156	0.835443603249161
chr9:125005426:C:T	9	125005426	0.147241895252427	0.243544471599384	0.545458703007281
chr9:129533341:A:G	9	129533341	0.0896372661413479	0.176514119498117	0.611580115024575
chr9:136630984:C:T	9	136630984	-0.104289765716723	0.143050258788582	0.465975462812978
chr10:2050300:A:G	10	2050300	-0.266268966029766	0.178150416567558	0.135011019122894
chr10:3113976:C:T	10	3113976	-0.343763749256126	0.17250056150989	0.0462804114256711
chr10:4591592:T:C	10	4591592	-0.336968567181788	0.199548825493693	0.0912860970656409
chr10:7462546:C:T	10	7462546	0.0849978472699564	0.183224442247267	0.642719281335942
chr10:7849544:T:G	10	7849544	0.245257323302449	0.249282135121742	0.32518711149577
chr10:9367893:G:A	10	9367893	-0.242469791283178	0.176937982621193	0.170572687371046
chr10:10628189:C:T	10	10628189	-0.234217536522673	0.189366868597075	0.216144491059043
chr10:14014383:T:C	10	14014383	0.0363877470821735	0.169456516164591	0.82997622400198
chr10:16341555:C:T	10	16341555	-0.137828001407999	0.168516972959403	0.413421172065513
chr10:27289376:T:C	10	27289376	-0.122959355656211	0.14633037999975	0.400748102877653
chr10:27674317:A:G	10	27674317	-0.160933573671801	0.1482107521761	0.277548560361538
chr10:28771902:G:A	10	28771902	-0.0863693246913814	0.162139187288805	0.594250747291635
chr10:28891836:C:T	10	28891836	-0.0462036158992857	0.174702634105117	0.791417733373452
chr10:30622484:G:A	10	30622484	0.268504590769221	0.22887998383693	0.240746103372771
chr10:35177843:G:T	10	35177843	0.150200414439341	0.210511655572231	0.475535389992475
chr10:45036473:A:G	10	45036473	0.0406826023083587	0.178500199931043	0.819713500525527
chr10:51560095:T:G	10	51560095	-0.131924273069746	0.158789219410087	0.40607883160093
chr10:54072488:A:G	10	54072488	0.128578428686143	0.174005910836355	0.459948663349079
chr10:54082016:C:T	10	54082016	-0.0795809404191564	0.16974109910432	0.639186012743276
chr10:55299918:G:C	10	55299918	-0.221735626727053	0.178467769088577	0.214073992904336
chr10:56747004:T:C	10	56747004	0.440864683009581	0.266857887220512	0.0985227464543277
chr10:57761967:T:C	10	57761967	0.0480691115517411	0.169475163011359	0.77669000489007
chr10:69232402:C:A	10	69232402	0.0062093718999146	0.152162913806068	0.967449445108973
chr10:84591955:C:T	10	84591955	-0.0496827283659628	0.229751510365565	0.828796394938242
chr10:84989741:G:A	10	84989741	-0.126082745351083	0.165527277254928	0.446236845579437
chr10:91053424:A:C	10	91053424	-0.123897285385406	0.162630816934619	0.446160554777358
chr10:93612452:G:A	10	93612452	-0.297169051496436	0.277406333892752	0.284061059786362
chr10:93671121:T:C	10	93671121	0.360467503694105	0.162513933413829	0.0265499662290084
chr10:101249704:C:T	10	101249704	0.433372766930411	0.217535430710925	0.0463497828250314
chr10:102352980:T:C	10	102352980	0.00593410880749656	0.175741251231438	0.973063613697854
chr10:104637359:T:C	10	104637359	0.344459957528978	0.229774243598624	0.133841608301169
chr10:108480456:T:C	10	108480456	0.00930200103059282	0.188505959344419	0.960643620798018
chr10:109264424:C:T	10	109264424	-0.199861416642218	0.184368336547745	0.278350033560716
chr10:111352001:T:G	10	111352001	-0.121130642001158	0.182600319801557	0.50709688328791
chr10:118828443:C:T	10	118828443	-0.0471952966716347	0.187331753652585	0.801091836814583
chr10:120152982:A:G	10	120152982	0.185646035418207	0.226009267887223	0.411413367308754
chr10:121611573:C:G	10	121611573	0.136532195483096	0.243699890925881	0.575310797288428
chr10:121734173:T:C	10	121734173	0.198071301401741	0.165830171872954	0.232312709301504
chr10:121910644:T:A	10	121910644	-0.049216309232578	0.19799743363781	0.803693076245693
chr10:122561189:A:G	10	122561189	-0.0636912780177483	0.165930262303858	0.701094331403801
chr10:123750431:C:G	10	123750431	0.146644518042907	0.174441410604149	0.40054292686526
chr10:127533155:T:C	10	127533155	-0.194332911669959	0.146728342429334	0.185356899044247
chr10:129953349:A:G	10	129953349	-0.195375425313997	0.207188020128789	0.345688007216712
chr10:131819683:A:G	10	131819683	-0.011365209504139	0.161241010731702	0.943806963549908
chr10:131953941:A:C	10	131953941	-0.0879375265861011	0.1958587092383	0.653442830866459
chr11:388357:C:T	11	388357	0.137843360578661	0.180300985795922	0.444558576135163
chr11:2257707:C:T	11	2257707	0.148912178263806	0.123532730092857	0.228030726182631
chr11:3623903:G:A	11	3623903	0.0992924275496632	0.207808050078083	0.632786596880673
chr11:5806222:C:T	11	5806222	0.0395831419545065	0.154766386940428	0.798135708972605
chr11:9789492:C:A	11	9789492	0.144321120287153	0.164574488941112	0.380521974594557
chr11:14569664:T:G	11	14569664	0.398938386196323	0.212910825761829	0.0609670110711384
chr11:36019710:C:A	11	36019710	-0.030854172580397	0.147573401017035	0.834388295275085
chr11:39635569:C:T	11	39635569	0.120897000384792	0.185429729544422	0.514412246985316
chr11:40512905:C:G	11	40512905	-0.51687095415095	0.235731564375121	0.028334398351667
chr11:41632790:A:T	11	41632790	-0.155985749399966	0.173983838390508	0.369957434539062
chr11:42744986:A:G	11	42744986	-0.350630528315642	0.153102077304407	0.0220111822158197
chr11:43201079:C:T	11	43201079	0.00478785173273369	0.179464376785402	0.978716111069933
chr11:43982585:G:A	11	43982585	0.0832990089287927	0.218221249561442	0.702670445293394
chr11:44330300:A:G	11	44330300	-0.146096732727053	0.208613927269224	0.483726804372542
chr11:49875094:A:G	11	49875094	0.0523030433125524	0.141458554532451	0.711575395909752
chr11:50253126:G:T	11	50253126	-0.124753947956787	0.183585438752131	0.496794740678569
chr11:55906271:G:A	11	55906271	-0.0990530628401844	0.13170937972076	0.452016316338485
chr11:57305789:G:A	11	57305789	0.00599850157031115	0.16818836482292	0.971549177503922
chr11:58998793:A:C	11	58998793	-0.122323205766559	0.218326134040051	0.575290218218854
chr11:63184971:C:T	11	63184971	0.145504989691217	0.154018036428584	0.344798294870423
chr11:70801858:T:C	11	70801858	0.0937689472884041	0.184077152660796	0.610471702272785
chr11:71334794:T:G	11	71334794	0.183080437625682	0.179488239218467	0.307722030399417
chr11:77208574:G:A	11	77208574	0.113660242536323	0.158698507273563	0.473866417345109
chr11:77376654:A:G	11	77376654	-0.0119534504485556	0.171852738760058	0.944546774831409
chr11:81783030:C:T	11	81783030	-0.013373099096823	0.165739542245222	0.935690526987452
chr11:83962252:C:T	11	83962252	-0.212224115396361	0.203476130654278	0.296951681695869
chr11:86328783:G:T	11	86328783	-0.0218418942669917	0.144318314820962	0.879703360543362
chr11:86644523:C:T	11	86644523	0.15587693068962	0.184520064270412	0.398239521814685
chr11:93046218:A:C	11	93046218	0.176636310314424	0.166679683251039	0.289265130979267
chr11:104129521:G:A	11	104129521	-0.492829958471104	0.221700618557497	0.0262189987785296
chr11:110396347:G:A	11	110396347	-0.20428090400657	0.157567229951644	0.194814226739581
chr11:113800784:C:T	11	113800784	-0.392291075140299	0.210748611488729	0.062685293643199
chr11:115616504:A:T	11	115616504	-0.412152237303007	0.215022383925323	0.0552649220488242
chr11:119630310:G:A	11	119630310	-0.106341888362419	0.165906665295177	0.52153946006211
chr11:123267436:G:A	11	123267436	-0.0193975996081489	0.140009754088815	0.889809999862715
chr11:125907492:T:C	11	125907492	0.261129536502539	0.161658747349214	0.106242849023658
chr11:126829359:G:A	11	126829359	0.139545716617003	0.225596690065493	0.536204425371817
chr11:130290657:C:T	11	130290657	-0.235443972266879	0.251572564309309	0.349330389175179
chr11:131355535:G:A	11	131355535	-0.0636376682132915	0.15739367872023	0.685976224136359
chr11:133238417:A:G	11	133238417	0.128512267418445	0.166158221520054	0.439266110458636
chr11:134309503:C:T	11	134309503	-0.165741969115068	0.158273093134099	0.295012047629831
chr12:5192681:C:T	12	5192681	0.0468634361358245	0.153645715609696	0.760358752140274
chr12:5448727:G:A	12	5448727	-0.136475627598404	0.221402122515559	0.537620541892099
chr12:6639294:C:T	12	6639294	-0.0654269728288866	0.219192213217852	0.765328200782934
chr12:19523028:C:A	12	19523028	0.172543709218947	0.13942898692565	0.215900615185161
chr12:20003679:T:A	12	20003679	0.227714304316478	0.210998023174674	0.280487516205039
chr12:21333090:G:A	12	21333090	0.159487297633774	0.14921045419058	0.285126078669638
chr12:25518059:A:T	12	25518059	0.103452614493108	0.198414794285867	0.602091167614856
chr12:28965843:C:T	12	28965843	-0.059124913273602	0.147373163834063	0.688278875503906
chr12:32086665:A:C	12	32086665	0.108983676445973	0.167161390174783	0.514422590823246
chr12:48567461:T:G	12	48567461	-0.0126670376286554	0.196050066749756	0.948483536347793
chr12:51039498:T:C	12	51039498	0.225179704354729	0.248739593545327	0.365315525157284
chr12:53646626:C:G	12	53646626	-0.192967023807892	0.238292421068427	0.418060388469366
chr12:53680144:C:A	12	53680144	-0.108296516534894	0.148117006592701	0.464684373392331
chr12:54366280:G:A	12	54366280	0.157824332048497	0.14399427271448	0.273058688679763
chr12:56675083:C:T	12	56675083	-0.0375094457781418	0.138985073290297	0.787251720573822
chr12:57436134:C:T	12	57436134	0.249113330068574	0.19939607209085	0.211541034456005
chr12:58724212:C:T	12	58724212	0.0384675182397491	0.195825966560168	0.844267927344312
chr12:59048769:A:C	12	59048769	-0.164603537429565	0.197142766125744	0.40374818915538
chr12:59226687:C:T	12	59226687	-0.0222451403577933	0.239637936969434	0.926040106990181
chr12:63113400:T:C	12	63113400	-0.264588273141483	0.201011041458876	0.188077645007429
chr12:64271340:C:T	12	64271340	-0.0234329963808705	0.19499517328213	0.904346749832289
chr12:64756705:C:T	12	64756705	0.129852759183052	0.12426108070127	0.296023230438984
chr12:67050802:C:T	12	67050802	-0.0916248323374957	0.177126184070543	0.604956773476938
chr12:73909094:G:A	12	73909094	0.0950570683758927	0.147042079183662	0.517980411382223
chr12:81126959:G:A	12	81126959	0.0511681136749975	0.137641540466085	0.710079691827034
chr12:83608380:A:G	12	83608380	-0.154321956993956	0.140701589349627	0.272727420015495
chr12:90727178:A:C	12	90727178	0.0778407112818006	0.153921657798463	0.613055732577201
chr12:92596791:C:T	12	92596791	-0.36859593685465	0.184106141024926	0.0452757111103589
chr12:95914573:A:T	12	95914573	-0.0912593012889297	0.234788409933709	0.697507389489921
chr12:105967464:T:C	12	105967464	0.0314038448901376	0.182259487286909	0.863199375776401
chr12:109533295:C:T	12	109533295	-0.0646834260139414	0.152562173663186	0.671579846492856
chr12:120976632:C:A	12	120976632	-0.488563759177355	0.255398657244028	0.055755006246602
chr12:125875525:T:C	12	125875525	0.159239115367301	0.146063199530485	0.27562199225225
chr12:126449337:A:G	12	126449337	-0.185928783009732	0.123336284849078	0.131683927751623
chr12:131091094:G:A	12	131091094	-0.385103736876294	0.194284240347012	0.0474605947888429
chr13:19545220:A:G	13	19545220	0.0679990376770253	0.193331120587235	0.725045870399205
chr13:22977365:T:G	13	22977365	-0.0503091645109886	0.195888112860223	0.79731308210159
chr13:24330599:T:C	13	24330599	-0.149180227574436	0.210333866643705	0.478166599232634
chr13:24623185:A:C	13	24623185	0.0410116737302211	0.153305389359361	0.789071750135978
chr13:25202506:T:G	13	25202506	0.434487918735346	0.267267340796565	0.104020336491641
chr13:26234118:A:T	13	26234118	0.0826646379102498	0.170186181825851	0.627158177946207
chr13:26494236:G:A	13	26494236	0.451956130849924	0.157306017239193	0.00406463694928083
chr13:27255876:A:G	13	27255876	-0.243228171814984	0.230203646220927	0.290704099032535
chr13:42909938:A:G	13	42909938	-4.32454099413694e-05	0.180657580859353	0.999809004170076
chr13:45708351:G:A	13	45708351	0.019296566066563	0.186965587559522	0.917796949625337
chr13:45809177:C:G	13	45809177	0.14567213208439	0.154935476407413	0.347109033102557
chr13:50558767:A:T	13	50558767	-0.12234019116614	0.298623783898202	0.682040704730583
chr13:58710908:G:A	13	58710908	0.0449450630952107	0.16277882360359	0.782462626613926
chr13:58934154:C:T	13	58934154	0.0569400429506326	0.158191607425847	0.71888937594967
chr13:70397215:T:C	13	70397215	0.137317899760178	0.155735374913657	0.377918153082322
chr13:70990050:T:C	13	70990050	-0.0344981884483197	0.273356011551287	0.899571700813379
chr13:86776101:G:A	13	86776101	-0.0378586701874423	0.149335541225616	0.79987094162435
chr13:91472230:T:C	13	91472230	-0.0742834531976709	0.18987339311669	0.695630016008459
chr13:93235990:C:T	13	93235990	0.0915206786245491	0.188363252666265	0.627056986944097
chr13:96765286:G:A	13	96765286	-0.225696879621737	0.161168590639664	0.161400282589797
chr13:102180181:A:G	13	102180181	0.0841702896408452	0.160524511743271	0.600038323726204
chr13:106009559:G:C	13	106009559	0.0986103736516079	0.179220640292708	0.582170045027681
chr13:106084136:A:G	13	106084136	-0.111277691973373	0.148325291702032	0.453117783384402
chr13:112716578:T:C	13	112716578	-0.000979317965079989	0.224294623494696	0.996516277610234
chr14:21167555:A:G	14	21167555	-0.778473849146883	0.299661640074917	0.00938114164274773
chr14:26929954:A:G	14	26929954	-0.240713283306293	0.155476659545908	0.121567465467962
chr14:27823594:G:A	14	27823594	-0.0881753616299185	0.195154513640833	0.651396263436093
chr14:38216062:T:A	14	38216062	0.0372163538159336	0.175128162226838	0.831709764766315
chr14:39925237:C:T	14	39925237	0.260964297348521	0.17311915343287	0.131701521668306
chr14:44446011:A:G	14	44446011	0.199477051018924	0.232014678194586	0.389921088439631
chr14:51426205:T:C	14	51426205	-0.176140375108167	0.180576428274353	0.329345059933219
chr14:52881822:T:G	14	52881822	-0.208808260787228	0.243233746550981	0.390634381576172
chr14:53358297:A:G	14	53358297	-0.027398584523081	0.160304712731012	0.86429008910194
chr14:56254615:G:A	14	56254615	0.0108077297697246	0.145292542369401	0.940703255369133
chr14:57978070:T:C	14	57978070	-0.115544811329789	0.145440147479414	0.426933961486701
chr14:62445185:T:C	14	62445185	-0.308291690018861	0.171755527554429	0.072662496119944
chr14:67518615:G:A	14	67518615	-0.084640885388965	0.148084159160838	0.567611390959166
chr14:68863518:T:G	14	68863518	-0.1082111785791	0.173585640442677	0.533029682589457
chr14:77734277:G:A	14	77734277	-0.152514544084736	0.226963170671665	0.501596898187741
chr14:84531019:T:G	14	84531019	-0.101906176314508	0.222335373302932	0.646705020297238
chr14:90804831:C:G	14	90804831	-0.226156003943584	0.186688513981788	0.225738983329267
chr14:91397629:G:T	14	91397629	0.0513004693806484	0.235954591064739	0.827883614960212
chr14:91961156:T:C	14	91961156	-0.159469825791744	0.170287560048065	0.349029334296818
chr14:92998270:C:G	14	92998270	0.143259457692204	0.259389440762407	0.580746344159735
chr14:98340169:A:G	14	98340169	0.0528407503014762	0.182252924854862	0.771869119399013
chr14:100721312:C:T	14	100721312	-0.27057499447579	0.216988014876274	0.212412807792981
chr15:24165057:A:G	15	24165057	-0.31813590974143	0.205210602087332	0.121071966839937
chr15:26353849:A:G	15	26353849	0.133063883125425	0.17775877015042	0.454119809447023
chr15:33665926:A:G	15	33665926	-0.0838381133287978	0.198765584145508	0.673175449707268
chr15:34880184:A:T	15	34880184	-0.143874798132489	0.173865581603588	0.407950367815534
chr15:37080410:C:T	15	37080410	-0.175177609823923	0.193134665406944	0.364394562859623
chr15:57522102:A:T	15	57522102	0.293857707290873	0.159670043338715	0.0657086518593434
chr15:57590535:T:C	15	57590535	-0.556992116350412	0.273588498899968	0.0417628606477185
chr15:69786285:T:C	15	69786285	0.135195881439076	0.155034469680333	0.383187884734583
chr15:71331250:T:C	15	71331250	0.229808256695408	0.247056333756904	0.352274969827364
chr15:76807237:T:C	15	76807237	0.111034703600142	0.226899021769457	0.624588726732411
chr15:77734259:G:A	15	77734259	-0.12732349563318	0.152592851948601	0.404055543542859
chr15:79750604:G:T	15	79750604	-0.0162266715336333	0.160824338467566	0.919632331942072
chr15:81697597:G:A	15	81697597	0.0674482210343046	0.16718141057091	0.686622133725435
chr15:87989871:C:T	15	87989871	0.042146760230643	0.139492245662278	0.7625422089208
chr15:88891382:T:C	15	88891382	0.134790282888807	0.151226636681655	0.372761220825419
chr15:94791129:A:G	15	94791129	-0.353038017393208	0.183491467156837	0.0543542865983009
chr15:100978492:T:G	15	100978492	-0.116582607679606	0.162154245403185	0.47216483855434
chr16:4957642:T:C	16	4957642	-0.233112489552422	0.159933064578103	0.144961082452459
chr16:5884026:G:T	16	5884026	0.311682801443466	0.156499287423859	0.0464157909075259
chr16:6848656:G:A	16	6848656	-0.0798231591638939	0.143083930022988	0.576928733570203
chr16:7909855:G:A	16	7909855	0.0205372525657621	0.160239360318253	0.898017533536471
chr16:8273542:C:G	16	8273542	-0.0886300991878874	0.161878802128928	0.584029097031144
chr16:12394716:C:T	16	12394716	0.262783714821926	0.182303583741816	0.149454164498907
chr16:17779668:G:A	16	17779668	0.0543836114393718	0.136089174508698	0.689438288014616
chr16:31127124:G:A	16	31127124	0.23234504767661	0.163327709244147	0.154860937578886
chr16:56688556:C:T	16	56688556	0.00803153197640069	0.139931726560874	0.954229688955184
chr16:60324635:A:C	16	60324635	-0.057861879475987	0.139375079292749	0.678030442741526
chr16:60499572:C:T	16	60499572	0.142528554244464	0.138296965624078	0.30272944877161
chr16:62273123:C:T	16	62273123	-0.0591237766281041	0.1200070123823	0.62224623868569
chr16:65972427:C:T	16	65972427	0.0774477538256679	0.177933832410798	0.663372598259839
chr16:69246420:T:C	16	69246420	-0.237654773236626	0.173899854790076	0.171744889216401
chr16:71908403:G:A	16	71908403	-0.0318244477992895	0.182375043035058	0.861472518746423
chr16:72103328:C:A	16	72103328	-0.192161856141598	0.153772855892316	0.211428364204962
chr16:74837740:A:C	16	74837740	0.0463110641631416	0.245685326366022	0.850486693107712
chr16:79886631:C:T	16	79886631	-0.161811258190977	0.242315063623592	0.504279027634372
chr16:81396153:C:A	16	81396153	-0.0878975991192139	0.129366925908429	0.496856493016335
chr16:82294878:C:G	16	82294878	-0.0971572887184443	0.242992439152678	0.689276816763533
chr16:82421890:A:G	16	82421890	0.281092884560162	0.17192699269127	0.102058495747749
chr16:83827178:T:C	16	83827178	-0.146479564350038	0.172164647789247	0.394874388264743
chr16:89331863:A:T	16	89331863	-0.130038642965299	0.17322372126514	0.452834628992267
chr16:89337630:T:C	16	89337630	0.00683448915992774	0.177097338084941	0.969215911621783
chr16:89479873:T:G	16	89479873	0.191077310445211	0.173095150396509	0.269642599514174
chr16:90035976:C:A	16	90035976	-0.475952765632137	0.149411444237645	0.0014449538011081
chr17:2489248:C:G	17	2489248	0.160638904469666	0.183901367322346	0.382387465564491
chr17:4147521:T:C	17	4147521	0.334478508434397	0.202530375798205	0.0986369309540319
chr17:6949267:T:C	17	6949267	0.0507316710305792	0.156249283974406	0.745420107181036
chr17:7929448:A:G	17	7929448	0.144779905933655	0.131728112080659	0.271732601574172
chr17:12174148:T:C	17	12174148	-0.199131172246322	0.24511584887047	0.416564353931254
chr17:14402381:C:T	17	14402381	-0.0190197000418249	0.262191358166243	0.94217114523012
chr17:15219976:C:T	17	15219976	-0.279960869369004	0.124781066847109	0.0248570821140257
chr17:16482403:T:A	17	16482403	0.0862154130990276	0.14213807340045	0.544142283379048
chr17:18684803:A:G	17	18684803	-0.16521491097571	0.129968232533271	0.20365943920607
chr17:20040710:T:C	17	20040710	0.0169648295009639	0.151223184022685	0.910677474206832
chr17:21275023:A:C	17	21275023	0.210678487694388	0.158698849110104	0.184331330467414
chr17:30609729:C:T	17	30609729	-0.287803288731741	0.212891108227802	0.176413620353875
chr17:31554254:C:T	17	31554254	-0.45041096502882	0.226143278948593	0.0464033058503618
chr17:33472425:T:G	17	33472425	-0.109732061063875	0.186244315388644	0.55573824401247
chr17:44156671:T:A	17	44156671	-0.169208177044158	0.133082618869232	0.203567852981578
chr17:45754773:C:T	17	45754773	0.0937190911522303	0.164856576677157	0.569703216874986
chr17:48779278:C:T	17	48779278	-0.0149797529574793	0.179170662458966	0.933369649505568
chr17:52703044:C:G	17	52703044	0.0691858326123005	0.234040321197669	0.767524107031568
chr17:53282498:G:T	17	53282498	0.314639008025815	0.206067387349027	0.126792259009108
chr17:58411807:C:T	17	58411807	-0.143048460910013	0.201278482133489	0.477270641105608
chr17:61409438:A:G	17	61409438	-0.158162164515078	0.133102829234514	0.234726858860101
chr17:66262233:G:T	17	66262233	-0.0945268712289399	0.152441174812389	0.535200162985979
chr17:66751216:C:T	17	66751216	0.15956458931775	0.165276692190331	0.334324899978206
chr17:66971178:A:G	17	66971178	0.124400311581095	0.245325439229929	0.61209672019241
chr17:68771033:G:A	17	68771033	-0.0686192428315372	0.164130076056231	0.675889782520935
chr17:69081332:C:T	17	69081332	0.188915736368309	0.183510561091483	0.303266243768757
chr17:69213412:T:C	17	69213412	-0.0856331887180239	0.190645375735359	0.653305223413963
chr17:72829246:G:A	17	72829246	0.0527306965684651	0.191114907583459	0.782616459920532
chr17:73506492:C:T	17	73506492	-0.146924227402059	0.171240023871805	0.390891538218884
chr17:75360149:C:G	17	75360149	-0.0929740451450289	0.261629334721166	0.722315774740109
chr17:77625920:A:T	17	77625920	-0.505184672851814	0.175138382453443	0.00392049915643755
chr18:1137045:A:T	18	1137045	0.0685604053083458	0.124924109780468	0.583131426326981
chr18:4080016:T:A	18	4080016	0.457975602349614	0.219304501876556	0.0367699547829777
chr18:8920896:G:C	18	8920896	0.140497600616311	0.184289069051346	0.445835505279307
chr18:9609299:C:T	18	9609299	0.175253374066988	0.187229368893289	0.349254805224473
chr18:10572326:C:T	18	10572326	-0.0626921711999287	0.195514730830061	0.748474197162905
chr18:11017906:C:T	18	11017906	-0.0509474823803411	0.14933950658294	0.732989100774107
chr18:14686017:A:G	18	14686017	0.44432343974942	0.195533657750661	0.0230645974408037
chr18:14895123:C:T	18	14895123	0.0248732095539548	0.164595415610785	0.87988321093297
chr18:30059135:A:G	18	30059135	-0.213886385439485	0.141417854192612	0.130421307513962
chr18:32490781:T:C	18	32490781	0.155580050984278	0.205459272337396	0.448911712047263
chr18:36255061:C:A	18	36255061	-0.122751700611836	0.188329448405092	0.514535113854902
chr18:42762909:A:C	18	42762909	0.0673793507100768	0.149053943572396	0.651235304190657
chr18:45461168:C:T	18	45461168	-0.058164431457254	0.172281489946706	0.735655015795874
chr18:49146783:T:G	18	49146783	-0.0943212596448154	0.173375997080201	0.586422749929733
chr18:49872731:C:G	18	49872731	0.0513175317662578	0.178779531842439	0.774078887724008
chr18:50485733:T:C	18	50485733	0.246626101921001	0.19195455239468	0.19885691445781
chr18:59256389:C:T	18	59256389	0.162157169957101	0.155162300119557	0.295985540042713
chr18:62622293:T:A	18	62622293	-0.295109686509272	0.207187199309515	0.154341550697006
chr18:62998306:G:A	18	62998306	-0.0778681656471503	0.156630527998955	0.619086434985835
chr18:66103927:C:T	18	66103927	0.120064862838964	0.133736093958041	0.369305750332621
chr18:66206557:C:T	18	66206557	-0.00242280021011616	0.180873472699057	0.9893126557159
chr18:68001558:G:A	18	68001558	-0.0212617444007862	0.132398954472107	0.872417543344616
chr18:71730181:C:T	18	71730181	0.239225065037404	0.165443999289516	0.148188998120407
chr18:72912108:T:C	18	72912108	0.150587331967429	0.146742315781931	0.304796141111741
chr18:73248491:G:A	18	73248491	-0.220521945526689	0.150141508493053	0.141897709893956
chr19:2907557:G:A	19	2907557	0.109856327226443	0.152508441354374	0.471322154040389
chr19:16021187:G:A	19	16021187	-0.120276155008757	0.189872609171111	0.526435178194845
chr19:17584922:G:A	19	17584922	-0.239897902121251	0.166577250168849	0.149822120932277
chr19:18704666:C:T	19	18704666	0.27473035442845	0.231610058043711	0.23555269599435
chr19:18737022:C:T	19	18737022	0.125997668040012	0.151671789578556	0.406128550549725
chr19:18805179:A:G	19	18805179	-0.0998975252899095	0.17438416669288	0.566740221654793
chr19:21560366:G:T	19	21560366	0.397478397599843	0.171564744090324	0.0205155189871371
chr19:21659434:G:C	19	21659434	-0.219222565840962	0.177535066650422	0.216900196949678
chr19:33474662:T:C	19	33474662	-0.0352140131448609	0.145179986200793	0.808350776906839
chr19:37956680:C:T	19	37956680	0.177931700627808	0.189068768629302	0.346656102236799
chr19:38120117:A:T	19	38120117	-0.00344172929652043	0.220377194312131	0.987539586164529
chr19:44380983:T:C	19	44380983	0.0600110262514768	0.161493046266431	0.710189719576756
chr19:44819986:A:G	19	44819986	0.119017975303906	0.159983511852009	0.45691337414404
chr19:48685001:C:T	19	48685001	0.11553131139419	0.220375632817874	0.600106606396286
chr19:51552139:T:A	19	51552139	0.206163886783231	0.155435527009212	0.184719584392621
chr19:52714810:C:T	19	52714810	-0.151390289602491	0.168484149808726	0.368896017002246
chr19:53330671:T:C	19	53330671	-0.182532508966329	0.16287601359774	0.262422482601073
chr19:54944544:G:A	19	54944544	-0.0888874205119271	0.211451504305336	0.674216729060925
chr19:57195010:G:C	19	57195010	-0.655794634832549	0.259457461899428	0.0114857777337911
chr20:1709120:A:G	20	1709120	-0.00709133181589042	0.1781682714281	0.968251526405406
chr20:1735934:T:G	20	1735934	-0.110619684311972	0.167523268438482	0.509045741855925
chr20:1906500:G:T	20	1906500	0.201272838095211	0.177795813645939	0.257615572229737
chr20:3649460:G:A	20	3649460	0.0943925377680773	0.161402186965527	0.558663293619651
chr20:5407753:C:T	20	5407753	0.10337193752577	0.154006702984025	0.502082216149694
chr20:5860313:T:C	20	5860313	0.120485310291238	0.196023963108449	0.538788645189076
chr20:7000966:A:C	20	7000966	-0.187059200429271	0.20571894261848	0.363194443288005
chr20:12129436:G:A	20	12129436	0.134564566168786	0.211597373283744	0.524811424942758
chr20:31347432:T:C	20	31347432	0.0638765767458221	0.165995524901509	0.700378909174776
chr20:37593342:C:T	20	37593342	-0.086755192604237	0.146690066423194	0.554240168581163
chr20:38200488:G:A	20	38200488	-0.310133418653428	0.151358655802348	0.0404624166827515
chr20:38350608:A:G	20	38350608	-0.0807269509317476	0.198008183645629	0.683497592048969
chr20:45729681:A:G	20	45729681	-0.269646472000559	0.141524715963262	0.0567416081058418
chr20:48501317:C:T	20	48501317	0.489845772649332	0.174272440204837	0.00494177911488247
chr20:49036824:T:G	20	49036824	0.157751075515364	0.162730600048528	0.332345554790148
chr20:50371082:C:T	20	50371082	0.141537627666895	0.198938077708006	0.476795670668748
chr20:54253971:A:G	20	54253971	0.163416517861105	0.174707905894704	0.349597699332333
chr20:58480201:T:G	20	58480201	-0.106998932573135	0.175994217849426	0.543208396431409
chr20:60073360:C:T	20	60073360	-0.269175665343053	0.151464505366232	0.0755429991526154
chr21:15297615:T:C	21	15297615	0.332405410672829	0.209057243919035	0.111830068695502
chr21:15686888:A:G	21	15686888	-0.0519929604575279	0.158194694918027	0.742409384677289
chr21:24026351:C:T	21	24026351	0.213167152564599	0.168788616819516	0.206616584473738
chr21:26647335:G:C	21	26647335	0.0975902356780615	0.161430261449667	0.545488037446535
chr21:28043199:C:G	21	28043199	-0.107014931677291	0.202398872586881	0.596990789284236
chr21:31885030:A:G	21	31885030	-0.0266804708967575	0.140138314368754	0.849006120717833
chr21:35502622:A:T	21	35502622	-0.0273794531091157	0.216328879088312	0.899285473815808
chr21:36306638:T:G	21	36306638	-0.480638331178897	0.15202981557108	0.00156972753199702
chr21:41442549:G:A	21	41442549	-0.0707265844723877	0.159971719800998	0.65840288037966
chr22:20147688:T:C	22	20147688	0.0496066456557642	0.204737438034811	0.808552389676264
chr22:23891985:A:G	22	23891985	0.020690116427973	0.213876481636937	0.922933966559294
chr22:24245985:G:T	22	24245985	-0.172888556683526	0.1900656423993	0.363020041108161
chr22:30662128:G:A	22	30662128	-0.102061209418412	0.18025824866418	0.571261642113311
chr22:36977479:G:A	22	36977479	-0.0225099404360426	0.202926033791375	0.911674374385197
chr22:42475109:T:G	22	42475109	0.0730946291476948	0.135450084199355	0.589443565015897
chr22:44719519:A:G	22	44719519	-0.100681734470568	0.211746954965704	0.634443901443835
chr22:45210278:T:C	22	45210278	-0.0906235022549086	0.171145462482793	0.596450621588281
chr22:48785864:A:G	22	48785864	0.0759930085210753	0.238635763525163	0.750145365367703
chr22:49668266:A:G	22	49668266	-0.275083404004343	0.19738464518334	0.163425934286262
