SNP	CHR	POS	est	stderr	pval
chr1:1837340:C:T	1	1837340	-0.0807541786416274	0.210374613817792	0.701082992006897
chr1:2261200:G:C	1	2261200	-0.0717180247169742	0.181899916237249	0.693380310608408
chr1:14678191:A:C	1	14678191	-0.00064038977658089	0.175886615763995	0.997094969480706
chr1:14985097:C:T	1	14985097	-0.0489857346849722	0.170077767567136	0.77333171700983
chr1:15065941:C:T	1	15065941	0.290252789884089	0.20306519869779	0.15290147158672
chr1:20215506:G:C	1	20215506	-0.0399878006541766	0.180730091620197	0.824892317315763
chr1:20533654:G:C	1	20533654	0.314708359860162	0.22864611739117	0.168698039265216
chr1:22009627:T:C	1	22009627	-0.161709231056883	0.178195552647596	0.364152039415539
chr1:22126221:C:T	1	22126221	-0.235755455775575	0.209945353967835	0.261464151132001
chr1:23180575:A:G	1	23180575	-0.0477220473288421	0.0896761866862074	0.594615432800079
chr1:26058659:G:C	1	26058659	0.0736956999908095	0.215962880723737	0.732921077414447
chr1:26181362:A:G	1	26181362	0.0339748647266803	0.196750363631522	0.862902917621219
chr1:26848285:C:T	1	26848285	0.202884743381295	0.164733306750013	0.218100349606886
chr1:28670719:C:T	1	28670719	-0.0294498040965067	0.158247658794179	0.852366764142733
chr1:29753056:A:C	1	29753056	0.206997561120126	0.151258145388355	0.171153990034468
chr1:29908726:A:G	1	29908726	0.290885872492253	0.174881334021371	0.0962458210710908
chr1:31886486:G:T	1	31886486	0.0597080664536029	0.123551585745505	0.628908108803304
chr1:37838865:C:T	1	37838865	-0.112196347368327	0.247790137479013	0.650701560564737
chr1:39880059:T:C	1	39880059	-0.413347626239568	0.223357499539889	0.0642256774511228
chr1:41175014:G:A	1	41175014	0.0242519030159885	0.14065297181918	0.863104456947438
chr1:41597921:C:T	1	41597921	-0.095928521779077	0.26810382487797	0.720490273781927
chr1:42635725:A:G	1	42635725	-0.308229975749436	0.456774346005684	0.499804722467998
chr1:43202709:G:A	1	43202709	-0.0915262015815276	0.274364249985648	0.738686128082283
chr1:47498869:G:A	1	47498869	-0.396312795563685	0.2274218533894	0.0813977657223419
chr1:51034150:G:A	1	51034150	-0.40497570779267	0.349269124884126	0.246254585595187
chr1:54900240:G:A	1	54900240	0.254046221243597	0.141611007073218	0.0728175933745218
chr1:55459433:C:T	1	55459433	-0.345154586433869	0.583760312327293	0.554345693697035
chr1:56563907:C:T	1	56563907	0.333965877847591	0.187564595764573	0.0749879669386226
chr1:65351414:T:A	1	65351414	-0.189528673346748	0.155959405539986	0.224273186291235
chr1:66254178:T:A	1	66254178	0.259157199194487	0.141169991258917	0.0663900405799656
chr1:73302339:T:C	1	73302339	0.13573000064627	0.173090084134172	0.43294731645053
chr1:73563666:T:C	1	73563666	0.0207180190865364	0.174506093416229	0.90549421404212
chr1:76062379:T:C	1	76062379	0.423524695435449	0.168453331402244	0.0119304102179925
chr1:86928231:G:T	1	86928231	-0.195499209692481	0.212975360246331	0.358648785312642
chr1:88611347:G:A	1	88611347	0.243971399276858	0.137738915730969	0.0765175151772982
chr1:91057167:C:A	1	91057167	-0.375589021012555	0.209629986035574	0.0731848764465712
chr1:91093925:G:A	1	91093925	-0.213493454521842	0.133131489918886	0.108795959724297
chr1:92475800:A:G	1	92475800	-0.11842568796952	0.116533510214398	0.309516446387946
chr1:94752415:G:A	1	94752415	0.262551658860962	0.164995300196299	0.111549387644758
chr1:95614324:G:A	1	95614324	-0.195810127638317	0.267787206092336	0.464647598299128
chr1:99691102:T:C	1	99691102	-0.0201159840938022	0.153881997470405	0.895994088864619
chr1:104937367:T:A	1	104937367	-0.247555561093141	0.287852577657367	0.389784553179599
chr1:115841221:A:T	1	115841221	0.192682954585488	0.24787702648298	0.436962420810895
chr1:153704237:C:A	1	153704237	0.0504650753312425	0.0930478308902083	0.587573092460964
chr1:155857667:G:T	1	155857667	0.202159731461154	0.19997583813917	0.312054344608293
chr1:157334223:T:C	1	157334223	-0.0107922725631499	0.187514173784155	0.954103544067944
chr1:159540226:C:T	1	159540226	-0.0185134476708726	0.139751258928843	0.894609163796906
chr1:165647351:T:C	1	165647351	-0.114818554317808	0.183435811122362	0.531358792651725
chr1:167545338:A:T	1	167545338	0.143212378031337	0.227259011804859	0.52858173405058
chr1:168863629:G:A	1	168863629	0.221938623312495	0.168161202927899	0.18690285877285
chr1:171350391:G:A	1	171350391	0.114422854390185	0.185868705923976	0.538151167127725
chr1:173013575:C:G	1	173013575	0.0391516856588537	0.117326637629639	0.738607321697033
chr1:178947344:C:A	1	178947344	0.296322472901632	0.155532509651537	0.0567524612081252
chr1:182872646:T:G	1	182872646	0.326371029882851	0.351003782395772	0.352463266977422
chr1:185127444:C:G	1	185127444	0.0327889683286709	0.209915311385086	0.875874638183981
chr1:185619557:C:T	1	185619557	0.315674799056082	0.162652997202421	0.0522841359678382
chr1:186638909:G:T	1	186638909	0.323219949987844	0.14076043834904	0.0216620810034074
chr1:188272062:T:C	1	188272062	-0.174301683865815	0.1715625485504	0.309645667349783
chr1:193365737:C:T	1	193365737	-0.0457627962679156	0.160733069442259	0.775864021224045
chr1:193791070:G:T	1	193791070	-0.310564416372154	0.429787835508122	0.469926059413376
chr1:195033388:T:C	1	195033388	-0.333464129737943	0.158972997974819	0.035939177522412
chr1:195907914:A:G	1	195907914	0.170369809513285	0.153847429220941	0.268123367551636
chr1:196692375:G:C	1	196692375	-0.0183628980571426	0.189359077808131	0.92274708050078
chr1:197559019:A:G	1	197559019	0.148587992443701	0.228114822996108	0.51480529451728
chr1:199160726:G:A	1	199160726	-0.288896426551936	0.192512218283836	0.133442124511648
chr1:204277152:T:C	1	204277152	0.111644969085954	0.153213865024134	0.46619307712695
chr1:207498131:C:T	1	207498131	-0.0753031249047514	0.168075163636057	0.654129788047268
chr1:208744577:C:T	1	208744577	0.102625882690597	0.153660981302787	0.504215236358324
chr1:210496535:G:A	1	210496535	-0.03713349536128	0.227855186395455	0.870542277800246
chr1:212937214:T:G	1	212937214	-0.0285895991949727	0.131920029979472	0.82842720876546
chr1:219750864:A:G	1	219750864	-0.00473008211961692	0.19803075273083	0.980943865488043
chr1:221920463:G:A	1	221920463	-0.179859715219593	0.380374503471811	0.636320890772042
chr1:227462684:A:G	1	227462684	0.0244006801271202	0.291453580099653	0.933278546760978
chr1:234456961:G:A	1	234456961	-0.197154578136707	0.182238186693969	0.279318707507053
chr1:237308322:A:G	1	237308322	0.232884540137088	0.119851729689082	0.0520034277584901
chr1:239000642:T:C	1	239000642	-0.194274570488904	0.376065525844909	0.605437049839026
chr1:242239801:C:T	1	242239801	0.550322573828209	0.284674123738996	0.0532156493031853
chr1:244583991:C:T	1	244583991	0.274529841329311	0.141729627251083	0.0527457286001303
chr1:246213578:G:A	1	246213578	0.479779619451335	0.238729467190478	0.0444607278787829
chr1:247190028:T:C	1	247190028	-0.123376164117076	0.162058525089885	0.446474182749759
chr1:247897239:C:T	1	247897239	0.328837561158502	0.167327000863076	0.0493865728360704
chr2:3248328:A:G	2	3248328	-0.0908366449288297	0.168674212128802	0.590209065700933
chr2:4505759:T:G	2	4505759	-0.110832095093631	0.523206238821299	0.832237698335454
chr2:6804400:G:A	2	6804400	-0.0840161953008748	0.271501490014989	0.756979075096332
chr2:9411790:A:C	2	9411790	0.0961616567960476	0.163515469150216	0.556472523028373
chr2:12096367:C:T	2	12096367	0.146646195115674	0.158618678612128	0.355215465049623
chr2:13545005:C:T	2	13545005	0.0951982160935752	0.149811513934693	0.525132836198251
chr2:16009716:A:G	2	16009716	-0.0894266103726771	0.183704593005136	0.626403100821437
chr2:16367899:A:T	2	16367899	-0.18281675245395	0.177701690808156	0.303580932545066
chr2:17630111:A:C	2	17630111	0.247959589029197	0.187724136104305	0.186543987047514
chr2:17928966:C:G	2	17928966	0.258952916207301	0.140614810892856	0.065537136806745
chr2:18261494:A:T	2	18261494	0.112822446197081	0.123776004521563	0.36202935575713
chr2:19530615:T:C	2	19530615	-0.113991186353572	0.174438286868235	0.513449632740524
chr2:19562158:T:C	2	19562158	0.358707054088341	0.199174668885619	0.0717080433153545
chr2:27383116:G:A	2	27383116	-0.165678906750466	0.167066960923814	0.32134797542535
chr2:37762298:C:T	2	37762298	-0.317492666887873	0.189414784164949	0.0937035669715637
chr2:42010994:T:A	2	42010994	-0.236197563305813	0.355446829762853	0.506364687959709
chr2:45824390:C:G	2	45824390	-0.109235171730924	0.236070235186827	0.643562795461806
chr2:46742820:T:C	2	46742820	-0.0375551350522436	0.382106345107129	0.921706377532137
chr2:49789441:T:C	2	49789441	0.174399871822059	0.159202794542961	0.273316319670368
chr2:49994518:G:A	2	49994518	0.187696003976472	0.172316483541562	0.276042953535401
chr2:51284042:G:A	2	51284042	0.0487290262222727	0.241926851090672	0.84036979051326
chr2:51344078:G:A	2	51344078	-0.115014285208843	0.206716287049174	0.577946223428561
chr2:57278002:C:A	2	57278002	-0.175432402016665	0.156505395252192	0.262315458521617
chr2:57368273:A:G	2	57368273	-0.100553300072021	0.184608097393078	0.585970039473489
chr2:60075157:T:C	2	60075157	0.56959494701242	0.245492727714645	0.0203294614831331
chr2:60373837:A:G	2	60373837	0.412839323756518	0.190740664357344	0.0304335714454971
chr2:61147014:T:C	2	61147014	0.1119614914944	0.0920555484169889	0.223894125506733
chr2:61693274:A:G	2	61693274	-0.0521933350110705	0.230755878343705	0.821058154493064
chr2:65295480:C:T	2	65295480	-0.177822749462075	0.148460044379149	0.231001947380478
chr2:66031496:T:C	2	66031496	0.241872330480682	0.151145537562028	0.109540663421301
chr2:69165635:T:C	2	69165635	-0.16215722062371	0.213479882143847	0.447499594946371
chr2:71204755:G:A	2	71204755	0.0421801914452478	0.318019983389153	0.894483018505773
chr2:72022684:A:G	2	72022684	0.259611468074847	0.182959742189062	0.155912411398332
chr2:76651386:C:A	2	76651386	0.109742820747374	0.17892541017887	0.539648927952971
chr2:79784490:C:G	2	79784490	0.170989600529742	0.152247439386646	0.26139362772889
chr2:82619301:T:C	2	82619301	0.247898292840411	0.164838605797316	0.132611001530429
chr2:83181917:T:C	2	83181917	-0.817141161576808	1.02234402873654	0.424126924131561
chr2:83400799:T:A	2	83400799	-0.205085594554535	0.262338828741181	0.43435654738079
chr2:85744328:G:A	2	85744328	0.23042262342539	0.16323459357444	0.158066561125846
chr2:85757440:T:A	2	85757440	0.101101846467945	0.212340321371053	0.633980929177975
chr2:99811694:T:C	2	99811694	0.164634178286309	0.161766420446097	0.308807346420274
chr2:101228073:A:C	2	101228073	0.222778748649284	0.152311588865559	0.143562808988975
chr2:106861882:T:C	2	106861882	0.260070113955164	0.17714058160581	0.142061690154573
chr2:108083619:T:C	2	108083619	-0.110957447698597	0.133264760707817	0.405065245312071
chr2:114129906:T:C	2	114129906	-0.531283771690107	0.561824469823561	0.344332162278654
chr2:118004610:C:T	2	118004610	0.130460534600856	0.124240310976229	0.293687738961216
chr2:119455921:A:G	2	119455921	0.275077483523551	0.186394917448044	0.140003548930998
chr2:120644763:G:A	2	120644763	-0.00723720726277276	0.0889891519788586	0.935182022854959
chr2:120916837:A:G	2	120916837	0.378727655148034	0.140477365272519	0.00701766493191636
chr2:122628686:C:A	2	122628686	0.197369335057417	0.143219108761498	0.168174395873474
chr2:122629789:A:C	2	122629789	0.147876898108618	0.13119572559595	0.259680239178395
chr2:126391403:A:G	2	126391403	0.208211679848028	0.236675793393046	0.379003569317253
chr2:127192867:G:A	2	127192867	-0.39812773114297	0.170455499629616	0.0195084672980254
chr2:130915743:C:T	2	130915743	0.0589404239321447	0.0952545902575832	0.536069678797514
chr2:136107122:C:T	2	136107122	0.288438438324069	0.285914355731801	0.313057078715011
chr2:136507185:G:C	2	136507185	0.090367517385638	0.096182807325081	0.347453978278608
chr2:141023592:C:T	2	141023592	-0.127974724764015	0.236962295264641	0.589153130080958
chr2:143017176:T:C	2	143017176	0.255456752313107	0.245564224148805	0.298207561313457
chr2:143920023:G:T	2	143920023	-0.17364028504463	0.227163886302481	0.444638847272184
chr2:144729333:C:T	2	144729333	-0.000146551574877031	0.151219097255603	0.999226743031973
chr2:148561010:G:C	2	148561010	0.0523121761009571	0.148758129789229	0.725093805739101
chr2:154835349:G:T	2	154835349	-0.0717897961854746	0.161204034452035	0.656077689222199
chr2:164974626:C:A	2	164974626	0.122310368005643	0.190350462000871	0.520513821610221
chr2:167086954:T:G	2	167086954	0.232580082098842	0.152211041235354	0.126509909997482
chr2:167199229:C:T	2	167199229	0.337647297441052	0.245554601547097	0.169119172671551
chr2:167657344:C:T	2	167657344	-0.339363065124523	0.403690317020078	0.400542928383009
chr2:167884398:C:T	2	167884398	-0.0845730582491435	0.277921118776365	0.760894790130434
chr2:168647356:T:G	2	168647356	0.316379865572541	0.168216871400122	0.0600010928902429
chr2:170041677:A:G	2	170041677	-0.416801479589228	0.306078260202192	0.173277405715585
chr2:171274449:C:A	2	171274449	-0.0575254402804482	0.157636565333449	0.71516778661815
chr2:177787584:G:A	2	177787584	-0.381403160997153	0.26268989211419	0.146525488619403
chr2:179648558:C:T	2	179648558	0.402114654727022	0.196333820436125	0.0405485268658813
chr2:180833197:G:A	2	180833197	0.305640501755098	0.339050185000616	0.367343287564795
chr2:183527028:C:T	2	183527028	-0.00929949846655821	0.157411271916993	0.952890207442416
chr2:184516924:T:A	2	184516924	-0.15077122393931	0.176273895996977	0.392372023981268
chr2:191922008:C:T	2	191922008	-0.369811186494933	0.436853428960178	0.397255035110639
chr2:195817951:G:C	2	195817951	0.20180218627466	0.197396516843248	0.306629999609675
chr2:197010424:G:A	2	197010424	0.097628584943528	0.150093367315069	0.515400065224349
chr2:209101337:G:A	2	209101337	0.0452361069598379	0.137061872820275	0.741368600128428
chr2:209103516:A:G	2	209103516	0.0670170652043048	0.183421315118211	0.714833525920879
chr2:210957182:G:A	2	210957182	0.0985494397679699	0.172702553966072	0.568249766055167
chr2:214802180:T:C	2	214802180	0.0385427091572861	0.157734213368522	0.806958023787535
chr2:215209936:A:G	2	215209936	-0.174944388148077	0.21935936595466	0.425146692777947
chr2:215367000:G:A	2	215367000	0.119171712941596	0.274152319607829	0.663786289804349
chr2:220997842:C:T	2	220997842	-0.0417510151664041	0.142747917460951	0.76991909097406
chr2:226027918:G:A	2	226027918	0.448288622859	0.193437523937169	0.0204773091888004
chr2:228947684:G:A	2	228947684	0.166830534681762	0.162288777243546	0.303956576397475
chr2:233152507:T:C	2	233152507	-0.244993938294654	0.116357848703039	0.0352459481594519
chr2:235620294:A:T	2	235620294	-0.104300084085528	0.140484611391399	0.457826443274255
chr2:237288548:A:G	2	237288548	-0.13627537781568	0.117602649771837	0.246546636912518
chr2:237513585:T:C	2	237513585	0.295140125839911	0.166603897464179	0.0764762748539791
chr2:237920759:T:G	2	237920759	0.0701464279986299	0.175168237355455	0.68882381139428
chr2:240429648:C:T	2	240429648	0.0488999025438798	0.102553114841494	0.633486647820555
chr3:9841346:T:C	3	9841346	-0.518933725324047	0.265624519126623	0.0507442344476431
chr3:10127208:T:G	3	10127208	0.141793849833006	0.282014722402116	0.615112753974163
chr3:14082905:A:G	3	14082905	-0.0676791261178127	0.129716729878774	0.601847507941735
chr3:16798495:T:G	3	16798495	0.0755972768873302	0.158879415518329	0.634205878486934
chr3:18882818:T:C	3	18882818	-0.102981975748026	0.118893892990636	0.386398545210523
chr3:20179943:G:A	3	20179943	0.154940382860731	0.197389919839523	0.432485364232163
chr3:22245167:A:G	3	22245167	-0.164723882168233	0.228746523489066	0.471453978985913
chr3:24009496:G:A	3	24009496	0.153527817228822	0.127007619745863	0.22673664638975
chr3:24010534:C:T	3	24010534	-0.11658152476076	0.154204619656093	0.449638183568976
chr3:33111016:C:A	3	33111016	0.24199054574468	0.207735704834668	0.244060987354325
chr3:33421913:A:G	3	33421913	0.192275167050102	0.149869636108785	0.199509787000871
chr3:34471110:A:G	3	34471110	-0.331915438027771	0.19444535776338	0.0878247171399374
chr3:34498029:C:T	3	34498029	-0.265855000158699	0.439479174665403	0.545224203942836
chr3:35230331:G:A	3	35230331	0.338300085245254	0.201575436946641	0.0932923915609338
chr3:41413926:T:C	3	41413926	-0.0799886887510424	0.197726239641755	0.68581375204522
chr3:42098050:T:C	3	42098050	0.174145671988887	0.147442880477586	0.237560613466287
chr3:46489654:A:G	3	46489654	-0.208460137860247	0.169827125833212	0.219640603256487
chr3:56959175:A:G	3	56959175	0.0892995676238625	0.174068179466667	0.607940906312157
chr3:64441608:G:A	3	64441608	0.110566043424869	0.190905059244812	0.562476025280085
chr3:66150510:T:A	3	66150510	2.77349794502244e-05	0.348798051426994	0.999936555517487
chr3:66995763:G:T	3	66995763	0.233071889252951	0.136875706770575	0.0886055907243761
chr3:68498445:T:C	3	68498445	0.077090418982426	0.217614488291213	0.723149860051115
chr3:68824246:G:A	3	68824246	0.0498267476300741	0.172101914561782	0.772184360405234
chr3:69021248:A:C	3	69021248	-0.0342889388346235	0.213056366568521	0.872141961707072
chr3:69617754:T:G	3	69617754	0.172308490673572	0.134638801370508	0.20062135575682
chr3:74191731:G:A	3	74191731	0.0223025465093094	0.126404424539483	0.859949836743591
chr3:74732240:G:A	3	74732240	0.164371353889167	0.12474853951679	0.187630395061218
chr3:75709324:A:T	3	75709324	-0.350338342749717	0.199130886657582	0.0785202805103776
chr3:84465702:T:C	3	84465702	0.0396815668266075	0.155443323081777	0.798506869311217
chr3:84817748:G:A	3	84817748	-0.0944364167370498	0.124655212021117	0.448701874649524
chr3:85705423:A:G	3	85705423	0.018695056024447	0.152098054321734	0.902174804780139
chr3:88069353:C:T	3	88069353	0.0496056966793769	0.161960345896845	0.759389200227774
chr3:93986190:G:A	3	93986190	-0.257929637537534	0.185337818956042	0.164021443581468
chr3:101022648:G:A	3	101022648	0.0638804631169234	0.192281860912619	0.739720852364874
chr3:105622159:T:C	3	105622159	0.204374693608867	0.188881012333083	0.279239734550566
chr3:106664728:C:T	3	106664728	0.448349697411433	0.227022510509384	0.0482780268054138
chr3:110774699:C:T	3	110774699	0.0352920713956932	0.171247702392606	0.836722286657063
chr3:113428518:G:A	3	113428518	-0.0970091617010622	0.134060672321597	0.469298244047601
chr3:121058963:T:G	3	121058963	-0.302404961288984	0.382835624832406	0.429581440165434
chr3:122312606:G:A	3	122312606	0.0438398842246006	0.163306932837475	0.788352306062503
chr3:124193435:A:C	3	124193435	0.244998948496086	0.191708373782856	0.201257432913863
chr3:124804582:A:T	3	124804582	0.106262546063165	0.186327514407705	0.568474369753881
chr3:126773646:G:T	3	126773646	0.0703374663549596	0.139100565662087	0.61309598755884
chr3:131110446:C:G	3	131110446	0.137040782904293	0.216511996022339	0.526767757685572
chr3:131209978:G:T	3	131209978	-0.0249173210874285	0.200458228528144	0.901076312459502
chr3:133982842:C:T	3	133982842	-0.132896469863001	0.177676170904469	0.45447817054288
chr3:134929007:C:T	3	134929007	0.175560143515968	0.17733285050852	0.322172405956068
chr3:137777496:C:T	3	137777496	0.23758720678453	0.308268693684303	0.440876070250637
chr3:146265901:G:T	3	146265901	0.142246988801264	0.165228323860203	0.389286705169964
chr3:148006706:G:A	3	148006706	0.244522010510152	0.248813646402157	0.325729705245343
chr3:149679065:C:A	3	149679065	-0.0158502283048479	0.127991587175289	0.901443505794482
chr3:150888061:C:A	3	150888061	0.14073966701693	0.186657681216127	0.450849944333297
chr3:152663712:G:C	3	152663712	-0.0992700776729604	0.251781625979	0.693381310957216
chr3:159417151:A:G	3	159417151	0.0804368573634323	0.220603918801703	0.71539421536022
chr3:164899350:G:A	3	164899350	0.193821288862259	0.196804013559003	0.324700611860814
chr3:168053836:T:C	3	168053836	0.157296744922514	0.157138410371808	0.316823128311557
chr3:171028381:G:A	3	171028381	0.177086312617453	0.143209241198746	0.216251791913038
chr3:174497130:T:C	3	174497130	0.0459891120484311	0.11123713715234	0.679289343617227
chr3:176663180:T:G	3	176663180	0.127263753470006	0.155971158637168	0.414532082974139
chr3:196706550:C:T	3	196706550	0.15393768829289	0.140297527389577	0.272543876376688
chr4:332191:G:A	4	332191	0.31297071488832	0.147174362055866	0.0334591434508291
chr4:8816874:T:C	4	8816874	-0.255646448404679	0.143504564167987	0.0748386902873853
chr4:9851274:C:G	4	9851274	0.131299935607419	0.18143381548504	0.469262512229217
chr4:10725805:A:G	4	10725805	0.327762423088068	0.129352061900869	0.0112807801937257
chr4:13219910:C:T	4	13219910	-0.166234817653846	0.179448958803214	0.354257534126721
chr4:18747099:A:G	4	18747099	0.252063833699698	0.14838157125483	0.0893654857124955
chr4:20840555:C:T	4	20840555	-0.169146488476474	0.194973686573659	0.385648967826652
chr4:21137718:C:T	4	21137718	0.121138922079033	0.134128897843372	0.366444676191954
chr4:26851610:T:C	4	26851610	0.0169977593796603	0.190416242104029	0.928870250835034
chr4:32302160:A:T	4	32302160	-0.194570592573883	0.215631306706924	0.366881604589511
chr4:34501888:A:G	4	34501888	-0.255073624999157	0.422777389620429	0.54629021367286
chr4:40603484:A:G	4	40603484	-0.238405768445601	0.113009914378427	0.0348927838667031
chr4:41002348:C:T	4	41002348	-0.614159371696746	0.280613663020404	0.0286237719221276
chr4:44018406:T:G	4	44018406	0.158153025944441	0.131174500593917	0.227945151388883
chr4:44680448:T:C	4	44680448	0.189347082059439	0.143470392292137	0.186913770429972
chr4:55337032:C:T	4	55337032	0.141359835701745	0.152497082909685	0.353943422330492
chr4:55659669:G:A	4	55659669	0.426478808169097	0.200841735433177	0.0337155671251153
chr4:56719096:C:T	4	56719096	-0.11673268763829	0.17997242685763	0.516587717430455
chr4:58944563:C:T	4	58944563	0.667529251718848	0.25304609193335	0.0083402742496923
chr4:61158247:C:G	4	61158247	0.129237910341452	0.160350190817595	0.420258467776837
chr4:64485722:G:A	4	64485722	0.134004219642174	0.175271534961932	0.444538303080663
chr4:67708732:C:T	4	67708732	0.130675512535602	0.138810606217838	0.34650283699475
chr4:67911021:C:T	4	67911021	0.0379110228888883	0.105571055419863	0.719517044161164
chr4:90022599:G:T	4	90022599	-0.0676091150201071	0.245664486052132	0.783155555655565
chr4:95020597:A:T	4	95020597	0.493642746281181	0.303286178076902	0.10359982125812
chr4:95433170:T:C	4	95433170	-0.0601814637932682	0.205190230645466	0.769295948421968
chr4:97398054:G:A	4	97398054	0.455726559851125	0.186740346838129	0.0146698288817831
chr4:98823404:T:C	4	98823404	0.307085131486963	0.153011377053714	0.0447557190883365
chr4:99262681:C:G	4	99262681	0.0864035578436073	0.270551596751683	0.749452979047186
chr4:99355957:G:T	4	99355957	-0.000974793453436561	0.134637979354079	0.994223280420411
chr4:101085120:T:C	4	101085120	-0.157206155045501	0.170251030316823	0.355809949015104
chr4:102399971:C:T	4	102399971	-0.0789997436194222	0.229354337816984	0.730512344411168
chr4:102884286:T:C	4	102884286	-0.280637420028314	0.144523238210577	0.052159476671888
chr4:105992845:C:T	4	105992845	-0.0601998406488328	0.0971032988904401	0.53528629526454
chr4:108791253:G:A	4	108791253	0.119378114885239	0.10580563760917	0.259202764230613
chr4:110191180:A:G	4	110191180	-0.190622493778097	0.26564594970429	0.473015658756997
chr4:110957298:T:A	4	110957298	0.324727836381014	0.155186871963503	0.0363942109215567
chr4:113348012:C:T	4	113348012	0.210023621612935	0.141132503773356	0.136716409997386
chr4:115515844:A:G	4	115515844	-0.391211934988328	0.486405176403057	0.421228187228644
chr4:115522695:G:A	4	115522695	0.0261389334399162	0.120882946347678	0.82880580088615
chr4:120770744:A:C	4	120770744	-0.108377886720773	0.176955213480172	0.540233841264071
chr4:123964831:A:G	4	123964831	0.108379004899336	0.158598552137518	0.494382980832908
chr4:125256344:T:C	4	125256344	0.25380264609414	0.157560966519453	0.107218559327577
chr4:126268710:T:G	4	126268710	-0.201892565493031	0.25520125416558	0.428879115292376
chr4:134094420:T:C	4	134094420	-0.0101910388038564	0.167787428512614	0.951568029430613
chr4:134350906:C:T	4	134350906	0.361754768032585	0.205162028028585	0.0778560152407732
chr4:138952375:G:A	4	138952375	-0.101089638814725	0.100139625285842	0.312741186257383
chr4:141012527:T:G	4	141012527	0.213614759891913	0.193949290752016	0.27072482367484
chr4:141618953:G:A	4	141618953	-0.0169129962173863	0.245856154380742	0.945154992967539
chr4:143626434:A:G	4	143626434	0.0611085002185172	0.195269609003328	0.754323022511205
chr4:149616644:T:G	4	149616644	0.0522377617031458	0.14091508589137	0.710858139158769
chr4:154030957:C:G	4	154030957	-0.0874670864553819	0.201121713344282	0.663637709509166
chr4:168588553:A:C	4	168588553	-0.169117646015215	0.308194736501869	0.583186416167628
chr4:171334248:A:T	4	171334248	0.327491955771795	0.239895492159017	0.17220771124476
chr4:171974219:A:G	4	171974219	0.0753137905638216	0.169690762257322	0.657165754485611
chr4:176312841:C:T	4	176312841	-0.280267663132492	0.265908544328859	0.29188281828719
chr4:179329624:T:G	4	179329624	-0.21196219775654	0.15654472527509	0.175735073948107
chr4:183032183:A:G	4	183032183	0.00152589917679769	0.160260139345416	0.992403145260731
chr4:184991673:A:G	4	184991673	0.0705107750989974	0.148415630717978	0.634722858956035
chr4:189912372:C:T	4	189912372	0.193017652259851	0.176474948376191	0.274069169280119
chr5:79496:A:G	5	79496	0.368190305486983	0.290680793655262	0.205281107820485
chr5:5313703:A:G	5	5313703	-0.030608067710445	0.136714622381553	0.822848412852234
chr5:7364955:T:A	5	7364955	0.241803456931695	0.190815315401208	0.205079497110123
chr5:8067079:G:C	5	8067079	0.274772070053951	0.155222538787323	0.0766969063901635
chr5:13911296:G:T	5	13911296	0.23265318647007	0.199769859650157	0.24417849513547
chr5:15621966:C:G	5	15621966	-0.0137462770804641	0.132091398562047	0.917116650385617
chr5:15997511:T:A	5	15997511	0.292256341385312	0.273369674168208	0.285029848299327
chr5:17902851:T:C	5	17902851	0.338716615200261	0.218678597098103	0.121399894201885
chr5:20719353:A:C	5	20719353	-0.0157179493216274	0.134644106227302	0.907068467230514
chr5:20732163:G:T	5	20732163	0.0440110197883813	0.13174470418821	0.738332084333765
chr5:21913130:A:C	5	21913130	0.187141658459711	0.138131405741579	0.175478448922471
chr5:23682774:A:T	5	23682774	0.234046683880227	0.210779151637529	0.266831778569236
chr5:23787194:A:C	5	23787194	0.0457985411724387	0.155588213639434	0.768484819728177
chr5:23895775:T:G	5	23895775	-0.0490371606977038	0.168889741556796	0.771548381221512
chr5:25693600:A:G	5	25693600	0.0514823582033228	0.297572585435646	0.862645349773249
chr5:33466391:T:A	5	33466391	0.150469958084433	0.144922510813036	0.29914031587557
chr5:33624899:A:G	5	33624899	-0.35071894403977	0.514617145099501	0.495546120716957
chr5:39550509:T:G	5	39550509	0.192673151125552	0.11649367333518	0.0981403932013503
chr5:39634108:G:A	5	39634108	-0.0474100675606749	0.155594747632624	0.760592946236657
chr5:39978357:G:A	5	39978357	0.214366350660145	0.156988097635761	0.172097747054683
chr5:40238036:C:A	5	40238036	-0.0605336683890307	0.188209997322265	0.747734274008084
chr5:44011742:G:T	5	44011742	-0.148359556215017	0.215381218442134	0.490934603879176
chr5:50222627:G:A	5	50222627	-0.14232148464368	0.296232516052816	0.630915674271557
chr5:54814079:C:T	5	54814079	0.0552862328912926	0.218944846173284	0.800645227329372
chr5:66989845:C:A	5	66989845	-0.21522674023726	0.145085919084196	0.137956660039431
chr5:66992139:G:A	5	66992139	-0.0147529025652502	0.202801654242409	0.942008660974633
chr5:73076502:T:C	5	73076502	0.0515016684648719	0.18818931770451	0.784338651425677
chr5:76998986:C:A	5	76998986	0.226913912282854	0.139452522520747	0.103699549099689
chr5:77675144:G:C	5	77675144	0.0249563174172648	0.223679913039134	0.91116312097477
chr5:80530472:T:A	5	80530472	0.272776792977918	0.176079909577184	0.121342115551025
chr5:81710558:G:T	5	81710558	0.019290243282307	0.128299385563021	0.880485838822061
chr5:82792281:C:G	5	82792281	0.177471373753718	0.151990040147319	0.242947432956501
chr5:84879932:A:G	5	84879932	-0.383242887903531	0.145644403414623	0.00850438453564706
chr5:85476293:A:G	5	85476293	-0.218450527245313	0.227813541159154	0.337608853588389
chr5:85809583:T:C	5	85809583	-0.0501392788537962	0.137588974045045	0.71554926000004
chr5:92192959:A:T	5	92192959	0.224044663751446	0.209486311212574	0.284846462793819
chr5:94648523:C:G	5	94648523	0.271870936317903	0.176938883388602	0.12440978398533
chr5:98024666:G:A	5	98024666	-0.0572620578469921	0.152462510593276	0.70722824423688
chr5:101328324:T:C	5	101328324	0.231348969423396	0.189194380711125	0.22140109068387
chr5:101825779:A:C	5	101825779	-0.150820522861151	0.12884479076056	0.241775794027568
chr5:106773905:G:A	5	106773905	-0.402739057009197	0.278691719038155	0.148428132390784
chr5:110045491:C:T	5	110045491	0.463055652860607	0.28734406233512	0.107070259398644
chr5:114915760:G:T	5	114915760	-0.0634449804492	0.103310607519915	0.539136863406348
chr5:115102683:A:G	5	115102683	0.114477879543842	0.142127888791011	0.420556105397523
chr5:117238479:G:A	5	117238479	-0.0139296072639439	0.112442049543296	0.901408273538451
chr5:121740415:G:T	5	121740415	0.0873140472265486	0.135195621917267	0.518386301262106
chr5:137227416:A:T	5	137227416	-0.00260490914851509	0.230383090693867	0.990978623905963
chr5:137406489:C:T	5	137406489	0.122083316399636	0.152439813899113	0.423211305061424
chr5:140638650:G:A	5	140638650	0.229341908516583	0.1467893367933	0.118196595970658
chr5:142682003:T:C	5	142682003	0.196919810755598	0.139869892531566	0.159167058380993
chr5:144183699:A:G	5	144183699	0.186424705123255	0.187538484151973	0.320193139578208
chr5:145690757:G:T	5	145690757	0.253346433063148	0.171419008193686	0.139424737953641
chr5:147282093:C:T	5	147282093	-0.326706032099198	0.216046176049012	0.130481808388919
chr5:148033208:G:T	5	148033208	0.100069331018238	0.226984648004233	0.659311549240302
chr5:151763317:T:C	5	151763317	0.370348597143371	0.190817151631501	0.0522757567482767
chr5:153541577:C:T	5	153541577	-0.0300625134250568	0.209103737113664	0.885683342746691
chr5:160435085:T:G	5	160435085	0.0409749286015331	0.136887783015107	0.764686547166974
chr5:164252995:G:C	5	164252995	0.262444447860698	0.134883055918613	0.0516885715061624
chr5:168245100:T:C	5	168245100	0.0140634120971959	0.117066411323663	0.904378651466962
chr5:169455657:C:T	5	169455657	-0.163886004737597	0.130541793792832	0.209322925299482
chr5:169808985:G:C	5	169808985	0.118406632999752	0.272040028191364	0.663377743239153
chr5:172672695:T:C	5	172672695	0.196112290958121	0.169481434792897	0.247218677098481
chr5:173346700:A:C	5	173346700	-0.0756200476790593	0.231208155986409	0.743618879777922
chr5:177122146:G:C	5	177122146	0.401379600588175	0.229524654595844	0.0803354780488345
chr6:1084246:G:A	6	1084246	0.419578167531541	0.177501021861978	0.0180882303728478
chr6:3041612:C:A	6	3041612	0.175148447598696	0.159209255955119	0.271282136768274
chr6:3673174:A:G	6	3673174	-0.374010296076694	0.296580780069437	0.207282204784335
chr6:3786319:G:C	6	3786319	0.210448973459322	0.165314625111697	0.20301062423636
chr6:6090729:G:T	6	6090729	-0.141385240783139	0.172486728000953	0.412394192015693
chr6:6354181:A:T	6	6354181	0.132872624720105	0.154306373373407	0.38918508700128
chr6:6456261:T:C	6	6456261	0.420660836385124	0.159119160101175	0.00820090893081726
chr6:7642514:C:G	6	7642514	0.185202416650083	0.170087060664496	0.276211946261893
chr6:12212257:G:A	6	12212257	-0.384938455249201	0.319860569594986	0.228799505082914
chr6:21494280:T:C	6	21494280	0.148903723582417	0.239967938620066	0.534918731819755
chr6:23163726:T:C	6	23163726	-0.453732041557067	0.290362711029461	0.118137574100467
chr6:23344439:T:A	6	23344439	-0.0669362183881456	0.159605906283628	0.674935263753157
chr6:24077828:C:T	6	24077828	0.346479318801941	0.202742879484028	0.0874584984781965
chr6:26287827:G:A	6	26287827	-0.176018520843153	0.261880469626034	0.501498992898396
chr6:27261142:G:T	6	27261142	0.349490661205873	0.202907593135545	0.084994743795402
chr6:31108549:A:G	6	31108549	0.355192545162589	0.226089596184469	0.11617670083454
chr6:31845997:T:C	6	31845997	0.00163442568004341	0.198988521780249	0.993446514697513
chr6:32660000:G:C	6	32660000	0.0998268143474987	0.276431661005368	0.718004840353089
chr6:33148933:A:G	6	33148933	0.243940194816002	0.175251941667549	0.163940555470055
chr6:37400014:G:T	6	37400014	-0.184918290848149	0.110722543963987	0.0948985614902689
chr6:39124093:C:T	6	39124093	0.303102287673606	0.170673468035499	0.0757462369520986
chr6:45195864:C:T	6	45195864	-0.114592742024281	0.207695181930455	0.581129791921378
chr6:46738257:G:A	6	46738257	-0.0221368668464895	0.130793115032908	0.865599208159238
chr6:47717919:C:A	6	47717919	0.182592004846734	0.199171550123796	0.359269747554438
chr6:48859012:C:A	6	48859012	0.301021313665861	0.169144609716919	0.0751302480692494
chr6:49860743:T:G	6	49860743	-0.179401214446175	0.305314173424257	0.556803876090193
chr6:53292416:C:G	6	53292416	0.15154809026517	0.123566994983015	0.220031360770081
chr6:54457248:C:T	6	54457248	-0.200539848934289	0.35522656793628	0.572386221726824
chr6:57513520:G:A	6	57513520	-0.268496957932361	0.203087684219385	0.186143492748912
chr6:67461006:G:C	6	67461006	0.134773266844579	0.145929185195752	0.35571934352182
chr6:69504128:A:G	6	69504128	-0.252430109001695	0.262763694266008	0.336716376513059
chr6:81137001:T:C	6	81137001	-0.148323757194319	0.103714513662668	0.152683806878287
chr6:84758749:C:T	6	84758749	0.0117964049024356	0.163793053782867	0.942585849758964
chr6:86667874:G:T	6	86667874	-0.219098952505134	0.446027422679409	0.623268695429789
chr6:87387916:G:T	6	87387916	0.127571843078662	0.167738615969375	0.446932167815672
chr6:88566465:G:A	6	88566465	-0.34740390403733	0.219943775945567	0.114218592678666
chr6:93273487:T:C	6	93273487	0.164633965144864	0.153148616818593	0.282377061009374
chr6:97788153:C:A	6	97788153	-0.0763550966559945	0.181953884011439	0.674748588104416
chr6:98771646:C:T	6	98771646	0.116534896453958	0.231340816063294	0.614446301956682
chr6:104918249:A:G	6	104918249	0.406651921762914	0.146443564585416	0.00548883772875908
chr6:107129138:A:G	6	107129138	-0.129488914283947	0.112482607466158	0.249653853788087
chr6:112187089:T:C	6	112187089	0.181186871908845	0.191534223374802	0.344160578758078
chr6:118046853:T:C	6	118046853	-0.18934806810364	0.193813090233821	0.328587853386917
chr6:121081137:A:G	6	121081137	-0.217983274861204	0.23331404913476	0.350153676080326
chr6:123103197:T:C	6	123103197	0.299162779076833	0.185375163100917	0.106565733805067
chr6:127784009:G:A	6	127784009	0.0865089308463131	0.116579034414319	0.458049463143961
chr6:129527930:G:A	6	129527930	-0.428542495616541	0.22767140410025	0.0597973140852539
chr6:137254996:T:C	6	137254996	-0.0317535401413159	0.122148649355051	0.794896035072618
chr6:138165202:C:G	6	138165202	-0.557836022226452	0.360693739867217	0.121968369988291
chr6:139464917:T:A	6	139464917	0.083592970847243	0.171898606834684	0.626759929714453
chr6:151547601:G:A	6	151547601	-0.0213208460825179	0.135067355456352	0.874572291012522
chr6:152638179:C:T	6	152638179	0.133909063275393	0.142175211479395	0.346264614770366
chr6:153842833:G:A	6	153842833	0.152165437634855	0.171788831360271	0.375741339332702
chr6:156754666:T:G	6	156754666	-0.0382302662870773	0.252981157018991	0.879881823525664
chr6:160701242:A:G	6	160701242	-0.147393871432194	0.213757354534394	0.490484613408811
chr6:160909689:G:C	6	160909689	0.0206854090797961	0.340781130682484	0.951598144659357
chr6:161970870:T:G	6	161970870	0.26227213621356	0.256395961225356	0.306346447774451
chr6:162760256:C:T	6	162760256	0.0192930557600299	0.159360252419917	0.903639020348493
chr6:163629327:G:A	6	163629327	0.00657278080221639	0.128641327813361	0.959250735993639
chr6:167509019:C:T	6	167509019	0.381283582799433	0.181312701169595	0.0354739797128104
chr7:6986920:C:A	7	6986920	0.132310955155141	0.271923491209072	0.626560110836819
chr7:7863676:G:A	7	7863676	-0.287977164643498	0.156094329757475	0.0650532651615874
chr7:8111839:A:G	7	8111839	-0.376529492551172	0.206972450205918	0.0688770830947747
chr7:9602661:C:A	7	9602661	-0.368823404455261	0.219449863803268	0.0928264978287882
chr7:10804524:T:C	7	10804524	-0.421127472492643	0.358212556078047	0.239740479480955
chr7:11334355:C:A	7	11334355	0.00724721807651898	0.19571544815386	0.970461594714831
chr7:12476280:G:A	7	12476280	-0.00504256677287947	0.148263514948445	0.972868506158988
chr7:12972158:C:G	7	12972158	0.401833767126976	0.249195422281093	0.106847815078315
chr7:20850990:A:T	7	20850990	-0.237263976657311	0.131722912747692	0.0716657810967823
chr7:22822020:C:A	7	22822020	0.087705113316822	0.12622656640907	0.487166273339642
chr7:24140802:T:C	7	24140802	-0.154743434979318	0.197485308962284	0.433292846813262
chr7:24278575:A:G	7	24278575	-0.473263904959311	0.567513557896487	0.404323088391121
chr7:24620726:T:A	7	24620726	-0.0671177077940422	0.200604145313334	0.737943540356067
chr7:24740434:C:T	7	24740434	0.053817101631955	0.145820016879883	0.712079086527597
chr7:28505993:C:T	7	28505993	0.171921904226072	0.156550402321424	0.27212203976022
chr7:36413989:G:A	7	36413989	-0.257517042726632	0.335175422048214	0.442305845195955
chr7:41157573:G:A	7	41157573	-0.235135871506835	0.479998164488048	0.624227115678651
chr7:43755241:C:T	7	43755241	-0.15257015967556	0.102304437951189	0.135873639361008
chr7:44689517:A:G	7	44689517	0.197719181540063	0.148485351946152	0.183000329569534
chr7:46192346:C:G	7	46192346	0.14642920504674	0.182285656142832	0.421804092221943
chr7:46368666:G:A	7	46368666	0.144713012212656	0.213211084855048	0.497308203230695
chr7:47748540:G:T	7	47748540	0.436460949369742	0.217711698957228	0.0449880996521417
chr7:48301675:T:C	7	48301675	0.0552377665161627	0.211962867205447	0.794400104328545
chr7:51890159:C:T	7	51890159	0.21390961446747	0.168600828775987	0.204535929304337
chr7:53046603:C:G	7	53046603	0.101549770154496	0.146704451944792	0.488807678984909
chr7:55663907:C:A	7	55663907	-0.216089672685717	0.225502529743112	0.337932521407834
chr7:56122201:A:G	7	56122201	-0.120227815896983	0.130471459584897	0.356795977280489
chr7:62910214:G:T	7	62910214	-0.128684643908474	0.186547698780845	0.490306343485731
chr7:65406204:G:T	7	65406204	0.47232276308154	0.233211367189996	0.0428366648529881
chr7:67766433:G:A	7	67766433	0.138622974407897	0.129199693327515	0.283299928717218
chr7:68433432:T:C	7	68433432	-0.0645948625186328	0.141590971647582	0.648240776147099
chr7:71020152:T:G	7	71020152	-0.0373798916600725	0.212125266404108	0.860124156058069
chr7:71553830:T:C	7	71553830	0.0692807143329428	0.171151680169734	0.685630910512202
chr7:78390279:T:G	7	78390279	-0.178381495414958	0.187366165585658	0.341072876750237
chr7:83524616:A:T	7	83524616	0.101631953736513	0.195508449573055	0.603179228399632
chr7:84786535:C:A	7	84786535	0.0472590977572411	0.0958772287529449	0.622074317034415
chr7:86620755:G:A	7	86620755	-0.164671985496591	0.316527124166678	0.602892094153324
chr7:89207269:G:A	7	89207269	0.0619895068235408	0.187467964713351	0.740895881065087
chr7:91097147:A:G	7	91097147	0.0246367183632067	0.159814821819306	0.877485231102043
chr7:96212691:T:C	7	96212691	-0.372069158314181	0.359490069079124	0.300672890568139
chr7:103095283:G:A	7	103095283	0.0349133421849526	0.272854763989865	0.898183973450642
chr7:104663551:G:A	7	104663551	0.364015414919921	0.215761466176004	0.0915803423525046
chr7:113434486:A:C	7	113434486	0.294244239266022	0.159223210165995	0.064602572809793
chr7:113749820:G:A	7	113749820	0.152162450294192	0.118073300395515	0.197498313929874
chr7:117145973:C:G	7	117145973	0.0205078876406156	0.122974404114543	0.867554567733128
chr7:119808046:G:A	7	119808046	0.0377681373590883	0.15438395056471	0.806736956533861
chr7:122582926:C:G	7	122582926	0.0805509886679886	0.183230974236628	0.660216354604196
chr7:124802410:A:T	7	124802410	-0.167110770207646	0.157786488213531	0.289556835834386
chr7:129047886:A:G	7	129047886	-0.36779412742967	0.271479526128702	0.175488722920626
chr7:131384702:T:A	7	131384702	-0.0916363725846606	0.119784350596202	0.444264861497863
chr7:136870573:G:A	7	136870573	0.148375102009814	0.234583248960146	0.527056875108855
chr7:142873374:T:C	7	142873374	-0.00523179046059597	0.133815569255088	0.968813034031043
chr7:143187070:C:T	7	143187070	-0.142854173578872	0.210795924820921	0.497968619343878
chr7:145116884:A:G	7	145116884	-0.0324605164192419	0.159470764662088	0.838703981898754
chr7:149242006:T:C	7	149242006	-0.0286414131324214	0.146235202618512	0.844720889784749
chr7:153502245:G:A	7	153502245	0.0997488437191393	0.118080475915368	0.39824872589034
chr7:153952270:G:A	7	153952270	-0.392604680421351	0.126535316972931	0.00191745735325766
chr7:154426289:T:C	7	154426289	0.0923668336728627	0.305039807319275	0.762040334571841
chr7:156975524:A:T	7	156975524	-0.0949224897064077	0.142545391934443	0.505468234757101
chr7:157677820:C:T	7	157677820	-0.18078242654671	0.292934186105138	0.53714008391188
chr8:276778:A:T	8	276778	-0.335978326357077	0.176854403699071	0.0574665493390447
chr8:1102873:G:T	8	1102873	0.0918036168826943	0.127556114938015	0.471702576271458
chr8:8710521:T:C	8	8710521	-0.234196064322406	0.239817605630522	0.328787477443386
chr8:9029509:T:C	8	9029509	-0.291709919744062	0.251847837540972	0.24675042785035
chr8:9109096:A:G	8	9109096	0.027634700991684	0.189278077905862	0.883920964609402
chr8:9827297:A:G	8	9827297	0.319941730936975	0.229512624252322	0.163316114289842
chr8:10675470:T:G	8	10675470	0.405671562739313	0.219696015737254	0.0648177445523018
chr8:13032868:C:A	8	13032868	0.274801450852898	0.218420152497612	0.2083439103422
chr8:14391498:A:G	8	14391498	0.0569445571627301	0.196273897911849	0.771718301232191
chr8:16627132:C:G	8	16627132	0.45182796956533	0.242372643420906	0.0622954260008159
chr8:17129593:A:G	8	17129593	0.345089925159253	0.19209299709681	0.0724192879800446
chr8:20741226:C:T	8	20741226	-0.275193125589884	0.182843616662257	0.132305120022474
chr8:23115837:G:A	8	23115837	0.393636597536874	0.303418103013551	0.194514050549495
chr8:25783762:T:C	8	25783762	-0.252969811192895	0.212597680919469	0.234086011577556
chr8:27010051:G:C	8	27010051	0.0171979135840696	0.327524664440428	0.958123316504795
chr8:27022227:G:T	8	27022227	0.12433706076734	0.12707537633674	0.327851191412184
chr8:28150898:A:G	8	28150898	-0.348260629743346	0.231198345716809	0.131982895973599
chr8:28528484:G:T	8	28528484	-0.0420840411797987	0.0938423476648313	0.653825077568444
chr8:29917542:C:T	8	29917542	0.218322850760641	0.19572978876831	0.264666259949599
chr8:37085597:G:A	8	37085597	0.219166452249121	0.19828892266081	0.269034629175794
chr8:41788192:C:T	8	41788192	-0.144139553667481	0.201725241610134	0.474897009514337
chr8:42055528:T:G	8	42055528	0.266465506766838	0.246319310848293	0.279346321119041
chr8:50763512:C:T	8	50763512	0.0980187970360619	0.178025437766491	0.581915646509582
chr8:51570259:T:G	8	51570259	-0.233952984194863	0.467038049330184	0.616420969731601
chr8:53142705:G:A	8	53142705	-0.376478226396577	0.33329177042293	0.258655129075422
chr8:60609620:T:A	8	60609620	0.391264116555792	0.213807335295015	0.0672522517447246
chr8:61304314:G:C	8	61304314	-0.0296499553222669	0.16111133035183	0.853986817580159
chr8:61926940:A:T	8	61926940	-0.167408742473412	0.151307010681842	0.268545802992705
chr8:63445672:G:A	8	63445672	-0.0202004710803843	0.162454587674037	0.901041849020003
chr8:65343369:C:A	8	65343369	-0.26878023361919	0.246103592729196	0.274770398907472
chr8:65418628:G:T	8	65418628	-0.0354832592662454	0.14141532209847	0.801879642637455
chr8:71273350:T:A	8	71273350	-0.0249216174156687	0.188339373685569	0.894728872775463
chr8:72033005:T:C	8	72033005	-0.0440197472490368	0.280825903279476	0.875441074594302
chr8:72065200:T:A	8	72065200	0.295932930379874	0.170350024738964	0.0823509764797441
chr8:73211475:T:C	8	73211475	0.213980875254727	0.119486666531406	0.0733198161297453
chr8:75992459:A:G	8	75992459	0.180746956882215	0.215549098777948	0.401726409963171
chr8:78402394:T:A	8	78402394	-0.0483034419273676	0.299672881792235	0.871945938048322
chr8:79795588:T:G	8	79795588	-0.247583123265049	0.324008896442166	0.444793076783728
chr8:86323708:T:C	8	86323708	0.0889468378313487	0.149097223674875	0.550794921703987
chr8:89525432:A:G	8	89525432	0.192578692416932	0.136581613498679	0.158542672018422
chr8:92001032:A:G	8	92001032	0.125632696181275	0.215572354981234	0.560036915610828
chr8:92645879:A:G	8	92645879	-0.268599983909126	0.254161264495535	0.290598636437562
chr8:95906161:G:A	8	95906161	0.260414470801935	0.134432707450823	0.0527286904669111
chr8:96365126:C:T	8	96365126	-0.0328120051281246	0.133504224243518	0.805856385068132
chr8:97430280:G:A	8	97430280	-1.00747006875603	0.63596531931292	0.113157582144344
chr8:98002322:C:T	8	98002322	0.00939268039748138	0.145680054393033	0.948592237481791
chr8:98018653:A:G	8	98018653	0.372665446016121	0.206201813914936	0.070717853032717
chr8:104471980:T:G	8	104471980	0.588792090779379	0.252959712244039	0.0199327095693764
chr8:106920372:G:A	8	106920372	-0.0449155045530005	0.212178249679663	0.832350762252573
chr8:108142424:A:G	8	108142424	-0.226491815460249	0.136008863081043	0.0958584082263163
chr8:109421925:C:T	8	109421925	0.0360351836247011	0.129354618043676	0.780569689873205
chr8:116252872:C:T	8	116252872	0.147635608085291	0.126431896173716	0.242924340651707
chr8:116821900:C:T	8	116821900	0.166591617046837	0.198740258916235	0.401897105877069
chr8:119015250:G:A	8	119015250	-0.0890378892055391	0.293149918440568	0.761334992240979
chr8:121384602:C:T	8	121384602	0.217031036515604	0.149047843521184	0.145360394250145
chr8:127029052:C:T	8	127029052	0.0263602091680848	0.168207213840948	0.875471265761732
chr8:128437247:A:G	8	128437247	0.156166572759386	0.221347803117594	0.480483118799572
chr8:131111695:G:T	8	131111695	-0.765105356113327	0.619472362113383	0.21679626795545
chr8:131315237:G:A	8	131315237	0.222231779636038	0.151506711047375	0.142427352049428
chr8:135895676:A:T	8	135895676	-0.06660247941378	0.144967220290913	0.645924471047319
chr8:138585221:A:T	8	138585221	0.266651448691259	0.205107428664329	0.193581266278383
chr8:141605122:C:T	8	141605122	-0.249861984184759	0.184850684393439	0.176472492595759
chr9:733358:A:C	9	733358	-0.384612669930857	0.203334841220037	0.0585544711774173
chr9:5461379:C:T	9	5461379	0.0764621973876883	0.161557415583253	0.636012087846489
chr9:11397008:T:G	9	11397008	0.00612572052446057	0.253261414038713	0.980703174522406
chr9:11517950:T:C	9	11517950	0.305522539327538	0.225313577416949	0.175102940811931
chr9:11955148:T:G	9	11955148	0.0893482627124968	0.135298706023591	0.509011410682049
chr9:12389360:A:G	9	12389360	0.143329615665351	0.151927777765813	0.345473145620046
chr9:12615226:G:C	9	12615226	-0.185127449321379	0.113526374829071	0.102953655404004
chr9:13582959:T:A	9	13582959	-0.0902060262786773	0.197602695443023	0.648029030774474
chr9:13820455:C:G	9	13820455	-0.0563830805567938	0.371996248008565	0.879526925055782
chr9:14098421:G:A	9	14098421	0.206918808843766	0.13148706152925	0.115561008308944
chr9:18952915:A:G	9	18952915	0.166999775833849	0.11765487737751	0.155781335617103
chr9:21476808:G:A	9	21476808	-0.348390898393087	0.368860885891883	0.344911720879198
chr9:29651949:A:G	9	29651949	-0.0939525475558948	0.106147308606011	0.376094749811699
chr9:32058643:A:T	9	32058643	-0.474315918118527	0.27174249806799	0.0809046646069587
chr9:37013405:C:T	9	37013405	0.15561457932305	0.189001472916116	0.410308336254212
chr9:37992585:C:T	9	37992585	-0.317118378034922	0.161428866264234	0.0494783299997968
chr9:72294932:G:A	9	72294932	-0.0620950100717778	0.264284302824762	0.814243391038373
chr9:73616570:C:T	9	73616570	-0.200711584832017	0.276664756161072	0.468164620272262
chr9:76464251:C:G	9	76464251	0.23943249683643	0.208461421689888	0.250733409099369
chr9:79067117:C:T	9	79067117	-0.276750794139865	0.477715644915315	0.562372472598975
chr9:82773489:T:C	9	82773489	0.161499896746378	0.232110027284028	0.486560188447377
chr9:89995415:A:G	9	89995415	-0.123970494077131	0.224955916928968	0.581573388520553
chr9:91844381:C:T	9	91844381	0.0359507809710286	0.213686897807353	0.866394115809946
chr9:94568472:C:A	9	94568472	-0.458826510049621	0.220237170958753	0.0372212347918303
chr9:95559980:C:T	9	95559980	0.579420360763832	0.291289596985804	0.0466840204423645
chr9:96162075:C:T	9	96162075	0.188052406532996	0.132919630204703	0.157132188773964
chr9:97240484:A:G	9	97240484	0.42636744788699	0.219108691154343	0.0516646442195746
chr9:100192956:A:G	9	100192956	0.556023777623986	0.19217022068784	0.00381105339621579
chr9:100529836:G:C	9	100529836	-0.288520884439713	0.145682871204706	0.0476504879554231
chr9:101460357:C:T	9	101460357	-0.229428674495999	0.282036403478727	0.415947580271865
chr9:103293239:C:G	9	103293239	-0.23459845466001	0.35739595934749	0.511560046627554
chr9:105684376:G:T	9	105684376	-0.25597963204665	0.208574632608369	0.21971708730875
chr9:106822394:G:C	9	106822394	0.0057537170168233	0.176344751124569	0.973971510114663
chr9:107904127:G:A	9	107904127	0.29654707343192	0.190501433534556	0.119549843786881
chr9:117420412:T:C	9	117420412	0.221127053512725	0.130849800038318	0.0910412729081138
chr9:117972207:C:A	9	117972207	0.0279434118054093	0.133522718178072	0.834230965462741
chr9:118511323:G:A	9	118511323	0.220063918359514	0.240728347292907	0.360633450260079
chr9:121356498:A:G	9	121356498	0.129213998109765	0.192384683657948	0.501810427311513
chr9:124044726:T:G	9	124044726	0.168140920075519	0.131673578538269	0.201618977849635
chr9:125005426:C:T	9	125005426	-0.0126436122231504	0.165571850803442	0.939130069997907
chr9:129533341:A:G	9	129533341	-0.108530695360171	0.155410478811719	0.484959192242622
chr9:136630984:C:T	9	136630984	0.0848619948062342	0.109353045122215	0.43772721678172
chr10:2050300:A:G	10	2050300	0.0421251249460823	0.118721171244905	0.722721421609968
chr10:3113976:C:T	10	3113976	-0.147751600883142	0.16487363467763	0.370172354029838
chr10:4591592:T:C	10	4591592	-0.0301884880104625	0.187377063250862	0.872006052450846
chr10:7462546:C:T	10	7462546	-0.0402549838924829	0.163406162887326	0.805411896813732
chr10:7849544:T:G	10	7849544	0.238170414418028	0.194312659786222	0.220308902501996
chr10:9367893:G:A	10	9367893	-0.656598982258036	0.333652908031156	0.0490783636517209
chr10:10628189:C:T	10	10628189	-0.13285927946021	0.161676084474709	0.411212305252446
chr10:14014383:T:C	10	14014383	0.401959572045051	0.181389311672964	0.0266911784283508
chr10:16341555:C:T	10	16341555	0.14184515388392	0.152698102084477	0.352927720307916
chr10:18075702:C:T	10	18075702	0.0707405629370701	0.328900788681398	0.829703568743905
chr10:20923823:C:G	10	20923823	-1.15546703524462	0.812389868695869	0.154937419746281
chr10:26220185:A:C	10	26220185	-1.55940365977095	1.01892840406647	0.125909098970524
chr10:27289376:T:C	10	27289376	-0.196960093323926	0.174194246009793	0.258184621776456
chr10:27674317:A:G	10	27674317	0.0801709307774631	0.17365474839486	0.644319048891692
chr10:28771902:G:A	10	28771902	-0.324103840649313	0.255699388943238	0.204969764638371
chr10:28891836:C:T	10	28891836	0.368463248422891	0.145521861685472	0.0113409780165846
chr10:30622484:G:A	10	30622484	0.358183047731518	0.189956382976408	0.0593479601736173
chr10:35177843:G:T	10	35177843	-0.306883178671311	0.22554636121855	0.173633403188138
chr10:43613180:G:A	10	43613180	0.13407124851427	0.20327729960552	0.509543579442017
chr10:44139011:T:C	10	44139011	-0.28575126965816	0.393185058686217	0.467372840462578
chr10:45036473:A:G	10	45036473	0.264408921460631	0.157649438680057	0.0935042682375997
chr10:51560095:T:G	10	51560095	0.0369690670308182	0.127925305364615	0.772589430669113
chr10:54072488:A:G	10	54072488	-0.252071879153837	0.157126278631214	0.108656087510514
chr10:54082016:C:T	10	54082016	-0.182122591708146	0.204264161357332	0.372605623391879
chr10:55299918:G:C	10	55299918	0.189825649555664	0.179203235273707	0.289474194968318
chr10:56747004:T:C	10	56747004	0.235030481983366	0.364405964654898	0.518947397187973
chr10:57761967:T:C	10	57761967	-0.0328062822054098	0.127944977448984	0.797634806884627
chr10:61894829:G:A	10	61894829	0.437679190719458	0.292822816227052	0.134995494128122
chr10:62473064:C:G	10	62473064	-0.0814581392578486	0.358898262268312	0.820449235113686
chr10:65713195:A:G	10	65713195	0.423815003863872	0.236722458786827	0.0733983757167652
chr10:69232402:C:A	10	69232402	0.109845493655435	0.185195968480764	0.553093399966051
chr10:79437519:C:T	10	79437519	-0.0160439302682529	0.193568324656479	0.933942900424838
chr10:81546102:G:A	10	81546102	-0.0237427405788952	0.177941791856663	0.893853466320438
chr10:82354363:C:G	10	82354363	0.233693491127003	0.199406937561355	0.241220089595208
chr10:84591955:C:T	10	84591955	-0.119580172484413	0.216790644923882	0.581227327375629
chr10:84989741:G:A	10	84989741	0.0551824675453719	0.135410596071237	0.683626425528386
chr10:86779196:C:A	10	86779196	0.285415898795133	0.251401375852602	0.2562497808604
chr10:91053424:A:C	10	91053424	0.027715843286236	0.154444889888754	0.857580776012406
chr10:93612452:G:A	10	93612452	-0.110058135410561	0.246362747307053	0.655068537242406
chr10:93671121:T:C	10	93671121	-0.318085409650608	0.179242345374786	0.0759621656124319
chr10:101249704:C:T	10	101249704	-0.405524545348312	0.318012707612256	0.202244313602189
chr10:102352980:T:C	10	102352980	-0.00250170978008009	0.22005427908421	0.990929362423227
chr10:104637359:T:C	10	104637359	0.0990603989005774	0.242146810651028	0.682471917121332
chr10:108480456:T:C	10	108480456	0.0962915849380264	0.167608245413996	0.565626885294037
chr10:109264424:C:T	10	109264424	0.313914615177166	0.176287775554448	0.0749624251571238
chr10:111352001:T:G	10	111352001	-0.282771875984028	0.279906336074994	0.312381518983037
chr10:118828443:C:T	10	118828443	0.0328697379822176	0.173427798399224	0.849677592105577
chr10:120152982:A:G	10	120152982	0.166380221834312	0.171959090867826	0.333265661915132
chr10:121580593:A:G	10	121580593	-0.22398801786474	0.268231645754372	0.403687075778321
chr10:121611573:C:G	10	121611573	0.195727443972548	0.176030593195413	0.266183524597385
chr10:121734173:T:C	10	121734173	-0.233434988151737	0.178719287069524	0.191500046873014
chr10:121910644:T:A	10	121910644	-0.554086243757438	0.410076685568296	0.176638695116855
chr10:122561189:A:G	10	122561189	-0.329786878525552	0.253870673216903	0.19393193353338
chr10:123750431:C:G	10	123750431	0.173815449811826	0.145893089557375	0.233500834615701
chr10:127533155:T:C	10	127533155	0.24469809223915	0.161876691024809	0.130627339573516
chr10:129953349:A:G	10	129953349	-0.23164783745368	0.145454879179627	0.111255514293378
chr10:130263340:C:T	10	130263340	-0.851750791629179	0.726955408740074	0.241330153355443
chr10:130662147:G:T	10	130662147	0.217460893506095	0.171326908914073	0.204343142808969
chr10:131485315:A:G	10	131485315	0.492000895316011	0.279087724837699	0.0779190826003617
chr10:131819683:A:G	10	131819683	-0.185501770729155	0.124767607095994	0.137073374684294
chr10:131953941:A:C	10	131953941	0.00164912411509945	0.155734823031618	0.991551111986269
chr11:388357:C:T	11	388357	0.241181030425652	0.16889560425651	0.153295083649823
chr11:2257707:C:T	11	2257707	0.224259766150289	0.137001571947781	0.101648478375022
chr11:3623903:G:A	11	3623903	0.231323522211814	0.204014863043841	0.256854862356101
chr11:5806222:C:T	11	5806222	-0.119153158851401	0.178420814764431	0.504247888926087
chr11:9789492:C:A	11	9789492	0.150825225623442	0.17413995364765	0.386427101167722
chr11:14569664:T:G	11	14569664	0.209403469690898	0.182842882775643	0.252099591052266
chr11:21819583:A:G	11	21819583	-0.198866835167569	0.395002174715752	0.614642604244221
chr11:36019710:C:A	11	36019710	-0.289304372174837	0.18658631370224	0.121018606463134
chr11:39635569:C:T	11	39635569	0.0985061379191014	0.153709381618111	0.521613884550085
chr11:40512905:C:G	11	40512905	-0.28640226814246	0.340726345666526	0.400592286045075
chr11:41632790:A:T	11	41632790	-0.14238284865824	0.1913400404593	0.456794719445122
chr11:42744986:A:G	11	42744986	0.0267267067711666	0.0931409577127308	0.774151353554572
chr11:43201079:C:T	11	43201079	0.209139895979276	0.170949136310463	0.22117705758422
chr11:43982585:G:A	11	43982585	-0.702008007705393	0.368807487152087	0.0569813584668344
chr11:44330300:A:G	11	44330300	0.382047934771251	0.148698423371567	0.0101909979379901
chr11:49875094:A:G	11	49875094	-0.124461537355113	0.175905174875366	0.479225349492647
chr11:50253126:G:T	11	50253126	-0.0332947986939874	0.185398027062665	0.857477983401974
chr11:55906271:G:A	11	55906271	-0.265397302886555	0.193924725954168	0.171137370923971
chr11:56124264:C:A	11	56124264	0.0361042899049513	0.148325539336989	0.807685863659414
chr11:57305789:G:A	11	57305789	-0.0736931245494458	0.180976318168945	0.683862855509924
chr11:58998793:A:C	11	58998793	-0.27775093075133	0.225080653863722	0.21720058006697
chr11:60456695:C:T	11	60456695	0.133316022426052	0.248785064609238	0.592049594423477
chr11:62505064:A:G	11	62505064	0.454598303535071	0.236330830338839	0.0544088185713532
chr11:63184971:C:T	11	63184971	0.0324271507249748	0.129533903251668	0.80232661405393
chr11:65009160:T:C	11	65009160	-0.651098036268682	0.706103484880331	0.35647640747791
chr11:70801858:T:C	11	70801858	-0.0536776731340025	0.199304133888575	0.787679258535123
chr11:71334794:T:G	11	71334794	0.117582909373097	0.203932032149525	0.564223947667325
chr11:72713691:C:T	11	72713691	0.108119190321948	0.203061998127259	0.594418354680715
chr11:77208574:G:A	11	77208574	-0.236670871030688	0.227361108979103	0.29790013306589
chr11:77376654:A:G	11	77376654	0.269138552576947	0.160921402963476	0.0944288213153412
chr11:77897055:A:G	11	77897055	0.285403533266378	0.191421239610011	0.135969086632042
chr11:79339250:G:A	11	79339250	-0.372642948393684	0.607329605912383	0.539495461973344
chr11:81783030:C:T	11	81783030	-0.0289421107159601	0.127689555925714	0.820688157519276
chr11:83962252:C:T	11	83962252	0.412155352408108	0.177966153262457	0.0205626436272196
chr11:86328783:G:T	11	86328783	-0.49983207880332	0.283146087675968	0.0775167469051593
chr11:86644523:C:T	11	86644523	0.0896320790556795	0.202628734925811	0.658238603447099
chr11:93046218:A:C	11	93046218	0.0709723399740087	0.138397268588333	0.608080004748435
chr11:99371984:G:C	11	99371984	-0.266702596118643	0.347153070975114	0.44233482484262
chr11:100626548:G:A	11	100626548	0.386436592353272	0.269993913852506	0.152350298322637
chr11:104129521:G:A	11	104129521	-0.365328202278993	0.331118422416668	0.26989002766585
chr11:108728662:A:G	11	108728662	0.0202721618715839	0.18188871794558	0.911256616892162
chr11:110338613:G:A	11	110338613	0.26012072602076	0.21212889305234	0.220108741294608
chr11:110396347:G:A	11	110396347	0.140027712824703	0.199369206146299	0.482458570522799
chr11:113789228:G:C	11	113789228	0.0338681870119	0.195977104116118	0.862795226662272
chr11:113800784:C:T	11	113800784	-0.227994331218398	0.198445712523947	0.250597109386038
chr11:115616504:A:T	11	115616504	0.00291399433396805	0.147549294194306	0.984243367815147
chr11:119630310:G:A	11	119630310	-0.139894264928223	0.180052141699622	0.437179247599952
chr11:123267436:G:A	11	123267436	0.209587917583852	0.127683531295668	0.100701138050121
chr11:125907492:T:C	11	125907492	0.220168777868021	0.128716525430812	0.0871746575738783
chr11:126829359:G:A	11	126829359	-0.352679781872395	0.383958893150344	0.358338707746092
chr11:130038952:T:C	11	130038952	0.340813548730402	0.269357027830766	0.205768993067872
chr11:130290657:C:T	11	130290657	-0.0873867267558814	0.270408238809426	0.746569590636669
chr11:131355535:G:A	11	131355535	-0.0292358133393253	0.123905537076316	0.813469578492871
chr11:133238417:A:G	11	133238417	-0.277308882968585	0.197023383703161	0.159281477737741
chr11:133300920:A:C	11	133300920	-0.268393007820563	0.234298534125548	0.251994962167994
chr11:133409278:A:G	11	133409278	0.393795045532357	0.197568675726214	0.0462389078604318
chr11:134309503:C:T	11	134309503	-0.121795679702332	0.135175683761567	0.367578924463254
chr12:5192681:C:T	12	5192681	0.192786565179927	0.145115230873725	0.184010751890006
chr12:5448727:G:A	12	5448727	0.343268708676024	0.162233657056053	0.0343540927901709
chr12:6639294:C:T	12	6639294	-0.386725356124451	0.261847811206588	0.139700065759122
chr12:19523028:C:A	12	19523028	0.0800327002041347	0.117234032573459	0.494812462150174
chr12:19758400:A:T	12	19758400	-0.873477927459201	0.570420444415644	0.125698253395673
chr12:20003679:T:A	12	20003679	-0.189935058466754	0.329303140776562	0.564088916999094
chr12:21333090:G:A	12	21333090	0.0651205814333859	0.141785065075729	0.646025325806084
chr12:25518059:A:T	12	25518059	0.015002859616897	0.153207154726596	0.921991594345102
chr12:28965843:C:T	12	28965843	-0.110675144577654	0.100222644563425	0.269466146004283
chr12:32086665:A:C	12	32086665	-0.0910497950645473	0.169924864356289	0.59208029714232
chr12:44631613:C:T	12	44631613	0.0835124690317346	0.180427501184177	0.643465531754291
chr12:48567461:T:G	12	48567461	-0.203095951075654	0.174050652917762	0.243259471463831
chr12:51039498:T:C	12	51039498	-0.0392584954725523	0.203933155234709	0.847345332752622
chr12:52880890:G:T	12	52880890	0.0978957979639984	0.230879582383066	0.671556794946065
chr12:53646626:C:G	12	53646626	-0.0233180329478755	0.220916841748061	0.915938462359422
chr12:53680144:C:A	12	53680144	-0.0332276222534936	0.246595329883207	0.892813061403096
chr12:54366280:G:A	12	54366280	0.0652819654577182	0.0872069970926936	0.454106576980889
chr12:55599330:T:C	12	55599330	-0.464340074704945	0.428975420727051	0.279057145083367
chr12:56675083:C:T	12	56675083	-0.228925563710387	0.180145679350257	0.203806852065951
chr12:57436134:C:T	12	57436134	0.0240859889240265	0.221205817452688	0.913293727506966
chr12:58724212:C:T	12	58724212	0.040741049596993	0.191773555164175	0.831761034480638
chr12:59048769:A:C	12	59048769	0.284096210440503	0.163451553815996	0.0821920472970616
chr12:59161225:G:A	12	59161225	-0.210179706854183	0.53923188307632	0.696702109335083
chr12:59226687:C:T	12	59226687	0.30649391078424	0.16522608589983	0.0635966401861088
chr12:63113400:T:C	12	63113400	0.159666199340763	0.180052092048506	0.375198538283941
chr12:64271340:C:T	12	64271340	0.182061108117806	0.163713188629565	0.266106524781776
chr12:64756705:C:T	12	64756705	-0.125935589577444	0.193201263301251	0.514506805134943
chr12:67050802:C:T	12	67050802	0.00730994476828086	0.142422909155462	0.959066049540493
chr12:71564908:A:G	12	71564908	-0.131027128954574	0.285691404649712	0.646498682684664
chr12:73909094:G:A	12	73909094	-0.0123342711821785	0.145217517663377	0.932311854693264
chr12:81126959:G:A	12	81126959	-0.0538648797761353	0.0851709580588219	0.527104319251248
chr12:83608380:A:G	12	83608380	-0.00213054794918278	0.152478630584901	0.98885170994411
chr12:90727178:A:C	12	90727178	0.084503986381909	0.135124082273368	0.531721258974966
chr12:92596791:C:T	12	92596791	0.132052406296186	0.186872644698282	0.479787827570425
chr12:95914573:A:T	12	95914573	0.171070009174381	0.170160196940307	0.314729888082976
chr12:101611098:G:C	12	101611098	0.229598450346329	0.16602894604173	0.166701033037659
chr12:105967464:T:C	12	105967464	-0.0776932437519637	0.120886890907549	0.52042286676406
chr12:109533295:C:T	12	109533295	-0.187333393469464	0.134090574774905	0.162393701300131
chr12:112209515:G:A	12	112209515	0.0394330504264586	0.180477918938364	0.827045493147146
chr12:120976632:C:A	12	120976632	-0.331001036512627	0.255921237216358	0.195882869664908
chr12:125875525:T:C	12	125875525	0.107170984047744	0.128294322770146	0.403519262394951
chr12:126449337:A:G	12	126449337	-0.100884284375754	0.132181683172446	0.44532958602252
chr12:131091094:G:A	12	131091094	-0.180527495417454	0.21334707977453	0.397458968900069
chr12:132776953:G:A	12	132776953	0.0870995692411393	0.202280567395852	0.666768024580871
chr13:19545220:A:G	13	19545220	0.0629828950451784	0.245846414730429	0.797805693762275
chr13:22977365:T:G	13	22977365	0.208846035513169	0.185511768906588	0.260257290791064
chr13:24330599:T:C	13	24330599	-0.474018851921193	0.297932614248414	0.111603485591369
chr13:24623185:A:C	13	24623185	0.0469137619804988	0.171318458356799	0.784207962313185
chr13:25202506:T:G	13	25202506	0.415750814417112	0.228546686337328	0.0688951490618834
chr13:26234118:A:T	13	26234118	0.154758867967062	0.158302080999304	0.328263590988514
chr13:26494236:G:A	13	26494236	-0.0865764511699981	0.120833623919211	0.473686960352438
chr13:27255876:A:G	13	27255876	0.0264400587795642	0.185235241828999	0.886497313966236
chr13:42909938:A:G	13	42909938	0.177836549979523	0.141450540681535	0.208668605584091
chr13:45470952:C:T	13	45470952	-0.234788478146976	0.455886351131214	0.606542279109078
chr13:45708351:G:A	13	45708351	0.11792893874669	0.190440101667741	0.535755462200964
chr13:45809177:C:G	13	45809177	0.0730034468385875	0.15622504447091	0.640287621249757
chr13:50558767:A:T	13	50558767	-0.239793536097643	0.176436625039183	0.174117562366479
chr13:58710908:G:A	13	58710908	0.0732552887769621	0.124811032109401	0.557250991128577
chr13:58934154:C:T	13	58934154	-0.250618904712353	0.204361691411948	0.220067095369527
chr13:70397215:T:C	13	70397215	-0.0388443822272741	0.15987414845524	0.808029798793127
chr13:70990050:T:C	13	70990050	0.452564510537708	0.213130979143748	0.0337194871316562
chr13:75832713:T:C	13	75832713	0.0362826624955218	0.228566033139622	0.87387341067887
chr13:86776101:G:A	13	86776101	-0.028598427120232	0.103219475630278	0.781730768110641
chr13:91472230:T:C	13	91472230	0.198301095421248	0.153684952179005	0.196943351603994
chr13:93235990:C:T	13	93235990	0.108259992793947	0.159599060254382	0.497565808779002
chr13:96765286:G:A	13	96765286	-0.0230186825474768	0.1625600097159	0.887395067130655
chr13:102180181:A:G	13	102180181	-0.119747328855207	0.223859487567755	0.592703905841057
chr13:104405113:C:T	13	104405113	-0.0949662142337605	0.354639996676314	0.788867112387135
chr13:106009559:G:C	13	106009559	0.171714034465355	0.134372705876861	0.201286909276216
chr13:106084136:A:G	13	106084136	-0.168712572809284	0.165297844639011	0.307416484634683
chr13:112716578:T:C	13	112716578	-0.10555904877529	0.284711753844714	0.710818078518842
chr14:21167555:A:G	14	21167555	0.170871288916425	0.160051542128164	0.28570024339022
chr14:26929954:A:G	14	26929954	0.0509194353751316	0.1365399882401	0.709202846046697
chr14:27823594:G:A	14	27823594	-0.190331494684651	0.161861286609817	0.239637782654674
chr14:34182794:A:C	14	34182794	-0.0304141198514554	0.19423750914523	0.875574199400014
chr14:38216062:T:A	14	38216062	-0.272219436616188	0.299275749143373	0.363036644899757
chr14:38962987:G:A	14	38962987	0.0721495672841382	0.151374619144997	0.633626169443654
chr14:39925237:C:T	14	39925237	0.0896161330434388	0.183972646189127	0.626175691153145
chr14:44446011:A:G	14	44446011	0.252912344448048	0.155850040107307	0.104633675928999
chr14:48685878:C:A	14	48685878	0.0429117890488393	0.243615115944375	0.860179369385498
chr14:51426205:T:C	14	51426205	0.0184585049758287	0.166274010953164	0.911606380378273
chr14:52881822:T:G	14	52881822	-0.126995001131457	0.245042137847778	0.604278406690684
chr14:53358297:A:G	14	53358297	-0.208329552872361	0.207492829912695	0.315362929789367
chr14:56254615:G:A	14	56254615	-0.166181223072572	0.14114924483854	0.239058213111001
chr14:57978070:T:C	14	57978070	0.162930709191478	0.089875872485609	0.0698562750763734
chr14:62445185:T:C	14	62445185	0.0548331694085261	0.145000858713566	0.705313558552723
chr14:67518615:G:A	14	67518615	-0.166680176745592	0.126096942226358	0.186220921366366
chr14:68863518:T:G	14	68863518	0.109200683314852	0.147465271204214	0.458985761322204
chr14:77734277:G:A	14	77734277	0.14842499748322	0.171474044469893	0.386718946635698
chr14:81022028:G:A	14	81022028	0.318334940882007	0.195215801333989	0.102957385207814
chr14:81884763:T:G	14	81884763	-0.0488216829712069	0.31166790401421	0.875523461684305
chr14:82929256:T:A	14	82929256	0.491009588205064	0.204403375666067	0.0162985832629166
chr14:84531019:T:G	14	84531019	-0.0391463507022858	0.201133566042703	0.845683686992834
chr14:84812257:C:T	14	84812257	0.242803486423465	0.176591949664078	0.169149781557319
chr14:90804831:C:G	14	90804831	0.0499436410607245	0.177625163827812	0.778576672455641
chr14:91397629:G:T	14	91397629	-0.461988804204681	0.381409554205077	0.225793094163548
chr14:91532430:A:C	14	91532430	-0.334811618233214	0.460597251213501	0.467282593369249
chr14:91961156:T:C	14	91961156	-0.0807456049626275	0.12229330806486	0.50908581201705
chr14:92998270:C:G	14	92998270	-0.150755699286026	0.270568718193002	0.577403895273083
chr14:93757265:G:A	14	93757265	0.725440541738416	0.261442096103628	0.0055241501978196
chr14:93769225:C:T	14	93769225	-0.123320509292582	0.324533743114547	0.703950705904077
chr14:98340169:A:G	14	98340169	0.110233213227866	0.189280813101976	0.560311271979262
chr14:100721312:C:T	14	100721312	-0.0481056556711205	0.233213056027356	0.83657733642983
chr14:102093442:A:G	14	102093442	-0.110308092775012	0.273349004295945	0.686548766483475
chr15:24165057:A:G	15	24165057	-0.458500101574857	0.299728743014053	0.126086836797321
chr15:26353849:A:G	15	26353849	0.125379142769381	0.10741020761138	0.243092217558673
chr15:28182824:G:A	15	28182824	0.396660889762907	0.231266133106456	0.0863139395604546
chr15:33665926:A:G	15	33665926	0.0772753080998544	0.168478628158791	0.646474503835199
chr15:34880184:A:T	15	34880184	0.0434467613261261	0.186809949437628	0.816093781191416
chr15:37080410:C:T	15	37080410	0.450523334281215	0.199823447540969	0.0241580106149618
chr15:37762539:C:G	15	37762539	0.440590678189472	0.258079826392538	0.0877871899392483
chr15:52558833:C:G	15	52558833	-0.00365885072366047	0.274956137274812	0.989382836201344
chr15:55712443:A:G	15	55712443	-0.0683158698187069	0.266791863585595	0.797901193348844
chr15:57522102:A:T	15	57522102	0.108950825039053	0.15591635550052	0.484691156290663
chr15:57590535:T:C	15	57590535	-0.221796090458576	0.218796263134748	0.310720866175018
chr15:58439508:G:A	15	58439508	-0.22356508642077	0.442129358870338	0.613098601071372
chr15:69786285:T:C	15	69786285	-0.219342726953923	0.178574834793076	0.219335931534075
chr15:71331250:T:C	15	71331250	-0.0243809739324733	0.219792697924232	0.911674129002176
chr15:74245092:G:C	15	74245092	-0.0173393542667613	0.271438085354064	0.949066101954106
chr15:76807237:T:C	15	76807237	-0.0248808922591031	0.159837367546906	0.876298031474982
chr15:77734259:G:A	15	77734259	0.0530136792796894	0.154878305488087	0.732130794276924
chr15:79750604:G:T	15	79750604	0.341705238349008	0.157653096055296	0.0302005412195726
chr15:81697597:G:A	15	81697597	0.282898503205457	0.192585245645829	0.141845778731229
chr15:87989871:C:T	15	87989871	0.129792621939505	0.209985120965493	0.536506852502344
chr15:88891382:T:C	15	88891382	-0.000965629590502572	0.163171504076441	0.995278241449034
chr15:89804552:C:T	15	89804552	-0.29911998133601	0.351912088955684	0.395333450483253
chr15:94791129:A:G	15	94791129	0.000604697399418792	0.164074642040141	0.997059401619217
chr15:97043895:A:G	15	97043895	0.129587760289611	0.195509130658575	0.507444537980319
chr15:98725394:C:T	15	98725394	0.404348573159307	0.19104690838674	0.0343032873250398
chr15:100978492:T:G	15	100978492	0.0218643634601148	0.150727626302727	0.884664473907666
chr16:2671727:C:T	16	2671727	-0.212196679598847	0.292318815650411	0.467894935369225
chr16:4957642:T:C	16	4957642	-0.390293066974253	0.207346711925611	0.0597924469730329
chr16:5603936:C:T	16	5603936	-0.0298087767974873	0.279544931685815	0.915079961385376
chr16:5884026:G:T	16	5884026	-0.136978951908702	0.21908428337525	0.531817462807426
chr16:6848656:G:A	16	6848656	0.252240268809338	0.139750133096991	0.0710844483067125
chr16:7909855:G:A	16	7909855	-0.208896552430621	0.172942195736698	0.227086454312645
chr16:8273542:C:G	16	8273542	0.321428865112857	0.159375422523323	0.0437160529399667
chr16:12394716:C:T	16	12394716	0.266341452571423	0.15570104601412	0.0871558768172191
chr16:13985277:C:A	16	13985277	0.234220136987064	0.165269650154478	0.156424481627907
chr16:17779668:G:A	16	17779668	-0.234853060146411	0.189314493564684	0.214774052969106
chr16:29740733:G:C	16	29740733	0.408676805754607	0.196342073250513	0.0373924579225688
chr16:31127124:G:A	16	31127124	0.0234539563174186	0.142508649120471	0.869275221327803
chr16:56688556:C:T	16	56688556	0.0624608836428575	0.186749864158639	0.7380303526933
chr16:60324635:A:C	16	60324635	-0.0988906333758571	0.228088134138037	0.664605624336644
chr16:60499572:C:T	16	60499572	-0.138021612476347	0.169107143369509	0.414398058901612
chr16:62273123:C:T	16	62273123	0.111099103004847	0.19306324399816	0.564983987715145
chr16:65972427:C:T	16	65972427	0.129389483973701	0.166205727457947	0.436280245010336
chr16:69246420:T:C	16	69246420	-0.331160131871388	0.182651550284577	0.0698209532627624
chr16:71908403:G:A	16	71908403	-0.197955709690839	0.158245082452546	0.210954970925935
chr16:72103328:C:A	16	72103328	-0.0920000787916152	0.119086021966391	0.43978788745551
chr16:74837740:A:C	16	74837740	-0.290252460252017	0.282824390234978	0.304767211005401
chr16:79886631:C:T	16	79886631	-0.541205253560278	0.354931967838426	0.127305482945184
chr16:81396153:C:A	16	81396153	0.0516677248608482	0.174159370806988	0.766719057769735
chr16:82294878:C:G	16	82294878	0.0779327611896933	0.149839429041265	0.602987951979082
chr16:82421890:A:G	16	82421890	0.17130615886536	0.148919375415287	0.250008715243523
chr16:83827178:T:C	16	83827178	-0.369156356727517	0.163489642684329	0.0239469012739882
chr16:84032337:C:T	16	84032337	0.19647486967751	0.177813301523126	0.269181103700916
chr16:89303022:G:A	16	89303022	0.282006229142168	0.221537576104371	0.203035830426623
chr16:89331863:A:T	16	89331863	-0.0278595602474357	0.151841663874253	0.854423209436368
chr16:89337630:T:C	16	89337630	0.0807654117171029	0.152194623249195	0.595646153354482
chr16:89479873:T:G	16	89479873	0.0495829524286103	0.184121153646342	0.787702485800152
chr16:90035976:C:A	16	90035976	0.0542324918648117	0.189569992429252	0.774815603268811
chr17:2489248:C:G	17	2489248	0.0304661004373885	0.153097803451568	0.842264596501223
chr17:4018176:C:A	17	4018176	0.428307518976101	0.203742078271088	0.035535363562842
chr17:4147521:T:C	17	4147521	0.334558033810864	0.175062905620695	0.0559951698337737
chr17:6949267:T:C	17	6949267	-0.249996940021906	0.157001910726947	0.111313311198228
chr17:7929448:A:G	17	7929448	0.0128251434551376	0.137083613084781	0.925460999996837
chr17:10308301:C:T	17	10308301	0.312808635715741	0.196831539153033	0.112010713089054
chr17:12174148:T:C	17	12174148	0.0682463698871157	0.189663342788875	0.71897501920591
chr17:14402381:C:T	17	14402381	0.557138283429532	0.235277350313407	0.0178842240408484
chr17:15219976:C:T	17	15219976	-0.25010903329558	0.157664300645385	0.1126624237082
chr17:16482403:T:A	17	16482403	-0.0224423620359699	0.139038174955269	0.871769300348656
chr17:18684803:A:G	17	18684803	0.0490112715617305	0.156765283644791	0.754553344929447
chr17:20040710:T:C	17	20040710	-0.013006724115394	0.18054893370746	0.942570168000376
chr17:21275023:A:C	17	21275023	-0.0647109373375044	0.103699889050754	0.532613610942911
chr17:30609729:C:T	17	30609729	-0.251497210800066	0.310488782834435	0.417937775451545
chr17:31554254:C:T	17	31554254	-0.388227117629176	0.27347556095776	0.155722875222093
chr17:33472425:T:G	17	33472425	0.0212232048454602	0.210265180448659	0.919601723523535
chr17:44156671:T:A	17	44156671	-0.0506482196590799	0.132407929382467	0.702078281664404
chr17:45754773:C:T	17	45754773	-0.166762820685531	0.240414208648141	0.487903021240396
chr17:48779278:C:T	17	48779278	-0.0890583196505096	0.230536440983015	0.699267779091576
chr17:52703044:C:G	17	52703044	-0.017820060071006	0.190382888484561	0.925425984506872
chr17:53282498:G:T	17	53282498	0.202747981303273	0.152664085644642	0.184156304918944
chr17:58411807:C:T	17	58411807	0.428115697190026	0.196097343117112	0.0290225946792865
chr17:61409438:A:G	17	61409438	-0.169909956809532	0.143784337133433	0.237324742827848
chr17:61905160:C:T	17	61905160	-0.616370359827469	0.661812544500237	0.351679385459333
chr17:66262233:G:T	17	66262233	0.025190653532381	0.0982019768783503	0.797550263575267
chr17:66751216:C:T	17	66751216	0.00183071961586225	0.120690971039068	0.987897629035874
chr17:66971178:A:G	17	66971178	-0.0454055188756881	0.189155024137315	0.810296186433553
chr17:68771033:G:A	17	68771033	-0.11941431048616	0.125158740674895	0.340031586421354
chr17:69081332:C:T	17	69081332	0.00653706034364222	0.181042802486132	0.971196389495314
chr17:69213412:T:C	17	69213412	-0.0893974565888249	0.166731463947083	0.591836723237965
chr17:72829246:G:A	17	72829246	0.196689542645215	0.17771636916297	0.26839728332305
chr17:73506492:C:T	17	73506492	0.157214137275792	0.141006804481248	0.264876101664659
chr17:75360149:C:G	17	75360149	0.501497393149447	0.192756555824855	0.00927592240180219
chr17:77625920:A:T	17	77625920	-0.0415019596523349	0.235500088162411	0.860113989850751
chr18:1137045:A:T	18	1137045	-0.0190452293706151	0.0850492014128708	0.82281029239588
chr18:4080016:T:A	18	4080016	0.170037705281963	0.170351494837666	0.318202754992586
chr18:8920896:G:C	18	8920896	0.164956077182012	0.186633968457361	0.376778220584881
chr18:9609299:C:T	18	9609299	-0.0309276031229006	0.140350913339525	0.825591483907559
chr18:10572326:C:T	18	10572326	-0.195719517240132	0.107963373068161	0.0698576514658124
chr18:11017906:C:T	18	11017906	0.340599878216632	0.194457697115586	0.0798534300140338
chr18:12120157:A:G	18	12120157	0.189095041650384	0.148280781059434	0.202220827182135
chr18:14686017:A:G	18	14686017	0.164894406971053	0.175916703610077	0.348581811070832
chr18:14895123:C:T	18	14895123	0.134068464423373	0.148946049903968	0.368059444681438
chr18:30059135:A:G	18	30059135	0.191078548351891	0.161827038222226	0.237698926387014
chr18:32490781:T:C	18	32490781	-0.068820878181165	0.19214926988481	0.720220870358601
chr18:36255061:C:A	18	36255061	-0.0112223356404049	0.234550257491877	0.961838826238515
chr18:42762909:A:C	18	42762909	0.071435397365667	0.128942388624025	0.579571871203956
chr18:43928870:G:A	18	43928870	-0.0432288612284593	0.226483237992053	0.848627425221659
chr18:44831686:A:G	18	44831686	0.124434618867657	0.290836042426884	0.668759284896623
chr18:45461168:C:T	18	45461168	0.0552935747153789	0.176865776087316	0.754561666525124
chr18:47992191:T:C	18	47992191	-1.19929189971746	0.789934755730494	0.128959854923593
chr18:49146783:T:G	18	49146783	-0.0221758898632618	0.195246226137918	0.909571459071716
chr18:49872731:C:G	18	49872731	0.157451620130523	0.136423319052908	0.248442744417057
chr18:50485733:T:C	18	50485733	0.0885705074124662	0.228895437874232	0.698795107481943
chr18:58120958:C:T	18	58120958	-0.221545829081636	0.313347525105147	0.479548373404116
chr18:59256389:C:T	18	59256389	0.215124420925839	0.14762572202631	0.145053294565076
chr18:62622293:T:A	18	62622293	-0.0277719555518536	0.194605334728955	0.886519915816909
chr18:62998306:G:A	18	62998306	-0.42434203317563	0.221211305523693	0.0550773445542763
chr18:66103927:C:T	18	66103927	0.117186834808862	0.136183832994208	0.389510867715167
chr18:66206557:C:T	18	66206557	0.137885082945176	0.203454626535125	0.497949824496567
chr18:68001558:G:A	18	68001558	0.0705587451854844	0.13665463948628	0.605624686761983
chr18:69946690:A:G	18	69946690	0.100834283985245	0.290290198119597	0.728323258669441
chr18:71730181:C:T	18	71730181	-0.22562102006771	0.188167023139669	0.230509845383586
chr18:72912108:T:C	18	72912108	0.00603590682637144	0.083271439974328	0.942216166914237
chr18:73248491:G:A	18	73248491	-0.352540613748703	0.34062888297332	0.30068300571981
chr18:77734991:G:A	18	77734991	0.373455648413861	0.229010810426919	0.102946520419853
chr19:2907557:G:A	19	2907557	-0.115770290289088	0.119308593622264	0.331875418306339
chr19:16021187:G:A	19	16021187	0.0829002007020445	0.198950687603259	0.676907233673591
chr19:17584922:G:A	19	17584922	-0.0406577319428275	0.126438522984928	0.747785089167357
chr19:18704666:C:T	19	18704666	-0.352358754111639	0.482016299759763	0.464773021021175
chr19:18737022:C:T	19	18737022	0.00116484393608956	0.261521250693823	0.996446147619804
chr19:18805179:A:G	19	18805179	-0.312229086484026	0.371702296618339	0.400909657640578
chr19:21560366:G:T	19	21560366	0.37189351242138	0.160101426010685	0.0201865691738327
chr19:21659434:G:C	19	21659434	0.366224698915939	0.140952586511124	0.00937106233687757
chr19:33474662:T:C	19	33474662	-0.0314100953231507	0.182374561659605	0.863257900946755
chr19:37956680:C:T	19	37956680	0.0623751218912834	0.169485155034992	0.712853063380676
chr19:38120117:A:T	19	38120117	0.163860619886206	0.162243438125438	0.312510801197718
chr19:44380983:T:C	19	44380983	0.108522332957491	0.141682433143952	0.44370322580476
chr19:44819986:A:G	19	44819986	-0.134011642480831	0.168581285044369	0.426649661796104
chr19:48685001:C:T	19	48685001	0.135587511356204	0.189804360770264	0.475008285877633
chr19:51210487:G:T	19	51210487	-0.0459209608297024	0.63979753911312	0.942781599923611
chr19:51552139:T:A	19	51552139	-0.654018124919097	0.295348369973935	0.0268015787202922
chr19:52714810:C:T	19	52714810	0.101900685656668	0.147109852773584	0.48850769276573
chr19:53330671:T:C	19	53330671	-0.00809480861998345	0.138741260478163	0.953474112058126
chr19:54944544:G:A	19	54944544	-0.00679130762661464	0.183603543475054	0.970493793157095
chr19:57195010:G:C	19	57195010	0.447692311243991	0.175150197245466	0.0105868514062999
chr20:1709120:A:G	20	1709120	0.184893997115687	0.170866983521247	0.279211127083571
chr20:1735934:T:G	20	1735934	-0.11370730464949	0.197399489675664	0.564597381077047
chr20:1906500:G:T	20	1906500	0.19772034574132	0.125352254316909	0.114722411828001
chr20:3649460:G:A	20	3649460	0.160322179563578	0.169995610008162	0.34563180230657
chr20:5407753:C:T	20	5407753	-0.150727225314822	0.144402038605681	0.296576722122451
chr20:5860313:T:C	20	5860313	0.198584459025308	0.170992748655017	0.245494766839464
chr20:7000966:A:C	20	7000966	0.470386776843635	0.17828399520927	0.00832951167021312
chr20:12129436:G:A	20	12129436	0.155217061042092	0.163703088245567	0.34304694708743
chr20:13244402:C:A	20	13244402	0.243179294160646	0.211760071232276	0.250815110087583
chr20:31347432:T:C	20	31347432	-0.015096637062612	0.137621340818675	0.912649744032526
chr20:37593342:C:T	20	37593342	-0.0591041386931026	0.202856969149934	0.770777013131346
chr20:38200488:G:A	20	38200488	-0.109354403691185	0.153405546405972	0.475941567402361
chr20:38350608:A:G	20	38350608	0.174810915491525	0.145399596313895	0.229255359159055
chr20:45729681:A:G	20	45729681	-0.122903173416118	0.191050385940688	0.520027893793568
chr20:48501317:C:T	20	48501317	-0.0937236353740337	0.198801188406425	0.637323672794146
chr20:49036824:T:G	20	49036824	0.136319578428272	0.121321823185563	0.261174437602446
chr20:50371082:C:T	20	50371082	0.273256889453926	0.152952551076893	0.0740107680243174
chr20:52513956:G:A	20	52513956	-1.08592339652325	0.55548117259811	0.0505920581903199
chr20:54253971:A:G	20	54253971	-0.355793643873518	0.139028942602108	0.0104933393963456
chr20:58480201:T:G	20	58480201	0.117433497560068	0.144934768724926	0.417796104614009
chr20:60073360:C:T	20	60073360	0.107596373479178	0.112219997555329	0.337660228409574
chr21:14869783:A:G	21	14869783	0.215288043010744	0.206006132431516	0.295996867805694
chr21:15297615:T:C	21	15297615	0.524456106978796	0.20542319009338	0.0106783521650595
chr21:15686888:A:G	21	15686888	0.045428756431648	0.156750977944948	0.771957909630161
chr21:18805376:C:A	21	18805376	0.329852182902736	0.241200938070292	0.171455781127796
chr21:22007486:G:T	21	22007486	0.285171493651376	0.204893626793104	0.163982165944888
chr21:24026351:C:T	21	24026351	-0.254809108269988	0.230034094054284	0.267990756548681
chr21:26647335:G:C	21	26647335	0.0676441282477011	0.115289760768548	0.557384083590609
chr21:28043199:C:G	21	28043199	0.123985411418219	0.138675954510917	0.371286751190473
chr21:29538421:G:A	21	29538421	-1.0726833162674	0.681020657706066	0.11523076203291
chr21:31885030:A:G	21	31885030	0.124224018880473	0.183484568177233	0.49838878168927
chr21:35502622:A:T	21	35502622	-0.0649901530996819	0.208860114132707	0.755674476880013
chr21:36306638:T:G	21	36306638	0.00423596081945571	0.201049126893015	0.983190388592147
chr21:41442549:G:A	21	41442549	-0.117018196529605	0.151124692924384	0.438744222701571
chr21:42627184:G:A	21	42627184	0.0835953612252359	0.227934749406154	0.713804551485077
chr22:20147688:T:C	22	20147688	0.259764690407829	0.210274755016587	0.216697138125487
chr22:23891985:A:G	22	23891985	0.0666784079797235	0.14425837842809	0.643927040164246
chr22:24245985:G:T	22	24245985	0.227077425198883	0.152364783918752	0.136131249776887
chr22:28624303:G:A	22	28624303	-0.353633561478597	0.414650685933608	0.39374419899111
chr22:30376697:C:T	22	30376697	-0.391534684240177	0.358863513491093	0.275254992168258
chr22:30662128:G:A	22	30662128	0.502981051356732	0.184327994543292	0.00635790260812041
chr22:36298345:C:A	22	36298345	0.274652568916639	0.230876741071125	0.234200924615739
chr22:36977479:G:A	22	36977479	0.357796270959537	0.232426631137923	0.123708022945903
chr22:42350572:C:T	22	42350572	0.341616248102733	0.278044365507344	0.219207055591603
chr22:42475109:T:G	22	42475109	-0.37026824983312	0.213918743861814	0.0834726903927584
chr22:44719519:A:G	22	44719519	-0.155004015759705	0.183230067843865	0.39757899406587
chr22:44805054:T:C	22	44805054	0.205057478555906	0.220236802529828	0.351813600810055
chr22:45210278:T:C	22	45210278	-0.208174350313637	0.213904396932558	0.330447891372777
chr22:47062473:C:T	22	47062473	0.0324466258992106	0.274182589536196	0.90579867425024
chr22:48785864:A:G	22	48785864	0.463088389745165	0.184980110486542	0.0122989184452857
chr22:49668266:A:G	22	49668266	-0.17280231842257	0.279020978615182	0.535707823577849
chr22:49926053:G:A	22	49926053	0.186605000581418	0.169535745536158	0.271034936309637
