SNP	CHR	POS	est	stderr	pval
chr1:1837340:C:T	1	1837340	-0.0212312662256387	0.0822099855457012	0.796208926653042
chr1:2261200:G:C	1	2261200	-0.0748706754356478	0.0776994057984075	0.33524955354751
chr1:14678191:A:C	1	14678191	0.0263135009380038	0.0521664573319444	0.61397035367507
chr1:14985097:C:T	1	14985097	0.00728430549156764	0.113645097198916	0.948893020742054
chr1:15065941:C:T	1	15065941	0.200556057629318	0.0937221748103636	0.0323628700324877
chr1:20215506:G:C	1	20215506	-0.00405571156594472	0.058956633029311	0.945155633426953
chr1:20533654:G:C	1	20533654	-0.182016471167863	0.139297721964101	0.191324038860127
chr1:22009627:T:C	1	22009627	0.0395104781450663	0.0674033535253509	0.557754755937733
chr1:22126221:C:T	1	22126221	-0.0872381742118936	0.0761043543558136	0.251672386391067
chr1:23180575:A:G	1	23180575	0.0153279812017322	0.0604024019770706	0.799677553624923
chr1:26058659:G:C	1	26058659	0.0688681631491991	0.0924561035240699	0.45634779293862
chr1:26181362:A:G	1	26181362	0.00401796653990796	0.1089470440625	0.970580689843059
chr1:26848285:C:T	1	26848285	0.00253208890724957	0.133759633158455	0.98489683366299
chr1:28670719:C:T	1	28670719	-0.0664600325569117	0.0724184436745353	0.358764183974412
chr1:29753056:A:C	1	29753056	0.0484564606506836	0.0803077435607954	0.546252823834007
chr1:29908726:A:G	1	29908726	0.0486196858014756	0.0673117038264132	0.470106015458853
chr1:31886486:G:T	1	31886486	0.0720838021121043	0.0672125421463651	0.283506530122777
chr1:37838865:C:T	1	37838865	0.118158366868695	0.0895470809082911	0.186998303053644
chr1:39880059:T:C	1	39880059	-0.0365506798946649	0.0647721209922009	0.572552376423056
chr1:41175014:G:A	1	41175014	-0.122416868233072	0.178779019230279	0.493508982340405
chr1:41597921:C:T	1	41597921	0.0629033385269963	0.105091528271485	0.549467902143641
chr1:42635725:A:G	1	42635725	0.0105138111534322	0.113703057370666	0.926326795603642
chr1:43202709:G:A	1	43202709	0.0692348291883106	0.0622093747582572	0.26573746054163
chr1:47498869:G:A	1	47498869	-0.0612215706699964	0.088223105362081	0.48771963151519
chr1:51034150:G:A	1	51034150	-0.367457127796721	0.129896760615151	0.00467170759404167
chr1:54900240:G:A	1	54900240	-0.0550356264623302	0.0613023522186715	0.369306322652607
chr1:55459433:C:T	1	55459433	0.107082218450805	0.113936382165429	0.347298516331413
chr1:56563907:C:T	1	56563907	0.181689423385332	0.0747206682064027	0.0150330497624021
chr1:65351414:T:A	1	65351414	0.00861104320691977	0.0662573607918478	0.896595248400808
chr1:66254178:T:A	1	66254178	-0.00291067731785033	0.0934458611114418	0.975151290971651
chr1:73302339:T:C	1	73302339	-0.0764987872064789	0.0681337246289793	0.26153341140767
chr1:73563666:T:C	1	73563666	-0.148016531427241	0.112511674963366	0.188319759791511
chr1:76062379:T:C	1	76062379	-0.0212789277021686	0.0728221570194376	0.770130631087913
chr1:86928231:G:T	1	86928231	-0.0227285970953849	0.0816443021940569	0.780716381330792
chr1:88611347:G:A	1	88611347	-0.203529202403241	0.0839318130141491	0.0153111221285694
chr1:91057167:C:A	1	91057167	0.1033518539647	0.0965761429278912	0.284547627259748
chr1:91093925:G:A	1	91093925	0.171556064471537	0.0683581225801278	0.0120845359794494
chr1:92475800:A:G	1	92475800	-0.209010896593084	0.0793489468935337	0.00843674157417895
chr1:94752415:G:A	1	94752415	-0.169921698674559	0.0864050833751465	0.0492327329699596
chr1:95614324:G:A	1	95614324	0.0925109455960707	0.095289284997049	0.331626412368703
chr1:99691102:T:C	1	99691102	0.104492337403471	0.0668000467227096	0.117757588930693
chr1:104937367:T:A	1	104937367	-0.0120276317916018	0.0731564420287255	0.869408594578892
chr1:115841221:A:T	1	115841221	0.175300751544139	0.109892536841096	0.110667159167678
chr1:153704237:C:A	1	153704237	-0.00691753548165821	0.0686573973786411	0.919745419115305
chr1:155857667:G:T	1	155857667	-0.023024065780802	0.129265830984936	0.858633377189928
chr1:157334223:T:C	1	157334223	-0.0534239838097361	0.117228004917045	0.648586200702604
chr1:159540226:C:T	1	159540226	-0.167032808477394	0.0886453120148738	0.0595267758006738
chr1:165647351:T:C	1	165647351	-0.166417056915681	0.0678632946450178	0.0141970103272367
chr1:167545338:A:T	1	167545338	0.134464972134032	0.157431265231529	0.393039278052993
chr1:168863629:G:A	1	168863629	-0.110432357383298	0.0975221161913549	0.257473574292486
chr1:171350391:G:A	1	171350391	0.077354460682946	0.070642277289424	0.273509398852807
chr1:173013575:C:G	1	173013575	-0.0793788807906227	0.0787899229773342	0.313706546534728
chr1:178947344:C:A	1	178947344	0.0078599974319224	0.0771725722260093	0.918876036492516
chr1:182872646:T:G	1	182872646	0.0966262575026895	0.14539726806035	0.506327344530954
chr1:185127444:C:G	1	185127444	0.0983697183577596	0.0954836095035191	0.302903822740918
chr1:185619557:C:T	1	185619557	-0.032740170961317	0.0822506723234604	0.690590723227352
chr1:186638909:G:T	1	186638909	-0.0881563383372006	0.0947330210325855	0.352072592261581
chr1:188272062:T:C	1	188272062	0.048190405082415	0.0763403887785957	0.527872495270653
chr1:193365737:C:T	1	193365737	0.0839071456644313	0.0661984200955227	0.204973064683305
chr1:193791070:G:T	1	193791070	0.0598348591827107	0.150785573390434	0.69149957540268
chr1:195033388:T:C	1	195033388	0.0598506413059355	0.113446269013928	0.597799085382363
chr1:195907914:A:G	1	195907914	0.0368999113313277	0.0645901632502911	0.567801012401013
chr1:196692375:G:C	1	196692375	0.127980085439824	0.0686769590389519	0.062390781277645
chr1:197559019:A:G	1	197559019	0.0631158402228911	0.0981493840151518	0.520185846841709
chr1:199160726:G:A	1	199160726	-0.0812236437231998	0.0872015235600963	0.351622114336478
chr1:204277152:T:C	1	204277152	0.0163475371972436	0.0828024147239521	0.843492411476435
chr1:207498131:C:T	1	207498131	-0.102558817602278	0.0774479327827305	0.185426920773106
chr1:208744577:C:T	1	208744577	0.052429106313777	0.104640339911161	0.616342229535729
chr1:210496535:G:A	1	210496535	-0.115914043148981	0.0942970555756003	0.218980521810341
chr1:212937214:T:G	1	212937214	-0.0239120866949116	0.0517984192285548	0.644341381818436
chr1:219750864:A:G	1	219750864	-0.0310664114206156	0.0728109477888238	0.669618060306516
chr1:221920463:G:A	1	221920463	0.0109662082061675	0.100100205820686	0.912764438559006
chr1:227462684:A:G	1	227462684	-0.0591660034526169	0.0998632891193982	0.553535900333896
chr1:234456961:G:A	1	234456961	0.175748897688341	0.0814624422944359	0.0309727675215753
chr1:237308322:A:G	1	237308322	-0.0288710256442859	0.0683709185638475	0.672827548680361
chr1:239000642:T:C	1	239000642	0.0847570557298723	0.163329090587489	0.603806607117336
chr1:242239801:C:T	1	242239801	0.0299488543999317	0.157054796912037	0.848768098734868
chr1:244583991:C:T	1	244583991	0.0390460181299147	0.0582028438480131	0.502309082057911
chr1:246213578:G:A	1	246213578	-0.313235010313948	0.241711876379087	0.19500909860324
chr1:247190028:T:C	1	247190028	-0.21955600606608	0.0925641040068566	0.0176952199265127
chr1:247897239:C:T	1	247897239	-0.0313879871396511	0.0862339522991803	0.715868153935267
chr2:3248328:A:G	2	3248328	0.0204636793488339	0.0632952594771334	0.746464202112411
chr2:4505759:T:G	2	4505759	-0.166488214957418	0.125515496648055	0.184695474885198
chr2:6804400:G:A	2	6804400	-0.116581352741756	0.101573904736588	0.251072175654823
chr2:9411790:A:C	2	9411790	0.0435542351397165	0.0697820301675203	0.532531140647543
chr2:12096367:C:T	2	12096367	0.00421156743398842	0.0832164733168117	0.95963646924211
chr2:13545005:C:T	2	13545005	-0.105116011729893	0.0620735651429949	0.0903774043864982
chr2:16009716:A:G	2	16009716	-0.113734725916643	0.062615970263935	0.069311293486591
chr2:16367899:A:T	2	16367899	-0.135009291650318	0.0688361641624273	0.0498424742868639
chr2:17630111:A:C	2	17630111	0.10810232232155	0.0780981028721491	0.166301423959987
chr2:17928966:C:G	2	17928966	0.00357688552259169	0.0868429358655724	0.967146032284526
chr2:18261494:A:T	2	18261494	-0.0853596707005836	0.0699444480306214	0.222316168395883
chr2:19530615:T:C	2	19530615	0.0399954368384914	0.0736984036115171	0.587342791638586
chr2:19562158:T:C	2	19562158	-0.122608982179189	0.0789189065598068	0.120278138614952
chr2:27383116:G:A	2	27383116	-0.0361376352864404	0.0606112136431251	0.551028073671797
chr2:37762298:C:T	2	37762298	0.043827159023189	0.0892588709754878	0.623418100751047
chr2:42010994:T:A	2	42010994	0.0515061554626346	0.0812359915738454	0.526060442745964
chr2:45824390:C:G	2	45824390	-0.0279593852261682	0.0721757595660473	0.69847552853117
chr2:46742820:T:C	2	46742820	-0.0406526332279387	0.122399832688654	0.739791241090939
chr2:49789441:T:C	2	49789441	-0.0126700353375197	0.0809784427525286	0.875669003961172
chr2:49994518:G:A	2	49994518	0.007689220854909	0.0634651242895549	0.903566971821477
chr2:51284042:G:A	2	51284042	0.0683017478024035	0.0801059350495182	0.39385742673784
chr2:51344078:G:A	2	51344078	0.118750583020783	0.0655152846651868	0.0698992439031956
chr2:57278002:C:A	2	57278002	-0.126825099841518	0.0792081151263342	0.109340830992492
chr2:57368273:A:G	2	57368273	0.0418009935253337	0.0856739364979005	0.625615053047976
chr2:60075157:T:C	2	60075157	-0.0722393513283342	0.0924015891879411	0.434333463894432
chr2:60373837:A:G	2	60373837	-0.00489291454062579	0.0792911034630078	0.950795176919443
chr2:61147014:T:C	2	61147014	0.056868635756133	0.0653107037833093	0.383896186622758
chr2:61693274:A:G	2	61693274	0.0174905476192804	0.0653583922305638	0.788999670862331
chr2:65295480:C:T	2	65295480	0.0232989301851188	0.0842453535468228	0.782117661477671
chr2:66031496:T:C	2	66031496	-0.0408019527406841	0.0658116182894643	0.535270297783218
chr2:69165635:T:C	2	69165635	0.0602540193638446	0.0792045701262163	0.446812870752689
chr2:71204755:G:A	2	71204755	0.16980628296295	0.100860351533725	0.0922632264616371
chr2:72022684:A:G	2	72022684	0.140921830689497	0.0904074578318262	0.119057642572433
chr2:76651386:C:A	2	76651386	0.0619311151351822	0.0628495050869051	0.324433779456616
chr2:79784490:C:G	2	79784490	-0.0355452101687086	0.0719835034059777	0.621449825463752
chr2:82619301:T:C	2	82619301	0.0740145600216224	0.0927706327448434	0.424973115253923
chr2:83181917:T:C	2	83181917	-0.134064032665444	0.200215128710754	0.503112869861662
chr2:83400799:T:A	2	83400799	-0.00934448591749609	0.0764148958774119	0.902672374485168
chr2:85744328:G:A	2	85744328	-0.0656504958333103	0.072178973540023	0.36305907027791
chr2:85757440:T:A	2	85757440	-0.00663586007628601	0.06579066246339	0.919659016048324
chr2:99811694:T:C	2	99811694	0.114303082949482	0.0760562089807269	0.132870915064539
chr2:101228073:A:C	2	101228073	-0.0940556829032811	0.0714521509469903	0.188058267588994
chr2:106861882:T:C	2	106861882	-0.0501064258755462	0.0922960734473069	0.587206954790662
chr2:108083619:T:C	2	108083619	-0.0930918399658586	0.0663467454305681	0.160583779064122
chr2:114129906:T:C	2	114129906	0.0545683988895858	0.132540798398834	0.680551846377404
chr2:118004610:C:T	2	118004610	0.137211258906421	0.0624751160192215	0.0280737276311742
chr2:119455921:A:G	2	119455921	-0.0765659114886756	0.059181028771718	0.19574912897078
chr2:120644763:G:A	2	120644763	-0.0163953831528075	0.0514528624141546	0.74999298696133
chr2:120916837:A:G	2	120916837	-0.0632338132236694	0.0694863270150278	0.362812980008642
chr2:122628686:C:A	2	122628686	0.0961322436707651	0.0844668730596075	0.25507627918927
chr2:122629789:A:C	2	122629789	0.0421433035991293	0.0745801585083786	0.57202347681009
chr2:126391403:A:G	2	126391403	-0.0198650374813661	0.130548090331648	0.879055666751021
chr2:127192867:G:A	2	127192867	0.0831623980393961	0.0635875258905906	0.190927113369012
chr2:130915743:C:T	2	130915743	0.015155443178187	0.0719808883275935	0.833239872197187
chr2:136107122:C:T	2	136107122	0.270218476623923	0.134213108118267	0.0440774180284346
chr2:136507185:G:C	2	136507185	-0.042662819529162	0.0619914681260478	0.491323886596866
chr2:141023592:C:T	2	141023592	0.12159098373023	0.0681706043225733	0.0744841682557467
chr2:143017176:T:C	2	143017176	-0.0270319245502902	0.112249460484688	0.809694562540609
chr2:143920023:G:T	2	143920023	-0.095161878776165	0.0986092315732145	0.334524645525181
chr2:144729333:C:T	2	144729333	0.0667829381912206	0.072515524071229	0.357078214885096
chr2:148561010:G:C	2	148561010	-0.0242051844328622	0.0801298321874429	0.762595219254494
chr2:154835349:G:T	2	154835349	0.0895696778831873	0.0903570968238265	0.321546202166934
chr2:164974626:C:A	2	164974626	-0.147029787474494	0.145370792476232	0.311819202730566
chr2:167086954:T:G	2	167086954	0.0122712196443258	0.0574251341137771	0.830788229693627
chr2:167199229:C:T	2	167199229	0.011688809754213	0.130311556800467	0.928526450746788
chr2:167657344:C:T	2	167657344	-0.145349082556297	0.106740229502423	0.173289883630828
chr2:167884398:C:T	2	167884398	0.0428183962821752	0.117940041931897	0.716565861666582
chr2:168647356:T:G	2	168647356	-0.0585797426671396	0.0861027404288998	0.496284760144875
chr2:170041677:A:G	2	170041677	0.0240835541040012	0.0755108489576577	0.749770766773238
chr2:171274449:C:A	2	171274449	-0.0777135193310233	0.0867036053920926	0.370085921687905
chr2:177787584:G:A	2	177787584	-0.0931793687996729	0.0923204095724948	0.312828809732867
chr2:179648558:C:T	2	179648558	-0.0597430147691113	0.103536414980958	0.563923122500016
chr2:180833197:G:A	2	180833197	0.142704167998344	0.188125172492929	0.448116008191767
chr2:183527028:C:T	2	183527028	0.0632331741180855	0.0794189640303411	0.425917297956511
chr2:184516924:T:A	2	184516924	-0.0188017798131461	0.0692648128790258	0.786046656456197
chr2:191922008:C:T	2	191922008	0.0625098657384464	0.110074339305105	0.570111209849942
chr2:195817951:G:C	2	195817951	-0.146326637592885	0.120225506342112	0.223565620685191
chr2:197010424:G:A	2	197010424	-0.2165890936116	0.120504921463322	0.0722806352885912
chr2:209101337:G:A	2	209101337	-0.0258421679213511	0.0593146289149553	0.663069280671249
chr2:209103516:A:G	2	209103516	0.0130050944460705	0.0799991659254859	0.870860650646045
chr2:210957182:G:A	2	210957182	0.00809463983997152	0.092880350598759	0.930551278570855
chr2:214802180:T:C	2	214802180	-0.031355866365761	0.0681116332821886	0.645257894965022
chr2:215209936:A:G	2	215209936	0.0245261598433882	0.0655073422686754	0.708104348065594
chr2:215367000:G:A	2	215367000	0.0973094149363906	0.12422892366902	0.433446714536884
chr2:220997842:C:T	2	220997842	-0.0424420285857439	0.0683943233753848	0.53489640823233
chr2:226027918:G:A	2	226027918	0.0107834737980809	0.0968442809590417	0.911339928441648
chr2:228947684:G:A	2	228947684	0.032954345002231	0.0807994872955035	0.683381312046357
chr2:233152507:T:C	2	233152507	0.0271528137075204	0.0563926614275205	0.63016436465513
chr2:235620294:A:T	2	235620294	-0.0261194711738194	0.0703917330545685	0.710593745446343
chr2:237288548:A:G	2	237288548	-0.125675514960788	0.0665018695459378	0.0587841464450244
chr2:237513585:T:C	2	237513585	-0.110355290600362	0.0803643884301393	0.169694385777071
chr2:237920759:T:G	2	237920759	0.0855088726486781	0.0644968962678766	0.184911667633143
chr2:240429648:C:T	2	240429648	0.0680432490785806	0.067398928940557	0.312706238728523
chr3:9841346:T:C	3	9841346	0.415689171503952	0.161823486292483	0.0102056796052989
chr3:10127208:T:G	3	10127208	-0.0712058036622199	0.0980081393701119	0.467514234845889
chr3:14082905:A:G	3	14082905	-0.027153643632965	0.0664639229570156	0.682872051602895
chr3:16798495:T:G	3	16798495	-0.133707715693408	0.0760700963530811	0.0788001180155908
chr3:18882818:T:C	3	18882818	-0.106386379237987	0.0553691409114825	0.0546810439820499
chr3:20179943:G:A	3	20179943	0.173350734785118	0.101544589039175	0.0877962076660928
chr3:22245167:A:G	3	22245167	0.0762793618401855	0.0673580603169472	0.257447000642357
chr3:24009496:G:A	3	24009496	-0.0902061579450738	0.0621783279917871	0.14684523735538
chr3:24010534:C:T	3	24010534	0.024348128285216	0.0749848245610216	0.745402524798954
chr3:33111016:C:A	3	33111016	0.115478032939796	0.11168160803214	0.301139301725586
chr3:33421913:A:G	3	33421913	-0.029817193471777	0.0591325927373362	0.614090656485649
chr3:34471110:A:G	3	34471110	0.0375701008388238	0.0634310133190521	0.553650648444994
chr3:34498029:C:T	3	34498029	0.00187262680939404	0.158134865076133	0.990551703456861
chr3:35230331:G:A	3	35230331	0.0449606842959617	0.0919316065977659	0.624794500344794
chr3:41413926:T:C	3	41413926	0.149626283782438	0.0743061250717596	0.044046639344121
chr3:42098050:T:C	3	42098050	0.0361242583838332	0.0621293706072469	0.560946579157987
chr3:46489654:A:G	3	46489654	-0.134072708613713	0.0739240163126128	0.0697307596143292
chr3:56959175:A:G	3	56959175	0.0794734107606995	0.105717059690697	0.45219793854872
chr3:64441608:G:A	3	64441608	0.0502444744801014	0.0624831926971485	0.421323150468787
chr3:66150510:T:A	3	66150510	-0.086493508620986	0.128106642980006	0.499569021465218
chr3:66995763:G:T	3	66995763	0.0191283836957622	0.0611392353318168	0.754382523270928
chr3:68498445:T:C	3	68498445	-0.0245725121660587	0.0771600906231898	0.750134953469603
chr3:68824246:G:A	3	68824246	-0.156337950562019	0.0793953402902452	0.0489407614767595
chr3:69021248:A:C	3	69021248	0.0483671673816237	0.0673847464731201	0.472895289317179
chr3:69617754:T:G	3	69617754	-0.438212858655959	0.0905754343508679	1.31087282728704e-06
chr3:74191731:G:A	3	74191731	-0.0284626778225635	0.0699048183832442	0.683888040909211
chr3:74732240:G:A	3	74732240	-0.0478727428571655	0.0697994103122803	0.492800318218547
chr3:75709324:A:T	3	75709324	-0.0266021168458627	0.0739477172744977	0.719039907063661
chr3:84465702:T:C	3	84465702	0.134448900917619	0.0763319597729164	0.078175628763462
chr3:84817748:G:A	3	84817748	0.0110313761349971	0.076024316765768	0.884629345120196
chr3:85705423:A:G	3	85705423	-0.044229207069378	0.0713688085697413	0.535437264955924
chr3:88069353:C:T	3	88069353	0.0617536235275261	0.0747541743718851	0.408753437333947
chr3:93986190:G:A	3	93986190	-0.0673524536788424	0.0866021561907758	0.436732568599758
chr3:101022648:G:A	3	101022648	-0.133086776500025	0.0876204445788437	0.128787429901526
chr3:105622159:T:C	3	105622159	0.168995411441737	0.0926257676907449	0.068077008335756
chr3:106664728:C:T	3	106664728	0.0109538060623433	0.0726920123795458	0.880221925474337
chr3:110774699:C:T	3	110774699	-0.0721505402170303	0.0829030845094606	0.384136572733006
chr3:113428518:G:A	3	113428518	0.0076079743020933	0.0704550318680613	0.914008855426983
chr3:121058963:T:G	3	121058963	-0.150486488084345	0.113560031716072	0.185114361846322
chr3:122312606:G:A	3	122312606	-0.0326598125889417	0.175639881482815	0.852485861886529
chr3:124193435:A:C	3	124193435	-0.0552153865339287	0.0619627101710627	0.372871927841502
chr3:124804582:A:T	3	124804582	-0.0110313714664492	0.111683074984167	0.921317801966906
chr3:126773646:G:T	3	126773646	0.0334922376690023	0.0767735005094519	0.662657262602693
chr3:131110446:C:G	3	131110446	0.0852740728948603	0.0877682545415391	0.331258446697276
chr3:131209978:G:T	3	131209978	0.0766636786883976	0.0986395075635602	0.437034482535738
chr3:133982842:C:T	3	133982842	0.0788878363976716	0.0619968738641224	0.203213769674455
chr3:134929007:C:T	3	134929007	-0.0935867084628675	0.124045714773633	0.450577030592555
chr3:137777496:C:T	3	137777496	0.0201751319894038	0.119414941625241	0.865836117667627
chr3:146265901:G:T	3	146265901	-0.0512595450407149	0.0653219829235675	0.432617048236017
chr3:148006706:G:A	3	148006706	0.113841129482318	0.151431431383622	0.452191283411033
chr3:149679065:C:A	3	149679065	0.0823026855238135	0.0705999468721892	0.243710969935708
chr3:150888061:C:A	3	150888061	0.0176518867958042	0.119241434783554	0.882315272296251
chr3:152663712:G:C	3	152663712	0.0674990176152394	0.0768875665616845	0.380002062605522
chr3:159417151:A:G	3	159417151	-0.0308703299225373	0.0648704216631407	0.634162137655203
chr3:164899350:G:A	3	164899350	0.110463134322772	0.143538048064859	0.441552696847242
chr3:168053836:T:C	3	168053836	-0.0429173915045727	0.120703697552156	0.722170198139829
chr3:171028381:G:A	3	171028381	0.109069674476998	0.079635313971138	0.170807295380813
chr3:174497130:T:C	3	174497130	-0.0370535855819797	0.0629782583588936	0.556293903821766
chr3:176663180:T:G	3	176663180	-0.184680630888807	0.100107815518717	0.0650641185824855
chr3:196706550:C:T	3	196706550	-0.023090916736876	0.0799457282552061	0.772709634993497
chr4:332191:G:A	4	332191	0.0299958795626411	0.0596987965276561	0.615348432494824
chr4:8816874:T:C	4	8816874	0.0288777407135096	0.0795943961689786	0.716745902936188
chr4:9851274:C:G	4	9851274	0.088463528605308	0.0731427852856884	0.226484828210689
chr4:10725805:A:G	4	10725805	0.00704967239116621	0.0674779633825743	0.916793439723597
chr4:13219910:C:T	4	13219910	0.0996758527398392	0.0611914531891555	0.103330402594485
chr4:18747099:A:G	4	18747099	0.00103974043337144	0.0681222429982387	0.987822470400061
chr4:20840555:C:T	4	20840555	-0.0693439194810239	0.0604831991497558	0.2515887945046
chr4:21137718:C:T	4	21137718	-0.0179613671950836	0.0595722297385517	0.763028899446812
chr4:26851610:T:C	4	26851610	0.0100287305635486	0.0766440525590823	0.895895452055566
chr4:32302160:A:T	4	32302160	0.11304632908557	0.0742442367474861	0.127851883526704
chr4:34501888:A:G	4	34501888	0.0522719274628419	0.153476623635949	0.733415573904053
chr4:40603484:A:G	4	40603484	0.0628592320676916	0.0696867123770729	0.367043013313768
chr4:41002348:C:T	4	41002348	-0.0979729306193508	0.109891223128348	0.37263705605393
chr4:44018406:T:G	4	44018406	0.0614727868743054	0.0711841437200733	0.387821866034157
chr4:44680448:T:C	4	44680448	0.00452457937019174	0.0651797849210882	0.944657767852958
chr4:55337032:C:T	4	55337032	-0.0654316895871694	0.0712861581791964	0.358684993352576
chr4:55659669:G:A	4	55659669	-0.0817451048948977	0.105027796693935	0.436381116344787
chr4:56719096:C:T	4	56719096	0.0309531737148789	0.0789353917209576	0.694959929268232
chr4:58944563:C:T	4	58944563	-0.00610812274142529	0.142934425767655	0.965913782639554
chr4:61158247:C:G	4	61158247	-0.0643065237211344	0.0739793192720101	0.384710401281796
chr4:64485722:G:A	4	64485722	-0.0240156647255078	0.0981571074762617	0.806715388454446
chr4:67708732:C:T	4	67708732	-0.0332186600022853	0.0866133903388917	0.701328316643679
chr4:67911021:C:T	4	67911021	-0.0441844229875083	0.0632857432462447	0.485068754985724
chr4:90022599:G:T	4	90022599	0.125049040170473	0.07374639420521	0.0899496984875391
chr4:95020597:A:T	4	95020597	-0.0330937362502678	0.180337451350175	0.854397827232682
chr4:95433170:T:C	4	95433170	0.0469424192544774	0.0959224948074524	0.624573661359674
chr4:97398054:G:A	4	97398054	-0.138841575674455	0.0617455654384643	0.0245374436263274
chr4:98823404:T:C	4	98823404	-0.0550013443650902	0.0923043566918875	0.55126245709634
chr4:99262681:C:G	4	99262681	0.0834549707257932	0.0760906359494122	0.27273594867565
chr4:99355957:G:T	4	99355957	-0.0632976528953065	0.0737154922626859	0.390519827651728
chr4:101085120:T:C	4	101085120	0.0531114461982864	0.0632017951947622	0.400713792312689
chr4:102399971:C:T	4	102399971	-0.0718528271215312	0.0717119583314195	0.316360801701002
chr4:102884286:T:C	4	102884286	0.0909451527258673	0.0588646233368827	0.122349100046368
chr4:105992845:C:T	4	105992845	0.0459166839863452	0.0696062384462453	0.509469895071279
chr4:108791253:G:A	4	108791253	-0.0349454999242737	0.0732163879500665	0.633155143446914
chr4:110191180:A:G	4	110191180	-0.252820371570375	0.205724993970507	0.219100322049576
chr4:110957298:T:A	4	110957298	-0.00192731789506393	0.0687404798234333	0.977632164574153
chr4:113348012:C:T	4	113348012	-0.028074200774825	0.0740779604677183	0.704701359205991
chr4:115515844:A:G	4	115515844	0.0255185804875553	0.113391263413299	0.821941223614591
chr4:115522695:G:A	4	115522695	0.0708945530003652	0.0708018628239197	0.316677371183649
chr4:120770744:A:C	4	120770744	0.0148366105652617	0.0745266482031939	0.842201788023225
chr4:123964831:A:G	4	123964831	0.0824339196035885	0.0837106569281619	0.324747765345642
chr4:125256344:T:C	4	125256344	-0.10371325817004	0.105384804617803	0.325047351077261
chr4:126268710:T:G	4	126268710	-0.0386799087085311	0.0898840374341717	0.666954710035105
chr4:134094420:T:C	4	134094420	0.0705161265828069	0.100312684147443	0.482078676302126
chr4:134350906:C:T	4	134350906	0.102651121087527	0.0615018765873635	0.0951029152902195
chr4:138952375:G:A	4	138952375	0.157844915604903	0.0608759521505275	0.00951719871765777
chr4:141012527:T:G	4	141012527	-0.0785592644655895	0.121969479745342	0.519517381520262
chr4:141618953:G:A	4	141618953	-0.0182849392007982	0.0917285318253265	0.841998721501249
chr4:143626434:A:G	4	143626434	0.0451659163296016	0.111965312417959	0.686659838048465
chr4:149616644:T:G	4	149616644	-0.00647227088326094	0.0743717228660074	0.930650874040188
chr4:154030957:C:G	4	154030957	0.0875042265951016	0.0954652495523319	0.359348007640996
chr4:168588553:A:C	4	168588553	-0.0474323806391155	0.109244392851055	0.66415341397376
chr4:171334248:A:T	4	171334248	-0.0741209740112049	0.158068836546261	0.639129826420917
chr4:171974219:A:G	4	171974219	-0.00535965917444128	0.0664633853008869	0.935727634734546
chr4:176312841:C:T	4	176312841	-0.0937276677728029	0.0765473303176831	0.220786018441758
chr4:179329624:T:G	4	179329624	-0.0301741720472973	0.0873453777831759	0.729749972233057
chr4:183032183:A:G	4	183032183	0.00583012183736948	0.0714551520755791	0.934971685457416
chr4:184991673:A:G	4	184991673	-0.0610708572371319	0.0815447847470232	0.453902933626729
chr4:189912372:C:T	4	189912372	0.0786168717130767	0.0676462080759426	0.245163547877849
chr5:79496:A:G	5	79496	-0.125425169523282	0.166866360266412	0.452261314585989
chr5:5313703:A:G	5	5313703	-0.0701691695226452	0.0745807118296063	0.346782374169052
chr5:7364955:T:A	5	7364955	-0.0916170147371699	0.12998814052775	0.480928133020806
chr5:8067079:G:C	5	8067079	-0.0773545528967674	0.0834869757524309	0.35416211980598
chr5:13911296:G:T	5	13911296	0.00740025550861393	0.0675975712210498	0.912825615937393
chr5:15621966:C:G	5	15621966	0.0284344779592312	0.0756253388985324	0.706923280577208
chr5:15997511:T:A	5	15997511	0.224244858984389	0.156506316577295	0.151910236774807
chr5:17902851:T:C	5	17902851	-0.103984540181743	0.124735869826498	0.404485099737082
chr5:20719353:A:C	5	20719353	-0.059028206060013	0.0828994180660925	0.476436239012044
chr5:20732163:G:T	5	20732163	0.0049653503612209	0.0834621974738439	0.952560072088395
chr5:21913130:A:C	5	21913130	0.0185690757512056	0.0752002446867126	0.804963640323101
chr5:23682774:A:T	5	23682774	0.161444968199153	0.142371633594892	0.256807701335345
chr5:23787194:A:C	5	23787194	0.0213571401650612	0.0628149670441446	0.733855912064184
chr5:23895775:T:G	5	23895775	-0.00470358899130059	0.0677136255540472	0.944621113543036
chr5:25693600:A:G	5	25693600	0.0548068671997587	0.178837989493341	0.759253677760951
chr5:33466391:T:A	5	33466391	-0.00492450020431641	0.0718771181505896	0.945377457849938
chr5:33624899:A:G	5	33624899	0.0443107970882929	0.093229639879743	0.634582720043401
chr5:39550509:T:G	5	39550509	-0.033301921882015	0.0672110314668412	0.620259236164586
chr5:39634108:G:A	5	39634108	-0.0437421318656521	0.0659133756284857	0.506926778544101
chr5:39978357:G:A	5	39978357	0.0159868676325168	0.0631295405040971	0.800083458302806
chr5:40238036:C:A	5	40238036	-0.103005638004065	0.231940157325226	0.656967125416012
chr5:44011742:G:T	5	44011742	0.00800462239291241	0.0720553803949938	0.911545086519018
chr5:50222627:G:A	5	50222627	-0.105893995725104	0.119281361030507	0.374666369433581
chr5:54814079:C:T	5	54814079	0.0459153036249569	0.0635126667442506	0.469722006567139
chr5:66989845:C:A	5	66989845	-0.0865337428673249	0.0530299393434566	0.102723660547184
chr5:66992139:G:A	5	66992139	-0.0486729042521537	0.0676061659783998	0.471557192395781
chr5:73076502:T:C	5	73076502	0.103419829537091	0.0699624182391834	0.139348964896872
chr5:76998986:C:A	5	76998986	-0.0596453446490687	0.0795774000528248	0.453540125533839
chr5:77675144:G:C	5	77675144	0.2341389862582	0.0884559526576739	0.00812199970346783
chr5:80530472:T:A	5	80530472	0.00747916528909019	0.0915710071787193	0.934904262141556
chr5:81710558:G:T	5	81710558	0.0575048979896468	0.0611011453208275	0.346631726690464
chr5:82792281:C:G	5	82792281	0.0506701652791788	0.106767953165468	0.635084828146726
chr5:84879932:A:G	5	84879932	0.225738767936088	0.0760029243086755	0.00297671170461877
chr5:85476293:A:G	5	85476293	-0.0256629545273159	0.0843340646243147	0.760898453945996
chr5:85809583:T:C	5	85809583	-0.0102677579740354	0.0653292623126635	0.875111379831948
chr5:92192959:A:T	5	92192959	0.0608398580121675	0.0798674039055099	0.446202776397857
chr5:94648523:C:G	5	94648523	-0.0345075792148614	0.089551765690843	0.699987996192589
chr5:98024666:G:A	5	98024666	0.0020704890514514	0.0677630751840925	0.975624568000807
chr5:101328324:T:C	5	101328324	0.0195996786269895	0.0899879170077956	0.827582257732143
chr5:101825779:A:C	5	101825779	-0.101354700999	0.0779245750209009	0.1933690446314
chr5:106773905:G:A	5	106773905	-0.0391110961717888	0.0638278029892799	0.540035337177491
chr5:110045491:C:T	5	110045491	-0.0744777763843089	0.129090690132178	0.563978974854263
chr5:114915760:G:T	5	114915760	0.0886275618827892	0.0809942319541984	0.273847385622881
chr5:115102683:A:G	5	115102683	-0.087740214228597	0.100522551109935	0.382749693293129
chr5:117238479:G:A	5	117238479	-0.0609979328636759	0.076938278812395	0.427884772536473
chr5:121740415:G:T	5	121740415	-0.0071173903375606	0.0648867582775483	0.912655698043731
chr5:137227416:A:T	5	137227416	0.203918278267464	0.0811696501125169	0.0119964804116476
chr5:137406489:C:T	5	137406489	-0.141181047034493	0.0866850002900524	0.103383415815122
chr5:140638650:G:A	5	140638650	-0.011929203041914	0.0788825103022516	0.879796275745382
chr5:142682003:T:C	5	142682003	-0.0121033486891495	0.0572497514503426	0.832564918251725
chr5:144183699:A:G	5	144183699	-0.0807048289459292	0.0889771987405145	0.364391881668623
chr5:145690757:G:T	5	145690757	-0.0539727574725407	0.0825990782979231	0.51347877786589
chr5:147282093:C:T	5	147282093	0.177719878527031	0.0768510155539468	0.0207487808664308
chr5:148033208:G:T	5	148033208	0.0560293107160855	0.0916760591366111	0.541089542731702
chr5:151763317:T:C	5	151763317	-0.120902199895838	0.0911232687853065	0.184575406517702
chr5:153541577:C:T	5	153541577	0.12621907226555	0.0959367876226992	0.188292111667131
chr5:160435085:T:G	5	160435085	-0.0778993045277355	0.129232075451362	0.546650965153111
chr5:164252995:G:C	5	164252995	0.0308093166635378	0.0935950604802319	0.74202210474537
chr5:168245100:T:C	5	168245100	0.0834062999741756	0.0662876537897237	0.208302123300678
chr5:169455657:C:T	5	169455657	0.0903679785462376	0.0648660812261776	0.163575379825286
chr5:169808985:G:C	5	169808985	-0.100665172730905	0.1162372294507	0.386472554899319
chr5:172672695:T:C	5	172672695	0.105807847963799	0.125280318269856	0.398351635546867
chr5:173346700:A:C	5	173346700	0.065609287184506	0.0822556437762981	0.425087226207538
chr5:177122146:G:C	5	177122146	0.00852044693267464	0.0954306972407436	0.928856104835819
chr6:1084246:G:A	6	1084246	-0.104014589715422	0.102856990065213	0.311894657314125
chr6:3041612:C:A	6	3041612	0.0340017944848769	0.0633689610766567	0.591565641204036
chr6:3673174:A:G	6	3673174	-0.112305787832309	0.116321332345504	0.334305017340792
chr6:3786319:G:C	6	3786319	0.0993237371662729	0.0755234274835141	0.188463492871978
chr6:6090729:G:T	6	6090729	0.161402757493162	0.0879699873467256	0.066543038035328
chr6:6354181:A:T	6	6354181	0.0806165133989706	0.0759428577635713	0.2884437741911
chr6:6456261:T:C	6	6456261	-0.0321216826177565	0.0693561763122688	0.643263367805942
chr6:7642514:C:G	6	7642514	-0.00942346839235796	0.0654004242974069	0.885430351925247
chr6:12212257:G:A	6	12212257	0.13772756395874	0.104991870422664	0.189590105459459
chr6:21494280:T:C	6	21494280	0.0695186970535003	0.15962449701941	0.66318940718007
chr6:23163726:T:C	6	23163726	0.0435133402015713	0.104063937993332	0.675844443598943
chr6:23344439:T:A	6	23344439	0.128088240875957	0.062859596489792	0.0415811523169376
chr6:24077828:C:T	6	24077828	-0.181606087919851	0.159209873958776	0.254006854326187
chr6:26287827:G:A	6	26287827	-0.0320704384315778	0.0818939911950727	0.695347006730471
chr6:27261142:G:T	6	27261142	0.114426277308737	0.113624231624267	0.313906539776677
chr6:31108549:A:G	6	31108549	0.009889904243553	0.0696059215948304	0.887013469095717
chr6:31845997:T:C	6	31845997	-0.0178313521375887	0.0962697455802383	0.853054284189249
chr6:32660000:G:C	6	32660000	0.0397512700024368	0.0899602527047293	0.658578991927031
chr6:33148933:A:G	6	33148933	0.0341743693821827	0.069033001659676	0.620569101725668
chr6:37400014:G:T	6	37400014	-0.0458644222894	0.0792340586926394	0.562692200702049
chr6:39124093:C:T	6	39124093	-0.108811485973675	0.0760848079823227	0.152678506231797
chr6:45195864:C:T	6	45195864	0.0161064769823358	0.0980055689164269	0.869461552256342
chr6:46738257:G:A	6	46738257	0.00622561637370152	0.0770500372833833	0.935601283027811
chr6:47717919:C:A	6	47717919	-0.0295941857424309	0.0646168201737381	0.646955975799812
chr6:48859012:C:A	6	48859012	0.19868176032015	0.0916632025104716	0.0301952798733486
chr6:49860743:T:G	6	49860743	0.0555822161694262	0.0787817595597938	0.480485828054039
chr6:53292416:C:G	6	53292416	-0.0435367023424345	0.0606788250357063	0.473069241200459
chr6:54457248:C:T	6	54457248	0.00691214257128816	0.100840342862656	0.945351473691135
chr6:57513520:G:A	6	57513520	0.15628217997587	0.141154230368321	0.268219055114193
chr6:67461006:G:C	6	67461006	0.0030533050452874	0.105973031586988	0.977014454532353
chr6:69504128:A:G	6	69504128	-0.0244164659858158	0.076508813097824	0.749625869352426
chr6:81137001:T:C	6	81137001	-0.0287820200038254	0.0638817807302262	0.652312965542719
chr6:84758749:C:T	6	84758749	-0.0533977836725671	0.0719059313302928	0.457720190606692
chr6:86667874:G:T	6	86667874	-0.0508117311308456	0.157657762087243	0.747231994420347
chr6:87387916:G:T	6	87387916	-0.0155291128267672	0.0596726144843625	0.794679793570108
chr6:88566465:G:A	6	88566465	-0.111007678538938	0.0698874441977993	0.112200890157152
chr6:93273487:T:C	6	93273487	0.0421507447259301	0.104647936957721	0.687105514994959
chr6:97788153:C:A	6	97788153	0.0812543737785084	0.100412394420608	0.418396310673844
chr6:98771646:C:T	6	98771646	-0.294870306040066	0.111974760486587	0.00845436802847299
chr6:104918249:A:G	6	104918249	0.000736334589072602	0.0720543001970285	0.991846430080882
chr6:107129138:A:G	6	107129138	-0.0254958981815273	0.0608750435921331	0.675345136609688
chr6:112187089:T:C	6	112187089	-0.0672554954311741	0.0583250582006228	0.248863214169213
chr6:118046853:T:C	6	118046853	-0.0210611069531935	0.0734043952495701	0.774174433010261
chr6:121081137:A:G	6	121081137	-0.184232624997029	0.232097177851803	0.427327212729077
chr6:123103197:T:C	6	123103197	0.0129682829415028	0.096305060677576	0.892881985565715
chr6:127784009:G:A	6	127784009	0.0371738485986459	0.0736151861313799	0.613576204531661
chr6:129527930:G:A	6	129527930	-0.0426363570748818	0.0739284548442795	0.564125525078986
chr6:137254996:T:C	6	137254996	0.0562029112361048	0.0577795003726977	0.330695617414846
chr6:138165202:C:G	6	138165202	-0.072434619521347	0.100239442308925	0.469915868147012
chr6:139464917:T:A	6	139464917	-0.0735063597815085	0.141542732502394	0.603535697718234
chr6:151547601:G:A	6	151547601	-0.0145187674904861	0.0695477411756319	0.83463581146159
chr6:152638179:C:T	6	152638179	0.0833098791175603	0.0608611834853747	0.17104592068817
chr6:153842833:G:A	6	153842833	0.104013951523321	0.091863567913088	0.257522816810477
chr6:156754666:T:G	6	156754666	0.0567396190326916	0.127098562035113	0.655292303335486
chr6:160701242:A:G	6	160701242	0.144097103241841	0.0982136860647062	0.142327241936323
chr6:160909689:G:C	6	160909689	0.0330173126965711	0.111450684726468	0.767038842707766
chr6:161970870:T:G	6	161970870	0.0944946929579425	0.134494331699169	0.482309810966972
chr6:162760256:C:T	6	162760256	-0.0127382156960626	0.0827205757788327	0.877616912815065
chr6:163629327:G:A	6	163629327	0.126819352236288	0.064131404447341	0.0479860210306893
chr6:167509019:C:T	6	167509019	0.0398134050077075	0.0814585938414411	0.62501420426485
chr7:6986920:C:A	7	6986920	0.0415607763777812	0.113925570569349	0.715255933193995
chr7:7863676:G:A	7	7863676	-0.0501548391760524	0.0686605394480651	0.46509960748045
chr7:8111839:A:G	7	8111839	-0.0146067957584015	0.0642461300055987	0.820146294427456
chr7:9602661:C:A	7	9602661	-0.048030539247332	0.099111362146771	0.627951715718857
chr7:10804524:T:C	7	10804524	-0.0237128782165512	0.182093469417556	0.896389475269276
chr7:11334355:C:A	7	11334355	-0.147638587400155	0.0803368426727757	0.0661000694338257
chr7:12476280:G:A	7	12476280	0.0799860697029337	0.0765143609349977	0.295850473619231
chr7:12972158:C:G	7	12972158	-0.0576844348022068	0.117903793601953	0.624664692162716
chr7:20850990:A:T	7	20850990	-0.0439955248368996	0.0638020960681292	0.490469435772699
chr7:22822020:C:A	7	22822020	-0.0536720379796099	0.0696682082173981	0.441065629444637
chr7:24140802:T:C	7	24140802	0.0292861360634534	0.0593207019636942	0.621523953264763
chr7:24278575:A:G	7	24278575	-0.200348273667453	0.129731269264907	0.122507694336546
chr7:24620726:T:A	7	24620726	0.0215977892944601	0.0667049834013641	0.746104034027905
chr7:24740434:C:T	7	24740434	-0.0764886935618062	0.0645202510233419	0.235820206782708
chr7:28505993:C:T	7	28505993	-0.0554259452995183	0.0777103474921489	0.475698714771123
chr7:36413989:G:A	7	36413989	-0.0388557872714739	0.0809327379394643	0.631156465816113
chr7:41157573:G:A	7	41157573	-0.0434699333867699	0.0979847962402697	0.657303188374093
chr7:43755241:C:T	7	43755241	9.99869164859643e-05	0.0574887046407696	0.998612284322217
chr7:44689517:A:G	7	44689517	-0.0195806914088476	0.0633013001130804	0.757074114324222
chr7:46192346:C:G	7	46192346	0.160275829296234	0.0776312317549226	0.0389628294063458
chr7:46368666:G:A	7	46368666	0.0515175760131986	0.114754815848508	0.653477775178832
chr7:47748540:G:T	7	47748540	-0.31790357248365	0.158792871733853	0.0452845667576894
chr7:48301675:T:C	7	48301675	-0.0588833752516995	0.0604896346310738	0.330331830832743
chr7:51890159:C:T	7	51890159	-0.0249274804226944	0.0651625263121296	0.702058502406035
chr7:53046603:C:G	7	53046603	-0.0216766821716321	0.0745635787181949	0.771270002373195
chr7:55663907:C:A	7	55663907	0.0143463624931675	0.0682723271268723	0.833562800410714
chr7:56122201:A:G	7	56122201	-0.00476977620482682	0.0666427680634234	0.942942284728666
chr7:62910214:G:T	7	62910214	0.0316187412801376	0.114521793986426	0.782476129890604
chr7:65406204:G:T	7	65406204	-0.106242201393188	0.181147662824457	0.55754290987349
chr7:67766433:G:A	7	67766433	-0.021821176022546	0.0659747534442407	0.740833029905328
chr7:68433432:T:C	7	68433432	0.0883222853695019	0.0679412210722782	0.193607537462881
chr7:71020152:T:G	7	71020152	-0.0666532838764525	0.0938205686059967	0.477435296150779
chr7:71553830:T:C	7	71553830	0.0539216447693999	0.0919438023738883	0.55756437048878
chr7:78390279:T:G	7	78390279	0.270023387206245	0.0887129864659903	0.00233620902071441
chr7:83524616:A:T	7	83524616	-0.0528930392339471	0.075438633119432	0.483215682636233
chr7:84786535:C:A	7	84786535	0.0599374834071839	0.0625325079298052	0.33781009055995
chr7:86620755:G:A	7	86620755	-0.0255194588474404	0.0943847592856426	0.786870307819687
chr7:89207269:G:A	7	89207269	0.0998188042361117	0.0803957909183925	0.21438698157093
chr7:91097147:A:G	7	91097147	0.0965285995356319	0.0668838077225211	0.148956189210902
chr7:96212691:T:C	7	96212691	0.237165377859119	0.0980497168422541	0.0155706106099093
chr7:103095283:G:A	7	103095283	0.100255293410602	0.106661236368678	0.347247708565083
chr7:104663551:G:A	7	104663551	0.0323858369363921	0.145189104832435	0.823489049487004
chr7:113434486:A:C	7	113434486	-0.0187170406985688	0.0709194002841683	0.791841644773806
chr7:113749820:G:A	7	113749820	0.144167819806419	0.0597036676763868	0.0157471800178627
chr7:117145973:C:G	7	117145973	-0.0172190051481835	0.0806261989949788	0.830885609217613
chr7:119808046:G:A	7	119808046	-0.0164659989831455	0.0749903409233674	0.826202216594438
chr7:122582926:C:G	7	122582926	0.0849353610085147	0.0796867520551084	0.286484439844165
chr7:124802410:A:T	7	124802410	-0.0466619895829257	0.0686653892998558	0.496785524462731
chr7:129047886:A:G	7	129047886	0.0726609635935474	0.0813687867171026	0.371866142820238
chr7:131384702:T:A	7	131384702	0.0131499752163989	0.0709152373565566	0.852889979856715
chr7:136870573:G:A	7	136870573	-0.185420684672756	0.103534741620316	0.0733088539811806
chr7:142873374:T:C	7	142873374	-0.00959945288469548	0.075344882606784	0.89861840826877
chr7:143187070:C:T	7	143187070	0.115975180376133	0.12679266095613	0.360357703381052
chr7:145116884:A:G	7	145116884	0.00937384293382512	0.0934627775180787	0.920110180730826
chr7:149242006:T:C	7	149242006	-0.0385180749088909	0.0677050750453489	0.569417412471248
chr7:153502245:G:A	7	153502245	-0.0907088074453911	0.0719731353456714	0.207555824247323
chr7:153952270:G:A	7	153952270	0.149604425292957	0.0591237542489546	0.0113945314473581
chr7:154426289:T:C	7	154426289	-0.140594205952509	0.102667130549688	0.170868683195702
chr7:156975524:A:T	7	156975524	0.118310254871619	0.0933395512134679	0.204967476298675
chr7:157677820:C:T	7	157677820	-0.0141009310716914	0.0905697890649908	0.876276330146192
chr8:276778:A:T	8	276778	0.151882997617461	0.070545451268041	0.0313201925214712
chr8:1102873:G:T	8	1102873	-0.00506918808255921	0.0690806121318406	0.941503124579197
chr8:8710521:T:C	8	8710521	-0.0499948193033473	0.0850185443511258	0.556501382762807
chr8:9029509:T:C	8	9029509	0.107251068833546	0.0815175497916687	0.188281227025409
chr8:9109096:A:G	8	9109096	0.0782329518346064	0.0746446504798397	0.294605536078719
chr8:9827297:A:G	8	9827297	0.164028242501825	0.102755223195218	0.110421656985514
chr8:10675470:T:G	8	10675470	0.145962124202601	0.094357020122234	0.121884166727755
chr8:13032868:C:A	8	13032868	0.0749926063861622	0.0953235637901157	0.431447929450736
chr8:14391498:A:G	8	14391498	0.207289107162159	0.12726859350877	0.103365311849799
chr8:16627132:C:G	8	16627132	-0.0388197382094623	0.163820896639394	0.812684324468811
chr8:17129593:A:G	8	17129593	0.089546872447842	0.0968842647401718	0.355347622009312
chr8:20741226:C:T	8	20741226	0.070365274824136	0.0670610667062506	0.294053118965128
chr8:23115837:G:A	8	23115837	0.113852130893832	0.134214681089284	0.396279973875922
chr8:25783762:T:C	8	25783762	-0.0592275584422123	0.0797625961677632	0.457755364293441
chr8:27010051:G:C	8	27010051	-0.0842322460140243	0.0984923963318147	0.392431733010583
chr8:27022227:G:T	8	27022227	-0.051812889319554	0.0724090718443925	0.474264326506871
chr8:28150898:A:G	8	28150898	0.0595018196559918	0.0689454718295734	0.388122495045236
chr8:28528484:G:T	8	28528484	0.124981895757979	0.0651233157843847	0.0549644123901368
chr8:29917542:C:T	8	29917542	-0.0571603905660348	0.113096675914993	0.613269657392957
chr8:37085597:G:A	8	37085597	0.0143764380163035	0.0863420667362908	0.867759072979504
chr8:41788192:C:T	8	41788192	-0.113538381111994	0.0994920371594411	0.253794782205163
chr8:42055528:T:G	8	42055528	-0.354740349042325	0.220190905458839	0.107167052483033
chr8:50763512:C:T	8	50763512	0.161002101376326	0.0930554709318144	0.0835992976967537
chr8:51570259:T:G	8	51570259	0.0573855500341408	0.124748198273001	0.645508286968473
chr8:53142705:G:A	8	53142705	0.0951489482938306	0.0823249778616899	0.247774210232982
chr8:60609620:T:A	8	60609620	0.114397839472783	0.101369188224453	0.259097530684559
chr8:61304314:G:C	8	61304314	-0.108520973573616	0.0785841955454735	0.167293831051731
chr8:61926940:A:T	8	61926940	0.0631479611041587	0.0614017449268393	0.303743279522951
chr8:63445672:G:A	8	63445672	0.0539137761848965	0.0647873365062063	0.40531562236975
chr8:65343369:C:A	8	65343369	0.069692665411678	0.101509999170832	0.492360288324974
chr8:65418628:G:T	8	65418628	0.0613006751993874	0.0579771465421633	0.290363376059273
chr8:71273350:T:A	8	71273350	0.0260533236826166	0.0702907831490871	0.710897759928151
chr8:72033005:T:C	8	72033005	0.0973308291312319	0.131672561529669	0.459792608052208
chr8:72065200:T:A	8	72065200	-0.0729200318443753	0.0660436405349887	0.26954156299328
chr8:73211475:T:C	8	73211475	0.0455797849691713	0.0666613403835833	0.494132158827707
chr8:75992459:A:G	8	75992459	0.0303744190258085	0.0845249135859948	0.71932981116587
chr8:78402394:T:A	8	78402394	0.0125233645312874	0.182991359177791	0.945437834877665
chr8:79795588:T:G	8	79795588	0.19866443420904	0.117534712293336	0.0909778800747891
chr8:86323708:T:C	8	86323708	-0.0323169355686553	0.0738125872778369	0.661513740612452
chr8:89525432:A:G	8	89525432	-0.132139974972892	0.0791189464104498	0.0948910231524933
chr8:92001032:A:G	8	92001032	0.0233822949747625	0.0814081447009646	0.773941544228612
chr8:92645879:A:G	8	92645879	0.117090811360138	0.0860278458991963	0.173488295919246
chr8:95906161:G:A	8	95906161	-0.0134307363263677	0.0599041653280218	0.822598793994068
chr8:96365126:C:T	8	96365126	0.0355821350547294	0.0634519640298395	0.574952436578865
chr8:97430280:G:A	8	97430280	-0.381507823526835	0.194999684418515	0.0504117499854015
chr8:98002322:C:T	8	98002322	-0.0820506428481265	0.0865580083604926	0.343166797049502
chr8:98018653:A:G	8	98018653	0.101635594728042	0.112976378924818	0.368323524479468
chr8:104471980:T:G	8	104471980	0.140425456782741	0.122783930200612	0.25275660215572
chr8:106920372:G:A	8	106920372	-0.0254215817628994	0.0935176173434455	0.785747081076502
chr8:108142424:A:G	8	108142424	-0.14946990651601	0.0577544121669106	0.00965277613528204
chr8:109421925:C:T	8	109421925	-0.0500694118206693	0.078429236701107	0.523211778345492
chr8:116252872:C:T	8	116252872	0.0456629243277017	0.0626727805485207	0.466250904490217
chr8:116821900:C:T	8	116821900	0.0926473821752563	0.129873598469174	0.475619436398208
chr8:119015250:G:A	8	119015250	-0.134066846568746	0.179642034745458	0.455486224766464
chr8:121384602:C:T	8	121384602	0.01562845390367	0.0645219311140106	0.808610278068491
chr8:127029052:C:T	8	127029052	-0.0378384561524886	0.0662118135141141	0.567677087812884
chr8:128437247:A:G	8	128437247	0.0258490554676038	0.0820534876450263	0.752741233222212
chr8:131111695:G:T	8	131111695	0.0999594703898007	0.113574699089279	0.378793799003755
chr8:131315237:G:A	8	131315237	0.0473057940284568	0.0646725201390164	0.464494145362765
chr8:135895676:A:T	8	135895676	0.000481732663901764	0.0812323495576856	0.995268328392207
chr8:138585221:A:T	8	138585221	0.0769444517150574	0.0965108010362844	0.425298539065041
chr8:141605122:C:T	8	141605122	-0.112930334155687	0.0727532701082655	0.120605471960224
chr9:733358:A:C	9	733358	-0.0304568532076965	0.0696192735783327	0.661765220813578
chr9:5461379:C:T	9	5461379	0.00497085466532711	0.0870821174765202	0.954479570937817
chr9:11397008:T:G	9	11397008	0.0609372819663455	0.0919223191892526	0.507380829417875
chr9:11517950:T:C	9	11517950	-0.0945463896109048	0.112666310541697	0.401372914527413
chr9:11955148:T:G	9	11955148	0.0264582322230944	0.067748099483267	0.696138489457412
chr9:12389360:A:G	9	12389360	0.0745474529633749	0.0735433642276387	0.310748350587308
chr9:12615226:G:C	9	12615226	0.181940634417203	0.0562241624747156	0.00121223089424805
chr9:13582959:T:A	9	13582959	0.1959205729148	0.108641949295905	0.0713316559536665
chr9:13820455:C:G	9	13820455	-0.0860496354221939	0.111316008723179	0.439509830052032
chr9:14098421:G:A	9	14098421	0.0704351903550133	0.0780073858375916	0.366563173576156
chr9:18952915:A:G	9	18952915	-0.0844259831225265	0.0597484503531923	0.157648722579337
chr9:21476808:G:A	9	21476808	-0.266521295040354	0.228474104172269	0.24340129064622
chr9:29651949:A:G	9	29651949	-0.0969852934518842	0.0756201614930701	0.199656010484846
chr9:32058643:A:T	9	32058643	0.138831571055658	0.0737751566397733	0.0598604486906077
chr9:37013405:C:T	9	37013405	-0.0473716828157175	0.0582253980931425	0.415879069527786
chr9:37992585:C:T	9	37992585	-0.191654706408651	0.0806677167992026	0.0175083955370684
chr9:72294932:G:A	9	72294932	-0.270943539368301	0.177327283640522	0.126530110757873
chr9:73616570:C:T	9	73616570	-0.00788932504485933	0.0903239750811714	0.93039748436187
chr9:76464251:C:G	9	76464251	-0.0347729194595627	0.0950767685418784	0.714562689137922
chr9:79067117:C:T	9	79067117	-0.225182696286535	0.167222283307144	0.178106840366347
chr9:82773489:T:C	9	82773489	0.103666059168714	0.0987245768381756	0.293693647729775
chr9:89995415:A:G	9	89995415	-0.00847393123410313	0.0703964022287972	0.904186496021572
chr9:91844381:C:T	9	91844381	0.0574011778734484	0.0939952576437915	0.541410364640105
chr9:94568472:C:A	9	94568472	0.0452931245860213	0.0619313062730342	0.464568712875767
chr9:95559980:C:T	9	95559980	-0.0386948614785882	0.234111122921367	0.868720321867315
chr9:96162075:C:T	9	96162075	-0.061553178720463	0.0666014268869355	0.355381101474692
chr9:97240484:A:G	9	97240484	-0.0178431370331272	0.146947479222527	0.903354204056263
chr9:100192956:A:G	9	100192956	0.0485134737015598	0.0849483920048128	0.567936270903372
chr9:100529836:G:C	9	100529836	-0.107750477446077	0.0704080486860346	0.125924776937344
chr9:101460357:C:T	9	101460357	0.149552973757141	0.0879098678146381	0.0889039289965083
chr9:103293239:C:G	9	103293239	0.00188300509752442	0.0904721395589223	0.983394752919332
chr9:105684376:G:T	9	105684376	0.145612191638561	0.211336191681345	0.490818635546706
chr9:106822394:G:C	9	106822394	-0.043770812466295	0.106800589134096	0.681925663743709
chr9:107904127:G:A	9	107904127	-0.0252327983834383	0.075486253568419	0.738175742246275
chr9:117420412:T:C	9	117420412	0.151138420306335	0.0718224076426404	0.0353492178970645
chr9:117972207:C:A	9	117972207	-0.110840378281825	0.0694490842396349	0.110489951198146
chr9:118511323:G:A	9	118511323	-0.0635823064735084	0.122993900528032	0.605187602841909
chr9:121356498:A:G	9	121356498	0.155676076230705	0.10057953761338	0.121672688406949
chr9:124044726:T:G	9	124044726	0.0239952613189757	0.0707011772647916	0.734316070549786
chr9:125005426:C:T	9	125005426	-0.0318877440773076	0.0905093236718694	0.724602440153526
chr9:129533341:A:G	9	129533341	-0.0723892296292818	0.0809540543061539	0.371214137161366
chr9:136630984:C:T	9	136630984	-0.0698566520626156	0.0576792207327175	0.225848126791654
chr10:2050300:A:G	10	2050300	-0.0273561458503415	0.0685057684768137	0.689652889779074
chr10:3113976:C:T	10	3113976	0.0601948796724636	0.0720865238696364	0.403697149259817
chr10:4591592:T:C	10	4591592	-0.0561327156240609	0.0655724947187506	0.391975340394041
chr10:7462546:C:T	10	7462546	-0.12214788250596	0.0783366261808376	0.11893269626485
chr10:7849544:T:G	10	7849544	0.035355622755184	0.0905668251968324	0.69625438663654
chr10:9367893:G:A	10	9367893	-0.0442500860747284	0.0854615356187826	0.604613307714467
chr10:10628189:C:T	10	10628189	0.0276498065674817	0.0757922722845032	0.715252966912032
chr10:14014383:T:C	10	14014383	-0.00430032512288189	0.0740305928852255	0.953678145054173
chr10:16341555:C:T	10	16341555	-0.0204152565851895	0.0712842708675661	0.774577775781799
chr10:18075702:C:T	10	18075702	0.224267728021164	0.0910557713239087	0.0137791043974584
chr10:20923823:C:G	10	20923823	0.0741741698517661	0.122645562676018	0.545322006621755
chr10:26220185:A:C	10	26220185	-0.126368361727647	0.177494236492432	0.47649106321619
chr10:27289376:T:C	10	27289376	0.0865259849907776	0.0615303502631674	0.159655064019889
chr10:27674317:A:G	10	27674317	-0.0179040562724435	0.0773478112466083	0.816946089773056
chr10:28771902:G:A	10	28771902	0.0105911807667032	0.0660562771274771	0.872616622197597
chr10:28891836:C:T	10	28891836	-0.137507974425307	0.0722522379533813	0.0570189391603495
chr10:30622484:G:A	10	30622484	-0.206994243339787	0.112388801620008	0.0655089039640508
chr10:35177843:G:T	10	35177843	-0.0146905284908338	0.103072319580333	0.886664213932472
chr10:43613180:G:A	10	43613180	0.105132416907742	0.0825176984515603	0.202642505060679
chr10:44139011:T:C	10	44139011	-0.0828205786097584	0.127203978429991	0.514991739002716
chr10:45036473:A:G	10	45036473	-0.0800665806017287	0.0764199858354069	0.294768637046843
chr10:51560095:T:G	10	51560095	-0.00574901808858129	0.0609548287995242	0.924858108408893
chr10:54072488:A:G	10	54072488	0.0666963158119577	0.0621563936483819	0.283253031121343
chr10:54082016:C:T	10	54082016	-0.0226337157635795	0.0575457326041285	0.69408535282611
chr10:55299918:G:C	10	55299918	0.0230791102493158	0.072497969963434	0.750225931513189
chr10:56747004:T:C	10	56747004	-0.0536865787100797	0.12411155315931	0.665329271242671
chr10:57761967:T:C	10	57761967	0.0828768087395471	0.0630686874342746	0.188821909013025
chr10:61894829:G:A	10	61894829	0.0204382918016085	0.139474827455287	0.883497092806977
chr10:62473064:C:G	10	62473064	-0.594830829886892	0.394549104807447	0.131651351151661
chr10:65713195:A:G	10	65713195	0.129617725824456	0.129554888947072	0.317075842886962
chr10:69232402:C:A	10	69232402	0.0792773767536741	0.0609752322824724	0.193547155511369
chr10:79437519:C:T	10	79437519	0.000777303787822865	0.117211436214201	0.994708757391725
chr10:81546102:G:A	10	81546102	0.178746111958442	0.0806257168864161	0.0266240258730276
chr10:82354363:C:G	10	82354363	-0.143346344375882	0.103168215930858	0.164698114965
chr10:84591955:C:T	10	84591955	-0.0882557611300796	0.120873692930365	0.465299339566402
chr10:84989741:G:A	10	84989741	-0.0369975563749647	0.0826895232733747	0.654566513725202
chr10:86779196:C:A	10	86779196	0.148868464371999	0.110015379698618	0.176004366522762
chr10:91053424:A:C	10	91053424	-0.0976570191149379	0.0834286935564855	0.241781817156705
chr10:93612452:G:A	10	93612452	-0.0257050786375348	0.0729484532690633	0.724558411131892
chr10:93671121:T:C	10	93671121	-0.0282752854881547	0.0775103476935676	0.71526541815864
chr10:101249704:C:T	10	101249704	-0.0408280178468613	0.102020976443268	0.68901482319024
chr10:102352980:T:C	10	102352980	-0.0127956233184438	0.0837128883888116	0.878515546164469
chr10:104637359:T:C	10	104637359	-0.0346898182685023	0.0985361164027782	0.724799406656224
chr10:108480456:T:C	10	108480456	0.0470249504654067	0.0689365245407294	0.495145021982932
chr10:109264424:C:T	10	109264424	0.0989947292173401	0.0929431255137853	0.286825780607808
chr10:111352001:T:G	10	111352001	-0.00881626943211939	0.0973836038030303	0.927864979987927
chr10:118828443:C:T	10	118828443	-0.0558094342520403	0.0779749179966473	0.474154548804257
chr10:120152982:A:G	10	120152982	0.0297152791270567	0.089565391211949	0.740061511636409
chr10:121580593:A:G	10	121580593	0.0479310914271524	0.0866160207340307	0.580007041767973
chr10:121611573:C:G	10	121611573	0.0027352626908845	0.0812097139725434	0.973131153952528
chr10:121734173:T:C	10	121734173	0.122850344716441	0.0695743457538366	0.077439142325237
chr10:121910644:T:A	10	121910644	0.177575514315415	0.0846304018077249	0.0358833029146286
chr10:122561189:A:G	10	122561189	0.0252416064354917	0.0643319033618614	0.69478832269478
chr10:123750431:C:G	10	123750431	0.0197857434960593	0.0697991442606429	0.776818990471306
chr10:127533155:T:C	10	127533155	0.00814649045491958	0.062779868717652	0.896754109087458
chr10:129953349:A:G	10	129953349	0.134629653728262	0.0887730568058158	0.129377848765471
chr10:130263340:C:T	10	130263340	-0.168330650299667	0.139665484179302	0.228110050875301
chr10:130662147:G:T	10	130662147	0.0651158767667569	0.110787575848393	0.556697206450832
chr10:131485315:A:G	10	131485315	-0.0712111418277415	0.175652015939678	0.685175918719624
chr10:131819683:A:G	10	131819683	0.1080244271802	0.0630048931784684	0.0864295460237344
chr10:131953941:A:C	10	131953941	-0.00746741484399199	0.0915277450316032	0.934975654462238
chr11:388357:C:T	11	388357	-0.00590903618604686	0.0697986166525891	0.932533003598361
chr11:2257707:C:T	11	2257707	0.075176165065492	0.0593987485256722	0.205649638838589
chr11:3623903:G:A	11	3623903	-0.167394058970388	0.0902191117167677	0.0635367247693327
chr11:5806222:C:T	11	5806222	0.0149202612673436	0.0672097280545732	0.824317339126376
chr11:9789492:C:A	11	9789492	0.0906054291403754	0.0708688304695983	0.201075027525641
chr11:14569664:T:G	11	14569664	-0.0468507041820604	0.0861988371367794	0.586772525296357
chr11:21819583:A:G	11	21819583	0.127982164914057	0.0974859890459125	0.189241504313991
chr11:36019710:C:A	11	36019710	-0.0586121637416755	0.0639404953485532	0.359316985776949
chr11:39635569:C:T	11	39635569	-0.0799230663126659	0.0728244912607509	0.272433756874776
chr11:40512905:C:G	11	40512905	-0.063704052558421	0.101866899697926	0.531731148974296
chr11:41632790:A:T	11	41632790	0.0360469105710572	0.0899189494585693	0.688506820529957
chr11:42744986:A:G	11	42744986	0.0629677041981278	0.0645258228926792	0.329137420807744
chr11:43201079:C:T	11	43201079	-0.0519130404567788	0.0974998052527988	0.594419553471311
chr11:43982585:G:A	11	43982585	-0.0468153219182016	0.116790854253455	0.68853240496197
chr11:44330300:A:G	11	44330300	0.0437418404394168	0.0735055233265794	0.5517884180313
chr11:49875094:A:G	11	49875094	-0.0254183734799348	0.057884797359899	0.660574572227962
chr11:50253126:G:T	11	50253126	0.0508403446994982	0.0754875899888059	0.500633858535805
chr11:55906271:G:A	11	55906271	0.00350715048043248	0.0646037122698813	0.956706398840284
chr11:56124264:C:A	11	56124264	-0.128181676157976	0.106795631172478	0.230041462740255
chr11:57305789:G:A	11	57305789	-0.052053046319134	0.0575929041689912	0.366096125109682
chr11:58998793:A:C	11	58998793	-0.0135053146350522	0.0848967433652421	0.873606395548711
chr11:60456695:C:T	11	60456695	-0.026862582243328	0.149860846148797	0.85774127113784
chr11:62505064:A:G	11	62505064	0.138190202984788	0.14333002277782	0.334975758907272
chr11:63184971:C:T	11	63184971	0.0330892399688537	0.0619206798429213	0.593077904048865
chr11:65009160:T:C	11	65009160	0.206962490655781	0.0888620327537472	0.0198573867477159
chr11:70801858:T:C	11	70801858	0.0380845498825717	0.0651380712508863	0.558766803221044
chr11:71334794:T:G	11	71334794	-0.121712535989458	0.0789108508758741	0.122975068680281
chr11:72713691:C:T	11	72713691	-0.0405210624936208	0.105556494031589	0.701067140740087
chr11:77208574:G:A	11	77208574	0.0560084720434309	0.0745442806215456	0.452445057617337
chr11:77376654:A:G	11	77376654	0.108644277083327	0.0908714683074439	0.23185978251156
chr11:77897055:A:G	11	77897055	-0.275385099569472	0.164632106045809	0.0943804165435398
chr11:79339250:G:A	11	79339250	-0.395084603686608	0.223887732559301	0.0776217680928123
chr11:81783030:C:T	11	81783030	0.0125607022357963	0.0769539825885492	0.870342424520748
chr11:83962252:C:T	11	83962252	0.00322308942093168	0.0920500161216431	0.972068142846172
chr11:86328783:G:T	11	86328783	-0.0363110218840548	0.0700438240375005	0.604176192126885
chr11:86644523:C:T	11	86644523	-0.184791488387607	0.11521072034851	0.108726502654457
chr11:93046218:A:C	11	93046218	0.0191885404257193	0.0659617420457469	0.77112467454214
chr11:99371984:G:C	11	99371984	-0.0629666225140578	0.101686560894378	0.535769687306895
chr11:100626548:G:A	11	100626548	-0.285039005359752	0.160802483475219	0.0762944722601526
chr11:104129521:G:A	11	104129521	0.0142070752135383	0.120681110237544	0.906286269709758
chr11:108728662:A:G	11	108728662	-0.16506455054094	0.122539422561905	0.177969855568731
chr11:110338613:G:A	11	110338613	0.0501842332974874	0.102309994039137	0.623771961952902
chr11:110396347:G:A	11	110396347	-0.141288230023588	0.118024646157735	0.231264521930901
chr11:113789228:G:C	11	113789228	0.199615665129662	0.112134834696732	0.0750531094192244
chr11:113800784:C:T	11	113800784	-0.093734936285972	0.113155952140901	0.40746129008841
chr11:115616504:A:T	11	115616504	0.000810202553397398	0.0627819267731456	0.98970356280966
chr11:119630310:G:A	11	119630310	-0.0898517698981806	0.0846134295084909	0.288276958221622
chr11:123267436:G:A	11	123267436	-0.0352181246522373	0.0778458522204611	0.650974730037662
chr11:125907492:T:C	11	125907492	0.0951120215673695	0.0636942018698841	0.135369069091778
chr11:126829359:G:A	11	126829359	0.0738960306632659	0.0790592441822733	0.349947131751241
chr11:130038952:T:C	11	130038952	-0.124195304333568	0.138042384426836	0.368285433631379
chr11:130290657:C:T	11	130290657	0.0415011114812295	0.0940727540879516	0.659097359115956
chr11:131355535:G:A	11	131355535	0.0541705387875429	0.0627174923053887	0.387740091629184
chr11:133238417:A:G	11	133238417	0.0287039000007655	0.0714841073507988	0.688020828149514
chr11:133300920:A:C	11	133300920	0.148463696934729	0.161539537054069	0.358066877173016
chr11:133409278:A:G	11	133409278	0.144204845539514	0.0992218261578579	0.146124351366362
chr11:134309503:C:T	11	134309503	0.0163224235932073	0.0579625251130902	0.778247904756052
chr12:5192681:C:T	12	5192681	0.0498997000452758	0.0631157986478814	0.429174213236765
chr12:5448727:G:A	12	5448727	-0.0167958418946875	0.0698272618536385	0.809916183256185
chr12:6639294:C:T	12	6639294	0.0282048993856382	0.107302842860623	0.792663702051015
chr12:19523028:C:A	12	19523028	-0.0215487580299859	0.0694967959940295	0.756508967207397
chr12:19758400:A:T	12	19758400	-0.0909249655578327	0.138862767769954	0.512607542867068
chr12:20003679:T:A	12	20003679	0.0572118601998333	0.0757766025069218	0.450244822752537
chr12:21333090:G:A	12	21333090	0.101433605807167	0.0596337378824549	0.0889536382022638
chr12:25518059:A:T	12	25518059	0.103613977700776	0.0694468827485254	0.135702057156853
chr12:28965843:C:T	12	28965843	-0.144940094212034	0.0776709826100841	0.0620304852898373
chr12:32086665:A:C	12	32086665	0.0521209010047074	0.081221128476842	0.521057572054233
chr12:44631613:C:T	12	44631613	0.161303487694712	0.0889432945689679	0.0697463831156846
chr12:48567461:T:G	12	48567461	0.0188538156720361	0.071411716972206	0.791767807759336
chr12:51039498:T:C	12	51039498	0.0751422232529929	0.0927319290283106	0.41775822586692
chr12:52880890:G:T	12	52880890	0.136715491141694	0.101751821749497	0.179072225908316
chr12:53646626:C:G	12	53646626	-0.0644759162834675	0.102634604706574	0.529867457133006
chr12:53680144:C:A	12	53680144	-0.0655231567063705	0.0830656062771848	0.43022182664438
chr12:54366280:G:A	12	54366280	0.094009027913245	0.0654674911222432	0.151012292036131
chr12:55599330:T:C	12	55599330	0.153313688094451	0.117147039361255	0.190626279185967
chr12:56675083:C:T	12	56675083	-0.024096389957001	0.0675543668944161	0.721319206373812
chr12:57436134:C:T	12	57436134	0.0169595856584237	0.0896883497947237	0.850018647242312
chr12:58724212:C:T	12	58724212	-0.0172711401303751	0.0787663554328316	0.826439320636499
chr12:59048769:A:C	12	59048769	0.0777700885800643	0.0754459900252856	0.302632367374975
chr12:59161225:G:A	12	59161225	-0.199385759126893	0.0990148756106771	0.0440415661682636
chr12:59226687:C:T	12	59226687	0.0524054572558076	0.0768495367240763	0.495287718236726
chr12:63113400:T:C	12	63113400	-0.0290279350382916	0.0859959137720928	0.73570220112263
chr12:64271340:C:T	12	64271340	0.067314017496411	0.0720571509108216	0.350213425032773
chr12:64756705:C:T	12	64756705	0.00529774007013124	0.0691811729800648	0.938959442634356
chr12:67050802:C:T	12	67050802	-0.00292808897737916	0.0729320278947922	0.967974981981156
chr12:71564908:A:G	12	71564908	0.063987440357789	0.108702252959611	0.556096954784251
chr12:73909094:G:A	12	73909094	-0.0381711253357048	0.0633774065242187	0.546985871474497
chr12:81126959:G:A	12	81126959	-0.0557650478172294	0.058888878486678	0.343662316583688
chr12:83608380:A:G	12	83608380	0.00974516276768859	0.0598618364197534	0.870680435655831
chr12:90727178:A:C	12	90727178	-0.109366825793326	0.0647590526557644	0.0912526200615388
chr12:92596791:C:T	12	92596791	-0.0703419543865147	0.0836947882725019	0.400651640825253
chr12:95914573:A:T	12	95914573	0.171695449234838	0.0906450459932033	0.0582049044571614
chr12:101611098:G:C	12	101611098	-0.0309675323889157	0.097351506387899	0.75040894177011
chr12:105967464:T:C	12	105967464	0.0372659570052693	0.0622857765098395	0.54963573952335
chr12:109533295:C:T	12	109533295	-0.0122897767077778	0.0949778612571539	0.897044134563304
chr12:112209515:G:A	12	112209515	0.146721993251676	0.117222465839582	0.210695890872694
chr12:120976632:C:A	12	120976632	-0.0888286628524987	0.107282847480387	0.40767860220362
chr12:125875525:T:C	12	125875525	-0.00179319783584607	0.0801885759848298	0.982158984471346
chr12:126449337:A:G	12	126449337	-0.0875640942183198	0.0631596911023968	0.165627219807071
chr12:131091094:G:A	12	131091094	0.0430407902732815	0.0638033376468104	0.49993930878629
chr12:132776953:G:A	12	132776953	-0.427048997612032	0.204850750963282	0.0370980317788701
chr13:19545220:A:G	13	19545220	-0.0289553969970005	0.0653377685786759	0.657646561160783
chr13:22977365:T:G	13	22977365	-0.0404856857052047	0.0821615046832307	0.622184046429919
chr13:24330599:T:C	13	24330599	0.0464894917623188	0.0812952708660583	0.567417006859601
chr13:24623185:A:C	13	24623185	-0.0169230576164214	0.0840324181097678	0.840395783801926
chr13:25202506:T:G	13	25202506	0.0940678311982651	0.120008358729973	0.43313165592829
chr13:26234118:A:T	13	26234118	-0.0359875283675435	0.0820877557058652	0.661094083801401
chr13:26494236:G:A	13	26494236	-0.00452080102309371	0.072676951687877	0.950400334165707
chr13:27255876:A:G	13	27255876	-0.125343107786771	0.112383212815621	0.264713840571513
chr13:42909938:A:G	13	42909938	0.0167196180270555	0.0787633076414525	0.831891142205479
chr13:45470952:C:T	13	45470952	0.0464381238721773	0.126433762852529	0.713401136763186
chr13:45708351:G:A	13	45708351	0.0653297437612927	0.115519071931162	0.571711894519931
chr13:45809177:C:G	13	45809177	-0.031813906038799	0.0634128978670954	0.615882390114228
chr13:50558767:A:T	13	50558767	-0.140086663215147	0.111067870870511	0.207211295028835
chr13:58710908:G:A	13	58710908	-0.00886407315255474	0.0741377851291447	0.904830002724656
chr13:58934154:C:T	13	58934154	0.0246095520560731	0.0646460062942063	0.703439443998037
chr13:70397215:T:C	13	70397215	-0.004952196104225	0.0694593937937655	0.943161959084904
chr13:70990050:T:C	13	70990050	-0.030526465212765	0.116491128173278	0.793283125370669
chr13:75832713:T:C	13	75832713	0.0413421083790109	0.121061146256321	0.732728902647402
chr13:86776101:G:A	13	86776101	-0.016437579133262	0.0651788670894157	0.800892776566448
chr13:91472230:T:C	13	91472230	-0.0221273892942649	0.072022002594252	0.758667578542708
chr13:93235990:C:T	13	93235990	0.0843498821254525	0.0804369983464332	0.294341387753981
chr13:96765286:G:A	13	96765286	0.0123743808946655	0.0817055410398622	0.879620009497603
chr13:102180181:A:G	13	102180181	0.0628394068745604	0.0749979533664436	0.402097190884688
chr13:104405113:C:T	13	104405113	0.0595823643146896	0.10160837654557	0.55761195264097
chr13:106009559:G:C	13	106009559	0.0735450124067047	0.0672939091859025	0.274440977082585
chr13:106084136:A:G	13	106084136	0.0626270041829777	0.067888574967924	0.356269414093794
chr13:112716578:T:C	13	112716578	0.0699529257441424	0.0731811955040141	0.339129518675871
chr14:21167555:A:G	14	21167555	-0.00567892264725222	0.0845434127935859	0.946445034259191
chr14:26929954:A:G	14	26929954	0.061934285622657	0.0688153365430069	0.368116517572825
chr14:27823594:G:A	14	27823594	0.0323765804903845	0.0820828076981037	0.69325767526913
chr14:34182794:A:C	14	34182794	0.0775638150956782	0.124567658598712	0.533505246773261
chr14:38216062:T:A	14	38216062	0.105632295711196	0.0785147233761117	0.17850190444232
chr14:38962987:G:A	14	38962987	-0.0337893493986545	0.11295819918349	0.76483975409543
chr14:39925237:C:T	14	39925237	-0.106223662081734	0.0809134023586125	0.189248069529989
chr14:44446011:A:G	14	44446011	0.0871442765229624	0.0764502266731422	0.254335251190821
chr14:48685878:C:A	14	48685878	0.0493890043226399	0.0918560976541015	0.5907993592641
chr14:51426205:T:C	14	51426205	0.0095754052669887	0.0745253865202578	0.897765051512487
chr14:52881822:T:G	14	52881822	0.0698335266314317	0.0985402790906763	0.478523068426098
chr14:53358297:A:G	14	53358297	-0.129291240119203	0.0687996867643842	0.0602114985330251
chr14:56254615:G:A	14	56254615	0.0195992815492231	0.0617593414575062	0.750978600483264
chr14:57978070:T:C	14	57978070	0.0757665582189083	0.0650412993888217	0.244059793676301
chr14:62445185:T:C	14	62445185	0.0242189518772338	0.0667039325412894	0.716544138309493
chr14:67518615:G:A	14	67518615	-0.025075765777473	0.0731319445902618	0.73168581044909
chr14:68863518:T:G	14	68863518	0.0280599699014916	0.0758745241601352	0.711516088060206
chr14:77734277:G:A	14	77734277	-0.0358352253117872	0.103543430248982	0.729275952745714
chr14:81022028:G:A	14	81022028	0.101558572297843	0.12621773923017	0.421033257903201
chr14:81884763:T:G	14	81884763	0.00972478099964976	0.142489064035479	0.945587170851517
chr14:82929256:T:A	14	82929256	-0.0633821433841611	0.104849317976769	0.545506637483765
chr14:84531019:T:G	14	84531019	-0.136163278995072	0.0844331411649957	0.106814972349678
chr14:84812257:C:T	14	84812257	0.11306538228217	0.116940959887567	0.333614684444799
chr14:90804831:C:G	14	90804831	-0.00859517810171258	0.0714941064554095	0.90430713961104
chr14:91397629:G:T	14	91397629	0.0550143419722091	0.0856846220046559	0.520836699763404
chr14:91532430:A:C	14	91532430	0.20352897950291	0.116589733977995	0.0808656586301766
chr14:91961156:T:C	14	91961156	-0.0985152852874019	0.0699294394483195	0.158899851877613
chr14:92998270:C:G	14	92998270	-0.128671180148973	0.093095699588936	0.166929081634959
chr14:93757265:G:A	14	93757265	0.0105310100653964	0.11268855325099	0.925544203536287
chr14:93769225:C:T	14	93769225	0.0584438780894549	0.128710483242945	0.649776717321463
chr14:98340169:A:G	14	98340169	0.0522671644834024	0.0651170217061818	0.422168296754604
chr14:100721312:C:T	14	100721312	-0.0790689636028579	0.0870709331272436	0.363826305252453
chr14:102093442:A:G	14	102093442	-0.0723518920350496	0.105049290397033	0.490985438911693
chr15:24165057:A:G	15	24165057	0.0437331774963761	0.0740749276157127	0.554928480532374
chr15:26353849:A:G	15	26353849	0.00605723312664105	0.068817093994683	0.92986132858129
chr15:28182824:G:A	15	28182824	0.0353831819650583	0.119953098614628	0.768012871194082
chr15:33665926:A:G	15	33665926	-0.0461664532791069	0.0834782029408741	0.580238744202639
chr15:34880184:A:T	15	34880184	-0.0148552076023341	0.0706371594477235	0.83343118228424
chr15:37080410:C:T	15	37080410	0.081413763894646	0.0741855333775236	0.272451497938856
chr15:37762539:C:G	15	37762539	-0.027440576701277	0.143648606397935	0.848505452161222
chr15:52558833:C:G	15	52558833	-0.0821238615309682	0.0719180966020828	0.253492195465413
chr15:55712443:A:G	15	55712443	0.00238163982302445	0.0999122839948731	0.980982381523268
chr15:57522102:A:T	15	57522102	-0.0461266142235653	0.0662734250129423	0.486425896475543
chr15:57590535:T:C	15	57590535	0.115518451991641	0.0991019974015724	0.243755131546546
chr15:58439508:G:A	15	58439508	0.088545581176909	0.120185744704228	0.461280802650551
chr15:69786285:T:C	15	69786285	-0.135455929107828	0.0715147114445211	0.0582118970332506
chr15:71331250:T:C	15	71331250	0.0771587204190088	0.0970670591832174	0.426670984599503
chr15:74245092:G:C	15	74245092	0.100934471116773	0.0927442956161983	0.276458625924749
chr15:76807237:T:C	15	76807237	0.0975155544566072	0.104376887029568	0.350167796318325
chr15:77734259:G:A	15	77734259	-0.0401905605026563	0.0641897541323921	0.531235502860355
chr15:79750604:G:T	15	79750604	-0.0553491022785939	0.069386382106947	0.425048073257345
chr15:81697597:G:A	15	81697597	0.0335808286571887	0.0728408501772083	0.644786817930858
chr15:87989871:C:T	15	87989871	-0.0252200251454342	0.0600638354114397	0.674567986944579
chr15:88891382:T:C	15	88891382	-0.0773468879122621	0.0671183773383199	0.249158761276001
chr15:89804552:C:T	15	89804552	0.0475541238648561	0.144246185923771	0.741646789840524
chr15:94791129:A:G	15	94791129	0.0872862713332187	0.0765989465211274	0.254485026390663
chr15:97043895:A:G	15	97043895	0.0250767929664012	0.0800508145613158	0.754082427344766
chr15:98725394:C:T	15	98725394	-0.170430494290489	0.170871166511438	0.318560189436384
chr15:100978492:T:G	15	100978492	0.0160975777215362	0.0672825232864325	0.810909036867522
chr16:2671727:C:T	16	2671727	0.111192591954564	0.11082574245513	0.315711241811016
chr16:4957642:T:C	16	4957642	-0.0704372501098659	0.0627808482495589	0.261881820792041
chr16:5603936:C:T	16	5603936	0.175437051136886	0.163149304509823	0.28223329272309
chr16:5884026:G:T	16	5884026	0.089252431404354	0.0600491400102832	0.137193646557407
chr16:6848656:G:A	16	6848656	0.0711875044089984	0.0680425827446183	0.295459515195418
chr16:7909855:G:A	16	7909855	0.0863599926702972	0.060919720866761	0.156306638530481
chr16:8273542:C:G	16	8273542	0.0718276880786947	0.0725188233605536	0.321944653676599
chr16:12394716:C:T	16	12394716	0.0188675276953891	0.0885075791432443	0.831191132436232
chr16:13985277:C:A	16	13985277	0.216735287536975	0.0950267758935834	0.0225613951642133
chr16:17779668:G:A	16	17779668	-0.0565860254131604	0.0980543671357774	0.563879825714088
chr16:29740733:G:C	16	29740733	0.0308352418255591	0.0972138103870016	0.75109948953144
chr16:31127124:G:A	16	31127124	-0.0911580496332476	0.0788431831224955	0.247601635226208
chr16:56688556:C:T	16	56688556	0.0584982250672302	0.0677477458248904	0.387878466228078
chr16:60324635:A:C	16	60324635	-0.167472567250931	0.0839965086811595	0.0461734883593506
chr16:60499572:C:T	16	60499572	0.00454152345141728	0.0624469303844322	0.942024056473452
chr16:62273123:C:T	16	62273123	-0.00427831397789471	0.0581478042431059	0.94134734255139
chr16:65972427:C:T	16	65972427	-0.0672875431346704	0.0631192880823568	0.286406582594535
chr16:69246420:T:C	16	69246420	-0.0888032923997184	0.0634370926339573	0.161554094689229
chr16:71908403:G:A	16	71908403	0.054991633705761	0.0698702980277088	0.431250790564795
chr16:72103328:C:A	16	72103328	-0.026160590468864	0.0585042095125968	0.654761414059395
chr16:74837740:A:C	16	74837740	-0.0174784293441041	0.101209884411916	0.862891264604358
chr16:79886631:C:T	16	79886631	-0.161348382338269	0.102906933104559	0.116903106529397
chr16:81396153:C:A	16	81396153	0.0117873560579269	0.0612391125325085	0.847365571737157
chr16:82294878:C:G	16	82294878	0.115481373197529	0.0651082428257677	0.0761156260440152
chr16:82421890:A:G	16	82421890	0.0628575621025792	0.0701211172996276	0.370031610165169
chr16:83827178:T:C	16	83827178	0.0421041560419958	0.0685448593003234	0.539045547182297
chr16:84032337:C:T	16	84032337	-0.29600363713503	0.153705005116499	0.0541305393876409
chr16:89303022:G:A	16	89303022	-0.126754801328641	0.13461253130929	0.346383613495387
chr16:89331863:A:T	16	89331863	-0.16164310885359	0.0736199536184996	0.0281175321762382
chr16:89337630:T:C	16	89337630	-0.0986838440542388	0.070613370514973	0.162256207718616
chr16:89479873:T:G	16	89479873	-0.026643117062021	0.0728633934945299	0.714619938413368
chr16:90035976:C:A	16	90035976	0.0171254446579202	0.0761689667189649	0.822107687811354
chr17:2489248:C:G	17	2489248	-0.00687199200008347	0.0694409324020898	0.921168687986148
chr17:4018176:C:A	17	4018176	0.0304334661320164	0.102747574076829	0.767080063891604
chr17:4147521:T:C	17	4147521	0.0399756334455007	0.0858242270960159	0.641369437775927
chr17:6949267:T:C	17	6949267	-0.0952049147593843	0.0849739184952728	0.262542660832025
chr17:7929448:A:G	17	7929448	-0.120496701369384	0.063183627391585	0.0565092671527471
chr17:10308301:C:T	17	10308301	0.144218594156561	0.15911224824305	0.364726659008729
chr17:12174148:T:C	17	12174148	0.0095379219382744	0.0850096965879506	0.910666377614748
chr17:14402381:C:T	17	14402381	-0.10373496521061	0.116901347308499	0.374878732176505
chr17:15219976:C:T	17	15219976	-0.0710889208603907	0.072096126579235	0.324118546979581
chr17:16482403:T:A	17	16482403	-0.00709479648913532	0.0722949093757996	0.92182360676985
chr17:18684803:A:G	17	18684803	0.181816471510177	0.0720783795462239	0.0116529654044065
chr17:20040710:T:C	17	20040710	-0.0551816256484202	0.0770962868670118	0.474146064922417
chr17:21275023:A:C	17	21275023	0.12021879484411	0.064201584909481	0.0611346048620893
chr17:30609729:C:T	17	30609729	0.0365484262873928	0.108491356269762	0.736208348076512
chr17:31554254:C:T	17	31554254	0.204406089062603	0.0818435861183128	0.0125064996897851
chr17:33472425:T:G	17	33472425	0.116528797338061	0.0865606559131233	0.178234887595517
chr17:44156671:T:A	17	44156671	0.03371170828705	0.0648367790995875	0.603100306132674
chr17:45754773:C:T	17	45754773	0.0236016661330892	0.0703267336318715	0.737172370366415
chr17:48779278:C:T	17	48779278	0.0410185762440332	0.0592161467765647	0.488502594567355
chr17:52703044:C:G	17	52703044	0.12355552934775	0.0822260554378041	0.132933881373639
chr17:53282498:G:T	17	53282498	-0.0169359590995723	0.0762024989592576	0.824119745795218
chr17:58411807:C:T	17	58411807	-0.14728377537238	0.131084957747281	0.261193386309902
chr17:61409438:A:G	17	61409438	0.0651309164012786	0.0654077145415059	0.319362827417952
chr17:61905160:C:T	17	61905160	0.0779888954172868	0.130821173831213	0.551075776854825
chr17:66262233:G:T	17	66262233	0.0577590959384197	0.0624880309467098	0.355318406942043
chr17:66751216:C:T	17	66751216	0.0392746562224386	0.078322465698753	0.616055753840175
chr17:66971178:A:G	17	66971178	-0.10261957519694	0.0959438391605273	0.28480857187993
chr17:68771033:G:A	17	68771033	-0.141712083892675	0.0740376385189421	0.0556131773707845
chr17:69081332:C:T	17	69081332	0.0517964569360261	0.0734746190734488	0.480836912412509
chr17:69213412:T:C	17	69213412	0.141212102070809	0.0646274742896742	0.0288876318252012
chr17:72829246:G:A	17	72829246	-0.0477169068119707	0.0723493849526647	0.509552675891012
chr17:73506492:C:T	17	73506492	-0.014583056485059	0.0654610983293035	0.823711098158404
chr17:75360149:C:G	17	75360149	-0.131406508968783	0.0947690406298691	0.165564549895669
chr17:77625920:A:T	17	77625920	-0.0719691114659275	0.0953222640199377	0.450243933163593
chr18:1137045:A:T	18	1137045	-0.0185729890349186	0.0747630275848554	0.80380575905158
chr18:4080016:T:A	18	4080016	0.0703456879286032	0.0926053210561918	0.44747637623398
chr18:8920896:G:C	18	8920896	-0.25189672390991	0.140699672538417	0.0734032980004078
chr18:9609299:C:T	18	9609299	-0.0129512922749091	0.0640972220007551	0.839872164839919
chr18:10572326:C:T	18	10572326	0.067920941263613	0.0710503113644208	0.339094679340581
chr18:11017906:C:T	18	11017906	-0.169685176688751	0.0698677830864117	0.0151546848495246
chr18:12120157:A:G	18	12120157	-0.20648374997395	0.144889439587365	0.154124686895242
chr18:14686017:A:G	18	14686017	0.0855179669673212	0.0769623000835856	0.266496479133595
chr18:14895123:C:T	18	14895123	-0.123973455787515	0.0790535864005363	0.116829678843885
chr18:30059135:A:G	18	30059135	0.0372231958828218	0.0555633940056199	0.502906873758966
chr18:32490781:T:C	18	32490781	-0.00610771684378613	0.0775938333667826	0.93726015224507
chr18:36255061:C:A	18	36255061	-0.106278996294029	0.0782001711873252	0.174126476036563
chr18:42762909:A:C	18	42762909	0.0639631375277207	0.0573994511841617	0.265128623025078
chr18:43928870:G:A	18	43928870	0.00287573877990626	0.0857792443679007	0.973256026483566
chr18:44831686:A:G	18	44831686	-0.0790898059617423	0.201323770121791	0.694431142761247
chr18:45461168:C:T	18	45461168	-0.0284069959197976	0.0696240080779381	0.683269450450919
chr18:47992191:T:C	18	47992191	0.0515737753768335	0.105112845961636	0.623672956027681
chr18:49146783:T:G	18	49146783	0.0446250248983795	0.0916349439022903	0.626267555404435
chr18:49872731:C:G	18	49872731	0.172313740262912	0.0656911354232791	0.00871363297104433
chr18:50485733:T:C	18	50485733	-0.101821830743202	0.114558541758493	0.374100258698366
chr18:58120958:C:T	18	58120958	-0.0975972409100248	0.115672838643318	0.398817415905196
chr18:59256389:C:T	18	59256389	0.0404751254628637	0.0725106578792224	0.576710869533533
chr18:62622293:T:A	18	62622293	-0.0556917507647836	0.101674571253899	0.583866922576168
chr18:62998306:G:A	18	62998306	-0.00144645636834713	0.0670057020610568	0.982777352685094
chr18:66103927:C:T	18	66103927	0.0369270143135551	0.0647302998189716	0.568355610025268
chr18:66206557:C:T	18	66206557	-0.0117945300571131	0.0721684676554207	0.870179475953459
chr18:68001558:G:A	18	68001558	-1.61372681678949e-05	0.0748382277684942	0.999827953207754
chr18:69946690:A:G	18	69946690	0.0175477146131763	0.15818445871272	0.911670288721714
chr18:71730181:C:T	18	71730181	0.0278161147894536	0.0640718033591838	0.664186983258577
chr18:72912108:T:C	18	72912108	-0.0473345243882021	0.0632815911007507	0.454461165564002
chr18:73248491:G:A	18	73248491	0.00207410765624823	0.0724395118383208	0.977157874949979
chr18:77734991:G:A	18	77734991	-0.0808600558404349	0.110847910941139	0.465715148765848
chr19:2907557:G:A	19	2907557	-0.0408285475328659	0.0745571201843071	0.583956746664504
chr19:16021187:G:A	19	16021187	0.0654852092849395	0.0721518231846616	0.364088022608072
chr19:17584922:G:A	19	17584922	0.097190994953949	0.0652488013840342	0.136344037382013
chr19:18704666:C:T	19	18704666	-0.00299171122276536	0.0861907056421587	0.972310692408066
chr19:18737022:C:T	19	18737022	-0.0219658537323841	0.0752104229514885	0.770241790251567
chr19:18805179:A:G	19	18805179	-0.0599772365507337	0.0792246188217973	0.449018101390348
chr19:21560366:G:T	19	21560366	0.0609673767810341	0.0714271813544268	0.393348892753457
chr19:21659434:G:C	19	21659434	0.0573396015621162	0.0754694043556587	0.447390397087579
chr19:33474662:T:C	19	33474662	-0.0754159511517877	0.062725547151076	0.2292409830931
chr19:37956680:C:T	19	37956680	-0.00426752690507415	0.0844311176229865	0.959688505058617
chr19:38120117:A:T	19	38120117	-0.250974977406832	0.108412977657618	0.0206134701251959
chr19:44380983:T:C	19	44380983	-0.000606045193102826	0.0788472260782085	0.99386726248393
chr19:44819986:A:G	19	44819986	-0.106180700751195	0.0722191460224066	0.141492178075218
chr19:48685001:C:T	19	48685001	0.0214400054874351	0.0732997946102641	0.76990628343704
chr19:51210487:G:T	19	51210487	0.0806027225974629	0.113139534841915	0.476205526738376
chr19:51552139:T:A	19	51552139	0.0413299821389003	0.0685936944621217	0.54681923254959
chr19:52714810:C:T	19	52714810	-0.012705461446858	0.0738932523223395	0.863481979515078
chr19:53330671:T:C	19	53330671	0.153925137889708	0.0726113689384373	0.0340187814318259
chr19:54944544:G:A	19	54944544	0.0306105065750674	0.092970571331738	0.74196717249099
chr19:57195010:G:C	19	57195010	-0.184838912279221	0.101719120019782	0.0691941284645893
chr20:1709120:A:G	20	1709120	-0.0602270624382047	0.0815063052374476	0.459952422659655
chr20:1735934:T:G	20	1735934	0.107881483309458	0.0758034762606102	0.154685924193429
chr20:1906500:G:T	20	1906500	-0.0681756231871886	0.0764013439165891	0.372213189477541
chr20:3649460:G:A	20	3649460	0.0876893136414408	0.0563310890141738	0.119547179424268
chr20:5407753:C:T	20	5407753	-0.0683921872572107	0.10075966665291	0.49728644582457
chr20:5860313:T:C	20	5860313	-0.123361062641348	0.0954650173691779	0.196283658706538
chr20:7000966:A:C	20	7000966	-0.0483097145392736	0.09549042263782	0.612918693648318
chr20:12129436:G:A	20	12129436	-0.0270825354753178	0.0911520206599219	0.766379526460659
chr20:13244402:C:A	20	13244402	0.0156977742783567	0.135983865976461	0.908097559874065
chr20:31347432:T:C	20	31347432	0.131741039129828	0.0630006445652441	0.0365185441008937
chr20:37593342:C:T	20	37593342	-0.0521561635795344	0.0734855219137101	0.477860746567522
chr20:38200488:G:A	20	38200488	0.0405918430853302	0.0558987705082423	0.467736392917841
chr20:38350608:A:G	20	38350608	-0.0609422691736915	0.0964972096778927	0.527684649473165
chr20:45729681:A:G	20	45729681	-0.0221580332035829	0.0640587624810004	0.729416610231529
chr20:48501317:C:T	20	48501317	-0.0177149592992313	0.0677335313493542	0.793676886742718
chr20:49036824:T:G	20	49036824	-0.0540326918931015	0.0721733955002335	0.454067524481787
chr20:50371082:C:T	20	50371082	-0.0464288014722822	0.0735796776293609	0.528040303272386
chr20:52513956:G:A	20	52513956	-0.0804722993829933	0.127222358094956	0.527038859641885
chr20:54253971:A:G	20	54253971	0.1346437847873	0.0657062360011919	0.0404446953790232
chr20:58480201:T:G	20	58480201	0.00121971590797374	0.0631332827431656	0.984586070740382
chr20:60073360:C:T	20	60073360	-0.0180803663797729	0.0650488558855586	0.781050305758269
chr21:14869783:A:G	21	14869783	0.224944588244933	0.109038037688738	0.0391133980247441
chr21:15297615:T:C	21	15297615	-0.0691198097834379	0.0891160323121673	0.437975821539948
chr21:15686888:A:G	21	15686888	-0.115611898141138	0.127625606544026	0.365005950885854
chr21:18805376:C:A	21	18805376	0.00590116268992246	0.10096265312101	0.953391012099598
chr21:22007486:G:T	21	22007486	0.0232655959780982	0.117765102769458	0.843389849699539
chr21:24026351:C:T	21	24026351	-0.0638884470781418	0.0652099770958479	0.32721732198045
chr21:26647335:G:C	21	26647335	-0.0560624704845334	0.0654591373427547	0.391748983151135
chr21:28043199:C:G	21	28043199	0.0376068475780779	0.0748963616430806	0.615584178675048
chr21:29538421:G:A	21	29538421	-0.139149651545633	0.15857190339396	0.380205510633718
chr21:31885030:A:G	21	31885030	-0.0686530310979206	0.077566861045239	0.376112416655061
chr21:35502622:A:T	21	35502622	-0.0867738784988878	0.0834592015680251	0.298471802027527
chr21:36306638:T:G	21	36306638	-0.187510597913055	0.0729989921213496	0.0102088507297708
chr21:41442549:G:A	21	41442549	-0.158302201146183	0.0841717710551354	0.0600121715884421
chr21:42627184:G:A	21	42627184	-0.161559198107972	0.0854282170345689	0.0586017844591241
chr22:20147688:T:C	22	20147688	0.0388203547502786	0.0738822653791578	0.599280577425561
chr22:23891985:A:G	22	23891985	0.128035872078557	0.076943465339056	0.0961073759291138
chr22:24245985:G:T	22	24245985	-0.0219963734664374	0.0733128053967987	0.764150813409691
chr22:28624303:G:A	22	28624303	0.016114625149784	0.12914153116732	0.900695606976658
chr22:30376697:C:T	22	30376697	-0.157938417101193	0.148224759724467	0.286634665495849
chr22:30662128:G:A	22	30662128	0.0134240572870917	0.0655900874537571	0.837833128435999
chr22:36298345:C:A	22	36298345	0.070203098741148	0.128863914172855	0.585901549788796
chr22:36977479:G:A	22	36977479	-0.0707928864150796	0.119599275551456	0.553905934088358
chr22:42350572:C:T	22	42350572	0.153782333124107	0.161165584290362	0.33998827870121
chr22:42475109:T:G	22	42475109	0.0337341637402276	0.0597305249794272	0.57222844784109
chr22:44719519:A:G	22	44719519	0.0469000696065179	0.0856956518658139	0.584181947306461
chr22:44805054:T:C	22	44805054	0.266711990556145	0.13751337025951	0.0524362305481522
chr22:45210278:T:C	22	45210278	-0.0559754290461028	0.0635269795855738	0.378248300291887
chr22:47062473:C:T	22	47062473	-0.0903941971445875	0.117704807036554	0.442502805017838
chr22:48785864:A:G	22	48785864	-0.0505166699381961	0.10833834183022	0.641010680328541
chr22:49668266:A:G	22	49668266	0.113747362535143	0.0758248521073045	0.133579955424735
chr22:49926053:G:A	22	49926053	-0.200978883773615	0.108951304713486	0.0650859842757445
