SNP	CHR	POS	est	stderr	pval
chr1:1837340:C:T	1	1837340	-0.106607498913436	0.173652732348049	0.539273469785891
chr1:2261200:G:C	1	2261200	0.00926503676966578	0.141168998801509	0.947671753336965
chr1:14678191:A:C	1	14678191	-0.10626808609241	0.132262749223332	0.421707782204001
chr1:14985097:C:T	1	14985097	-0.231011435783368	0.20134404105361	0.251238330155167
chr1:15065941:C:T	1	15065941	0.090838846846259	0.155765138723641	0.559773286110911
chr1:20215506:G:C	1	20215506	-0.00195083193915526	0.116783795615286	0.986672240878709
chr1:20533654:G:C	1	20533654	-0.391512897762807	0.342723398639435	0.253305142837273
chr1:22009627:T:C	1	22009627	0.148426345662158	0.119059553954941	0.212523540538649
chr1:22126221:C:T	1	22126221	0.22592820495366	0.145742369153006	0.121096179893808
chr1:23180575:A:G	1	23180575	0.249636842833371	0.122562264140871	0.0416684334082591
chr1:26058659:G:C	1	26058659	-0.255749590070621	0.176376738850648	0.147053272188476
chr1:26181362:A:G	1	26181362	0.0484590485009244	0.207028578421929	0.814931126228033
chr1:26848285:C:T	1	26848285	-0.00052751762508039	0.289153414058387	0.99854437846948
chr1:28670719:C:T	1	28670719	0.0279790583368545	0.102464677761855	0.784806693205011
chr1:29753056:A:C	1	29753056	-0.0281998691115655	0.0984432402340821	0.774527237514617
chr1:29908726:A:G	1	29908726	-0.0135066451898466	0.107329296855856	0.899856170157093
chr1:31886486:G:T	1	31886486	-0.00301970777838917	0.122591407767357	0.980348259048511
chr1:37838865:C:T	1	37838865	0.0844607619200566	0.12346524203071	0.493921279281428
chr1:39880059:T:C	1	39880059	0.0322712024765314	0.158069327226401	0.838229612152432
chr1:41175014:G:A	1	41175014	0.41952646343893	0.31886697163113	0.188281926545149
chr1:41597921:C:T	1	41597921	0.123930396791324	0.169875831204262	0.465674350161705
chr1:42635725:A:G	1	42635725	-0.176612027177705	0.188216422989355	0.348066901439571
chr1:43202709:G:A	1	43202709	0.132385638635889	0.149936280183787	0.377265449004951
chr1:47498869:G:A	1	47498869	0.0226671935842377	0.136501598278332	0.868111241884201
chr1:51034150:G:A	1	51034150	0.451295038800872	0.216162154153703	0.0368193475719201
chr1:54900240:G:A	1	54900240	-0.0275550440697873	0.132625280461077	0.835411563309638
chr1:55459433:C:T	1	55459433	0.563486191123113	0.17220256789851	0.00106703211106751
chr1:56563907:C:T	1	56563907	0.41363987653841	0.197344077755827	0.0360791840134911
chr1:65351414:T:A	1	65351414	0.0158598920729803	0.11608917146346	0.891332600575748
chr1:66254178:T:A	1	66254178	0.0681512194360071	0.137411418593113	0.619919283486923
chr1:73302339:T:C	1	73302339	0.180868032083364	0.139043051177147	0.193324875452669
chr1:73563666:T:C	1	73563666	-0.19500336419376	0.248088530238084	0.431853839375435
chr1:76062379:T:C	1	76062379	0.148840876306229	0.118086707588582	0.207511697574236
chr1:86928231:G:T	1	86928231	0.122094865154211	0.127111850312498	0.336788066592209
chr1:88611347:G:A	1	88611347	0.147080550248351	0.13283089689851	0.268174337472134
chr1:91057167:C:A	1	91057167	-0.103744393637574	0.174715937315497	0.552653278085028
chr1:91093925:G:A	1	91093925	0.226597219598204	0.128890481115862	0.07873727395804
chr1:92475800:A:G	1	92475800	-0.175322971189662	0.175281496978869	0.317196013660986
chr1:94752415:G:A	1	94752415	0.0970671796308655	0.139580822358607	0.486792650338465
chr1:95614324:G:A	1	95614324	0.0970993011519333	0.147086609832636	0.509157244852897
chr1:99691102:T:C	1	99691102	-0.180283044041298	0.130208809844023	0.166184384317779
chr1:104937367:T:A	1	104937367	-0.0262777394664169	0.152152437483844	0.86288200762189
chr1:115841221:A:T	1	115841221	-0.031567255172397	0.305427423392667	0.917681735350527
chr1:153704237:C:A	1	153704237	-0.247358573189532	0.139388955108156	0.0759652215547245
chr1:155857667:G:T	1	155857667	0.42789572782685	0.218087634617043	0.0497583264581904
chr1:157334223:T:C	1	157334223	-0.122146021995662	0.27977477406055	0.662410911121728
chr1:159540226:C:T	1	159540226	-0.105373121279914	0.157718416619909	0.504063905313884
chr1:165647351:T:C	1	165647351	0.267374981905598	0.156541789126987	0.0876344387856799
chr1:167545338:A:T	1	167545338	0.162269214942684	0.229103894710196	0.478772726825827
chr1:168863629:G:A	1	168863629	-0.0786620531296727	0.177802636687995	0.658190962616907
chr1:171350391:G:A	1	171350391	0.0601806099148727	0.133077210267147	0.651108152894528
chr1:173013575:C:G	1	173013575	0.15447582797132	0.149972710731018	0.302997685979009
chr1:178947344:C:A	1	178947344	0.0663413180003933	0.153046400378597	0.664671956870767
chr1:182872646:T:G	1	182872646	0.0169019236405223	0.210661061238042	0.936052115520033
chr1:185127444:C:G	1	185127444	-0.302271839791612	0.272094832959621	0.266608721958557
chr1:185619557:C:T	1	185619557	-0.176426219018152	0.158414451896635	0.265407790281642
chr1:186638909:G:T	1	186638909	0.0781584323317808	0.163439397566531	0.632500406024481
chr1:188272062:T:C	1	188272062	-0.274014571345008	0.197486900737725	0.165287041961084
chr1:193365737:C:T	1	193365737	-0.072685035419411	0.114407678864451	0.525222303317708
chr1:193791070:G:T	1	193791070	-0.545311384506972	0.42020483272211	0.194380976097183
chr1:195033388:T:C	1	195033388	0.0888350050660567	0.186404129090185	0.633666862892228
chr1:195907914:A:G	1	195907914	0.0217047614442578	0.143976720188334	0.880171445432951
chr1:196692375:G:C	1	196692375	0.0707883795550251	0.148636345631893	0.633894748671037
chr1:197559019:A:G	1	197559019	0.110440783798973	0.195299012848168	0.571736537428865
chr1:199160726:G:A	1	199160726	0.0922079990611755	0.144681916317168	0.52391948622188
chr1:204277152:T:C	1	204277152	0.095311251562315	0.13232449865154	0.471350003309351
chr1:207498131:C:T	1	207498131	0.0133566063833042	0.163000548936207	0.934692760406673
chr1:208744577:C:T	1	208744577	0.243902795643856	0.165650518889493	0.140914568624179
chr1:210496535:G:A	1	210496535	0.113949991005837	0.157374147400613	0.469022402015783
chr1:212937214:T:G	1	212937214	-0.19526112871649	0.13997370719504	0.163020563754284
chr1:219750864:A:G	1	219750864	-0.0948075249340495	0.176784626142868	0.591759322051318
chr1:221920463:G:A	1	221920463	0.0358995230771095	0.167940033649725	0.830731147580085
chr1:227462684:A:G	1	227462684	-0.130901490337011	0.178006703920665	0.462111791389755
chr1:234456961:G:A	1	234456961	0.172595095363652	0.138790529351641	0.213659569738936
chr1:237308322:A:G	1	237308322	-0.0764283846521864	0.114169068631207	0.503220186327195
chr1:239000642:T:C	1	239000642	-0.585172244024489	0.32562914783726	0.0723274952399903
chr1:242239801:C:T	1	242239801	-0.199609969244287	0.259002497724401	0.440892224562993
chr1:244583991:C:T	1	244583991	-0.0104640376475341	0.136297967498741	0.938803932990148
chr1:246213578:G:A	1	246213578	-0.115352194681866	0.244826256446814	0.63752690175816
chr1:247190028:T:C	1	247190028	0.0846456270027464	0.182002189440499	0.641873976088361
chr1:247897239:C:T	1	247897239	0.121959855360771	0.161368583403371	0.449778481115741
chr2:3248328:A:G	2	3248328	-0.16655094573793	0.112218173747288	0.137763592892249
chr2:4505759:T:G	2	4505759	0.0281134801899139	0.218943215573421	0.897828197649504
chr2:6804400:G:A	2	6804400	-0.18409737694255	0.135619185942475	0.174635664308881
chr2:9411790:A:C	2	9411790	0.0165893971892546	0.149857752521839	0.911853484047058
chr2:12096367:C:T	2	12096367	-0.106039289187749	0.168316717324304	0.528695527737148
chr2:13545005:C:T	2	13545005	0.29303540095817	0.120095799754354	0.0146867034859928
chr2:16009716:A:G	2	16009716	-0.0196562158522445	0.1398257043108	0.888204470460266
chr2:16367899:A:T	2	16367899	0.0475052394788751	0.125084340551675	0.7041045240365
chr2:17630111:A:C	2	17630111	-0.134384682318985	0.151938696507607	0.376444455719973
chr2:17928966:C:G	2	17928966	0.0069073381666695	0.154137542413921	0.964256505322549
chr2:18261494:A:T	2	18261494	0.138832454029338	0.128782307784689	0.281015992577264
chr2:19530615:T:C	2	19530615	-0.234847568018501	0.188130643426127	0.211913263892503
chr2:19562158:T:C	2	19562158	-0.0613787332937532	0.146526897516591	0.675296120724489
chr2:27383116:G:A	2	27383116	-0.159674019822066	0.127475229387893	0.210355463750243
chr2:37762298:C:T	2	37762298	0.257744604466475	0.150360474192076	0.0864960552556787
chr2:42010994:T:A	2	42010994	0.281808548986121	0.148762738668253	0.0581786977209959
chr2:45824390:C:G	2	45824390	0.257822164739424	0.153306286685108	0.0926181921185024
chr2:46742820:T:C	2	46742820	0.380629151245626	0.165406768967906	0.0213820045287837
chr2:49789441:T:C	2	49789441	0.140816606504828	0.134393400917248	0.294733502162054
chr2:49994518:G:A	2	49994518	-0.046370791837074	0.105225988947717	0.659446032944611
chr2:51284042:G:A	2	51284042	-0.231764977550329	0.159015814822929	0.144979404548475
chr2:51344078:G:A	2	51344078	-0.0260398839636426	0.123593028071972	0.833128743396414
chr2:57278002:C:A	2	57278002	0.0559307776234943	0.146792327310234	0.703188584645134
chr2:57368273:A:G	2	57368273	0.0804642799651116	0.156502681673004	0.607154152394787
chr2:60075157:T:C	2	60075157	-0.000672550766305462	0.177384171170439	0.996974833867255
chr2:60373837:A:G	2	60373837	0.156328083933765	0.147635384002572	0.289654654299947
chr2:61147014:T:C	2	61147014	0.0194104105571132	0.154496556716161	0.900019649013361
chr2:61693274:A:G	2	61693274	0.206744498005529	0.124127275358548	0.0957961488584721
chr2:65295480:C:T	2	65295480	-0.104223725958963	0.14602796734583	0.475397604469339
chr2:66031496:T:C	2	66031496	-0.122136536566948	0.135742157359958	0.368243385504239
chr2:69165635:T:C	2	69165635	-0.13209105694589	0.175756327660822	0.452316967636963
chr2:71204755:G:A	2	71204755	0.161844534422725	0.217514566285341	0.456838379790994
chr2:72022684:A:G	2	72022684	0.114324823624057	0.200147008372166	0.56786119149244
chr2:76651386:C:A	2	76651386	-0.0716001777609543	0.126368763794576	0.570987931374088
chr2:79784490:C:G	2	79784490	0.318427212819388	0.154502223239672	0.0393041943444373
chr2:82619301:T:C	2	82619301	-0.0176358897386674	0.179107703105167	0.921562842259798
chr2:83181917:T:C	2	83181917	-0.695064799627906	0.78898678699076	0.378340156615139
chr2:83400799:T:A	2	83400799	0.100214277542161	0.155643813270511	0.519660172399971
chr2:85744328:G:A	2	85744328	-0.491216758098473	0.258312630724846	0.0572186769516383
chr2:85757440:T:A	2	85757440	0.165508130857424	0.121376248825288	0.172694846517591
chr2:99811694:T:C	2	99811694	0.0890486586772732	0.126284274133361	0.480720328902218
chr2:101228073:A:C	2	101228073	0.113757033874871	0.125484808578661	0.364649953370692
chr2:106861882:T:C	2	106861882	0.197366337747169	0.205295569406507	0.336362891488379
chr2:108083619:T:C	2	108083619	0.0850288416407398	0.170008779830391	0.616973808621103
chr2:114129906:T:C	2	114129906	-0.351273348267136	0.313662866820984	0.262753248167217
chr2:118004610:C:T	2	118004610	0.0011572333985265	0.114173887056504	0.991913012016337
chr2:119455921:A:G	2	119455921	0.0936270374085918	0.13053784745382	0.473225683078129
chr2:120644763:G:A	2	120644763	-0.0416007832119653	0.110496763779348	0.706553612927075
chr2:120916837:A:G	2	120916837	0.0723839320488521	0.125954472708415	0.565505503720741
chr2:122628686:C:A	2	122628686	0.0799397541098126	0.140298780469522	0.568825399272182
chr2:122629789:A:C	2	122629789	0.0502595384940939	0.126393715445546	0.690893579110969
chr2:126391403:A:G	2	126391403	-0.398009575995104	0.239964779048846	0.0971930661621734
chr2:127192867:G:A	2	127192867	0.0104689497001375	0.15201513325625	0.945094839541412
chr2:130915743:C:T	2	130915743	0.0343792542462684	0.141924473879784	0.80859709744047
chr2:136107122:C:T	2	136107122	-0.187610212189821	0.559819122528482	0.737529678233867
chr2:136507185:G:C	2	136507185	0.256534133523713	0.118544531511629	0.0304619104721695
chr2:141023592:C:T	2	141023592	-0.252283614446535	0.214888953882199	0.240387602311032
chr2:143017176:T:C	2	143017176	0.237184246783714	0.176538149907439	0.179100517158092
chr2:143920023:G:T	2	143920023	0.159664632933886	0.159641857092275	0.317241469656175
chr2:144729333:C:T	2	144729333	0.113791139658716	0.104475191845134	0.276079369028771
chr2:148561010:G:C	2	148561010	0.177420644851814	0.158672016308421	0.263498817727184
chr2:154835349:G:T	2	154835349	0.106849978334574	0.185232971165358	0.564046847981678
chr2:164974626:C:A	2	164974626	0.0346899403661902	0.195293335052799	0.859013621883718
chr2:167086954:T:G	2	167086954	-0.00900075765087043	0.0974464425765368	0.926407092710224
chr2:167199229:C:T	2	167199229	0.465820306876221	0.197899962158786	0.0185817535543487
chr2:167657344:C:T	2	167657344	0.151967007701581	0.167064864795573	0.363018319957354
chr2:167884398:C:T	2	167884398	0.204025440443831	0.184691834107861	0.269298119685647
chr2:168647356:T:G	2	168647356	-0.0461538548045116	0.160787634645233	0.774075158445883
chr2:170041677:A:G	2	170041677	0.310065157233951	0.151773095865863	0.0410571850851171
chr2:171274449:C:A	2	171274449	-0.0281055020236934	0.137811813818419	0.838399475092438
chr2:177787584:G:A	2	177787584	-0.0605155488850334	0.156377199508952	0.698767699378712
chr2:179648558:C:T	2	179648558	0.265785465174433	0.190706259720803	0.163411145299872
chr2:180833197:G:A	2	180833197	-0.1892356373252	0.215383855223663	0.379619751782401
chr2:183527028:C:T	2	183527028	0.175224388137223	0.160745188968135	0.275679898800856
chr2:184516924:T:A	2	184516924	0.15979652869969	0.148461216792454	0.281769857532629
chr2:191922008:C:T	2	191922008	-0.22253313030742	0.174465777613332	0.202128206477685
chr2:195817951:G:C	2	195817951	-0.117936862478114	0.198813109624649	0.553044196450573
chr2:197010424:G:A	2	197010424	0.111971962723197	0.196921304622302	0.569618976609766
chr2:209101337:G:A	2	209101337	0.108200944998738	0.146606187138253	0.460491325203884
chr2:209103516:A:G	2	209103516	0.218818489509876	0.129360435026017	0.0907335094897792
chr2:210957182:G:A	2	210957182	0.13798253905636	0.1269350879434	0.277022540573657
chr2:214802180:T:C	2	214802180	-0.18203825721482	0.177263187825676	0.304449782628515
chr2:215209936:A:G	2	215209936	0.087134934850365	0.117522202269966	0.458430447419476
chr2:215367000:G:A	2	215367000	0.00447151055361708	0.19595225397154	0.981794342497466
chr2:220997842:C:T	2	220997842	-0.31737454256376	0.143234634796729	0.0267074800994879
chr2:226027918:G:A	2	226027918	0.0568901186873642	0.175201024478895	0.745397999189022
chr2:228947684:G:A	2	228947684	-0.280797372895018	0.13006593504906	0.0308591037620778
chr2:233152507:T:C	2	233152507	0.0703018031212379	0.105912242129782	0.506834905300619
chr2:235620294:A:T	2	235620294	0.0523815234637282	0.161948941757184	0.746358497479694
chr2:237288548:A:G	2	237288548	-0.119434124343945	0.121211446996373	0.324458560809736
chr2:237513585:T:C	2	237513585	-0.195600463553328	0.159920586552758	0.221288164084871
chr2:237920759:T:G	2	237920759	-0.153636508554683	0.105725324479946	0.146177507805588
chr2:240429648:C:T	2	240429648	0.21850776176629	0.147942072396703	0.139680491731316
chr3:9841346:T:C	3	9841346	-0.124224721371338	0.214696297369594	0.562854566375279
chr3:10127208:T:G	3	10127208	0.0745851479568881	0.167381141083268	0.655885729347321
chr3:14082905:A:G	3	14082905	-0.151054105957515	0.134777924862435	0.262388774688213
chr3:16798495:T:G	3	16798495	0.113255156459996	0.130627486206738	0.385937287067169
chr3:18882818:T:C	3	18882818	0.229240852911103	0.119810132229851	0.0557009795453494
chr3:20179943:G:A	3	20179943	-0.0185841555577745	0.277992663680602	0.946700127325382
chr3:22245167:A:G	3	22245167	-0.11171974357885	0.143475802106718	0.436176429223499
chr3:24009496:G:A	3	24009496	-0.047103608226955	0.143493423007395	0.74271267651353
chr3:24010534:C:T	3	24010534	0.0324385967207928	0.129709873146355	0.802521001108859
chr3:33111016:C:A	3	33111016	-0.0850675267268837	0.343594940075645	0.804458730330234
chr3:33421913:A:G	3	33421913	-0.0141156804924256	0.132215614066436	0.914977332072656
chr3:34471110:A:G	3	34471110	-0.143705096647248	0.120916409191824	0.234649686672382
chr3:34498029:C:T	3	34498029	0.0453927896204116	0.197381426539267	0.818111211743626
chr3:35230331:G:A	3	35230331	0.109839902843541	0.137325619365799	0.423797683711859
chr3:41413926:T:C	3	41413926	0.0860643577578176	0.132810151554538	0.516968492049538
chr3:42098050:T:C	3	42098050	-0.0561907347704008	0.144643546477363	0.697662847672861
chr3:46489654:A:G	3	46489654	0.0352490180553297	0.110337266700328	0.749373081688398
chr3:56959175:A:G	3	56959175	-0.105469143097099	0.246503810518465	0.66875298353289
chr3:64441608:G:A	3	64441608	-0.0334401971775066	0.14942048833598	0.822913492993107
chr3:66150510:T:A	3	66150510	-0.428937184968039	0.301060004823933	0.154227613883426
chr3:66995763:G:T	3	66995763	0.107440531181067	0.116320422595414	0.355663321040006
chr3:68498445:T:C	3	68498445	0.0660528079207172	0.148792481932507	0.657096297035449
chr3:68824246:G:A	3	68824246	-0.156321131519872	0.099186799408276	0.115019447085441
chr3:69021248:A:C	3	69021248	-0.285936172775574	0.180603768431648	0.113370478521989
chr3:69617754:T:G	3	69617754	-0.0427222600009683	0.107469110238616	0.690976225202637
chr3:74191731:G:A	3	74191731	0.22915234501354	0.126472626861969	0.0700058134280076
chr3:74732240:G:A	3	74732240	0.17455919101826	0.158183457319077	0.269799813690438
chr3:75709324:A:T	3	75709324	-0.0816448842842485	0.108209402838787	0.450544109415462
chr3:84465702:T:C	3	84465702	-0.210695999526958	0.145363031190479	0.147212810350878
chr3:84817748:G:A	3	84817748	-0.0130394796108647	0.120114277620186	0.913552323047532
chr3:85705423:A:G	3	85705423	-0.115236566813986	0.179840124386372	0.521670644327685
chr3:88069353:C:T	3	88069353	0.100169320202917	0.163369990850733	0.539781167242482
chr3:93986190:G:A	3	93986190	0.263999265143382	0.150682286921246	0.0797693592870692
chr3:101022648:G:A	3	101022648	-0.000400367206337611	0.174744858135522	0.998171925992478
chr3:105622159:T:C	3	105622159	-0.0242358467580122	0.17236005852242	0.888176677690975
chr3:106664728:C:T	3	106664728	-0.0163247761767005	0.126905647383509	0.897644797878811
chr3:110774699:C:T	3	110774699	-0.170114407756319	0.140773896017991	0.226884613637229
chr3:113428518:G:A	3	113428518	0.169092611086838	0.120482988730337	0.160480810775859
chr3:121058963:T:G	3	121058963	0.201953576446424	0.175643352016738	0.250228951864643
chr3:122312606:G:A	3	122312606	0.210575110337099	0.154171999424645	0.171987505142844
chr3:124193435:A:C	3	124193435	-0.0118576621457291	0.154733857316506	0.938915801776555
chr3:124804582:A:T	3	124804582	0.340902024604356	0.246454656303418	0.166596156762827
chr3:126773646:G:T	3	126773646	-0.214484702141514	0.165121735576408	0.193961455283335
chr3:131110446:C:G	3	131110446	0.177588393201604	0.16885597880242	0.292930252289631
chr3:131209978:G:T	3	131209978	0.214387107283041	0.169087002091956	0.204830078910932
chr3:133982842:C:T	3	133982842	-0.0470837692044754	0.116498000639617	0.686095461842524
chr3:134929007:C:T	3	134929007	-0.196442719956981	0.176719592183377	0.266307199838471
chr3:137777496:C:T	3	137777496	-0.126764877622764	0.195606328201911	0.516945348591254
chr3:146265901:G:T	3	146265901	0.0743038284946565	0.111391391195646	0.504739043708016
chr3:148006706:G:A	3	148006706	0.774586187128517	0.297632173338819	0.00925482152995483
chr3:149679065:C:A	3	149679065	-0.118545631716557	0.130571640895507	0.363932518697511
chr3:150888061:C:A	3	150888061	0.308314091971266	0.203066132400669	0.128940297658068
chr3:152663712:G:C	3	152663712	-0.102487274488961	0.136222845476678	0.451840532984056
chr3:159417151:A:G	3	159417151	-0.142988663962188	0.105817170237734	0.176605640721003
chr3:164899350:G:A	3	164899350	0.0456923719195798	0.192291069800121	0.812175159658814
chr3:168053836:T:C	3	168053836	-0.46670268932981	0.276787409137763	0.0917685816568334
chr3:171028381:G:A	3	171028381	-0.151536502290699	0.127668909011394	0.235247680927202
chr3:174497130:T:C	3	174497130	0.14426058875523	0.120537967733611	0.231382095841567
chr3:176663180:T:G	3	176663180	0.134170300542743	0.165168679672107	0.416606374825373
chr3:196706550:C:T	3	196706550	-0.0279532003850843	0.142505433619757	0.844488590127143
chr4:332191:G:A	4	332191	0.0404708955750228	0.103619607426389	0.696113780738883
chr4:8816874:T:C	4	8816874	0.0357075955170809	0.143799129099653	0.80389007656384
chr4:9851274:C:G	4	9851274	0.0792239189720756	0.149518935419934	0.596209855337567
chr4:10725805:A:G	4	10725805	0.081040707997373	0.126435733522766	0.52154630656434
chr4:13219910:C:T	4	13219910	0.0279990467164932	0.146438395525675	0.848368767235275
chr4:18747099:A:G	4	18747099	-0.158616835647374	0.122748269511625	0.196283599445599
chr4:20840555:C:T	4	20840555	0.0381671930453163	0.117177807985545	0.744635969244965
chr4:21137718:C:T	4	21137718	0.0623086500486572	0.119670150695007	0.602596719082032
chr4:26851610:T:C	4	26851610	-0.146937935472293	0.253330691445442	0.561898288203955
chr4:32302160:A:T	4	32302160	-0.26686264417691	0.207156626836754	0.197670510089979
chr4:34501888:A:G	4	34501888	-0.145792718868426	0.440861569687401	0.740871448821478
chr4:40603484:A:G	4	40603484	0.18659717084503	0.118801534313276	0.116260954602829
chr4:41002348:C:T	4	41002348	-0.148203994455141	0.220199635678686	0.500919440886467
chr4:44018406:T:G	4	44018406	-0.031756007120381	0.135349977770279	0.814502564803282
chr4:44680448:T:C	4	44680448	0.177485008566506	0.130083889353135	0.172445214373204
chr4:55337032:C:T	4	55337032	0.0121561292912745	0.148312810723635	0.934676316373745
chr4:55659669:G:A	4	55659669	0.200203469174003	0.146894170513616	0.172911015683103
chr4:56719096:C:T	4	56719096	-0.0862420247137673	0.149673554979648	0.564479452823276
chr4:58944563:C:T	4	58944563	0.184694101347828	0.213325132756746	0.386607044759688
chr4:61158247:C:G	4	61158247	0.044627513544743	0.130348688452391	0.732072271390601
chr4:64485722:G:A	4	64485722	0.0389345134868652	0.164993594802635	0.813451364281223
chr4:67708732:C:T	4	67708732	-0.123379848066569	0.142132505710468	0.385360311835553
chr4:67911021:C:T	4	67911021	0.0936197050572796	0.109825717891205	0.393970583369381
chr4:90022599:G:T	4	90022599	0.11560064156134	0.155331386617318	0.456743713490495
chr4:95020597:A:T	4	95020597	0.086834875852355	0.202866425977996	0.668622246640801
chr4:95433170:T:C	4	95433170	0.163268676370331	0.175279580987198	0.351607531156376
chr4:97398054:G:A	4	97398054	-0.0391743463454868	0.123155492354004	0.750417803457761
chr4:98823404:T:C	4	98823404	-0.334753388344117	0.189667774801223	0.0775728346782417
chr4:99262681:C:G	4	99262681	0.0656453784574878	0.156669606098586	0.675212337533578
chr4:99355957:G:T	4	99355957	0.0374849650374519	0.100006861537334	0.707791414772301
chr4:101085120:T:C	4	101085120	0.144643808756526	0.103311913223332	0.161492652084876
chr4:102399971:C:T	4	102399971	0.0263150675411909	0.128422533329318	0.837642404183868
chr4:102884286:T:C	4	102884286	-0.124548566062835	0.0996048334693669	0.211143632436953
chr4:105992845:C:T	4	105992845	-0.0950627833648009	0.15345343191392	0.535593964601242
chr4:108791253:G:A	4	108791253	0.0144433829334251	0.192941559713776	0.940327019009746
chr4:110191180:A:G	4	110191180	0.264441681806341	0.247125904379915	0.284588411072831
chr4:110957298:T:A	4	110957298	0.177262401635397	0.141908978337233	0.211618458509238
chr4:113348012:C:T	4	113348012	0.112089492862157	0.147800572323487	0.448221523746954
chr4:115515844:A:G	4	115515844	-0.118198326387298	0.246473580022307	0.63154186342095
chr4:115522695:G:A	4	115522695	0.0684175039429784	0.125002812328066	0.58415360477716
chr4:120770744:A:C	4	120770744	0.129582432770623	0.125205561827698	0.300688768841781
chr4:123964831:A:G	4	123964831	-0.103620253868506	0.132775179436523	0.435144371584861
chr4:125256344:T:C	4	125256344	-0.0239238270250505	0.231492320741957	0.917688294112221
chr4:126268710:T:G	4	126268710	-0.0259281733190367	0.171336742915671	0.87971639956968
chr4:134094420:T:C	4	134094420	-0.207104056608986	0.209426134008104	0.322706106362529
chr4:134350906:C:T	4	134350906	0.0964520463499821	0.121134652641341	0.425893557117149
chr4:138952375:G:A	4	138952375	-0.00503717376869863	0.116525089717081	0.965519599165295
chr4:141012527:T:G	4	141012527	-0.465402652993453	0.367798554589483	0.20573736421655
chr4:141618953:G:A	4	141618953	0.24531203280432	0.185565671546013	0.186178532137766
chr4:143626434:A:G	4	143626434	-0.270405669655983	0.341063451150636	0.427876305191769
chr4:149616644:T:G	4	149616644	0.0647903203907703	0.130729562619703	0.620172608886846
chr4:154030957:C:G	4	154030957	-0.271252551237256	0.298068831698921	0.362804968420188
chr4:168588553:A:C	4	168588553	-0.0363240316099888	0.249688040963594	0.884333753847512
chr4:171334248:A:T	4	171334248	-0.149773553204189	0.304535202728946	0.622853445659263
chr4:171974219:A:G	4	171974219	0.0183863163384869	0.127104369687984	0.884983060548238
chr4:176312841:C:T	4	176312841	0.241196340483709	0.172439968295184	0.16189503670097
chr4:179329624:T:G	4	179329624	-0.0247036627017323	0.138759816074513	0.858697985579091
chr4:183032183:A:G	4	183032183	-0.11693940722898	0.10642822554708	0.271871410446197
chr4:184991673:A:G	4	184991673	0.228292024540349	0.135191322668353	0.0912848242631246
chr4:189912372:C:T	4	189912372	-0.332773605843287	0.156037673735523	0.0329535215629504
chr5:79496:A:G	5	79496	-0.228427882044231	0.206746763408026	0.269216792095865
chr5:5313703:A:G	5	5313703	0.0451689160217549	0.14626554668584	0.757462667869263
chr5:7364955:T:A	5	7364955	0.498557183122434	0.195626047844902	0.0108180627519077
chr5:8067079:G:C	5	8067079	-0.156423425784834	0.211750211783181	0.460079019634068
chr5:13911296:G:T	5	13911296	-0.00395526686924972	0.14656639950912	0.978470758793294
chr5:15621966:C:G	5	15621966	0.114264595706807	0.139129583108294	0.411485766898458
chr5:15997511:T:A	5	15997511	0.363724151747777	0.238491370576748	0.127233150787917
chr5:17902851:T:C	5	17902851	0.119288901956931	0.225759352211577	0.597228929295128
chr5:20719353:A:C	5	20719353	0.0129616227640959	0.184224758994951	0.943908990953873
chr5:20732163:G:T	5	20732163	-0.10782949448008	0.160252703653341	0.501028975990687
chr5:21913130:A:C	5	21913130	0.0752699614202041	0.12521813626721	0.547766257774958
chr5:23682774:A:T	5	23682774	0.394506823317062	0.224213794362563	0.0784906129287676
chr5:23787194:A:C	5	23787194	0.00664224560537412	0.109147161261237	0.951473993820491
chr5:23895775:T:G	5	23895775	0.0176334156458538	0.146284056633887	0.904053578742882
chr5:25693600:A:G	5	25693600	0.0297485922453475	0.163259065792032	0.855412359899444
chr5:33466391:T:A	5	33466391	0.15621067813746	0.112365808944672	0.164468881467274
chr5:33624899:A:G	5	33624899	0.241721550213986	0.173172413861253	0.162761693982915
chr5:39550509:T:G	5	39550509	0.105094447191669	0.119067487905602	0.377427542741725
chr5:39634108:G:A	5	39634108	0.146401021553611	0.118827549574139	0.217931856005979
chr5:39978357:G:A	5	39978357	0.0646170618901883	0.14529660651866	0.6565183582341
chr5:40238036:C:A	5	40238036	-0.596382962613636	0.452819637917139	0.18782419058793
chr5:44011742:G:T	5	44011742	0.271650291029394	0.133391678279379	0.0417015732233489
chr5:50222627:G:A	5	50222627	-0.107410237760135	0.281575592861137	0.702860860970931
chr5:54814079:C:T	5	54814079	0.195531763692949	0.114922518950159	0.0888636723978493
chr5:66989845:C:A	5	66989845	0.150000172296837	0.114409896869868	0.189831786050873
chr5:66992139:G:A	5	66992139	-0.103162117825589	0.182338197793531	0.571547772538635
chr5:73076502:T:C	5	73076502	-0.0366452294440609	0.138064255106373	0.790684732053873
chr5:76998986:C:A	5	76998986	-0.0337140496325786	0.144236602738206	0.815185830496244
chr5:77675144:G:C	5	77675144	-0.232983747739996	0.142080584591146	0.101046750700653
chr5:80530472:T:A	5	80530472	0.0672739869898552	0.178153380384779	0.705714124986669
chr5:81710558:G:T	5	81710558	-0.102292623604546	0.117886458678008	0.385546771856678
chr5:82792281:C:G	5	82792281	0.0963673688129531	0.158480780553628	0.543141213272123
chr5:84879932:A:G	5	84879932	-0.066705446644189	0.183691863254946	0.716501999489606
chr5:85476293:A:G	5	85476293	-0.0740643245831424	0.191592035160974	0.699072284894526
chr5:85809583:T:C	5	85809583	0.0391935905891524	0.117277776945034	0.738232777529678
chr5:92192959:A:T	5	92192959	0.0116411351481111	0.144068595902508	0.935598840854161
chr5:94648523:C:G	5	94648523	-0.182027293470048	0.285777940710218	0.524155055502366
chr5:98024666:G:A	5	98024666	0.169569666101805	0.124271912139194	0.172408629419903
chr5:101328324:T:C	5	101328324	0.290152726324584	0.1702426823096	0.0883161459858295
chr5:101825779:A:C	5	101825779	0.0815027937055423	0.128614761586875	0.526278557117563
chr5:106773905:G:A	5	106773905	-0.0931944569417512	0.118227498245061	0.430542417870181
chr5:110045491:C:T	5	110045491	0.1520665713908	0.253461713506098	0.548533730596481
chr5:114915760:G:T	5	114915760	0.0811318013475702	0.159591185111142	0.611191995873158
chr5:115102683:A:G	5	115102683	-0.0430187237768765	0.156022185782528	0.782761721536831
chr5:117238479:G:A	5	117238479	0.0799253093458661	0.123210704178327	0.5165400409325
chr5:121740415:G:T	5	121740415	0.0475614773359588	0.117149641124396	0.684750609516018
chr5:137227416:A:T	5	137227416	-0.0020603055528414	0.187581045857599	0.991236572268708
chr5:137406489:C:T	5	137406489	-0.0873608856543381	0.164776198796352	0.595987807112429
chr5:140638650:G:A	5	140638650	0.113593593195145	0.139425858283078	0.415230311414325
chr5:142682003:T:C	5	142682003	0.0716807036619522	0.105726363467502	0.497782312666339
chr5:144183699:A:G	5	144183699	-0.243180324330693	0.139227261297387	0.0806992797009234
chr5:145690757:G:T	5	145690757	-0.121757971349753	0.13461896286617	0.365749550157574
chr5:147282093:C:T	5	147282093	0.0756629164889337	0.154482353159883	0.624287067081822
chr5:148033208:G:T	5	148033208	-0.130195400074415	0.18300854695246	0.476825838297262
chr5:151763317:T:C	5	151763317	-0.0387836530525254	0.110212999750082	0.724915311260592
chr5:153541577:C:T	5	153541577	0.114661192583159	0.205231034824215	0.576371091021463
chr5:160435085:T:G	5	160435085	-0.00466324711642776	0.369967736258706	0.989943354528894
chr5:164252995:G:C	5	164252995	0.0741238330040534	0.153411490384071	0.628975019817165
chr5:168245100:T:C	5	168245100	-0.151330980611616	0.137533910814921	0.271193772869105
chr5:169455657:C:T	5	169455657	0.161224474851862	0.115241383962189	0.161808354716464
chr5:169808985:G:C	5	169808985	-0.151956393525022	0.229707285252739	0.50827769227554
chr5:172672695:T:C	5	172672695	-0.00111837030394007	0.224702642101575	0.996028855262404
chr5:173346700:A:C	5	173346700	0.139616907828845	0.149518826011104	0.350420085026833
chr5:177122146:G:C	5	177122146	-0.0341419692996576	0.227137346769974	0.880516727758653
chr6:1084246:G:A	6	1084246	0.159314529080767	0.199675650836141	0.42494791787815
chr6:3041612:C:A	6	3041612	-0.255053220628278	0.11826599676701	0.0310363354958952
chr6:3673174:A:G	6	3673174	0.380622729839558	0.180427400720264	0.0348961283139979
chr6:3786319:G:C	6	3786319	-0.292632143106172	0.205678707684124	0.154804746653841
chr6:6090729:G:T	6	6090729	-0.271192358809718	0.187704002112131	0.148517638825555
chr6:6354181:A:T	6	6354181	0.0668001657968882	0.134848797174696	0.620338354142837
chr6:6456261:T:C	6	6456261	-0.0362910617437338	0.126195521563699	0.773669750579783
chr6:7642514:C:G	6	7642514	-0.147434167448667	0.151380312707021	0.330090183283444
chr6:12212257:G:A	6	12212257	-0.0191526049432218	0.163780082587065	0.906906815925599
chr6:21494280:T:C	6	21494280	0.0765020186982769	0.148666104384381	0.606839892775838
chr6:23163726:T:C	6	23163726	0.108206715873977	0.167708339611411	0.51879258226091
chr6:23344439:T:A	6	23344439	-0.156637640740574	0.139356403354534	0.261009849721511
chr6:24077828:C:T	6	24077828	0.198049085812495	0.217369000457171	0.362232532255984
chr6:26287827:G:A	6	26287827	-0.0458209677855088	0.145813495758982	0.753335978785046
chr6:27261142:G:T	6	27261142	-0.0906427192118478	0.284763851643475	0.750251031217773
chr6:31108549:A:G	6	31108549	-0.181838724671102	0.155888068630737	0.243424550775828
chr6:31845997:T:C	6	31845997	0.261491366952466	0.12975789224674	0.0438810642178901
chr6:32660000:G:C	6	32660000	-0.0593816649891736	0.177712056309671	0.738269847587426
chr6:33148933:A:G	6	33148933	0.127511695894099	0.109373449839138	0.243680054112463
chr6:37400014:G:T	6	37400014	-0.0785728898559925	0.161083965186263	0.625708523100899
chr6:39124093:C:T	6	39124093	-0.0488404451104082	0.122860414986605	0.690978202600524
chr6:45195864:C:T	6	45195864	-0.179789484319449	0.171480196671101	0.294428448139686
chr6:46738257:G:A	6	46738257	0.24419117138829	0.144131293666314	0.0902221005806344
chr6:47717919:C:A	6	47717919	-0.0950718912943369	0.0913455710372678	0.297971322697449
chr6:48859012:C:A	6	48859012	0.140595463270372	0.159039251869892	0.376680040714264
chr6:49860743:T:G	6	49860743	0.0991409333729241	0.146797137552716	0.499446992075322
chr6:53292416:C:G	6	53292416	-0.0582984947663538	0.12954558122811	0.652693836020251
chr6:54457248:C:T	6	54457248	-0.24017140883898	0.285763975539692	0.400654015190248
chr6:57513520:G:A	6	57513520	-0.200818404994245	0.3451136706352	0.560640364474116
chr6:67461006:G:C	6	67461006	-0.00411493336792681	0.266825679538763	0.987695668310605
chr6:69504128:A:G	6	69504128	-0.0426590005415798	0.157727201099478	0.786805889799455
chr6:81137001:T:C	6	81137001	-0.108965837351459	0.133409234177584	0.414054836073133
chr6:84758749:C:T	6	84758749	0.00900161335951133	0.158616106429118	0.954743594009821
chr6:86667874:G:T	6	86667874	0.453635963910112	0.234357679271798	0.0529097861783722
chr6:87387916:G:T	6	87387916	0.0126355692140896	0.0997290670341043	0.899178667900894
chr6:88566465:G:A	6	88566465	0.369361838669146	0.137992415736745	0.00743551322583391
chr6:93273487:T:C	6	93273487	0.0710414642931465	0.149111748313727	0.633767330277988
chr6:97788153:C:A	6	97788153	-0.0360161005809052	0.165933067634124	0.828167837600876
chr6:98771646:C:T	6	98771646	0.0968171874288303	0.150648658778867	0.520439052984268
chr6:104918249:A:G	6	104918249	0.143693823257533	0.142486981993631	0.313228961830111
chr6:107129138:A:G	6	107129138	-0.0342651875283501	0.126351124275067	0.786244744658382
chr6:112187089:T:C	6	112187089	-0.0322880115789882	0.114335571455274	0.777639187456416
chr6:118046853:T:C	6	118046853	0.24571510886555	0.155293579791546	0.113589803061893
chr6:121081137:A:G	6	121081137	0.167902250521936	0.212902071337631	0.430324749155601
chr6:123103197:T:C	6	123103197	0.0915587034424904	0.14970074668731	0.540794804596796
chr6:127784009:G:A	6	127784009	0.186687384560558	0.136046568173327	0.169991386249103
chr6:129527930:G:A	6	129527930	-0.0652933597088106	0.179022485573298	0.715319265184508
chr6:137254996:T:C	6	137254996	0.186840071698624	0.136665006900678	0.171581716156693
chr6:138165202:C:G	6	138165202	0.280428680565999	0.178768119905525	0.1167242082721
chr6:139464917:T:A	6	139464917	-0.130804650310436	0.223874362281871	0.559033935120858
chr6:151547601:G:A	6	151547601	0.0459447167488514	0.118654642130323	0.698597922835393
chr6:152638179:C:T	6	152638179	0.226817986155159	0.129570600042418	0.0800258861187098
chr6:153842833:G:A	6	153842833	0.29686747031414	0.138465464664896	0.0320343253410648
chr6:156754666:T:G	6	156754666	-0.0967418180689971	0.275033703508803	0.725029269282059
chr6:160701242:A:G	6	160701242	0.200181524958972	0.148878161971976	0.178754555414985
chr6:160909689:G:C	6	160909689	-0.45003426903336	0.329045809419436	0.171407603060877
chr6:161970870:T:G	6	161970870	0.111439259115478	0.162309534352412	0.492344409909046
chr6:162760256:C:T	6	162760256	0.09887534682946	0.160025047523989	0.536658272845712
chr6:163629327:G:A	6	163629327	0.224569719235035	0.138666752971569	0.105341412078183
chr6:167509019:C:T	6	167509019	0.118436645610048	0.160017216397746	0.459209350779944
chr7:6986920:C:A	7	6986920	-0.152332678952249	0.263401968559394	0.563042834128395
chr7:7863676:G:A	7	7863676	-0.274893187061766	0.191915926501875	0.152040088702863
chr7:8111839:A:G	7	8111839	-0.0227959799748669	0.141050677737461	0.871608627283872
chr7:9602661:C:A	7	9602661	-0.137146500056163	0.165147629725434	0.406285600676669
chr7:10804524:T:C	7	10804524	0.197622857976794	0.189336624182805	0.296594332693075
chr7:11334355:C:A	7	11334355	0.098607722936173	0.155495507047873	0.525981897505437
chr7:12476280:G:A	7	12476280	0.20154215258783	0.14489049936443	0.164226540230386
chr7:12972158:C:G	7	12972158	0.0501406836462886	0.18654567332987	0.788095117008444
chr7:20850990:A:T	7	20850990	0.0505638462275695	0.150000277201939	0.736047785223732
chr7:22822020:C:A	7	22822020	0.190547371383812	0.118010213595924	0.106382508419356
chr7:24140802:T:C	7	24140802	-0.197048345917249	0.140414744138301	0.160518195064787
chr7:24278575:A:G	7	24278575	-0.0122350210052036	0.270543175856254	0.963928834054211
chr7:24620726:T:A	7	24620726	-0.075739426286477	0.152165424747497	0.618664495237848
chr7:24740434:C:T	7	24740434	0.16619842752745	0.143248085819068	0.245961708574463
chr7:28505993:C:T	7	28505993	0.0223291057430073	0.157588272204713	0.887322751514498
chr7:36413989:G:A	7	36413989	0.121331937813041	0.157233682810973	0.440312081870337
chr7:41157573:G:A	7	41157573	-0.38148520318495	0.369648304989669	0.302061785922793
chr7:43755241:C:T	7	43755241	-0.0872624534581265	0.122725351388988	0.477060359791471
chr7:44689517:A:G	7	44689517	0.0454479480246101	0.131163242185425	0.728967645260493
chr7:46192346:C:G	7	46192346	0.0733657333270673	0.221363660542306	0.740322521108651
chr7:46368666:G:A	7	46368666	-0.207430158532466	0.213508497806815	0.331283844119799
chr7:47748540:G:T	7	47748540	0.136896554429277	0.16384437101598	0.403420506427409
chr7:48301675:T:C	7	48301675	-0.14924149023411	0.118724664085835	0.208739644243024
chr7:51890159:C:T	7	51890159	-0.108979094376395	0.135884778288106	0.42255507740787
chr7:53046603:C:G	7	53046603	-0.123981074190226	0.199308881823658	0.533905743892674
chr7:55663907:C:A	7	55663907	-0.0370579624574248	0.135134832901666	0.783908231750876
chr7:56122201:A:G	7	56122201	-0.309918747288939	0.183652809259478	0.0915024047475387
chr7:62910214:G:T	7	62910214	0.295138544764349	0.159917752212308	0.0649554483790638
chr7:65406204:G:T	7	65406204	0.474895663230043	0.225313158574999	0.0350557492122928
chr7:67766433:G:A	7	67766433	0.0285357551213506	0.115847950362228	0.805433941155004
chr7:68433432:T:C	7	68433432	-0.0711740005864449	0.111936362354901	0.524878477179198
chr7:71020152:T:G	7	71020152	0.0956204335985425	0.137961275039648	0.488249190782546
chr7:71553830:T:C	7	71553830	-0.190901353345565	0.145519061354759	0.189565711995932
chr7:78390279:T:G	7	78390279	0.0557108047719102	0.109959222529426	0.612400644450058
chr7:83524616:A:T	7	83524616	0.0497659931473052	0.128105306233978	0.697662909264642
chr7:84786535:C:A	7	84786535	-0.0919003578116421	0.117624611432652	0.434624825868504
chr7:86620755:G:A	7	86620755	0.125075730226651	0.152424965224213	0.411889834161744
chr7:89207269:G:A	7	89207269	0.17215044029327	0.144972397111063	0.235042098491554
chr7:91097147:A:G	7	91097147	0.0415108091134538	0.109583839319305	0.704833332461595
chr7:96212691:T:C	7	96212691	-0.492208648363492	0.309825937979609	0.112136755923126
chr7:103095283:G:A	7	103095283	-0.248046211114862	0.213796327197242	0.245967934746181
chr7:104663551:G:A	7	104663551	0.231635386671073	0.198666384967445	0.243634020304237
chr7:113434486:A:C	7	113434486	0.376162536643989	0.139411276214791	0.00697109891159742
chr7:113749820:G:A	7	113749820	0.0595159682015041	0.116041788584832	0.608032517424744
chr7:117145973:C:G	7	117145973	0.119569496897278	0.143800407525077	0.40569335644729
chr7:119808046:G:A	7	119808046	-0.0421926553075354	0.129625939937385	0.744806116018352
chr7:122582926:C:G	7	122582926	-0.370756384002488	0.173624127982393	0.0327286228039096
chr7:124802410:A:T	7	124802410	0.0649707822065866	0.0975971441234039	0.505600493320799
chr7:129047886:A:G	7	129047886	0.176675081890437	0.171378655265804	0.302585455721528
chr7:131384702:T:A	7	131384702	0.0102240653644739	0.0908706441113638	0.910417215994011
chr7:136870573:G:A	7	136870573	-0.394848112860732	0.230059826193451	0.0861099845543081
chr7:142873374:T:C	7	142873374	0.122177852884657	0.133136896539937	0.358783330958267
chr7:143187070:C:T	7	143187070	0.100386139493577	0.173444877802394	0.562738743994942
chr7:145116884:A:G	7	145116884	-0.00467547612120956	0.158733613767801	0.976501821061577
chr7:149242006:T:C	7	149242006	0.0851885562048689	0.144518412879073	0.555549338021629
chr7:153502245:G:A	7	153502245	-0.18919202903123	0.158438785815124	0.232438174648626
chr7:153952270:G:A	7	153952270	0.149454496374883	0.119800083578335	0.212202315427172
chr7:154426289:T:C	7	154426289	0.0402741701288145	0.228596275659388	0.860152263675016
chr7:156975524:A:T	7	156975524	0.0215841665114897	0.180058090975692	0.904583476051412
chr7:157677820:C:T	7	157677820	0.291105175767701	0.189533148841608	0.124561338976897
chr8:276778:A:T	8	276778	-0.0374844036583804	0.0900929586890371	0.677363440860975
chr8:1102873:G:T	8	1102873	0.00863186541350564	0.151783324056686	0.954649026247087
chr8:8710521:T:C	8	8710521	0.11849680311009	0.158507910187091	0.45471558899865
chr8:9029509:T:C	8	9029509	0.0479426498830277	0.195210683705423	0.805996228035648
chr8:9109096:A:G	8	9109096	0.228357227808253	0.14184198944323	0.107410747203162
chr8:9827297:A:G	8	9827297	-0.0713236738420544	0.173356487328907	0.680758891112097
chr8:10675470:T:G	8	10675470	0.222540259609847	0.171480983069019	0.194371624750446
chr8:13032868:C:A	8	13032868	-0.152050919667606	0.20141399744294	0.450298579419564
chr8:14391498:A:G	8	14391498	0.497320051234912	0.219177608097102	0.0232666449752668
chr8:16627132:C:G	8	16627132	0.298816858405341	0.258807019582703	0.248256999619266
chr8:17129593:A:G	8	17129593	0.0929647479265034	0.181317390583037	0.608148372618557
chr8:20741226:C:T	8	20741226	0.234786039082857	0.134844707950635	0.0816557608614396
chr8:23115837:G:A	8	23115837	-0.0295181124955641	0.213587316511379	0.890081077243377
chr8:25783762:T:C	8	25783762	0.115272523596006	0.150481153457289	0.443660643995497
chr8:27010051:G:C	8	27010051	0.318888776979994	0.157241544175895	0.0425583492499584
chr8:27022227:G:T	8	27022227	0.113437544120571	0.13039095302351	0.38431123848123
chr8:28150898:A:G	8	28150898	-0.0901237511014795	0.0950518831186015	0.343051447093909
chr8:28528484:G:T	8	28528484	-0.0852475176859925	0.104893088430121	0.416385134894092
chr8:29917542:C:T	8	29917542	0.152883969416631	0.306106540416679	0.617464570454889
chr8:37085597:G:A	8	37085597	-0.135061696576097	0.322495040688264	0.675360551730708
chr8:41788192:C:T	8	41788192	-0.0333011141462925	0.138822278121668	0.810420906533991
chr8:42055528:T:G	8	42055528	0.216845067374538	0.185879046259424	0.243375047267045
chr8:50763512:C:T	8	50763512	0.302737902755199	0.208477881704912	0.146464239767146
chr8:51570259:T:G	8	51570259	0.246692893999749	0.251009761876714	0.325704901242996
chr8:53142705:G:A	8	53142705	0.179891381226371	0.152433859036897	0.237949528858559
chr8:60609620:T:A	8	60609620	0.00719526099160028	0.202328739005752	0.97163142598523
chr8:61304314:G:C	8	61304314	-0.00925642113864184	0.0970066299306491	0.923980833664832
chr8:61926940:A:T	8	61926940	-0.19387370004548	0.148005747792092	0.190227447454863
chr8:63445672:G:A	8	63445672	-0.171024417309992	0.190739182667755	0.369910944204372
chr8:65343369:C:A	8	65343369	0.0278549511220134	0.158688862288004	0.86066173891052
chr8:65418628:G:T	8	65418628	-0.186654052824518	0.154240499248029	0.226221557311578
chr8:71273350:T:A	8	71273350	-0.135695815787422	0.236720418506754	0.566487343320847
chr8:72033005:T:C	8	72033005	0.148573040674452	0.167768846234973	0.375842910143649
chr8:72065200:T:A	8	72065200	0.103544481573128	0.13067523783155	0.428138974156018
chr8:73211475:T:C	8	73211475	0.129786947503025	0.12707870807775	0.307106873927604
chr8:75992459:A:G	8	75992459	-0.330423300689546	0.196528237882289	0.0927042881128756
chr8:78402394:T:A	8	78402394	-0.723610469420643	0.737399851541936	0.326444826027034
chr8:79795588:T:G	8	79795588	-0.10370570599784	0.281869848381554	0.71293248633617
chr8:86323708:T:C	8	86323708	0.0171988147557025	0.119223949237417	0.885298025449413
chr8:89525432:A:G	8	89525432	-0.0432715143081107	0.118159929686977	0.714207329688912
chr8:92001032:A:G	8	92001032	-0.360882787137709	0.169496052589256	0.03324172195126
chr8:92645879:A:G	8	92645879	-0.0959777070321784	0.205848820575465	0.64103414918103
chr8:95906161:G:A	8	95906161	0.158571748069224	0.106429467048489	0.136244391230179
chr8:96365126:C:T	8	96365126	-0.0319460368739831	0.113099029018921	0.777590236551903
chr8:97430280:G:A	8	97430280	-0.175017519064772	0.499094205080798	0.72583570280539
chr8:98002322:C:T	8	98002322	-0.0749207875033471	0.190310685908668	0.693820115549001
chr8:98018653:A:G	8	98018653	-0.0761398481368295	0.161512567416959	0.637342632939359
chr8:104471980:T:G	8	104471980	-0.112853121499733	0.181927429607323	0.535047497830729
chr8:106920372:G:A	8	106920372	-0.201898226837287	0.178841487836666	0.258930416729951
chr8:108142424:A:G	8	108142424	-0.124537397265414	0.114929907824815	0.27854470284117
chr8:109421925:C:T	8	109421925	0.0396843830970094	0.136173593310346	0.770726332236233
chr8:116252872:C:T	8	116252872	0.0383876220190231	0.105980835490999	0.717192966775818
chr8:116821900:C:T	8	116821900	-0.0307942722304742	0.266525375226863	0.908017324380661
chr8:119015250:G:A	8	119015250	-0.260538569378207	0.259599721217319	0.315563487642386
chr8:121384602:C:T	8	121384602	-0.166868564473823	0.142466235668097	0.241484239761257
chr8:127029052:C:T	8	127029052	-0.0259987073532634	0.128163016279514	0.839247155991912
chr8:128437247:A:G	8	128437247	-0.00795908945191973	0.180276455977148	0.964785350631606
chr8:131111695:G:T	8	131111695	-0.125687690012352	0.232749040573829	0.589187526850901
chr8:131315237:G:A	8	131315237	0.233330414935594	0.110969130575501	0.0354954514598436
chr8:135895676:A:T	8	135895676	-0.12323952414153	0.226820550454692	0.586899229960142
chr8:138585221:A:T	8	138585221	0.0605510313859314	0.191503307675445	0.751859880740888
chr8:141605122:C:T	8	141605122	0.0489407286173463	0.137506327268822	0.721903328023036
chr9:733358:A:C	9	733358	-0.10253852338018	0.171437640299482	0.549766708119804
chr9:5461379:C:T	9	5461379	0.0450661335303074	0.128330551870083	0.725459098743816
chr9:11397008:T:G	9	11397008	0.0791815982181826	0.175012129781647	0.650955698169889
chr9:11517950:T:C	9	11517950	0.159849899867777	0.174952343152923	0.360886689590843
chr9:11955148:T:G	9	11955148	-0.394423505369617	0.175522223875908	0.0246309010125705
chr9:12389360:A:G	9	12389360	-0.0392104325022432	0.148642177360904	0.791941157158975
chr9:12615226:G:C	9	12615226	-0.0498216825798475	0.126705760048462	0.69416607083979
chr9:13582959:T:A	9	13582959	0.220527888752384	0.16461563544259	0.180358068017483
chr9:13820455:C:G	9	13820455	-0.0504023353843467	0.253386987600002	0.84232965940692
chr9:14098421:G:A	9	14098421	0.0315568685364868	0.140163589509607	0.821867933261546
chr9:18952915:A:G	9	18952915	0.353326592470912	0.13095679271065	0.00697491752958601
chr9:21476808:G:A	9	21476808	0.0114889425267355	0.2397542850259	0.961780275279988
chr9:29651949:A:G	9	29651949	0.0452617864872811	0.124013260944299	0.715129787662535
chr9:32058643:A:T	9	32058643	-0.263397760705422	0.152564194016354	0.0842625895233712
chr9:37013405:C:T	9	37013405	-0.0976321601041575	0.144107410528511	0.49809145720722
chr9:37992585:C:T	9	37992585	0.0219578723450808	0.156073005300237	0.88811504161323
chr9:72294932:G:A	9	72294932	0.155555622871635	0.287907320048958	0.588991840009614
chr9:73616570:C:T	9	73616570	0.478882897995533	0.195076402392027	0.0140944206770981
chr9:76464251:C:G	9	76464251	-0.436377555042612	0.274993098683675	0.112542703181381
chr9:79067117:C:T	9	79067117	0.508491910549922	0.23437374614827	0.0300388983701253
chr9:82773489:T:C	9	82773489	0.234555963811752	0.220324152221023	0.287059298972009
chr9:89995415:A:G	9	89995415	0.0654015238277521	0.160503979958461	0.683658399037037
chr9:91844381:C:T	9	91844381	0.185007341302889	0.147364147754296	0.209317856001514
chr9:94568472:C:A	9	94568472	-0.0676520776550814	0.0982988777577725	0.491308973153721
chr9:95559980:C:T	9	95559980	0.0174542610846027	0.303424761427644	0.954127643851028
chr9:96162075:C:T	9	96162075	0.141712258719257	0.119639554466766	0.23621782034308
chr9:97240484:A:G	9	97240484	0.215361988728737	0.186499332444728	0.248188678479009
chr9:100192956:A:G	9	100192956	0.157500274990184	0.146704695964676	0.283007763828848
chr9:100529836:G:C	9	100529836	0.205396925530425	0.146172944821605	0.159972586240132
chr9:101460357:C:T	9	101460357	0.0421902215961864	0.182855375804009	0.817524562518821
chr9:103293239:C:G	9	103293239	0.0488963497023484	0.228768121583531	0.830751686769449
chr9:105684376:G:T	9	105684376	-0.338986685136493	0.479705006461167	0.479779936950663
chr9:106822394:G:C	9	106822394	0.478897854448252	0.209807083288619	0.022456131234434
chr9:107904127:G:A	9	107904127	-0.0917553939732244	0.13331153238603	0.491277737354677
chr9:117420412:T:C	9	117420412	-0.0143765366660372	0.108230116481364	0.894325414436755
chr9:117972207:C:A	9	117972207	0.136758360779259	0.133269714793248	0.304808002668871
chr9:118511323:G:A	9	118511323	-0.117103409536733	0.222562375600608	0.598777074686504
chr9:121356498:A:G	9	121356498	0.104286213958227	0.172068936774613	0.54446675292411
chr9:124044726:T:G	9	124044726	-0.000262318356789281	0.147196408927824	0.998578092647524
chr9:125005426:C:T	9	125005426	0.119601448575714	0.144798968663976	0.408813884081513
chr9:129533341:A:G	9	129533341	-0.0821890473612864	0.132653856297666	0.535537459659751
chr9:136630984:C:T	9	136630984	-0.126927263419481	0.0940857240860263	0.177317775156545
chr10:2050300:A:G	10	2050300	0.278164472038724	0.129990996443579	0.032364877120535
chr10:3113976:C:T	10	3113976	0.347890328000033	0.151975250397493	0.022072097173386
chr10:4591592:T:C	10	4591592	-0.107345257664193	0.126318978956477	0.395438977790582
chr10:7462546:C:T	10	7462546	0.0774657375061129	0.110478541835387	0.483188466843838
chr10:7849544:T:G	10	7849544	0.063852391212057	0.182158622647175	0.725939623696475
chr10:9367893:G:A	10	9367893	0.202301304758955	0.156530085605196	0.196214627541499
chr10:10628189:C:T	10	10628189	-0.289024231385711	0.211600550437829	0.171971777623328
chr10:14014383:T:C	10	14014383	0.0475306620238228	0.130741173656397	0.716195735617162
chr10:16341555:C:T	10	16341555	-0.0602010267678948	0.134073309961692	0.653420300677708
chr10:18075702:C:T	10	18075702	0.299796336346745	0.188473153459816	0.111686555497964
chr10:20923823:C:G	10	20923823	0.101808121410281	0.186516230232226	0.585175547810899
chr10:26220185:A:C	10	26220185	0.0257737751180041	0.579622403781221	0.9645325608671
chr10:27289376:T:C	10	27289376	-0.0452042826877799	0.138410509052149	0.743973665668863
chr10:27674317:A:G	10	27674317	-0.0268516494294851	0.10221503738066	0.792783633385211
chr10:28771902:G:A	10	28771902	-0.0271292797501648	0.14648462041531	0.853070412628569
chr10:28891836:C:T	10	28891836	0.0823349095212955	0.120459336074662	0.494285951126207
chr10:30622484:G:A	10	30622484	-0.15070158650741	0.150873772692378	0.317863125987522
chr10:35177843:G:T	10	35177843	0.103281097762562	0.164255661728569	0.529491410005526
chr10:43613180:G:A	10	43613180	0.100984136993876	0.202243521626069	0.617554309760513
chr10:44139011:T:C	10	44139011	0.287386241598168	0.18294752893173	0.116213538057344
chr10:45036473:A:G	10	45036473	0.0727923284667203	0.122144473275884	0.551206826646199
chr10:51560095:T:G	10	51560095	-0.212391474278434	0.133977596580953	0.112903629514113
chr10:54072488:A:G	10	54072488	-0.132352276856418	0.162523992652122	0.415441430971738
chr10:54082016:C:T	10	54082016	-0.0203285580330938	0.135624393732256	0.880852462179918
chr10:55299918:G:C	10	55299918	0.00485506579333482	0.134054248155535	0.971109193514094
chr10:56747004:T:C	10	56747004	-0.1507038626977	0.16649975025468	0.365396699517573
chr10:57761967:T:C	10	57761967	-0.063405027259202	0.110127548920841	0.564789754068779
chr10:61894829:G:A	10	61894829	0.145084925369194	0.218879624706889	0.507424970456964
chr10:62473064:C:G	10	62473064	-0.349611328442568	0.399971309485809	0.382068689435757
chr10:65713195:A:G	10	65713195	-0.210108870356786	0.192085243277105	0.274028930385469
chr10:69232402:C:A	10	69232402	-0.174257636957292	0.124672717582562	0.162196958401155
chr10:79437519:C:T	10	79437519	-0.0718419594083141	0.264713347173626	0.786087013196679
chr10:81546102:G:A	10	81546102	-0.0448533885234644	0.233956100453641	0.847963799150146
chr10:82354363:C:G	10	82354363	0.0212991879143425	0.162555519470343	0.895753822748767
chr10:84591955:C:T	10	84591955	-0.0994821875092701	0.244019815448603	0.683508053448432
chr10:84989741:G:A	10	84989741	0.0197710080125912	0.121741477897727	0.870989628957028
chr10:86779196:C:A	10	86779196	0.208728999020935	0.186544427612534	0.263172650342534
chr10:91053424:A:C	10	91053424	-0.000668782293098776	0.153742892284527	0.996529209413209
chr10:93612452:G:A	10	93612452	-0.117356561065012	0.153235298898382	0.443760482269312
chr10:93671121:T:C	10	93671121	-0.0488096680046172	0.151040601831892	0.746577145246586
chr10:101249704:C:T	10	101249704	0.45253536515093	0.177160076213817	0.0106375004027349
chr10:102352980:T:C	10	102352980	0.0359744892497391	0.120441048369582	0.765176888655225
chr10:104637359:T:C	10	104637359	-0.132859445818917	0.234498616442281	0.571007623448207
chr10:108480456:T:C	10	108480456	-0.038720120932941	0.128839387060023	0.763772798662506
chr10:109264424:C:T	10	109264424	-0.111740634391419	0.153838507838625	0.467624098388039
chr10:111352001:T:G	10	111352001	-0.0150896125828464	0.136341542527125	0.911873999363646
chr10:118828443:C:T	10	118828443	-0.0440735173924166	0.20666794133529	0.831126012063625
chr10:120152982:A:G	10	120152982	0.00732752647879562	0.130597774533337	0.955256096968592
chr10:121580593:A:G	10	121580593	0.21366031899507	0.146055995361326	0.143504106613268
chr10:121611573:C:G	10	121611573	0.159405311937269	0.157721728890107	0.312172298952701
chr10:121734173:T:C	10	121734173	0.0114689444511201	0.0977373193852681	0.906587001263137
chr10:121910644:T:A	10	121910644	0.49272005152149	0.198558525456858	0.0130836126357797
chr10:122561189:A:G	10	122561189	0.167139881265303	0.142993771711133	0.242459530899376
chr10:123750431:C:G	10	123750431	0.113247107171693	0.127872360268717	0.37581901097014
chr10:127533155:T:C	10	127533155	-0.11878854429622	0.131854706767337	0.367638914422074
chr10:129953349:A:G	10	129953349	-0.0260249271919965	0.166026653088616	0.875440696267316
chr10:130263340:C:T	10	130263340	0.0194843366962688	0.204813382972953	0.92420986486867
chr10:130662147:G:T	10	130662147	0.179449788656393	0.217067497206897	0.408406889662585
chr10:131485315:A:G	10	131485315	0.404424903201165	0.206695730767384	0.0503922173370498
chr10:131819683:A:G	10	131819683	-0.0224209687989113	0.134130151485627	0.867245490390921
chr10:131953941:A:C	10	131953941	0.0339242682538932	0.140327802044676	0.808973761910293
chr11:388357:C:T	11	388357	0.097657030127201	0.137209632615262	0.47662829293461
chr11:2257707:C:T	11	2257707	-0.081181463560219	0.138715818778542	0.558389174229125
chr11:3623903:G:A	11	3623903	0.0576550273446768	0.16110549891388	0.720439661950624
chr11:5806222:C:T	11	5806222	0.0641847303231426	0.112770436666545	0.569245706410356
chr11:9789492:C:A	11	9789492	-0.200456838657252	0.158958232244144	0.207285031619155
chr11:14569664:T:G	11	14569664	-0.0723295641910457	0.148209417712861	0.625533743276631
chr11:21819583:A:G	11	21819583	0.279012431696718	0.228855917239302	0.222782721711336
chr11:36019710:C:A	11	36019710	-0.0620567774409008	0.122180529533377	0.61151609011186
chr11:39635569:C:T	11	39635569	-0.212768542593298	0.213149409515806	0.318176013260113
chr11:40512905:C:G	11	40512905	-0.0203741514448907	0.197110177941403	0.917673861405302
chr11:41632790:A:T	11	41632790	0.128689374711827	0.152651466534675	0.399213098715037
chr11:42744986:A:G	11	42744986	0.163269215455802	0.120757764678439	0.17636281812408
chr11:43201079:C:T	11	43201079	0.0888722688226202	0.219154912877805	0.68509341371902
chr11:43982585:G:A	11	43982585	0.0506785189370851	0.252221695594606	0.840754507246652
chr11:44330300:A:G	11	44330300	0.0786781519359078	0.133065379171054	0.554336580942772
chr11:49875094:A:G	11	49875094	0.133165035123904	0.136439512628778	0.329064207191789
chr11:50253126:G:T	11	50253126	-0.165916714747766	0.124406028798474	0.182311697868752
chr11:55906271:G:A	11	55906271	0.0903307762915413	0.126388681110911	0.474790594661011
chr11:56124264:C:A	11	56124264	-0.379346977150594	0.269173638398187	0.158745854525492
chr11:57305789:G:A	11	57305789	-0.0218903596058434	0.121390541489521	0.85689348404253
chr11:58998793:A:C	11	58998793	-0.413373812301659	0.290640665812879	0.154943578622868
chr11:60456695:C:T	11	60456695	-0.203981150986238	0.386948569537724	0.598087251321769
chr11:62505064:A:G	11	62505064	0.177244449310475	0.2396429419908	0.459531269834547
chr11:63184971:C:T	11	63184971	-0.159303654679387	0.127583364800847	0.211802620266974
chr11:65009160:T:C	11	65009160	0.0326040202469749	0.254316552841589	0.897988714273973
chr11:70801858:T:C	11	70801858	0.08272727966072	0.112678327943249	0.462833065910034
chr11:71334794:T:G	11	71334794	0.190728928153066	0.136262289759753	0.161597455050022
chr11:72713691:C:T	11	72713691	-0.14850097692088	0.237133456812588	0.531161624897921
chr11:77208574:G:A	11	77208574	-0.124944335988095	0.176145194643956	0.478122304325046
chr11:77376654:A:G	11	77376654	-0.0472574801710184	0.155006416204704	0.760461853116118
chr11:77897055:A:G	11	77897055	-0.0795087311652732	0.13918458330706	0.567832439459238
chr11:79339250:G:A	11	79339250	0.027502251662885	0.191038926728143	0.885530866418952
chr11:81783030:C:T	11	81783030	0.159020643707377	0.134066411472068	0.235569636286586
chr11:83962252:C:T	11	83962252	0.177867178874238	0.15654334234859	0.255865832127589
chr11:86328783:G:T	11	86328783	0.014830733221276	0.198235587165895	0.940362959510416
chr11:86644523:C:T	11	86644523	-0.0269598848509263	0.155971199285227	0.862768008453311
chr11:93046218:A:C	11	93046218	0.107485563230728	0.131157475240044	0.412492452139782
chr11:99371984:G:C	11	99371984	0.337264599187667	0.176715018317426	0.0563237101513879
chr11:100626548:G:A	11	100626548	0.234261935992073	0.170737721634633	0.17004560324271
chr11:104129521:G:A	11	104129521	-0.207809912934178	0.274397596375716	0.448851349758388
chr11:108728662:A:G	11	108728662	-0.238097621318669	0.25358796416805	0.347774229365511
chr11:110338613:G:A	11	110338613	-0.194984112026715	0.199800431859892	0.329116823663521
chr11:110396347:G:A	11	110396347	0.104350559682245	0.127774043540496	0.414111083009477
chr11:113789228:G:C	11	113789228	-0.471310761921241	0.327504523850763	0.150123055604255
chr11:113800784:C:T	11	113800784	-0.251526238725249	0.224085932850353	0.261669290454492
chr11:115616504:A:T	11	115616504	0.238601220325995	0.131605406297046	0.069831096225187
chr11:119630310:G:A	11	119630310	0.24359028555726	0.14473421579471	0.092371613411761
chr11:123267436:G:A	11	123267436	0.208354429332245	0.1469607297135	0.156262067900703
chr11:125907492:T:C	11	125907492	0.0138306925543939	0.103755183760995	0.893955162961388
chr11:126829359:G:A	11	126829359	0.211585681392357	0.16146016835217	0.190043221671742
chr11:130038952:T:C	11	130038952	-0.097438273907557	0.245139095755728	0.691012370785453
chr11:130290657:C:T	11	130290657	0.549190801268693	0.192340704941352	0.00429959216695375
chr11:131355535:G:A	11	131355535	-0.0475362456907528	0.113461324155171	0.67524221397532
chr11:133238417:A:G	11	133238417	0.142993511322058	0.136454956163232	0.2946767038438
chr11:133300920:A:C	11	133300920	-0.407066100658131	0.351274187526913	0.246526607689801
chr11:133409278:A:G	11	133409278	0.200239527768122	0.159967136577063	0.210659460304303
chr11:134309503:C:T	11	134309503	0.00993830348224304	0.208796314302415	0.962036562958878
chr12:5192681:C:T	12	5192681	-0.0184612242837749	0.132246477585684	0.888978334872956
chr12:5448727:G:A	12	5448727	0.0387441891165735	0.115486269545292	0.737257442606944
chr12:6639294:C:T	12	6639294	0.117301617437607	0.197544859035448	0.552647649387951
chr12:19523028:C:A	12	19523028	-0.0293876487108702	0.170336792557004	0.863023454029867
chr12:19758400:A:T	12	19758400	0.405646826850889	0.208918927451476	0.0521798384308665
chr12:20003679:T:A	12	20003679	0.0270200128280199	0.183475536569803	0.882920758177952
chr12:21333090:G:A	12	21333090	0.0370670685244131	0.112601433556901	0.742013405862708
chr12:25518059:A:T	12	25518059	0.00515366256263566	0.123082174013117	0.966600959265473
chr12:28965843:C:T	12	28965843	-0.0906212796923678	0.146519366625411	0.536250064042942
chr12:32086665:A:C	12	32086665	0.216121576335076	0.131074860612503	0.0991802565527506
chr12:44631613:C:T	12	44631613	-0.313372580757492	0.252972436793116	0.215433739699134
chr12:48567461:T:G	12	48567461	-0.184091851617626	0.138565093501967	0.183993626418016
chr12:51039498:T:C	12	51039498	0.377531160199623	0.178454402446317	0.0343821683685192
chr12:52880890:G:T	12	52880890	-0.275928523916937	0.228204341419148	0.226613227504341
chr12:53646626:C:G	12	53646626	0.232248265778899	0.167213828980466	0.164854105529219
chr12:53680144:C:A	12	53680144	0.249601899075162	0.140362191120213	0.0753594912439436
chr12:54366280:G:A	12	54366280	-0.0943234786414443	0.133708664748449	0.480536281008022
chr12:55599330:T:C	12	55599330	-0.0942065685654484	0.267382061092674	0.724591221158648
chr12:56675083:C:T	12	56675083	-0.0750227014017043	0.133873681539822	0.57520719059966
chr12:57436134:C:T	12	57436134	0.11463549285029	0.163614718644182	0.483525891458856
chr12:58724212:C:T	12	58724212	0.211046666868982	0.182047991072974	0.246337434042024
chr12:59048769:A:C	12	59048769	0.0998009435459181	0.135184862941554	0.460359315064019
chr12:59161225:G:A	12	59161225	0.362076354610262	0.267842448082135	0.176431021193508
chr12:59226687:C:T	12	59226687	0.128661683877528	0.144683521600865	0.373861820588502
chr12:63113400:T:C	12	63113400	0.017448764124245	0.162633262262816	0.914559691147238
chr12:64271340:C:T	12	64271340	-0.03860261828636	0.200668967953634	0.847452667479052
chr12:64756705:C:T	12	64756705	-0.0472889062005603	0.111392171764216	0.67118203123086
chr12:67050802:C:T	12	67050802	0.113544791509215	0.137649500507153	0.409437777028488
chr12:71564908:A:G	12	71564908	0.138249250023383	0.184433946972491	0.453503610142212
chr12:73909094:G:A	12	73909094	0.0168037467085646	0.0951631493208749	0.859839643790738
chr12:81126959:G:A	12	81126959	0.0311026220160127	0.131422547009627	0.812919612232541
chr12:83608380:A:G	12	83608380	0.142024007432422	0.158120929531129	0.369079646282113
chr12:90727178:A:C	12	90727178	-0.177348981431733	0.100570466791116	0.0778279884169004
chr12:92596791:C:T	12	92596791	-0.00308078465495697	0.130324413529094	0.981140282743731
chr12:95914573:A:T	12	95914573	0.100020981162514	0.145193045898741	0.490897071131791
chr12:101611098:G:C	12	101611098	0.125595021564332	0.146023859415515	0.389734298383801
chr12:105967464:T:C	12	105967464	-0.169217815891601	0.157970006219175	0.284078529187219
chr12:109533295:C:T	12	109533295	0.0352477201449948	0.147389436724757	0.810991711161942
chr12:112209515:G:A	12	112209515	-0.1383424357279	0.195839640005571	0.479935249439134
chr12:120976632:C:A	12	120976632	-0.0552283215655107	0.181878087723717	0.761390196712262
chr12:125875525:T:C	12	125875525	-0.14202299615572	0.12001058485741	0.2366425043194
chr12:126449337:A:G	12	126449337	0.138142181178315	0.126037467964732	0.273061010298627
chr12:131091094:G:A	12	131091094	0.204193225021323	0.115363547147006	0.0767275066808507
chr12:132776953:G:A	12	132776953	0.0233951124310751	0.228340116624063	0.91839370200632
chr13:19545220:A:G	13	19545220	-0.100108831559014	0.145929052172447	0.492706618904996
chr13:22977365:T:G	13	22977365	0.0870030788655971	0.188527463207987	0.644448844913085
chr13:24330599:T:C	13	24330599	0.215442090779269	0.189194678696585	0.254814828223347
chr13:24623185:A:C	13	24623185	-0.149543472309783	0.138023842409384	0.278603781887965
chr13:25202506:T:G	13	25202506	0.121970598500319	0.201451523352727	0.544874188844951
chr13:26234118:A:T	13	26234118	-0.00915581891435041	0.16425720588448	0.955548340675537
chr13:26494236:G:A	13	26494236	-0.0940282758915606	0.132707657067419	0.478611887214324
chr13:27255876:A:G	13	27255876	0.332762944711332	0.176703868846352	0.0596777012424166
chr13:42909938:A:G	13	42909938	-0.0420617237644982	0.21588761389822	0.845524802927212
chr13:45470952:C:T	13	45470952	0.140507870863935	0.298585645891256	0.63794203797199
chr13:45708351:G:A	13	45708351	-0.0748362433302966	0.171629285265929	0.662811894173968
chr13:45809177:C:G	13	45809177	-0.249164168979885	0.122558414884199	0.0420501229683238
chr13:50558767:A:T	13	50558767	-0.00600429389013596	0.186092836432536	0.974260684095462
chr13:58710908:G:A	13	58710908	-0.152865052422656	0.114009109469895	0.179980729062187
chr13:58934154:C:T	13	58934154	0.152743270000467	0.121552846910722	0.208898626304779
chr13:70397215:T:C	13	70397215	0.110965526665237	0.16816139775263	0.509333955773915
chr13:70990050:T:C	13	70990050	0.342938633950402	0.157973183670956	0.029941293244228
chr13:75832713:T:C	13	75832713	0.262022871348452	0.154770453317823	0.0904597793084373
chr13:86776101:G:A	13	86776101	-0.0543746139591234	0.133211796661918	0.683140302499492
chr13:91472230:T:C	13	91472230	0.212276945831365	0.133696166849166	0.112341431913832
chr13:93235990:C:T	13	93235990	-0.140940443337882	0.128416951631033	0.272413222223399
chr13:96765286:G:A	13	96765286	0.141484691635057	0.147837193094294	0.33855189892811
chr13:102180181:A:G	13	102180181	-0.327540022613257	0.187802549787944	0.0811475997020361
chr13:104405113:C:T	13	104405113	-0.281662268642546	0.215136176816288	0.190457189858314
chr13:106009559:G:C	13	106009559	-0.0380051471654613	0.136698789543323	0.780996165353218
chr13:106084136:A:G	13	106084136	0.251149818845901	0.124249837707905	0.0432457035419257
chr13:112716578:T:C	13	112716578	0.277243774930745	0.134324150461751	0.0390186139833574
chr14:21167555:A:G	14	21167555	-0.211201656374335	0.222592988307559	0.342709934849116
chr14:26929954:A:G	14	26929954	-0.210424409045131	0.162077691155059	0.194186507351783
chr14:27823594:G:A	14	27823594	0.167054154732161	0.130640893418985	0.200992892778517
chr14:34182794:A:C	14	34182794	0.0482843851930407	0.177092557510593	0.785121841609306
chr14:38216062:T:A	14	38216062	-0.0283610778223501	0.132049370836934	0.829941716582672
chr14:38962987:G:A	14	38962987	-0.0594006160317863	0.180417652525412	0.741974676029482
chr14:39925237:C:T	14	39925237	-0.18260986563916	0.178356794638402	0.305908085865518
chr14:44446011:A:G	14	44446011	-0.196103042837551	0.154068361641276	0.20307788915763
chr14:48685878:C:A	14	48685878	0.173317004241701	0.157681974685197	0.271700260302069
chr14:51426205:T:C	14	51426205	-0.0974159822238257	0.165252389495387	0.555527135211563
chr14:52881822:T:G	14	52881822	0.0607336190451825	0.163996608142074	0.71113319301337
chr14:53358297:A:G	14	53358297	-0.0863728186265289	0.121946413869266	0.478768275528771
chr14:56254615:G:A	14	56254615	-0.338770737610374	0.142171537631916	0.0171800824899057
chr14:57978070:T:C	14	57978070	-0.046010146749081	0.115762463595343	0.691033385888007
chr14:62445185:T:C	14	62445185	0.148932776965859	0.113311550362399	0.188723280931825
chr14:67518615:G:A	14	67518615	0.0544097104655317	0.124996325916446	0.663351595556057
chr14:68863518:T:G	14	68863518	0.0915260775608814	0.152225515355679	0.5476713584188
chr14:77734277:G:A	14	77734277	-0.119533014100068	0.185808214391648	0.520020414107315
chr14:81022028:G:A	14	81022028	0.014413482115071	0.204516430084821	0.943814871584561
chr14:81884763:T:G	14	81884763	0.0805244063139249	0.201569334041672	0.689534116480175
chr14:82929256:T:A	14	82929256	-0.126315093499491	0.214386349168749	0.555731320315486
chr14:84531019:T:G	14	84531019	0.18500087832856	0.130773681022544	0.157166900530789
chr14:84812257:C:T	14	84812257	-0.0336911956996582	0.244298731494194	0.890311684115057
chr14:90804831:C:G	14	90804831	0.172503936802636	0.150592397912071	0.252001146987717
chr14:91397629:G:T	14	91397629	-0.0210945306556829	0.189490830450766	0.911360874653578
chr14:91532430:A:C	14	91532430	0.298417302486229	0.239145710941354	0.212087024757178
chr14:91961156:T:C	14	91961156	-0.22969013008087	0.116669570535753	0.0489848464356298
chr14:92998270:C:G	14	92998270	-0.104093914279439	0.209855224241454	0.619875170123672
chr14:93757265:G:A	14	93757265	-0.0389561011235445	0.154022025433298	0.800325767129545
chr14:93769225:C:T	14	93769225	0.187861211242426	0.196382197038614	0.338764042531969
chr14:98340169:A:G	14	98340169	0.050971468995061	0.134856410368539	0.70545402840372
chr14:100721312:C:T	14	100721312	-0.291805709987027	0.273302480374896	0.285654782499245
chr14:102093442:A:G	14	102093442	-0.317974264260081	0.27483309293739	0.247283694584239
chr15:24165057:A:G	15	24165057	-0.253220186273488	0.185363461836865	0.171915771022245
chr15:26353849:A:G	15	26353849	0.128905778175995	0.145941098177726	0.37708898592099
chr15:28182824:G:A	15	28182824	0.234366379230257	0.238813905734648	0.326407060330665
chr15:33665926:A:G	15	33665926	-0.110178184259646	0.193532518521832	0.569152140969256
chr15:34880184:A:T	15	34880184	-0.00244602285468	0.12708890034895	0.984644423066684
chr15:37080410:C:T	15	37080410	0.271753591377185	0.157747438625809	0.0849404059891613
chr15:37762539:C:G	15	37762539	0.0656802952094718	0.245305453033488	0.788892512651505
chr15:52558833:C:G	15	52558833	0.231505839262001	0.179728301340992	0.197715388128451
chr15:55712443:A:G	15	55712443	0.315857954763152	0.193205990975594	0.102085770335888
chr15:57522102:A:T	15	57522102	0.190237377263353	0.115049226689884	0.0982229936737726
chr15:57590535:T:C	15	57590535	-0.0138949301910956	0.160538538484978	0.931027627989841
chr15:58439508:G:A	15	58439508	0.519235011706104	0.24795043174476	0.0362503501799197
chr15:69786285:T:C	15	69786285	0.0107591312226037	0.110205563878146	0.922227816508189
chr15:71331250:T:C	15	71331250	-0.0184753745895636	0.161524355581746	0.908935493870758
chr15:74245092:G:C	15	74245092	0.304115929329212	0.183813825514908	0.0980304309213655
chr15:76807237:T:C	15	76807237	0.302306623851668	0.204180346518889	0.138716848216427
chr15:77734259:G:A	15	77734259	-0.0348652125144163	0.116432605460704	0.764600197334702
chr15:79750604:G:T	15	79750604	-0.0384009185870089	0.144627988897762	0.790612659612019
chr15:81697597:G:A	15	81697597	0.0499008396377335	0.106512900519864	0.639430120128252
chr15:87989871:C:T	15	87989871	-0.0885771662303844	0.144262587303178	0.539215612914651
chr15:88891382:T:C	15	88891382	-0.060347900181376	0.0901989318062054	0.503461427517173
chr15:89804552:C:T	15	89804552	0.360970020661122	0.222437913636081	0.104634305324294
chr15:94791129:A:G	15	94791129	-0.0782878806800444	0.160050319502445	0.624738747669704
chr15:97043895:A:G	15	97043895	0.0943925145118292	0.243428741820228	0.69819186892713
chr15:98725394:C:T	15	98725394	-0.170590674013855	0.206519320955389	0.408788394359591
chr15:100978492:T:G	15	100978492	0.0145699394553856	0.159944719733052	0.927418222263619
chr16:2671727:C:T	16	2671727	-0.101240930046845	0.241243504480424	0.67473178770153
chr16:4957642:T:C	16	4957642	0.35449670623676	0.10610806857132	0.000835065576572758
chr16:5603936:C:T	16	5603936	-0.0396452876359946	0.231672756776002	0.864124504136092
chr16:5884026:G:T	16	5884026	0.0188029373131989	0.162844016546556	0.908075816451098
chr16:6848656:G:A	16	6848656	0.0715628138455814	0.165691732215007	0.665811661497411
chr16:7909855:G:A	16	7909855	0.133448729025802	0.11483649896182	0.24520463178821
chr16:8273542:C:G	16	8273542	-0.15289373585438	0.134875071191779	0.25696437946525
chr16:12394716:C:T	16	12394716	-0.285870087398645	0.162913051126088	0.0793037486203797
chr16:13985277:C:A	16	13985277	0.179614961390782	0.187658253703055	0.338497294456851
chr16:17779668:G:A	16	17779668	0.1616240700283	0.165994555853222	0.330219966202758
chr16:29740733:G:C	16	29740733	0.0356024542742295	0.15006169535979	0.812461209991807
chr16:31127124:G:A	16	31127124	-0.349011979563478	0.141144643988082	0.0134087039568942
chr16:56688556:C:T	16	56688556	0.0628510540677607	0.130170375257296	0.629211582964912
chr16:60324635:A:C	16	60324635	-0.0171246312624834	0.132602586971019	0.897244883427355
chr16:60499572:C:T	16	60499572	0.154089031504647	0.16148894988136	0.339994086916386
chr16:62273123:C:T	16	62273123	0.00171501512327343	0.120733739305167	0.988666481475166
chr16:65972427:C:T	16	65972427	-0.0912557172424002	0.10806478091076	0.398415857459964
chr16:69246420:T:C	16	69246420	0.0775110587767408	0.113779898842067	0.495721640615526
chr16:71908403:G:A	16	71908403	0.229155985368199	0.182022046791622	0.208049722769112
chr16:72103328:C:A	16	72103328	0.0705011514167974	0.114437535233781	0.537850517734017
chr16:74837740:A:C	16	74837740	-0.295976039443692	0.16669852658876	0.0758125891998279
chr16:79886631:C:T	16	79886631	-0.258196726037187	0.26275522303502	0.325779153374509
chr16:81396153:C:A	16	81396153	0.00549353351811375	0.111697855321154	0.96077418734875
chr16:82294878:C:G	16	82294878	-0.203030371638909	0.169359939856004	0.230601874300773
chr16:82421890:A:G	16	82421890	-0.0644532588912646	0.148166211526811	0.663557739771066
chr16:83827178:T:C	16	83827178	0.229396929442101	0.169152336351879	0.175049587956346
chr16:84032337:C:T	16	84032337	-0.154959402221756	0.242859190194687	0.523432834861088
chr16:89303022:G:A	16	89303022	0.147988051617203	0.183829537479743	0.420803124428589
chr16:89331863:A:T	16	89331863	0.0837016020494342	0.127766183349991	0.512393418655188
chr16:89337630:T:C	16	89337630	0.0604319092327655	0.152974546647445	0.692809294714355
chr16:89479873:T:G	16	89479873	-0.285706617203915	0.156854466043079	0.06853455895992
chr16:90035976:C:A	16	90035976	0.231751232566611	0.142402708767502	0.103644623554767
chr17:2489248:C:G	17	2489248	-0.104637331250435	0.130098060139768	0.42122612768796
chr17:4018176:C:A	17	4018176	0.309212918450088	0.217132740103533	0.154425280221404
chr17:4147521:T:C	17	4147521	0.0954186334938805	0.194153869799736	0.623101964591891
chr17:6949267:T:C	17	6949267	0.0567715945158226	0.165245797504488	0.731178356409376
chr17:7929448:A:G	17	7929448	0.0874745890457229	0.100245467630723	0.382878997577486
chr17:10308301:C:T	17	10308301	-0.0915268605777775	0.369692551075336	0.804462780092456
chr17:12174148:T:C	17	12174148	0.127783318755662	0.154686301524033	0.408758496546107
chr17:14402381:C:T	17	14402381	-0.271796604528088	0.228807924763253	0.234880265157242
chr17:15219976:C:T	17	15219976	0.029594149523823	0.142427596501451	0.835397769686169
chr17:16482403:T:A	17	16482403	-0.0736087793893164	0.224056686693115	0.742512867724934
chr17:18684803:A:G	17	18684803	0.0458852789591904	0.125854192939872	0.715416894788904
chr17:20040710:T:C	17	20040710	0.0810089244871712	0.144375572861548	0.574730357059251
chr17:21275023:A:C	17	21275023	-0.0766099481276472	0.0956645362953807	0.423236620438461
chr17:30609729:C:T	17	30609729	-0.0443248268674103	0.148167443648647	0.764822836924535
chr17:31554254:C:T	17	31554254	0.242512338031159	0.169962988640303	0.153622036858862
chr17:33472425:T:G	17	33472425	0.292521548796942	0.144792449157605	0.0433541662674664
chr17:44156671:T:A	17	44156671	0.130850640782066	0.113327417828835	0.248244129394117
chr17:45754773:C:T	17	45754773	0.17272175817141	0.208038896298351	0.406404340380291
chr17:48779278:C:T	17	48779278	0.175661579056073	0.129900749417242	0.176287252636121
chr17:52703044:C:G	17	52703044	-0.171280263002733	0.162729395864598	0.292548868570746
chr17:53282498:G:T	17	53282498	0.144204218870963	0.129557793640007	0.265687232250727
chr17:58411807:C:T	17	58411807	-0.34010937924733	0.23190421574139	0.142486477020361
chr17:61409438:A:G	17	61409438	-0.151464552247584	0.127685467588542	0.235530801546517
chr17:61905160:C:T	17	61905160	0.155388539234353	0.192109396110334	0.41859887411755
chr17:66262233:G:T	17	66262233	0.0752967481981542	0.113033515566895	0.505318214751576
chr17:66751216:C:T	17	66751216	0.0428939062719694	0.0833772824713521	0.606933525284864
chr17:66971178:A:G	17	66971178	0.46099880953393	0.189238581970936	0.0148477291038904
chr17:68771033:G:A	17	68771033	-0.239769681390723	0.151401601198319	0.113269575639634
chr17:69081332:C:T	17	69081332	0.0150296528492553	0.160374892166345	0.925334960886311
chr17:69213412:T:C	17	69213412	0.059238208553706	0.136171483747369	0.663543167959804
chr17:72829246:G:A	17	72829246	-0.0827544565171974	0.128360123110371	0.519118156619957
chr17:73506492:C:T	17	73506492	-0.0988817213185185	0.120424733836989	0.411584711174848
chr17:75360149:C:G	17	75360149	0.0816277328914354	0.139247369606558	0.557736659028868
chr17:77625920:A:T	17	77625920	0.0384756151660723	0.117309499651825	0.742923913426193
chr18:1137045:A:T	18	1137045	0.0686183359880853	0.131412015239979	0.601557672301718
chr18:4080016:T:A	18	4080016	0.00383975333067667	0.142899133591744	0.978563122174077
chr18:8920896:G:C	18	8920896	0.465785934187593	0.168897459323269	0.00581912403885976
chr18:9609299:C:T	18	9609299	0.041910036007498	0.115392485459519	0.716458819447622
chr18:10572326:C:T	18	10572326	0.0491869133357572	0.112695051461401	0.662502814075218
chr18:11017906:C:T	18	11017906	-0.0316337631164057	0.0948460510463943	0.738736159876335
chr18:12120157:A:G	18	12120157	-0.621318200257569	0.382697509678251	0.104477655620981
chr18:14686017:A:G	18	14686017	-0.0579022284284224	0.14141459119449	0.682209327991437
chr18:14895123:C:T	18	14895123	-0.133864848712414	0.142234061763707	0.346623451162085
chr18:30059135:A:G	18	30059135	-0.0689257672308826	0.125680448267351	0.583403023483605
chr18:32490781:T:C	18	32490781	0.000233918177514959	0.139869794324455	0.998665618861963
chr18:36255061:C:A	18	36255061	0.112253287795783	0.142119767557591	0.429615418254104
chr18:42762909:A:C	18	42762909	-0.000958806191268994	0.154422621047336	0.995045986551395
chr18:43928870:G:A	18	43928870	-0.0132803697602506	0.160057769502021	0.933873522859523
chr18:44831686:A:G	18	44831686	0.434829089821745	0.227951579606464	0.0564493720606071
chr18:45461168:C:T	18	45461168	0.00451548942727031	0.118750558912945	0.969667753184867
chr18:47992191:T:C	18	47992191	-0.27054552822958	0.413990030533738	0.5134292518567
chr18:49146783:T:G	18	49146783	0.124383202946707	0.128558524252818	0.33328313926252
chr18:49872731:C:G	18	49872731	-0.0533671427372345	0.135752815956074	0.694230876228063
chr18:50485733:T:C	18	50485733	0.0475777797824088	0.200633441355631	0.812549861750392
chr18:58120958:C:T	18	58120958	-0.0613164064523741	0.194652767784368	0.752758593443654
chr18:59256389:C:T	18	59256389	0.0348565675875538	0.130842726663276	0.789930781468822
chr18:62622293:T:A	18	62622293	-0.108940984120382	0.141427189957957	0.441123551134489
chr18:62998306:G:A	18	62998306	0.0440388231029107	0.0975804298430117	0.651767620651229
chr18:66103927:C:T	18	66103927	-0.0482643928487364	0.153829118641076	0.753708419478436
chr18:66206557:C:T	18	66206557	-0.031352994876426	0.124999279193197	0.801949098669379
chr18:68001558:G:A	18	68001558	0.11741722109909	0.150064262542631	0.433952355763443
chr18:69946690:A:G	18	69946690	0.115254816605877	0.195637919191419	0.55577870127856
chr18:71730181:C:T	18	71730181	0.0334736870255	0.155974606216315	0.830071512773679
chr18:72912108:T:C	18	72912108	-0.186145562026712	0.125355155113196	0.137558285947007
chr18:73248491:G:A	18	73248491	0.0172390802986528	0.169536620779016	0.919007883804022
chr18:77734991:G:A	18	77734991	-0.0363388265449664	0.166635117254858	0.827371267929615
chr19:2907557:G:A	19	2907557	-0.186221456777211	0.169667192380518	0.272392719879856
chr19:16021187:G:A	19	16021187	-0.130334709688846	0.170341546702892	0.444189656048054
chr19:17584922:G:A	19	17584922	-0.148890142541876	0.116006941431953	0.199331346596592
chr19:18704666:C:T	19	18704666	0.0617307290664196	0.215561416105462	0.774593305898311
chr19:18737022:C:T	19	18737022	-0.0944667685075321	0.1609421596493	0.557229910123436
chr19:18805179:A:G	19	18805179	0.0477153651855663	0.143060852344149	0.738732775419462
chr19:21560366:G:T	19	21560366	-0.0219077990604089	0.135755921885008	0.871796969890689
chr19:21659434:G:C	19	21659434	0.131573115047984	0.144000088723216	0.360873649997126
chr19:33474662:T:C	19	33474662	0.0367258452421278	0.142390616843968	0.796466170280735
chr19:37956680:C:T	19	37956680	-0.0568208869393667	0.154205422342778	0.712518870524838
chr19:38120117:A:T	19	38120117	-0.0192016919842506	0.196885418989727	0.922307701034327
chr19:44380983:T:C	19	44380983	0.0487327659178987	0.133631732955191	0.715350593864408
chr19:44819986:A:G	19	44819986	-0.168559023782902	0.144103676502853	0.242119054808937
chr19:48685001:C:T	19	48685001	0.223127554254185	0.12478813373583	0.0737677710726127
chr19:51210487:G:T	19	51210487	0.282379203905047	0.275172871750941	0.304802796788612
chr19:51552139:T:A	19	51552139	0.0311435459377111	0.211650771815221	0.883016851374468
chr19:52714810:C:T	19	52714810	-0.156764710450258	0.163150837798138	0.336623809209702
chr19:53330671:T:C	19	53330671	0.132540009248892	0.121028328366762	0.273465999410714
chr19:54944544:G:A	19	54944544	-0.0858843522185432	0.166787618272654	0.606600243787599
chr19:57195010:G:C	19	57195010	-0.0299372515845541	0.16625399279994	0.857098109470683
chr20:1709120:A:G	20	1709120	-0.264646685367411	0.135974244889095	0.0516187025286803
chr20:1735934:T:G	20	1735934	0.0402699281732648	0.109917964696647	0.714093866176274
chr20:1906500:G:T	20	1906500	-0.193963351344405	0.129393028254074	0.133867212410989
chr20:3649460:G:A	20	3649460	0.208146136128909	0.122611145692357	0.0895810413087932
chr20:5407753:C:T	20	5407753	-0.0522387568770186	0.130493742618417	0.688923650407772
chr20:5860313:T:C	20	5860313	-0.185965743685707	0.165054156218035	0.259871326111727
chr20:7000966:A:C	20	7000966	-0.132078201126469	0.139247929842431	0.342869346547669
chr20:12129436:G:A	20	12129436	0.194027762881132	0.137995645576577	0.159711461135082
chr20:13244402:C:A	20	13244402	0.105983856057126	0.241552408401452	0.66083448259399
chr20:31347432:T:C	20	31347432	0.32246117671678	0.12236013495301	0.00840517902168259
chr20:37593342:C:T	20	37593342	-0.0338437947218414	0.15961881346885	0.832084520758769
chr20:38200488:G:A	20	38200488	0.0884239843142225	0.0970603484109515	0.362284479168971
chr20:38350608:A:G	20	38350608	0.134705917390154	0.13106025963368	0.304036081286007
chr20:45729681:A:G	20	45729681	-0.105220262466681	0.121607647326234	0.386904991627328
chr20:48501317:C:T	20	48501317	0.397554442812808	0.143400260015212	0.00556546741076513
chr20:49036824:T:G	20	49036824	0.021189592181886	0.125637835248439	0.866067120607701
chr20:50371082:C:T	20	50371082	0.11528028441663	0.156857478080579	0.462378173718618
chr20:52513956:G:A	20	52513956	0.0655803609182081	0.310195272523611	0.832562377951622
chr20:54253971:A:G	20	54253971	0.0853801133611018	0.091190935439517	0.349129808605675
chr20:58480201:T:G	20	58480201	0.109295412088765	0.0947889677248342	0.248894223373057
chr20:60073360:C:T	20	60073360	-0.0421754111746722	0.148814767631456	0.776863501631239
chr21:14869783:A:G	21	14869783	-0.185965532902804	0.281075726421655	0.508214305907165
chr21:15297615:T:C	21	15297615	-0.0185951074636558	0.185949888682917	0.920343819108125
chr21:15686888:A:G	21	15686888	-0.235959084096629	0.244494624935971	0.334500213494452
chr21:18805376:C:A	21	18805376	-0.0527356947421546	0.205182188563437	0.797164204268356
chr21:22007486:G:T	21	22007486	-0.17047251587726	0.159563325615422	0.285354080028194
chr21:24026351:C:T	21	24026351	-0.0865975309400665	0.134479340029532	0.51960997946309
chr21:26647335:G:C	21	26647335	0.0836760412748053	0.115624089546046	0.469255840572074
chr21:28043199:C:G	21	28043199	-0.22728531101693	0.198575895568721	0.252384615971729
chr21:29538421:G:A	21	29538421	0.550588201030122	0.264706260813251	0.0375258175116306
chr21:31885030:A:G	21	31885030	-0.0389257620089681	0.215984905054467	0.856976359697713
chr21:35502622:A:T	21	35502622	0.119699306012417	0.131411236184368	0.362360853464219
chr21:36306638:T:G	21	36306638	0.351617453243168	0.132666352767429	0.0080399121264676
chr21:41442549:G:A	21	41442549	-0.0300347847259045	0.115723790907607	0.795219743230545
chr21:42627184:G:A	21	42627184	-0.0989576122055268	0.262120543958127	0.705781919267272
chr22:20147688:T:C	22	20147688	-0.00979681539522819	0.138467174800183	0.943595215850235
chr22:23891985:A:G	22	23891985	0.0692805648097298	0.147021669878901	0.637478715433044
chr22:24245985:G:T	22	24245985	0.0261653373918633	0.132055154711723	0.842935950134501
chr22:28624303:G:A	22	28624303	-0.110932038177864	0.269684612523034	0.68082332543172
chr22:30376697:C:T	22	30376697	0.0456957380561759	0.250729153548971	0.855385440772426
chr22:30662128:G:A	22	30662128	0.11057672381812	0.122940587116478	0.368422489635215
chr22:36298345:C:A	22	36298345	-0.0721642316453091	0.202020610700509	0.720932935354566
chr22:36977479:G:A	22	36977479	-0.139510497594977	0.247960330857969	0.573685275398259
chr22:42350572:C:T	22	42350572	0.23117505170341	0.239599011860502	0.334624244391673
chr22:42475109:T:G	22	42475109	0.0471048399161194	0.123984925714854	0.704001885248222
chr22:44719519:A:G	22	44719519	-0.0518270131948158	0.143775160990608	0.718493706427928
chr22:44805054:T:C	22	44805054	0.347132718638975	0.272884534058993	0.203342404400502
chr22:45210278:T:C	22	45210278	0.159944567156368	0.111631084353776	0.151916154993557
chr22:47062473:C:T	22	47062473	0.205244567965919	0.173721065184288	0.23741985577868
chr22:48785864:A:G	22	48785864	-0.216352046648467	0.200023416382599	0.2794153712151
chr22:49668266:A:G	22	49668266	-0.104214894420649	0.218072101089934	0.632727134775583
chr22:49926053:G:A	22	49926053	-0.112461667344705	0.23278735305589	0.629018337952677
