SNP	CHR	POS	est	stderr	pval
chr1:1837340:C:T	1	1837340	0.47987161536805	0.178919589489303	0.00731721184891909
chr1:2261200:G:C	1	2261200	-0.0422645623713802	0.13388856818629	0.752253237574279
chr1:14678191:A:C	1	14678191	-0.0304887203986332	0.136734909482837	0.823553518291723
chr1:14985097:C:T	1	14985097	0.47109301737931	0.196079275970548	0.0162805836688584
chr1:15065941:C:T	1	15065941	0.192705624556865	0.188670294542332	0.307070523527413
chr1:20215506:G:C	1	20215506	0.207893987700089	0.155159291841354	0.180286130558031
chr1:20533654:G:C	1	20533654	-0.178073530516441	0.308061670923331	0.563233690172893
chr1:22009627:T:C	1	22009627	-0.167180346039207	0.297005721621352	0.573512552015851
chr1:22126221:C:T	1	22126221	0.151571488355398	0.197940519363052	0.443829472796965
chr1:23180575:A:G	1	23180575	0.0396823034123488	0.18855517686103	0.83331288584188
chr1:26058659:G:C	1	26058659	0.0210984540204505	0.202976089810151	0.91721258762314
chr1:26181362:A:G	1	26181362	0.517397921494022	0.233386923926329	0.0266292083152375
chr1:26848285:C:T	1	26848285	-0.276048466174072	0.535653395620044	0.606309132113561
chr1:28670719:C:T	1	28670719	0.431642346496475	0.175369242779378	0.0138421290163746
chr1:29753056:A:C	1	29753056	-0.0629346180134444	0.155059553464173	0.684835292617177
chr1:29908726:A:G	1	29908726	-0.100685240725901	0.21281896287081	0.636139861043884
chr1:31886486:G:T	1	31886486	0.00578467655751825	0.225322104644554	0.979518222769886
chr1:37838865:C:T	1	37838865	0.0626486237117151	0.24284779413132	0.796426315789482
chr1:39880059:T:C	1	39880059	-0.36813609826854	0.174959185341179	0.0353674935633325
chr1:41175014:G:A	1	41175014	0.285669941299031	0.259287748412137	0.270570935790087
chr1:41597921:C:T	1	41597921	0.103321715518382	0.185008469150598	0.576523352686654
chr1:42635725:A:G	1	42635725	0.467860817774755	0.221189312387802	0.0344124488435653
chr1:43202709:G:A	1	43202709	-0.0467143392804365	0.203708332923253	0.818620422094149
chr1:47498869:G:A	1	47498869	0.497907505792655	0.191649650823282	0.00937660532587214
chr1:51034150:G:A	1	51034150	0.168989826710579	0.185994123520335	0.363573894860711
chr1:54900240:G:A	1	54900240	0.308810242158498	0.181132219654427	0.0882152175620698
chr1:55459433:C:T	1	55459433	0.155055014801279	0.205276714317657	0.450041201000851
chr1:56563907:C:T	1	56563907	0.130546934633831	0.183383850899111	0.476540307516518
chr1:65351414:T:A	1	65351414	0.131552061134287	0.1346084530381	0.328423521060257
chr1:66254178:T:A	1	66254178	0.234153761415773	0.150275733283837	0.119195127555797
chr1:73302339:T:C	1	73302339	-0.0136656497566951	0.142161131437988	0.923419000009687
chr1:73563666:T:C	1	73563666	-0.0206292972121063	0.27435252648282	0.940061421486823
chr1:76062379:T:C	1	76062379	0.0455264424762099	0.149218245022734	0.760290216183204
chr1:86928231:G:T	1	86928231	0.0171522476841924	0.172127920517788	0.920623578957622
chr1:88611347:G:A	1	88611347	0.0295986033236385	0.193429931094839	0.878382685681965
chr1:91057167:C:A	1	91057167	0.0538764457844108	0.228777808782562	0.813823149008102
chr1:91093925:G:A	1	91093925	-0.236787762304533	0.18019577235744	0.18882656326742
chr1:92475800:A:G	1	92475800	-0.191237690281338	0.224794606322273	0.394923865490138
chr1:94752415:G:A	1	94752415	-0.0062281431072346	0.192950870789475	0.974250043955871
chr1:95614324:G:A	1	95614324	0.0610082543321884	0.204985340056614	0.765991281393808
chr1:99691102:T:C	1	99691102	-0.225068849798555	0.283542835639281	0.427327177765748
chr1:104937367:T:A	1	104937367	-0.140557285891094	0.207443991753828	0.498046022606555
chr1:115841221:A:T	1	115841221	0.260231468673551	0.250584881061748	0.299039062795346
chr1:153704237:C:A	1	153704237	0.0742091282090934	0.208919653291287	0.722436654706343
chr1:155857667:G:T	1	155857667	-0.0799409414896538	0.213167297915368	0.707649285697448
chr1:157334223:T:C	1	157334223	-0.095043666189827	0.227725106945262	0.676414094572845
chr1:159540226:C:T	1	159540226	-0.0895092352268009	0.151357889183322	0.554269348810928
chr1:165647351:T:C	1	165647351	-0.00677449299464172	0.133769088322098	0.959609848470719
chr1:167545338:A:T	1	167545338	0.0866134488981195	0.42201621045405	0.837386763090333
chr1:168863629:G:A	1	168863629	-0.0193326861424102	0.163920577314223	0.906115714976311
chr1:171350391:G:A	1	171350391	-0.0907271980534672	0.179788683015782	0.613817035369445
chr1:173013575:C:G	1	173013575	0.269668503170526	0.153753640778408	0.0794476518469472
chr1:178947344:C:A	1	178947344	-0.198193057982797	0.277965336007055	0.475837356922062
chr1:182872646:T:G	1	182872646	0.163460046757142	0.271112582171419	0.546559827662138
chr1:185127444:C:G	1	185127444	0.491444745533494	0.215771672270188	0.0227495403221109
chr1:185619557:C:T	1	185619557	0.19010675780412	0.201439651895682	0.345302272499818
chr1:186638909:G:T	1	186638909	0.236041699804542	0.155391183386692	0.128758458953691
chr1:188272062:T:C	1	188272062	-0.196371225536303	0.250655626435011	0.433374438564502
chr1:193365737:C:T	1	193365737	-0.184548085356075	0.187294463631988	0.324458772604026
chr1:193791070:G:T	1	193791070	0.146920741299366	0.394346889593019	0.709470541733848
chr1:195033388:T:C	1	195033388	0.249344995502946	0.185107204283601	0.177970504552157
chr1:195907914:A:G	1	195907914	-0.125239181080254	0.255608650558345	0.624158974291072
chr1:196692375:G:C	1	196692375	-0.422821827733793	0.217719636505749	0.0521313769465425
chr1:197559019:A:G	1	197559019	0.0810429689603186	0.236730119772517	0.732092557887323
chr1:199160726:G:A	1	199160726	0.15567949444079	0.175604999070088	0.375330785215382
chr1:204277152:T:C	1	204277152	0.24708564218074	0.166463890963471	0.137724111338425
chr1:207498131:C:T	1	207498131	0.308973420845921	0.213897705850798	0.148600765233632
chr1:208744577:C:T	1	208744577	0.0425314735833781	0.203723734267801	0.834627525168928
chr1:210496535:G:A	1	210496535	-0.384366980941152	0.280002811162799	0.169837718704281
chr1:212937214:T:G	1	212937214	-0.20167220073044	0.183584827707043	0.271976072973245
chr1:219750864:A:G	1	219750864	-0.114314613303174	0.170873969541409	0.503495747945701
chr1:221920463:G:A	1	221920463	-0.128574593281311	0.250073929705537	0.607149687567817
chr1:227462684:A:G	1	227462684	-0.374607286521429	0.521114606595126	0.472228555595397
chr1:234456961:G:A	1	234456961	-0.259946074068812	0.250785822207384	0.299956725214789
chr1:237308322:A:G	1	237308322	-0.0607592921568158	0.232864732153168	0.794153451911624
chr1:239000642:T:C	1	239000642	-0.0837901645141321	0.310062983209434	0.786978737855006
chr1:242239801:C:T	1	242239801	0.3507934464541	0.241044189596013	0.14558411737424
chr1:244583991:C:T	1	244583991	-0.0040511488034385	0.186436237799771	0.982663806286892
chr1:246213578:G:A	1	246213578	0.292462345583632	0.250118228594268	0.242284230977414
chr1:247190028:T:C	1	247190028	0.221679387513108	0.236993928716401	0.349592486144356
chr1:247897239:C:T	1	247897239	-0.410269610004478	0.275374681901465	0.136261159399508
chr2:3248328:A:G	2	3248328	0.0236224908991751	0.157948152047593	0.881112941035911
chr2:4505759:T:G	2	4505759	-0.282381187363057	0.400943161494777	0.481250751259907
chr2:6804400:G:A	2	6804400	-0.39310225859602	0.296708909330198	0.185212566604783
chr2:9411790:A:C	2	9411790	0.321623107105577	0.163030509123222	0.0485207870477159
chr2:12096367:C:T	2	12096367	0.0856532430627559	0.216846160040022	0.692846257823203
chr2:13545005:C:T	2	13545005	-0.127625404359856	0.148914208265577	0.391422885159624
chr2:16009716:A:G	2	16009716	-0.158630255447454	0.248076586915184	0.522536307790106
chr2:16367899:A:T	2	16367899	-0.174479418002314	0.166982062067785	0.296069573605851
chr2:17630111:A:C	2	17630111	-0.299619983547424	0.2800637394283	0.284696811488328
chr2:17928966:C:G	2	17928966	0.170301226146351	0.197591424665352	0.388750411102754
chr2:18261494:A:T	2	18261494	0.0411349832986542	0.160325573435047	0.797509528104604
chr2:19530615:T:C	2	19530615	-0.120600672966456	0.16073086962067	0.453057928291696
chr2:19562158:T:C	2	19562158	-0.0502144124586522	0.242401977543559	0.835889999216345
chr2:27383116:G:A	2	27383116	0.0147350927699168	0.1325299888893	0.91147116617252
chr2:37762298:C:T	2	37762298	-0.262900448219355	0.278021541508845	0.344346627259718
chr2:42010994:T:A	2	42010994	0.0940649284649937	0.172892528930025	0.586396128615016
chr2:45824390:C:G	2	45824390	0.198207899406361	0.179176842354357	0.268633982114227
chr2:46742820:T:C	2	46742820	0.00567819609813181	0.205084726526329	0.977911732823216
chr2:49789441:T:C	2	49789441	-0.499238630190969	0.236916747820951	0.0350974459315334
chr2:49994518:G:A	2	49994518	0.293610821548515	0.228385101831242	0.19858432558949
chr2:51284042:G:A	2	51284042	-0.633004583490692	0.360986159146869	0.0795089255776428
chr2:51344078:G:A	2	51344078	-0.486487503137776	0.292299080880215	0.0960428284315907
chr2:57278002:C:A	2	57278002	0.171603903216455	0.225164112198876	0.445983536806278
chr2:57368273:A:G	2	57368273	-0.0379605494627748	0.190763892102424	0.842268752207456
chr2:60075157:T:C	2	60075157	0.219147683302017	0.205285209943688	0.285733534574547
chr2:60373837:A:G	2	60373837	-0.366915107090714	0.325586616486201	0.259769764726476
chr2:61147014:T:C	2	61147014	0.108359789668961	0.129193009722676	0.401613294753577
chr2:61693274:A:G	2	61693274	0.145947598382203	0.156402966682079	0.350741965137405
chr2:65295480:C:T	2	65295480	-0.213590912664807	0.173144578164836	0.217352507550947
chr2:66031496:T:C	2	66031496	0.403439250697088	0.168678348666743	0.0167674986636626
chr2:69165635:T:C	2	69165635	-0.0876794458465808	0.184943008769146	0.635436443310112
chr2:71204755:G:A	2	71204755	0.289410783473857	0.215195523169364	0.17866604874447
chr2:72022684:A:G	2	72022684	0.104319388294251	0.161731977674619	0.518918119424445
chr2:76651386:C:A	2	76651386	-0.154484007487623	0.198001555236848	0.435263668631651
chr2:79784490:C:G	2	79784490	-0.0414188402460146	0.167144574031342	0.804287234697775
chr2:82619301:T:C	2	82619301	-0.0698651462745905	0.252129886446983	0.781703459656783
chr2:83181917:T:C	2	83181917	0.153698618693796	0.219366704878148	0.483523353537381
chr2:83400799:T:A	2	83400799	0.396640211357531	0.163883265726525	0.0155093877438285
chr2:85744328:G:A	2	85744328	-0.250008323605552	0.33228639719517	0.451817714245519
chr2:85757440:T:A	2	85757440	0.119959913249384	0.145337047556782	0.409149556047322
chr2:99811694:T:C	2	99811694	0.0142306787520109	0.179104884418325	0.936671166566675
chr2:101228073:A:C	2	101228073	0.211366159820752	0.199774906542717	0.290045609687673
chr2:106861882:T:C	2	106861882	0.390948360378244	0.222575290081474	0.0790070086395339
chr2:108083619:T:C	2	108083619	-0.0652656859350663	0.174968584611606	0.709138218584572
chr2:114129906:T:C	2	114129906	-0.81256077056238	0.634698016229072	0.200463521662194
chr2:118004610:C:T	2	118004610	-0.195711138678937	0.169151809871046	0.247266334935423
chr2:119455921:A:G	2	119455921	0.122874237064837	0.166986369736831	0.461831768257514
chr2:120644763:G:A	2	120644763	0.170492658660281	0.138086178155314	0.216948499929189
chr2:120916837:A:G	2	120916837	0.148547376667375	0.150847173670306	0.324744858903005
chr2:122628686:C:A	2	122628686	0.233486006530656	0.193105855692435	0.226621014852523
chr2:122629789:A:C	2	122629789	0.169301570893343	0.176712949884119	0.338032612197959
chr2:126391403:A:G	2	126391403	-0.0938046450437564	0.379431549728757	0.804734750821228
chr2:127192867:G:A	2	127192867	0.0569720121353023	0.126619202804222	0.652748191674818
chr2:130915743:C:T	2	130915743	0.126549934408127	0.160901227989979	0.43157054781745
chr2:136107122:C:T	2	136107122	0.141359169891814	0.313522321635395	0.652080118263573
chr2:136507185:G:C	2	136507185	0.0820777150581771	0.120548112918062	0.495953114867894
chr2:141023592:C:T	2	141023592	-0.396225782152802	0.253253854405978	0.117690809887071
chr2:143017176:T:C	2	143017176	-0.448949403479251	0.360060483494237	0.212444365374854
chr2:143920023:G:T	2	143920023	-0.339247923807234	0.257287255838178	0.187317242155382
chr2:144729333:C:T	2	144729333	0.125832247666248	0.175086829112117	0.472335133547225
chr2:148561010:G:C	2	148561010	0.253068308307687	0.204165066494694	0.215150040961655
chr2:154835349:G:T	2	154835349	-0.0269912003194626	0.257796556822643	0.916614167248633
chr2:164974626:C:A	2	164974626	-0.262261192069179	0.299537992728097	0.381273441680384
chr2:167086954:T:G	2	167086954	0.149702001664464	0.177383709400388	0.398700433327374
chr2:167199229:C:T	2	167199229	0.167642073638064	0.221924045160416	0.450007256580454
chr2:167657344:C:T	2	167657344	-0.0830588089332171	0.267522215437976	0.756200196821396
chr2:167884398:C:T	2	167884398	0.178378937639497	0.198673216375024	0.369265013306994
chr2:168647356:T:G	2	168647356	-0.0246432727386972	0.217928144268039	0.909967283084718
chr2:170041677:A:G	2	170041677	0.202554200597944	0.199123573379245	0.30904467725559
chr2:171274449:C:A	2	171274449	-0.315788513327065	0.201648301484348	0.117340173381818
chr2:177787584:G:A	2	177787584	0.31014988359047	0.175974324244877	0.0779895213466392
chr2:179648558:C:T	2	179648558	-0.0778379833286588	0.31844374346054	0.806895914960807
chr2:180833197:G:A	2	180833197	-0.768984716922224	0.751492661486117	0.306177171520157
chr2:183527028:C:T	2	183527028	0.003798540185112	0.238589919373067	0.987297583471577
chr2:184516924:T:A	2	184516924	-0.173997795015633	0.160844743934466	0.279352594772678
chr2:191922008:C:T	2	191922008	-0.0265790750351583	0.337453091784725	0.937220528135767
chr2:195817951:G:C	2	195817951	-0.0440889761166767	0.379332313741073	0.907471971788999
chr2:197010424:G:A	2	197010424	0.0747093410130995	0.336639361563895	0.824370763834801
chr2:209101337:G:A	2	209101337	0.00442303659748459	0.113522134042714	0.968920775020718
chr2:209103516:A:G	2	209103516	0.160366364559289	0.192186481787847	0.404038135800323
chr2:210957182:G:A	2	210957182	0.0149475673886482	0.196934856209383	0.939497801208866
chr2:214802180:T:C	2	214802180	-0.0309387287806498	0.185289649119748	0.867389763941472
chr2:215209936:A:G	2	215209936	-0.400218887748825	0.230708329255535	0.0827869288447948
chr2:215367000:G:A	2	215367000	0.347082192108109	0.244725616680168	0.156117685933598
chr2:220997842:C:T	2	220997842	-0.192024808400853	0.211033859049053	0.362862503681963
chr2:226027918:G:A	2	226027918	-0.0621059773255436	0.251727036361264	0.80512528719044
chr2:228947684:G:A	2	228947684	-0.205456771606166	0.188862091657267	0.276653979257927
chr2:233152507:T:C	2	233152507	0.266190434462852	0.188321065107238	0.157510931752505
chr2:235620294:A:T	2	235620294	-0.259740274672465	0.177236290238007	0.142783796587203
chr2:237288548:A:G	2	237288548	-0.00375393825465086	0.19590996881977	0.984712232284914
chr2:237513585:T:C	2	237513585	0.281806118518902	0.183937486264874	0.125503801727691
chr2:237920759:T:G	2	237920759	-0.312148732478354	0.220464642094866	0.156814287617688
chr2:240429648:C:T	2	240429648	-0.021028671597529	0.126310025124304	0.867775616488477
chr3:9841346:T:C	3	9841346	0.39100889787216	0.263131585510689	0.137283783492241
chr3:10127208:T:G	3	10127208	0.461877694033849	0.222061350617571	0.0375296285414884
chr3:14082905:A:G	3	14082905	-0.0417009652129309	0.162154110935265	0.79704852964367
chr3:16798495:T:G	3	16798495	0.263808485483535	0.19276133676485	0.171131937544354
chr3:18882818:T:C	3	18882818	0.00747860196544973	0.179529625328791	0.966772415789044
chr3:20179943:G:A	3	20179943	0.144988455683202	0.186381974500772	0.436621902080458
chr3:22245167:A:G	3	22245167	0.0343787567634193	0.175177994874865	0.844414158240941
chr3:24009496:G:A	3	24009496	-0.115574945982485	0.214028069181915	0.589197713521341
chr3:24010534:C:T	3	24010534	0.168583655093435	0.174277879643353	0.333380714771302
chr3:33111016:C:A	3	33111016	0.0939386366323668	0.181033865531165	0.603829846754364
chr3:33421913:A:G	3	33421913	0.158439894833591	0.154893579687858	0.3063574124964
chr3:34471110:A:G	3	34471110	-0.206138557976306	0.127971812516536	0.107220659287459
chr3:34498029:C:T	3	34498029	0.384179187815031	0.228564716245516	0.0927952972371565
chr3:35230331:G:A	3	35230331	0.1455223170135	0.165069120117888	0.378001739109751
chr3:41413926:T:C	3	41413926	-0.0467220864581732	0.25518065925533	0.854724144102993
chr3:42098050:T:C	3	42098050	0.0732438151866467	0.15388836681644	0.634107004267354
chr3:46489654:A:G	3	46489654	0.17682826311668	0.216636271611876	0.414360051628242
chr3:56959175:A:G	3	56959175	-0.532660712708367	0.429983387747387	0.215421906848983
chr3:64441608:G:A	3	64441608	-0.266347932325382	0.210601148803076	0.205977767098077
chr3:66150510:T:A	3	66150510	-0.112672978873577	0.356310302466046	0.751834388579557
chr3:66995763:G:T	3	66995763	0.250539272125787	0.164303662932088	0.127295252568796
chr3:68498445:T:C	3	68498445	-0.328939635550391	0.238277279491725	0.167435524367075
chr3:68824246:G:A	3	68824246	-0.337048046345705	0.258970656005446	0.193090352950497
chr3:69021248:A:C	3	69021248	0.456449099988768	0.17219396007589	0.00803050348185141
chr3:69617754:T:G	3	69617754	0.293164525678796	0.215767195833607	0.174239267453307
chr3:74191731:G:A	3	74191731	-0.208700709115907	0.144559873965304	0.148824122997296
chr3:74732240:G:A	3	74732240	0.103789744874142	0.201652185539388	0.60676487434342
chr3:75709324:A:T	3	75709324	0.397767972313021	0.187584587363908	0.0339662122653521
chr3:84465702:T:C	3	84465702	-0.133587596373858	0.256904929114255	0.603071623975601
chr3:84817748:G:A	3	84817748	0.0353544595102601	0.152697839269899	0.816901409327039
chr3:85705423:A:G	3	85705423	-0.207087605613658	0.184715431028488	0.262238073181054
chr3:88069353:C:T	3	88069353	0.0747295394100521	0.17560845548658	0.670438431813496
chr3:93986190:G:A	3	93986190	0.00810975521043847	0.212562480922922	0.969566223499223
chr3:101022648:G:A	3	101022648	0.0170073398526142	0.205818309453718	0.934143532762042
chr3:105622159:T:C	3	105622159	0.0504492617148399	0.154945189873958	0.744731368907278
chr3:106664728:C:T	3	106664728	0.315127136383652	0.193304278529158	0.103056499809381
chr3:110774699:C:T	3	110774699	-0.0244620748936021	0.191525192238157	0.898368589581179
chr3:113428518:G:A	3	113428518	0.15331371814358	0.157347316465519	0.329875340819076
chr3:121058963:T:G	3	121058963	-0.0695257898870141	0.198382263228455	0.725990698114226
chr3:122312606:G:A	3	122312606	-0.24911216548806	0.431951241069106	0.564132927661638
chr3:124193435:A:C	3	124193435	-0.117818896187232	0.23933207773319	0.622519937208429
chr3:124804582:A:T	3	124804582	0.0162665546404129	0.206105506947146	0.937093522715447
chr3:126773646:G:T	3	126773646	-0.302837078445338	0.279363520223845	0.278353653394696
chr3:131110446:C:G	3	131110446	0.278125769768372	0.209626995227898	0.184586416748042
chr3:131209978:G:T	3	131209978	0.112047226555113	0.231563900818854	0.628476900718591
chr3:133982842:C:T	3	133982842	-0.0751149534336345	0.175771118434599	0.669127875278842
chr3:134929007:C:T	3	134929007	0.107013559208262	0.34082405733079	0.753532615052897
chr3:137777496:C:T	3	137777496	-0.210868393400954	0.346523445377727	0.542838921133723
chr3:146265901:G:T	3	146265901	0.343379257013413	0.172053031159087	0.0459583440217812
chr3:148006706:G:A	3	148006706	0.121360910198014	0.328251270656479	0.711591467849342
chr3:149679065:C:A	3	149679065	-0.00213491724379618	0.177618671605544	0.990409924380272
chr3:150888061:C:A	3	150888061	0.414158858255782	0.224981671492547	0.0656426648314534
chr3:152663712:G:C	3	152663712	-0.0109850543314165	0.155731403503925	0.943765085239692
chr3:159417151:A:G	3	159417151	0.201010462711175	0.154174601108937	0.19230705232552
chr3:164899350:G:A	3	164899350	0.0749678461868255	0.331077659430964	0.820862459493026
chr3:168053836:T:C	3	168053836	-0.78024078803251	0.48225375688851	0.105683062078264
chr3:171028381:G:A	3	171028381	-0.133745511991935	0.183512708919288	0.466119178514227
chr3:174497130:T:C	3	174497130	-0.0864533155323404	0.189348492310795	0.647970751693741
chr3:176663180:T:G	3	176663180	0.372563677634029	0.215389011605126	0.0836794866360696
chr3:196706550:C:T	3	196706550	-0.0881649013610963	0.191747942384597	0.645662787718617
chr4:332191:G:A	4	332191	0.150925226231417	0.165513252285632	0.361841428064626
chr4:8816874:T:C	4	8816874	0.134148467712081	0.146118498369172	0.358576996397446
chr4:9851274:C:G	4	9851274	0.111095191201066	0.228039606338234	0.626134332772066
chr4:10725805:A:G	4	10725805	0.0413555790022495	0.144560235908929	0.774817979390404
chr4:13219910:C:T	4	13219910	-0.00891324401040919	0.139977694628104	0.949228076794635
chr4:18747099:A:G	4	18747099	-0.0246486912146125	0.151643028018789	0.870877342438586
chr4:20840555:C:T	4	20840555	-0.137919906008039	0.192292044405693	0.473224866709294
chr4:21137718:C:T	4	21137718	0.167098046723869	0.141932909467568	0.239074571367244
chr4:26851610:T:C	4	26851610	-0.349232529205635	0.374598104857988	0.351188795516168
chr4:32302160:A:T	4	32302160	0.082976677787413	0.244628628062101	0.734463235070171
chr4:34501888:A:G	4	34501888	0.193833736247302	0.211380443620431	0.359147921810866
chr4:40603484:A:G	4	40603484	0.0200249575754375	0.165659333304973	0.903785809396584
chr4:41002348:C:T	4	41002348	0.319409112787842	0.202753309616137	0.115173759852475
chr4:44018406:T:G	4	44018406	-0.204040829687757	0.164634523702578	0.215213587462325
chr4:44680448:T:C	4	44680448	-0.202066130768214	0.169655484384947	0.233638662901501
chr4:55337032:C:T	4	55337032	-0.03051598533512	0.0973109578493723	0.753830566021443
chr4:55659669:G:A	4	55659669	-0.265285462622078	0.30893060655104	0.390493991461202
chr4:56719096:C:T	4	56719096	-0.00111184922151676	0.210779936031039	0.995791235017546
chr4:58944563:C:T	4	58944563	-0.0985198898074724	0.25729827319501	0.701792813388301
chr4:61158247:C:G	4	61158247	0.086125473859261	0.153801081135668	0.575493325989745
chr4:64485722:G:A	4	64485722	0.384930023118431	0.210143595668051	0.0669890361237765
chr4:67708732:C:T	4	67708732	0.22793183721729	0.223645304408543	0.308123853289005
chr4:67911021:C:T	4	67911021	-0.267922293299704	0.262913199901673	0.308178151898583
chr4:90022599:G:T	4	90022599	-0.14970594395771	0.179810855034291	0.405084710203372
chr4:95020597:A:T	4	95020597	-0.314146541868685	0.52398010095242	0.548813465108928
chr4:95433170:T:C	4	95433170	-0.246247178623418	0.377643735060993	0.514361092270635
chr4:97398054:G:A	4	97398054	0.188398921032564	0.15774765417502	0.232358412511262
chr4:98823404:T:C	4	98823404	-0.194335572112768	0.286791704494546	0.498013154280126
chr4:99262681:C:G	4	99262681	0.00855587014662039	0.158474484138094	0.956943972317343
chr4:99355957:G:T	4	99355957	0.0768447029785233	0.170630007088057	0.652451841359904
chr4:101085120:T:C	4	101085120	0.100780230676942	0.155379403144571	0.516592171230772
chr4:102399971:C:T	4	102399971	0.12497554501683	0.225186666205754	0.578903939092828
chr4:102884286:T:C	4	102884286	-0.070716090190496	0.18081336998401	0.695723397529985
chr4:105992845:C:T	4	105992845	-0.119324177493501	0.164552001604299	0.468362646659607
chr4:108791253:G:A	4	108791253	0.0808430090476371	0.124688048982982	0.516750757861374
chr4:110191180:A:G	4	110191180	0.28111732201162	0.201391785342528	0.162752792784677
chr4:110957298:T:A	4	110957298	0.130057471392117	0.181671240582362	0.474056394706808
chr4:113348012:C:T	4	113348012	-0.0547344893168431	0.151150832030375	0.717263594435881
chr4:115515844:A:G	4	115515844	-0.128384416864645	0.34384016090372	0.708862661207238
chr4:115522695:G:A	4	115522695	-0.020951359960321	0.220348796316388	0.924249133933188
chr4:120770744:A:C	4	120770744	0.0578295117546693	0.199776666993133	0.772221121540815
chr4:123964831:A:G	4	123964831	-0.112256259023268	0.18030578719211	0.533555154580377
chr4:125256344:T:C	4	125256344	0.314413448069073	0.220304484856633	0.153528942084935
chr4:126268710:T:G	4	126268710	0.243705318017409	0.175897289594284	0.165900286928248
chr4:134094420:T:C	4	134094420	0.113696300733009	0.284817457975781	0.689753160082068
chr4:134350906:C:T	4	134350906	0.0595703914411059	0.198798133417977	0.764442104389884
chr4:138952375:G:A	4	138952375	-0.150105999739892	0.1484106466447	0.311813829672684
chr4:141012527:T:G	4	141012527	0.513811801427008	0.263336654414237	0.0510380811808092
chr4:141618953:G:A	4	141618953	0.318398644734408	0.195625942818274	0.103612049996032
chr4:143626434:A:G	4	143626434	0.427544604231127	0.219319806876703	0.0512462747799047
chr4:149616644:T:G	4	149616644	0.0652327922620088	0.144357228168232	0.65135219929041
chr4:154030957:C:G	4	154030957	0.0204036589995797	0.244976186964619	0.933622274503656
chr4:168588553:A:C	4	168588553	-0.0574930341278741	0.217274961075967	0.791310246688323
chr4:171334248:A:T	4	171334248	-0.0432569494787481	0.304862644876608	0.887166922268486
chr4:171974219:A:G	4	171974219	0.155488487097044	0.180058540653434	0.387838393763439
chr4:176312841:C:T	4	176312841	-0.182400299792784	0.195521976016369	0.350877284774275
chr4:179329624:T:G	4	179329624	-0.171943592195056	0.245098321605261	0.482972913232096
chr4:183032183:A:G	4	183032183	-0.141862607596817	0.17512546479106	0.417904138139254
chr4:184991673:A:G	4	184991673	-0.0256186870245915	0.158952823865974	0.871958218467128
chr4:189912372:C:T	4	189912372	-0.218041362225754	0.214245741489765	0.308812845508492
chr5:79496:A:G	5	79496	0.365618101089842	0.1963758685813	0.0626273309081817
chr5:5313703:A:G	5	5313703	-0.292488266103225	0.234096955964986	0.211507050679862
chr5:7364955:T:A	5	7364955	-0.232268118103982	0.349035956400684	0.50575879168507
chr5:8067079:G:C	5	8067079	0.442224475025376	0.182554941428814	0.0154175818748368
chr5:13911296:G:T	5	13911296	-0.304479387029328	0.230363257881931	0.186256111141067
chr5:15621966:C:G	5	15621966	-0.145404538891735	0.169285588690951	0.390378914628513
chr5:15997511:T:A	5	15997511	0.0412854254782142	0.237945778282094	0.862252373428384
chr5:17902851:T:C	5	17902851	-0.127070254124161	0.30231878361174	0.674252612170395
chr5:20719353:A:C	5	20719353	0.203229094894992	0.185544196946052	0.273379241638322
chr5:20732163:G:T	5	20732163	0.0123115702293216	0.161552485999977	0.939253724608009
chr5:21913130:A:C	5	21913130	0.192819745865853	0.164592719258436	0.241399382642581
chr5:23682774:A:T	5	23682774	0.152282086612835	0.267950258570874	0.569816191785726
chr5:23787194:A:C	5	23787194	0.0707821622643089	0.167162073076558	0.67197839398936
chr5:23895775:T:G	5	23895775	-0.0250530400929833	0.216944738031819	0.908063715846519
chr5:25693600:A:G	5	25693600	-0.572074195515762	0.672100875632459	0.394673195308265
chr5:33466391:T:A	5	33466391	-0.149656520685837	0.144438993559921	0.300144901051349
chr5:33624899:A:G	5	33624899	0.598264856274729	0.216036576840602	0.00561810617617919
chr5:39550509:T:G	5	39550509	0.108281883101052	0.181867992980245	0.55158465023266
chr5:39634108:G:A	5	39634108	-0.125846550280313	0.182049177478722	0.489390996104804
chr5:39978357:G:A	5	39978357	0.0214554041069168	0.111973390459592	0.848046430188212
chr5:40238036:C:A	5	40238036	-0.0593862909246956	0.269824136957296	0.825799052065549
chr5:44011742:G:T	5	44011742	0.0564035369167776	0.1648277669234	0.732202781732931
chr5:50222627:G:A	5	50222627	0.209201573525942	0.236014742681353	0.375406342936682
chr5:54814079:C:T	5	54814079	0.176030381610236	0.179329330771897	0.326294994786625
chr5:66989845:C:A	5	66989845	0.151229043013971	0.149696899015684	0.312382726429057
chr5:66992139:G:A	5	66992139	0.0851572802751547	0.132963042203458	0.521874709089775
chr5:73076502:T:C	5	73076502	0.162021143729672	0.159540739309218	0.309845081058265
chr5:76998986:C:A	5	76998986	0.190045800689496	0.157053415761906	0.226251608811977
chr5:77675144:G:C	5	77675144	0.37180453007242	0.222212630140538	0.094289385158966
chr5:80530472:T:A	5	80530472	-0.100164810761753	0.252673654663839	0.69179544604471
chr5:81710558:G:T	5	81710558	0.224723372753703	0.143889921940795	0.118341511070498
chr5:82792281:C:G	5	82792281	0.151348085464846	0.171617350595418	0.377834845236269
chr5:84879932:A:G	5	84879932	-0.0853335053494431	0.153480779453266	0.578218907894214
chr5:85476293:A:G	5	85476293	-0.279357600310758	0.250511608876773	0.264786867095755
chr5:85809583:T:C	5	85809583	0.0838278754798779	0.179601806372858	0.64068380273351
chr5:92192959:A:T	5	92192959	-0.000477054968731971	0.19567915135556	0.99805480341409
chr5:94648523:C:G	5	94648523	0.220052294217559	0.237151785722415	0.353461298899586
chr5:98024666:G:A	5	98024666	0.395415373188228	0.171587563506616	0.0211972612212596
chr5:101328324:T:C	5	101328324	-0.404942700630222	0.293639683727257	0.167880498746871
chr5:101825779:A:C	5	101825779	0.316973771311391	0.18995638830436	0.095183586024528
chr5:106773905:G:A	5	106773905	0.0743279856699622	0.170750692686281	0.663343795950898
chr5:110045491:C:T	5	110045491	0.364081826046651	0.263621557408892	0.167255104186005
chr5:114915760:G:T	5	114915760	-0.0990265559048482	0.20880850881125	0.635324644916214
chr5:115102683:A:G	5	115102683	0.0329734909163654	0.18914365066942	0.861605798322911
chr5:117238479:G:A	5	117238479	0.0798324920227336	0.195037863597771	0.682306368703419
chr5:121740415:G:T	5	121740415	-0.115038780625076	0.143198941329374	0.421772824607379
chr5:137227416:A:T	5	137227416	-0.0436009320534131	0.236457267938225	0.853705601925545
chr5:137406489:C:T	5	137406489	0.244904031148158	0.197979241679848	0.216080127221344
chr5:140638650:G:A	5	140638650	-0.112283191540451	0.158932260543573	0.479886837973607
chr5:142682003:T:C	5	142682003	0.108576744346191	0.135560373651322	0.423162031343706
chr5:144183699:A:G	5	144183699	0.0358901977178405	0.208611978540164	0.863403847859727
chr5:145690757:G:T	5	145690757	0.309353765477458	0.17246042604473	0.0728504176531408
chr5:147282093:C:T	5	147282093	-0.12819044761522	0.231428865868839	0.579641373984841
chr5:148033208:G:T	5	148033208	0.241984010973595	0.167981725803088	0.149715328470337
chr5:151763317:T:C	5	151763317	-0.326862741904322	0.2203291664301	0.137936286334577
chr5:153541577:C:T	5	153541577	-0.111903920956356	0.284725553754267	0.694301898256586
chr5:160435085:T:G	5	160435085	0.496153581308964	0.272345425442979	0.0684882999335047
chr5:164252995:G:C	5	164252995	0.150092294213905	0.157160348652368	0.33956430723198
chr5:168245100:T:C	5	168245100	0.333225195720848	0.174722837852931	0.0564992874635362
chr5:169455657:C:T	5	169455657	-0.434534364551558	0.20739267212661	0.0361509731608726
chr5:169808985:G:C	5	169808985	-0.442363629498499	0.356204628403849	0.214280606581405
chr5:172672695:T:C	5	172672695	0.205877136278499	0.197834730149821	0.298037020763361
chr5:173346700:A:C	5	173346700	-0.616409304668566	0.425107635212689	0.147056398054803
chr5:177122146:G:C	5	177122146	0.125328985900655	0.203334515030266	0.537651351744259
chr6:1084246:G:A	6	1084246	-0.0575325970913936	0.196724268761008	0.769940311623489
chr6:3041612:C:A	6	3041612	0.296368995225738	0.180611103239395	0.100813305869445
chr6:3673174:A:G	6	3673174	-0.758041808594191	0.352546726151315	0.0315403315897306
chr6:3786319:G:C	6	3786319	0.304046338221317	0.175465427788736	0.0831313799843147
chr6:6090729:G:T	6	6090729	-0.323921406951881	0.260683149391691	0.21402018390469
chr6:6354181:A:T	6	6354181	-0.230897504544256	0.211605466625892	0.275198153399367
chr6:6456261:T:C	6	6456261	-0.140495295023632	0.161757213268164	0.385089701970479
chr6:7642514:C:G	6	7642514	-0.0832095445800702	0.145750859832223	0.568065669582735
chr6:12212257:G:A	6	12212257	0.114655370974145	0.264756902785053	0.664971876379292
chr6:21494280:T:C	6	21494280	0.300154412108121	0.220565713690701	0.17356459298108
chr6:23163726:T:C	6	23163726	-0.168594397071628	0.272963540290234	0.536809782077096
chr6:23344439:T:A	6	23344439	0.00605850110627451	0.114227994024184	0.957701095275355
chr6:24077828:C:T	6	24077828	0.361082752862607	0.237264253923442	0.128044400911163
chr6:26287827:G:A	6	26287827	-0.315159564396903	0.242210852637462	0.193197347940217
chr6:27261142:G:T	6	27261142	-0.503269992826579	0.470642625870174	0.284923185302623
chr6:31108549:A:G	6	31108549	-0.157373855769475	0.239103606166756	0.510420743487829
chr6:31845997:T:C	6	31845997	-0.19969480727578	0.25342457892714	0.430705386519956
chr6:32660000:G:C	6	32660000	0.285362553628846	0.243384522861632	0.241005933342806
chr6:33148933:A:G	6	33148933	-0.458923957061454	0.222806399593475	0.0394231012177944
chr6:37400014:G:T	6	37400014	0.229450221246697	0.153946462594476	0.136104731798065
chr6:39124093:C:T	6	39124093	0.100722854628617	0.217326091453625	0.643031698093518
chr6:45195864:C:T	6	45195864	-0.0187151969107822	0.20918165551911	0.928709480285409
chr6:46738257:G:A	6	46738257	-0.356319292410647	0.168134076841542	0.0340687670000021
chr6:47717919:C:A	6	47717919	0.0118291512254004	0.138868431870945	0.932116354351401
chr6:48859012:C:A	6	48859012	-0.158298268776548	0.265602354255975	0.55117707378855
chr6:49860743:T:G	6	49860743	-0.321267010213671	0.1953413231388	0.10004316808076
chr6:53292416:C:G	6	53292416	-0.292144633778828	0.214328216729868	0.172860051442873
chr6:54457248:C:T	6	54457248	-0.557499008255596	0.333462950336302	0.094554510842517
chr6:57513520:G:A	6	57513520	0.345224399146968	0.256731317957898	0.178724908274723
chr6:67461006:G:C	6	67461006	-0.149801880601875	0.200179480305964	0.454256403620775
chr6:69504128:A:G	6	69504128	-0.000172054269813031	0.210411686449809	0.999347567463947
chr6:81137001:T:C	6	81137001	0.0722635283156827	0.152319024106962	0.635198856842981
chr6:84758749:C:T	6	84758749	0.262315882563485	0.164249923685095	0.110253826841753
chr6:86667874:G:T	6	86667874	-0.416388716153442	0.554808175890753	0.452948002583444
chr6:87387916:G:T	6	87387916	-0.281516600982741	0.131864526169537	0.0327697840163029
chr6:88566465:G:A	6	88566465	0.0552684995288537	0.187282371310474	0.767911486726024
chr6:93273487:T:C	6	93273487	-0.493610738990494	0.248359066053487	0.0468683107406138
chr6:97788153:C:A	6	97788153	0.0232793766546192	0.211437821011214	0.912329795994853
chr6:98771646:C:T	6	98771646	0.137512073900096	0.125436320925601	0.272960639692464
chr6:104918249:A:G	6	104918249	-0.240721873054881	0.22753556026086	0.290076981685168
chr6:107129138:A:G	6	107129138	0.167185158405324	0.127946496289882	0.191321332578132
chr6:112187089:T:C	6	112187089	0.156424545634582	0.181024569042586	0.387529270700463
chr6:118046853:T:C	6	118046853	0.194002385346214	0.191290098057758	0.310497384643789
chr6:121081137:A:G	6	121081137	0.570858477013788	0.319821021906961	0.0742724991798992
chr6:123103197:T:C	6	123103197	0.215335638077819	0.187748437149417	0.251407639975806
chr6:127784009:G:A	6	127784009	0.359718380561086	0.180924778927391	0.0467872927322619
chr6:129527930:G:A	6	129527930	-0.162016496226203	0.26064141493927	0.534200397250421
chr6:137254996:T:C	6	137254996	-0.110525851484746	0.194093800304463	0.569053810291122
chr6:138165202:C:G	6	138165202	0.493862710320626	0.233241167744672	0.0342266916083591
chr6:139464917:T:A	6	139464917	0.123091368028391	0.180146223653295	0.494426224994219
chr6:151547601:G:A	6	151547601	0.192408725293933	0.170800246754427	0.259948374448344
chr6:152638179:C:T	6	152638179	-0.0580542638700574	0.141522522971792	0.681650300616041
chr6:153842833:G:A	6	153842833	-0.0746997708340633	0.211772244825552	0.724286097770207
chr6:156754666:T:G	6	156754666	-0.147161864500701	0.230104813990724	0.522469915219515
chr6:160701242:A:G	6	160701242	0.030488259194504	0.220993115030446	0.890271855164108
chr6:160909689:G:C	6	160909689	0.162518602139844	0.311230367922441	0.601544274738582
chr6:161970870:T:G	6	161970870	-0.0994236861225328	0.460400258205652	0.829026298236954
chr6:162760256:C:T	6	162760256	0.313219465543089	0.199489778525586	0.116391190638878
chr6:163629327:G:A	6	163629327	0.183832319415444	0.166313519387658	0.269014026499128
chr6:167509019:C:T	6	167509019	0.185697702379785	0.151808550383928	0.221240526159094
chr7:6986920:C:A	7	6986920	-0.128199760729543	0.219886021824178	0.559874288349708
chr7:7863676:G:A	7	7863676	-0.463513446018883	0.246064635592137	0.0596047458369687
chr7:8111839:A:G	7	8111839	0.169486947932299	0.169571468662808	0.317551782405905
chr7:9602661:C:A	7	9602661	0.0485355349776884	0.214458712313062	0.820955303086815
chr7:10804524:T:C	7	10804524	-0.652182994596914	0.565142712395421	0.248494144539135
chr7:11334355:C:A	7	11334355	0.347856495424437	0.185671350582291	0.0609984661699976
chr7:12476280:G:A	7	12476280	-0.148230240360024	0.17699552068299	0.402322713706568
chr7:12972158:C:G	7	12972158	-0.328529091861011	0.638743227132502	0.607016598039374
chr7:20850990:A:T	7	20850990	0.378220028370511	0.186285134636973	0.042323153447774
chr7:22822020:C:A	7	22822020	0.137146067297842	0.151565658673152	0.365538282991003
chr7:24140802:T:C	7	24140802	0.302944240060877	0.168691496841079	0.0725187388868449
chr7:24278575:A:G	7	24278575	-0.646584871231837	0.372576114773528	0.0826622453915051
chr7:24620726:T:A	7	24620726	-0.0173195104031651	0.229392939286297	0.93981570620691
chr7:24740434:C:T	7	24740434	-0.020114639081977	0.206714446292813	0.922483071793223
chr7:28505993:C:T	7	28505993	0.151950140695022	0.198339752426333	0.443610634466801
chr7:36413989:G:A	7	36413989	0.247282548032077	0.168585581688978	0.142428505686561
chr7:41157573:G:A	7	41157573	-0.561668806283228	0.612700443082544	0.359294467900494
chr7:43755241:C:T	7	43755241	-0.184454281066727	0.192298667158842	0.337454334807981
chr7:44689517:A:G	7	44689517	-0.00877591776874474	0.170459021845058	0.958939825438393
chr7:46192346:C:G	7	46192346	-0.163746498765846	0.248074010579887	0.509208168088066
chr7:46368666:G:A	7	46368666	-0.338300967256664	0.200038493858166	0.0908025563440203
chr7:47748540:G:T	7	47748540	0.369289923244646	0.250086080937223	0.139769147050214
chr7:48301675:T:C	7	48301675	0.19330140968696	0.157251060743719	0.218976792630577
chr7:51890159:C:T	7	51890159	0.168757709579746	0.155247024583142	0.277024871196979
chr7:53046603:C:G	7	53046603	0.216456235745935	0.17118952428865	0.206077688924752
chr7:55663907:C:A	7	55663907	0.232518372344822	0.200536455987688	0.246259848079512
chr7:56122201:A:G	7	56122201	0.0263493574038613	0.14662129367648	0.857380002952735
chr7:62910214:G:T	7	62910214	0.0923447187709627	0.218242628621782	0.672201367030904
chr7:65406204:G:T	7	65406204	-0.535512666261965	0.497354394716827	0.281604258278998
chr7:67766433:G:A	7	67766433	0.100101702371619	0.169358695970658	0.554478037898531
chr7:68433432:T:C	7	68433432	-0.0270322525426807	0.189906072380169	0.886807201281951
chr7:71020152:T:G	7	71020152	-0.414115438081334	0.2441239482334	0.0898228896621432
chr7:71553830:T:C	7	71553830	-0.211965858173017	0.281416251167385	0.451323040147467
chr7:78390279:T:G	7	78390279	-0.279720362093859	0.179412053812724	0.118973994438042
chr7:83524616:A:T	7	83524616	0.427002663619275	0.236936801711255	0.0715171577921547
chr7:84786535:C:A	7	84786535	0.0180140916896971	0.156761193377573	0.908513106621489
chr7:86620755:G:A	7	86620755	0.00170996811386296	0.208346209054079	0.993451563882128
chr7:89207269:G:A	7	89207269	0.000624722233275601	0.263128773630998	0.99810565849734
chr7:91097147:A:G	7	91097147	-0.15079291719403	0.169491947093353	0.373639885553588
chr7:96212691:T:C	7	96212691	-0.451095069394848	0.456716100663321	0.323303266431546
chr7:103095283:G:A	7	103095283	0.186133535546766	0.308755184075278	0.546607462026032
chr7:104663551:G:A	7	104663551	0.169920621522758	0.195090913289266	0.383764127829486
chr7:113434486:A:C	7	113434486	0.0895252181281184	0.171674079672214	0.602029923061197
chr7:113749820:G:A	7	113749820	0.00571911574610054	0.106907920239767	0.957336943849787
chr7:117145973:C:G	7	117145973	-0.617511053874287	0.328943310941882	0.0604829116009051
chr7:119808046:G:A	7	119808046	0.0616965611713897	0.261994223050291	0.813829797383392
chr7:122582926:C:G	7	122582926	0.0368324569213635	0.19879618875954	0.853011400442221
chr7:124802410:A:T	7	124802410	0.358202979007243	0.178351060110233	0.0445991896362089
chr7:129047886:A:G	7	129047886	-0.136511936062694	0.255288981667321	0.592833163166
chr7:131384702:T:A	7	131384702	-0.0344248345486837	0.202111106319124	0.864753538301365
chr7:136870573:G:A	7	136870573	-0.343052498508193	0.301417731575568	0.255066291913471
chr7:142873374:T:C	7	142873374	0.247338555479037	0.192278987183088	0.198320068490811
chr7:143187070:C:T	7	143187070	0.470997567790503	0.239792799348788	0.0495085700443185
chr7:145116884:A:G	7	145116884	-0.167038131111346	0.263241360078923	0.525726095444068
chr7:149242006:T:C	7	149242006	0.0474371154387851	0.197486196836934	0.810171559374713
chr7:153502245:G:A	7	153502245	0.155435604329094	0.15412989498277	0.313228169426815
chr7:153952270:G:A	7	153952270	0.330053893603073	0.165280696280737	0.0458328450468823
chr7:154426289:T:C	7	154426289	-0.159334355596603	0.286638561022555	0.578298347807489
chr7:156975524:A:T	7	156975524	-0.0280946164754841	0.240501551444262	0.907005247427165
chr7:157677820:C:T	7	157677820	0.298354277595731	0.245380938159001	0.224029857651436
chr8:276778:A:T	8	276778	0.206558083779413	0.169635869876194	0.223354838417096
chr8:1102873:G:T	8	1102873	-0.410549609368921	0.335361775398057	0.220877099663228
chr8:8710521:T:C	8	8710521	-0.0616240805174385	0.224003420229913	0.783236874959732
chr8:9029509:T:C	8	9029509	-0.0405328203311411	0.284931704620343	0.886878975932527
chr8:9109096:A:G	8	9109096	-0.317523080332573	0.179871679745647	0.0775174648220471
chr8:9827297:A:G	8	9827297	-0.377368388311621	0.344372128852082	0.273159432735227
chr8:10675470:T:G	8	10675470	-0.0328893238864828	0.170214655290927	0.846784614082461
chr8:13032868:C:A	8	13032868	-0.201681239447317	0.318911009628454	0.527121607149839
chr8:14391498:A:G	8	14391498	0.264667519663815	0.245952597767393	0.281886300744577
chr8:16627132:C:G	8	16627132	-0.0740020252870477	0.218067192983551	0.734342890900757
chr8:17129593:A:G	8	17129593	-0.20211539177634	0.193138283266466	0.295339375898532
chr8:20741226:C:T	8	20741226	0.0581007561117839	0.158991407528062	0.714787981163722
chr8:23115837:G:A	8	23115837	0.45916796521743	0.291649461026916	0.115398922228447
chr8:25783762:T:C	8	25783762	-0.193539672980797	0.230013080552814	0.400107653086182
chr8:27010051:G:C	8	27010051	0.121514941271601	0.176646953925702	0.491517533222199
chr8:27022227:G:T	8	27022227	-0.00152190229601483	0.177642910868312	0.993164447233337
chr8:28150898:A:G	8	28150898	-0.264404771230873	0.18921862344362	0.162308144026638
chr8:28528484:G:T	8	28528484	0.059890119583869	0.169424683328567	0.72372029139875
chr8:29917542:C:T	8	29917542	0.574253966102412	0.234826014810261	0.0144673748092464
chr8:37085597:G:A	8	37085597	0.287288866907334	0.240793556095485	0.232833341872945
chr8:41788192:C:T	8	41788192	0.0392333245526036	0.221462031188527	0.859385866645937
chr8:42055528:T:G	8	42055528	0.473116388083415	0.303863524854126	0.119469797920074
chr8:50763512:C:T	8	50763512	-0.0996227858579312	0.178902400774199	0.577626160585352
chr8:51570259:T:G	8	51570259	-0.0443150243605484	0.272256113486235	0.870699828303501
chr8:53142705:G:A	8	53142705	0.331659199168754	0.215683969326176	0.124119761254707
chr8:60609620:T:A	8	60609620	-0.151972113571637	0.390751465574512	0.697333332155676
chr8:61304314:G:C	8	61304314	0.0514551987313069	0.285463862366877	0.856955378638225
chr8:61926940:A:T	8	61926940	-0.237582221481554	0.202828236473413	0.241459375826055
chr8:63445672:G:A	8	63445672	-0.333197076689206	0.264980103879203	0.208593676728212
chr8:65343369:C:A	8	65343369	-0.00590629609677611	0.244510241711345	0.980728479165896
chr8:65418628:G:T	8	65418628	0.00764637646236826	0.176692544952223	0.965482289974816
chr8:71273350:T:A	8	71273350	0.0245152699143602	0.182943010839511	0.893398656343923
chr8:72033005:T:C	8	72033005	0.376227779094309	0.1937210047771	0.0521236111694713
chr8:72065200:T:A	8	72065200	-0.512440260680029	0.276606343360565	0.0639400500657464
chr8:73211475:T:C	8	73211475	0.127627059058182	0.151322293628604	0.398997986300291
chr8:75992459:A:G	8	75992459	-0.0316682951729522	0.262003401586661	0.903794173677908
chr8:78402394:T:A	8	78402394	0.513762380112766	0.352338973499759	0.144799744981074
chr8:79795588:T:G	8	79795588	-0.325556903740945	0.378350802335813	0.389533816483417
chr8:86323708:T:C	8	86323708	0.153543895099774	0.16164094946064	0.342159428829561
chr8:89525432:A:G	8	89525432	0.0836727144969932	0.167781064660736	0.61798949505514
chr8:92001032:A:G	8	92001032	0.103993777134264	0.181861541991883	0.567437554857624
chr8:92645879:A:G	8	92645879	-0.434170387578302	0.337810536988874	0.198705562083156
chr8:95906161:G:A	8	95906161	0.215555070777202	0.184613755461111	0.242968041125502
chr8:96365126:C:T	8	96365126	-0.186627084393698	0.12632840743839	0.139590724471238
chr8:97430280:G:A	8	97430280	-0.0599914278582869	0.21469968196376	0.779922371601397
chr8:98002322:C:T	8	98002322	0.0689558414795879	0.161868470939471	0.670108418351009
chr8:98018653:A:G	8	98018653	-0.173675421919366	0.325679724409949	0.593846276427203
chr8:104471980:T:G	8	104471980	0.0714676100040059	0.225818687537524	0.751636483419452
chr8:106920372:G:A	8	106920372	0.199977762711252	0.236224400703173	0.39724128113705
chr8:108142424:A:G	8	108142424	-0.0219498717377326	0.176437939877936	0.900994121846693
chr8:109421925:C:T	8	109421925	-0.23765649928132	0.272458452931134	0.383062772135933
chr8:116252872:C:T	8	116252872	0.126921796828848	0.157524246626265	0.420399332569962
chr8:116821900:C:T	8	116821900	0.16266340239859	0.228720690075254	0.476967764679204
chr8:119015250:G:A	8	119015250	0.601069363153763	0.379581858194633	0.113306652260478
chr8:121384602:C:T	8	121384602	0.182284268738154	0.154181963547709	0.237099720555723
chr8:127029052:C:T	8	127029052	0.0715431374455206	0.159416978716559	0.653590432211321
chr8:128437247:A:G	8	128437247	0.223920261644967	0.177799374422988	0.207886438710071
chr8:131111695:G:T	8	131111695	0.561980621107088	0.295690726052723	0.0573584920320986
chr8:131315237:G:A	8	131315237	0.0499898384383341	0.220441475860354	0.820601446220071
chr8:135895676:A:T	8	135895676	-0.623361974451776	0.528119114146074	0.237863615471135
chr8:138585221:A:T	8	138585221	-0.224218950251622	0.327128594762128	0.493081879797515
chr8:141605122:C:T	8	141605122	-0.281833465337835	0.325315280355475	0.38630403110144
chr9:733358:A:C	9	733358	-0.398518736908812	0.168826701402126	0.0182493541547607
chr9:5461379:C:T	9	5461379	0.0388097447101513	0.153151912773747	0.799953830184596
chr9:11397008:T:G	9	11397008	0.189042923134899	0.225075692148359	0.400959850464037
chr9:11517950:T:C	9	11517950	0.116243870985348	0.169527965138598	0.492907719010214
chr9:11955148:T:G	9	11955148	-0.204910492303204	0.231087561581894	0.375228433438783
chr9:12389360:A:G	9	12389360	0.177508364069489	0.187479581631464	0.343733372282433
chr9:12615226:G:C	9	12615226	-0.160840844075999	0.12369979374504	0.19351478012558
chr9:13582959:T:A	9	13582959	0.294661135962626	0.203387887103703	0.147403380914735
chr9:13820455:C:G	9	13820455	-0.13401486985469	0.292109077051233	0.646389533828839
chr9:14098421:G:A	9	14098421	0.110199552863451	0.174961748205854	0.528793118616631
chr9:18952915:A:G	9	18952915	0.107013698571529	0.191425764480898	0.576137846952629
chr9:21476808:G:A	9	21476808	-0.0677588219232871	0.193734356068555	0.726525431544587
chr9:29651949:A:G	9	29651949	-0.527990439380234	0.249200152120406	0.0341124088905734
chr9:32058643:A:T	9	32058643	0.0605743339649401	0.188431856578449	0.747857681183084
chr9:37013405:C:T	9	37013405	0.0611396945144999	0.200929710928149	0.760911539988208
chr9:37992585:C:T	9	37992585	0.146730498356994	0.161615043060326	0.363930401254208
chr9:72294932:G:A	9	72294932	0.16916893430031	0.192914609457432	0.380535005742554
chr9:73616570:C:T	9	73616570	0.204020821587492	0.195598385602372	0.296920577162078
chr9:76464251:C:G	9	76464251	0.203156870394859	0.194193963047529	0.295489748772941
chr9:79067117:C:T	9	79067117	0.319326755210157	0.228494540379631	0.162255855894092
chr9:82773489:T:C	9	82773489	0.110062107316538	0.202430758639145	0.586646219393227
chr9:89995415:A:G	9	89995415	0.0836332218800681	0.199508209201881	0.6750722409444
chr9:91844381:C:T	9	91844381	0.541587150717858	0.233848256894309	0.0205595324053164
chr9:94568472:C:A	9	94568472	-0.132767203833389	0.127729597180052	0.298600326163967
chr9:95559980:C:T	9	95559980	0.286799393148342	0.285087155651581	0.314412677027606
chr9:96162075:C:T	9	96162075	-0.0370461911848796	0.182999311983661	0.839573569825992
chr9:97240484:A:G	9	97240484	0.0620457936089781	0.185768291284221	0.738382871996915
chr9:100192956:A:G	9	100192956	-0.152606360553638	0.214719918053493	0.477255972701891
chr9:100529836:G:C	9	100529836	0.161648745646103	0.179806310925799	0.368644152475437
chr9:101460357:C:T	9	101460357	-0.329006029750481	0.369653742388239	0.373445261085456
chr9:103293239:C:G	9	103293239	-0.263372545672878	0.201806264898791	0.19186691495545
chr9:105684376:G:T	9	105684376	0.198526160265296	0.246429181783719	0.420466945327742
chr9:106822394:G:C	9	106822394	0.138869737703941	0.248349012359698	0.576044549893906
chr9:107904127:G:A	9	107904127	0.01298639582745	0.180737332367353	0.942719438628224
chr9:117420412:T:C	9	117420412	-0.207947810599903	0.178947739745553	0.245211547484054
chr9:117972207:C:A	9	117972207	-0.0588633926235758	0.128947126130358	0.648035881525872
chr9:118511323:G:A	9	118511323	-0.198618539280041	0.31759730505743	0.53172264269161
chr9:121356498:A:G	9	121356498	0.245439742739089	0.196398587976684	0.211408362182844
chr9:124044726:T:G	9	124044726	-0.214302760224556	0.141396431644443	0.129616360664815
chr9:125005426:C:T	9	125005426	-0.201794685161584	0.190862018766925	0.290383603154463
chr9:129533341:A:G	9	129533341	-0.147061681393855	0.16282022964603	0.366411773367428
chr9:136630984:C:T	9	136630984	0.228044744894568	0.15877708059122	0.150929132717371
chr10:2050300:A:G	10	2050300	0.0293844187833714	0.209252665294691	0.888323778785116
chr10:3113976:C:T	10	3113976	-0.236441416694272	0.134762295700316	0.079343639057278
chr10:4591592:T:C	10	4591592	-0.303452191177126	0.232107780144452	0.191084971067911
chr10:7462546:C:T	10	7462546	-0.00370110246677684	0.220839089308822	0.986628661201398
chr10:7849544:T:G	10	7849544	0.172539471905897	0.197925713866235	0.383351032658705
chr10:9367893:G:A	10	9367893	0.40947813403161	0.191435069860168	0.0324362946729678
chr10:10628189:C:T	10	10628189	-0.352600190800948	0.178196984897485	0.0478486444162201
chr10:14014383:T:C	10	14014383	-0.00103073128503379	0.186245039747894	0.995584309887293
chr10:16341555:C:T	10	16341555	0.0101554079131857	0.282679986137338	0.971341796576839
chr10:18075702:C:T	10	18075702	0.144899356901748	0.188718565622433	0.442602103329033
chr10:20923823:C:G	10	20923823	-0.297715409248128	0.42432220882117	0.482912557496003
chr10:26220185:A:C	10	26220185	0.393997009490056	0.244882011254905	0.107632546154623
chr10:27289376:T:C	10	27289376	-0.388296618228112	0.215207603895713	0.0711860818921519
chr10:27674317:A:G	10	27674317	-0.121070036736442	0.166459165152443	0.467026428954711
chr10:28771902:G:A	10	28771902	-0.25156001010261	0.199756096549622	0.207909055911119
chr10:28891836:C:T	10	28891836	0.329351479318701	0.174470181054179	0.0590630655868725
chr10:30622484:G:A	10	30622484	0.0430011250004299	0.228598084301217	0.850792001754609
chr10:35177843:G:T	10	35177843	0.13932004845391	0.195406025966654	0.475859843061426
chr10:43613180:G:A	10	43613180	-0.232412782603299	0.205120390814195	0.257190956147858
chr10:44139011:T:C	10	44139011	0.612760305117752	0.246383518190571	0.0128818792208925
chr10:45036473:A:G	10	45036473	-0.113600394003881	0.135101572016801	0.400430988605116
chr10:51560095:T:G	10	51560095	-0.25809543565078	0.201297443470566	0.199786689382881
chr10:54072488:A:G	10	54072488	0.18507238562245	0.184900462833108	0.316860742177852
chr10:54082016:C:T	10	54082016	-0.210142970048205	0.26289996342263	0.424100979131143
chr10:55299918:G:C	10	55299918	0.151185580362751	0.13535736021649	0.26402146363742
chr10:56747004:T:C	10	56747004	-0.231592552434805	0.388030044470964	0.550613003480672
chr10:57761967:T:C	10	57761967	-0.363287498429932	0.329032148171596	0.269545670002338
chr10:61894829:G:A	10	61894829	-0.182003971936776	0.433573276554499	0.674648566260116
chr10:62473064:C:G	10	62473064	0.134461287835027	0.172165205868293	0.434801599486968
chr10:65713195:A:G	10	65713195	-0.222932287855793	0.452193612252042	0.622011279449909
chr10:69232402:C:A	10	69232402	-0.22926816805057	0.198828033673239	0.248870244864927
chr10:79437519:C:T	10	79437519	-0.84391586795334	0.578699993195139	0.1447589805486
chr10:81546102:G:A	10	81546102	0.0979185191508421	0.179351295429023	0.585093870544564
chr10:82354363:C:G	10	82354363	0.243037789482642	0.155866697834297	0.118933212274511
chr10:84591955:C:T	10	84591955	-0.339851696753042	0.311378285358115	0.275077934032924
chr10:84989741:G:A	10	84989741	-0.137841492117934	0.243641640279372	0.571560296516732
chr10:86779196:C:A	10	86779196	0.228402475800191	0.207036677204666	0.269941131846228
chr10:91053424:A:C	10	91053424	-0.141928539671745	0.183458373521046	0.439150792671375
chr10:93612452:G:A	10	93612452	0.380289137167696	0.190356824596587	0.0457416104807542
chr10:93671121:T:C	10	93671121	0.0901224422335919	0.153150570323098	0.556225951395603
chr10:101249704:C:T	10	101249704	0.191391138942428	0.214669084375473	0.37262689462177
chr10:102352980:T:C	10	102352980	-0.269058577982737	0.18750068048367	0.151294542421904
chr10:104637359:T:C	10	104637359	0.16909089788394	0.198135975846413	0.393432887948654
chr10:108480456:T:C	10	108480456	0.157395900676674	0.199096628354723	0.429206454721098
chr10:109264424:C:T	10	109264424	-0.0643014801444167	0.265361546513538	0.808534932584158
chr10:111352001:T:G	10	111352001	0.392024360796881	0.199925088161703	0.0498957928733756
chr10:118828443:C:T	10	118828443	0.135419496204677	0.183535229103478	0.460612137476987
chr10:120152982:A:G	10	120152982	-0.163723503902847	0.184808730774864	0.375667189880574
chr10:121580593:A:G	10	121580593	0.0871568555999823	0.165739094965521	0.598980053021738
chr10:121611573:C:G	10	121611573	-0.264657457827048	0.247674761932218	0.285264132465354
chr10:121734173:T:C	10	121734173	0.0554084404293239	0.172366423640188	0.747863886887963
chr10:121910644:T:A	10	121910644	-0.166983570619306	0.262355439374443	0.52446465433223
chr10:122561189:A:G	10	122561189	-0.349989346547304	0.199982308359724	0.0801007934702459
chr10:123750431:C:G	10	123750431	-0.121857065942762	0.181124679008986	0.501087247931908
chr10:127533155:T:C	10	127533155	-0.147713358659982	0.103557492468735	0.153755834892312
chr10:129953349:A:G	10	129953349	-0.459917406677948	0.274499383478464	0.0938406778164372
chr10:130263340:C:T	10	130263340	-1.02310040256598	0.782487576857811	0.191043867596969
chr10:130662147:G:T	10	130662147	-0.0562593441977293	0.218645595043086	0.796940722680465
chr10:131485315:A:G	10	131485315	0.386034141166174	0.225531828361738	0.0869590728238929
chr10:131819683:A:G	10	131819683	-0.26164827747293	0.164444211232204	0.111585576985496
chr10:131953941:A:C	10	131953941	-0.00510102586978987	0.184589004139051	0.977953660673074
chr11:388357:C:T	11	388357	0.406324374755971	0.171340168298458	0.0177185186638563
chr11:2257707:C:T	11	2257707	0.146528813821687	0.205123855481032	0.475015038081902
chr11:3623903:G:A	11	3623903	0.263051618729843	0.187575301393092	0.160802172288025
chr11:5806222:C:T	11	5806222	-0.364346521827846	0.224866160836473	0.105171781497681
chr11:9789492:C:A	11	9789492	-0.27834447398441	0.202042251176683	0.168309897750828
chr11:14569664:T:G	11	14569664	0.160599402929471	0.210265301359273	0.44498993543778
chr11:21819583:A:G	11	21819583	0.213605142056726	0.285127040317189	0.453762109667488
chr11:36019710:C:A	11	36019710	0.305823494947087	0.172560409749653	0.0763498856120113
chr11:39635569:C:T	11	39635569	-8.37879949698975e-05	0.175812946002671	0.999619748451087
chr11:40512905:C:G	11	40512905	0.0292012572013421	0.259314011225704	0.910340042816981
chr11:41632790:A:T	11	41632790	-0.244279017559476	0.27241742548401	0.369874490472809
chr11:42744986:A:G	11	42744986	0.0664709232726447	0.142326690405813	0.640477966909286
chr11:43201079:C:T	11	43201079	-0.472684316451669	0.405824940362481	0.244120485547934
chr11:43982585:G:A	11	43982585	0.0125890654516594	0.25464361202035	0.96057026257416
chr11:44330300:A:G	11	44330300	0.218913642907526	0.158032157487526	0.16597681668566
chr11:49875094:A:G	11	49875094	-0.103297567536202	0.131418510162325	0.431855813987969
chr11:50253126:G:T	11	50253126	0.139419154870003	0.26266556444508	0.595567213076318
chr11:55906271:G:A	11	55906271	0.297467730713348	0.166636916335685	0.0742410384179147
chr11:56124264:C:A	11	56124264	0.28580960934038	0.213956195368796	0.181604073458573
chr11:57305789:G:A	11	57305789	0.190937533992745	0.15831930437674	0.227806645758624
chr11:58998793:A:C	11	58998793	0.189830463668587	0.187738649329095	0.3119483936135
chr11:60456695:C:T	11	60456695	0.291736747135885	0.264999519847659	0.270942192981007
chr11:62505064:A:G	11	62505064	0.0266098899723177	0.247607171047856	0.914417574361567
chr11:63184971:C:T	11	63184971	0.253685882163673	0.15354551834628	0.0984964717805082
chr11:65009160:T:C	11	65009160	-0.440737521109137	0.399257244706809	0.26963929117981
chr11:70801858:T:C	11	70801858	0.0222179608079032	0.202414398075734	0.912595967064157
chr11:71334794:T:G	11	71334794	0.00705903048591969	0.202444304323025	0.972184199838894
chr11:72713691:C:T	11	72713691	0.366906216326755	0.224899797773532	0.102801551126085
chr11:77208574:G:A	11	77208574	-0.389331338702009	0.303027276355273	0.19885999764385
chr11:77376654:A:G	11	77376654	-0.0800710797276747	0.14706330625923	0.586120326285264
chr11:77897055:A:G	11	77897055	0.350561071668049	0.193877505622782	0.0705819864567102
chr11:79339250:G:A	11	79339250	0.163607200316324	0.25924672204868	0.527983730927167
chr11:81783030:C:T	11	81783030	0.142178329047996	0.279054964226951	0.610402238351423
chr11:83962252:C:T	11	83962252	0.152627740584435	0.193267118704077	0.429688795073949
chr11:86328783:G:T	11	86328783	-0.235288353578533	0.19423141912203	0.225749214959957
chr11:86644523:C:T	11	86644523	0.0323090780949394	0.170070830614041	0.849329310420365
chr11:93046218:A:C	11	93046218	0.172264826869108	0.199644425078727	0.38821544189072
chr11:99371984:G:C	11	99371984	0.137439056020781	0.168426294505389	0.414489270259221
chr11:100626548:G:A	11	100626548	0.31662591804181	0.222993546154201	0.155640214564717
chr11:104129521:G:A	11	104129521	0.30517607765802	0.255545193668845	0.23239361040222
chr11:108728662:A:G	11	108728662	0.200864926422887	0.251337216040154	0.424183163489137
chr11:110338613:G:A	11	110338613	0.345870464026623	0.2239779805556	0.122535924470172
chr11:110396347:G:A	11	110396347	-0.474234831255159	0.255787563230623	0.0637365373930104
chr11:113789228:G:C	11	113789228	0.43420303544319	0.252983892913047	0.0861022457836524
chr11:113800784:C:T	11	113800784	0.209772004020901	0.215085495445794	0.329413498665047
chr11:115616504:A:T	11	115616504	-0.0517221576684123	0.223836783477662	0.817259754250934
chr11:119630310:G:A	11	119630310	0.0979558568536783	0.126518225109269	0.4387870728878
chr11:123267436:G:A	11	123267436	0.0182698056052629	0.174901973705999	0.916806372351231
chr11:125907492:T:C	11	125907492	0.109250370448172	0.174262880109934	0.530706087902662
chr11:126829359:G:A	11	126829359	0.0763603294058799	0.184316924766711	0.67866304500501
chr11:130038952:T:C	11	130038952	0.289173980096215	0.236025224172723	0.220506457145581
chr11:130290657:C:T	11	130290657	-0.175706239800725	0.321644857313347	0.584877569303865
chr11:131355535:G:A	11	131355535	-0.183091076233213	0.214418232991206	0.393162086928015
chr11:133238417:A:G	11	133238417	0.250020065923219	0.211732444633191	0.237670182466177
chr11:133300920:A:C	11	133300920	0.134135580208917	0.246166354596226	0.585823599458916
chr11:133409278:A:G	11	133409278	0.157987032338894	0.17551563837792	0.368050645818314
chr11:134309503:C:T	11	134309503	-0.166710121721424	0.16677674863321	0.317503879931285
chr12:5192681:C:T	12	5192681	0.179180286462465	0.152768192652496	0.240839917636854
chr12:5448727:G:A	12	5448727	-0.227712480870212	0.176938341569195	0.198108402241399
chr12:6639294:C:T	12	6639294	-0.0595696704872087	0.188970458689953	0.752584968934512
chr12:19523028:C:A	12	19523028	-0.22651151437266	0.228296726939892	0.321109582008179
chr12:19758400:A:T	12	19758400	0.45412254155126	0.255177359013803	0.0751357257769193
chr12:20003679:T:A	12	20003679	0.195047647487044	0.170065589753408	0.251424356067788
chr12:21333090:G:A	12	21333090	-0.132109928781377	0.109129355603761	0.226056014479497
chr12:25518059:A:T	12	25518059	-0.00489698922676561	0.165292984709988	0.976365236472679
chr12:28965843:C:T	12	28965843	-0.10637364422725	0.110516629100713	0.335792194242957
chr12:32086665:A:C	12	32086665	0.119451672639262	0.189263510410036	0.52794933207692
chr12:44631613:C:T	12	44631613	-0.607739751172271	0.589862078756959	0.302865339392647
chr12:48567461:T:G	12	48567461	-0.0615776510888126	0.276491333094106	0.823760468310052
chr12:51039498:T:C	12	51039498	0.195800642795931	0.167967524794172	0.24373359511648
chr12:52880890:G:T	12	52880890	0.153819759054749	0.166697519643213	0.356138682210963
chr12:53646626:C:G	12	53646626	0.11238690416621	0.207722587096875	0.588477770612198
chr12:53680144:C:A	12	53680144	0.236717201312815	0.179519341303251	0.187297287964234
chr12:54366280:G:A	12	54366280	-0.400701806708929	0.212471779329378	0.0593076207919705
chr12:55599330:T:C	12	55599330	-0.56201758063392	0.486741471969043	0.248232486342312
chr12:56675083:C:T	12	56675083	0.0621755241677287	0.147497100776553	0.673362806983178
chr12:57436134:C:T	12	57436134	0.0731814431664091	0.1979678606933	0.711633415862699
chr12:58724212:C:T	12	58724212	0.0778980268242333	0.156931772381708	0.619625282794185
chr12:59048769:A:C	12	59048769	-0.0680898865803643	0.156329009783348	0.663159604163474
chr12:59161225:G:A	12	59161225	0.0920359024318179	0.22501787552483	0.682527948535078
chr12:59226687:C:T	12	59226687	-0.0282507644186932	0.203199430083496	0.889426646250743
chr12:63113400:T:C	12	63113400	0.206150673249681	0.188558849464918	0.274263771598999
chr12:64271340:C:T	12	64271340	0.115505520547521	0.200462600417836	0.564483477152578
chr12:64756705:C:T	12	64756705	-0.0973500852663804	0.152980475558701	0.524544234680196
chr12:67050802:C:T	12	67050802	0.220656237774672	0.181402154889414	0.223835403772687
chr12:71564908:A:G	12	71564908	-0.0340319426524197	0.232344819328867	0.883549022359254
chr12:73909094:G:A	12	73909094	0.00158462201011049	0.162803554477566	0.99223404257142
chr12:81126959:G:A	12	81126959	-0.0357961652947321	0.163441052142299	0.826637775640384
chr12:83608380:A:G	12	83608380	0.131409597057231	0.145849054206081	0.367589780738096
chr12:90727178:A:C	12	90727178	-0.0703661918755172	0.157642160133437	0.655332469568873
chr12:92596791:C:T	12	92596791	-0.183953484803554	0.181014548663292	0.309517059318711
chr12:95914573:A:T	12	95914573	0.224009518473034	0.165238970991305	0.175204183562663
chr12:101611098:G:C	12	101611098	-0.160016416622798	0.356727784358337	0.653743832203559
chr12:105967464:T:C	12	105967464	0.0541345962739021	0.166090796850771	0.744474479907489
chr12:109533295:C:T	12	109533295	0.299790306303235	0.203332655252172	0.14037837188504
chr12:112209515:G:A	12	112209515	0.0228018489320537	0.206594092407072	0.912115717979088
chr12:120976632:C:A	12	120976632	-0.424235886170506	0.338345666956809	0.209895272655666
chr12:125875525:T:C	12	125875525	-0.131879531925588	0.161012578960439	0.412750165894119
chr12:126449337:A:G	12	126449337	-0.0188358963117669	0.156994271743667	0.904500385907431
chr12:131091094:G:A	12	131091094	-0.0288792065250276	0.19696758056361	0.883432688480722
chr12:132776953:G:A	12	132776953	0.281541661018154	0.217055972700579	0.194599382781617
chr13:19545220:A:G	13	19545220	-0.20171435239533	0.145796493747375	0.166501302623023
chr13:22977365:T:G	13	22977365	0.199155617112791	0.21315050134763	0.350127139544721
chr13:24330599:T:C	13	24330599	0.0189716588189507	0.176394811810492	0.914350876521784
chr13:24623185:A:C	13	24623185	0.0826431386926043	0.184743403724876	0.65462949451373
chr13:25202506:T:G	13	25202506	0.379808404728682	0.22694897413609	0.0942208495384309
chr13:26234118:A:T	13	26234118	0.0237285017890418	0.185081445442531	0.897986165752157
chr13:26494236:G:A	13	26494236	0.0811606923252545	0.165392559396506	0.623627682783636
chr13:27255876:A:G	13	27255876	0.19641352450034	0.191567045467496	0.305222067548752
chr13:42909938:A:G	13	42909938	-0.193374629415541	0.189497471766474	0.3075102520263
chr13:45470952:C:T	13	45470952	-0.243623207986931	0.212081509187857	0.250669634292778
chr13:45708351:G:A	13	45708351	-0.215977722504129	0.312339402904409	0.489261386255432
chr13:45809177:C:G	13	45809177	-0.201388020013062	0.160775234090725	0.210349136687548
chr13:50558767:A:T	13	50558767	0.0830342606569457	0.144959759329557	0.566773997181626
chr13:58710908:G:A	13	58710908	-0.205165767118304	0.219675898755499	0.350330949923
chr13:58934154:C:T	13	58934154	0.187560548081397	0.182331206695535	0.303629858781231
chr13:70397215:T:C	13	70397215	-0.0684892086167209	0.17743383370436	0.699497717278665
chr13:70990050:T:C	13	70990050	0.0541984196711347	0.190013496539734	0.775464430079538
chr13:75832713:T:C	13	75832713	0.31102111901588	0.215197869711981	0.148379329099845
chr13:86776101:G:A	13	86776101	0.030168801432893	0.191243781123052	0.874653408135114
chr13:91472230:T:C	13	91472230	-0.00828568916406501	0.217988085537639	0.96967984781214
chr13:93235990:C:T	13	93235990	0.129813514270182	0.171446372965227	0.448949893492012
chr13:96765286:G:A	13	96765286	0.11305536997017	0.171661502404162	0.510156013719309
chr13:102180181:A:G	13	102180181	-0.352959692947099	0.221574359649885	0.111168556198616
chr13:104405113:C:T	13	104405113	0.580962032524822	0.227886829798455	0.0107925634327725
chr13:106009559:G:C	13	106009559	-0.215696600974371	0.227195928501403	0.342424401530029
chr13:106084136:A:G	13	106084136	-0.0460898700849828	0.185619589356849	0.803900106435215
chr13:112716578:T:C	13	112716578	0.143876534336214	0.158555195765251	0.364183474850994
chr14:21167555:A:G	14	21167555	-0.207556911278151	0.275750795886332	0.451631763611766
chr14:26929954:A:G	14	26929954	0.0605957053000837	0.159502033797161	0.704015539365284
chr14:27823594:G:A	14	27823594	0.325868787510528	0.212702869995348	0.125513164578153
chr14:34182794:A:C	14	34182794	-0.215366717440505	0.29357381894604	0.46319055935228
chr14:38216062:T:A	14	38216062	-0.0873207615154063	0.171695973356022	0.611048188548771
chr14:38962987:G:A	14	38962987	0.344806841199756	0.221034556657087	0.118767437115108
chr14:39925237:C:T	14	39925237	-0.113066325501626	0.343688696627592	0.742171645015044
chr14:44446011:A:G	14	44446011	0.123666287330257	0.188033966037549	0.510743405450744
chr14:48685878:C:A	14	48685878	0.0517834456757309	0.148527143690167	0.727354830505768
chr14:51426205:T:C	14	51426205	-0.0215918908754089	0.160784015726463	0.893172250304625
chr14:52881822:T:G	14	52881822	-0.198215868717172	0.249517376947749	0.426964319745356
chr14:53358297:A:G	14	53358297	-0.0477433355349888	0.191990188744932	0.803611482035361
chr14:56254615:G:A	14	56254615	-0.310143890530832	0.226315724527621	0.170560939427806
chr14:57978070:T:C	14	57978070	-0.0667722115312892	0.15752415616764	0.671649292391806
chr14:62445185:T:C	14	62445185	-0.0510929244886685	0.171291286909181	0.765488757288835
chr14:67518615:G:A	14	67518615	-0.117757788237754	0.170945679268487	0.490910829933958
chr14:68863518:T:G	14	68863518	0.0202829570430586	0.166473172846615	0.903026373602866
chr14:77734277:G:A	14	77734277	0.0517612191634932	0.174239241191838	0.766413208724513
chr14:81022028:G:A	14	81022028	0.195928042613024	0.216444095659714	0.365352474247597
chr14:81884763:T:G	14	81884763	-1.0856105294952	0.562101817274158	0.0534408426703618
chr14:82929256:T:A	14	82929256	-0.459811472219054	0.396871527601979	0.246623255449891
chr14:84531019:T:G	14	84531019	0.0992324095090362	0.179949611084791	0.581328293444862
chr14:84812257:C:T	14	84812257	-0.116557444068049	0.17927154911254	0.515580756269791
chr14:90804831:C:G	14	90804831	0.261849243130881	0.195898721102647	0.181334880216503
chr14:91397629:G:T	14	91397629	-0.0697547324696075	0.392653876236558	0.858998312058465
chr14:91532430:A:C	14	91532430	0.548500975434114	0.320544804346739	0.0870530037442688
chr14:91961156:T:C	14	91961156	0.196478791929387	0.13013088904037	0.131080391084321
chr14:92998270:C:G	14	92998270	0.448501064744861	0.226683288540792	0.0478682626866648
chr14:93757265:G:A	14	93757265	-0.434520430718493	0.599166178972127	0.468324103627767
chr14:93769225:C:T	14	93769225	0.317717007117148	0.246994434175303	0.19832698943317
chr14:98340169:A:G	14	98340169	0.20413905612755	0.193916383995921	0.292470757180382
chr14:100721312:C:T	14	100721312	-0.27052169687459	0.258310331187803	0.29497321850905
chr14:102093442:A:G	14	102093442	0.325723571072868	0.216907205288831	0.133181726237741
chr15:24165057:A:G	15	24165057	0.0183964573286271	0.258227708291168	0.943205774837967
chr15:26353849:A:G	15	26353849	0.151841081521915	0.172455322615371	0.378606811094153
chr15:28182824:G:A	15	28182824	0.135204319419321	0.225205286673622	0.548266122204308
chr15:33665926:A:G	15	33665926	0.0321234847175495	0.237440177754041	0.892381915062795
chr15:34880184:A:T	15	34880184	0.0639235151969493	0.155913651761783	0.681811038409088
chr15:37080410:C:T	15	37080410	0.115709282499725	0.179992767256182	0.520318075331206
chr15:37762539:C:G	15	37762539	0.352614522158477	0.226131306399002	0.118917047591175
chr15:52558833:C:G	15	52558833	-0.168473366038647	0.249502294849143	0.499524731805347
chr15:55712443:A:G	15	55712443	0.322974844621412	0.213074461725182	0.129573997234054
chr15:57522102:A:T	15	57522102	0.209308081599704	0.159951360797642	0.190678926791697
chr15:57590535:T:C	15	57590535	-0.626922728154446	0.464763974222221	0.177367288836977
chr15:58439508:G:A	15	58439508	0.053235765193674	0.199944256494066	0.790044340281063
chr15:69786285:T:C	15	69786285	0.139815083874389	0.136317040558028	0.305051362896509
chr15:71331250:T:C	15	71331250	-0.241937289013789	0.3051829666307	0.427916824581384
chr15:74245092:G:C	15	74245092	-0.63877444193421	0.396313775915726	0.107007721307636
chr15:76807237:T:C	15	76807237	0.195661065788412	0.207110814957058	0.344803479149805
chr15:77734259:G:A	15	77734259	0.281398401717175	0.156089895813265	0.0714200956564619
chr15:79750604:G:T	15	79750604	0.0119878058144093	0.194895964269435	0.950954051536077
chr15:81697597:G:A	15	81697597	-0.0244450105243558	0.128080244854692	0.848637634546916
chr15:87989871:C:T	15	87989871	0.237402535803996	0.166564557860124	0.154073845594499
chr15:88891382:T:C	15	88891382	0.167161352675656	0.175737481571827	0.341503262185003
chr15:89804552:C:T	15	89804552	0.0657324138080633	0.233796429400072	0.778593555983702
chr15:94791129:A:G	15	94791129	-0.129703581514484	0.201368779494661	0.519504309242176
chr15:97043895:A:G	15	97043895	0.237703067627451	0.199791713064357	0.234142941103985
chr15:98725394:C:T	15	98725394	0.456792358898015	0.254575469465133	0.0727605395451306
chr15:100978492:T:G	15	100978492	-0.123046504931016	0.309992712648279	0.691416469977422
chr16:2671727:C:T	16	2671727	-0.0798910591399742	0.21450042553949	0.709556528933578
chr16:4957642:T:C	16	4957642	-0.179854971819539	0.190404358576095	0.344865769900846
chr16:5603936:C:T	16	5603936	-0.039389844126755	0.227222118798742	0.862373246200738
chr16:5884026:G:T	16	5884026	0.22044848918539	0.159363513242065	0.166571087650816
chr16:6848656:G:A	16	6848656	-0.534579598084884	0.145029010853925	0.000227789916533383
chr16:7909855:G:A	16	7909855	0.186264733296935	0.162238589647404	0.250930824450556
chr16:8273542:C:G	16	8273542	0.0598324621723661	0.160999188425469	0.710166805802567
chr16:12394716:C:T	16	12394716	-0.222360001913584	0.286062990207664	0.436975115121176
chr16:13985277:C:A	16	13985277	0.0118952414356362	0.222070774945335	0.957281669309727
chr16:17779668:G:A	16	17779668	0.00205936617434957	0.199519781337556	0.991764689748802
chr16:29740733:G:C	16	29740733	0.143596668664096	0.175093122634896	0.412149990667381
chr16:31127124:G:A	16	31127124	0.182733487831353	0.201072077972761	0.36345785081304
chr16:56688556:C:T	16	56688556	0.226165371886136	0.163267708521813	0.165978323314987
chr16:60324635:A:C	16	60324635	0.479727342853164	0.186336945902424	0.0100380608357209
chr16:60499572:C:T	16	60499572	0.304863756859298	0.170927290363779	0.074490738845998
chr16:62273123:C:T	16	62273123	0.119229457480011	0.108216212466148	0.270561350084728
chr16:65972427:C:T	16	65972427	-0.353237219809117	0.223759934793006	0.1144177964939
chr16:69246420:T:C	16	69246420	0.333533952485843	0.151709672967758	0.0279133836060637
chr16:71908403:G:A	16	71908403	0.294461462516767	0.211814779282115	0.164473089028011
chr16:72103328:C:A	16	72103328	0.061206766899773	0.155243780660529	0.693387408846162
chr16:74837740:A:C	16	74837740	-0.413187215503206	0.285945314446565	0.148461582958702
chr16:79886631:C:T	16	79886631	0.175988973253823	0.188765606230149	0.351173848081123
chr16:81396153:C:A	16	81396153	-0.237164046529418	0.108167326069505	0.0283386329674659
chr16:82294878:C:G	16	82294878	-0.0264486472732444	0.193592748156297	0.891331142440035
chr16:82421890:A:G	16	82421890	-0.140645281013258	0.207352609363679	0.497587594498312
chr16:83827178:T:C	16	83827178	0.193264677252999	0.198497728850517	0.330236948293029
chr16:84032337:C:T	16	84032337	0.323642965368838	0.288376364403675	0.261737601090541
chr16:89303022:G:A	16	89303022	-0.176727808208816	0.253675262750563	0.486009675746866
chr16:89331863:A:T	16	89331863	0.185269203561473	0.166510642646857	0.26585584355265
chr16:89337630:T:C	16	89337630	0.146165855494882	0.153600962022915	0.34130258990567
chr16:89479873:T:G	16	89479873	-0.188553043630464	0.129521869776627	0.145458365282784
chr16:90035976:C:A	16	90035976	0.154924410789332	0.16632209276431	0.351609342501149
chr17:2489248:C:G	17	2489248	0.349596722105046	0.169399546358899	0.0390423173258712
chr17:4018176:C:A	17	4018176	0.0469885183699704	0.195965645678159	0.810501303578252
chr17:4147521:T:C	17	4147521	0.143929012820531	0.172618671725874	0.404395117799068
chr17:6949267:T:C	17	6949267	0.121417701659762	0.152766045242507	0.426732711474593
chr17:7929448:A:G	17	7929448	-0.0533991444804748	0.130280979498831	0.681896361414702
chr17:10308301:C:T	17	10308301	-0.749690594593652	0.673400701218439	0.265583690777017
chr17:12174148:T:C	17	12174148	-0.102740331590268	0.361631182716272	0.776331813133583
chr17:14402381:C:T	17	14402381	0.248198422332087	0.222797280980641	0.265274851683046
chr17:15219976:C:T	17	15219976	0.00978724443143996	0.237001024946333	0.967059753349635
chr17:16482403:T:A	17	16482403	0.111127738921552	0.191000220627836	0.560687964347134
chr17:18684803:A:G	17	18684803	0.38973386711216	0.182541772375309	0.0327577959805224
chr17:20040710:T:C	17	20040710	0.180556741821549	0.196645147777755	0.358521709367181
chr17:21275023:A:C	17	21275023	-0.0182769916779156	0.144305628715168	0.899213670641928
chr17:30609729:C:T	17	30609729	-0.592343198624932	0.362117682887538	0.101886601726922
chr17:31554254:C:T	17	31554254	0.22518662830514	0.188533374660405	0.232316631022183
chr17:33472425:T:G	17	33472425	0.236334630544933	0.267817811981971	0.377535924448423
chr17:44156671:T:A	17	44156671	-0.040979820756891	0.113027189763141	0.716929081583721
chr17:45754773:C:T	17	45754773	0.172879824649116	0.170168719797503	0.309661834108305
chr17:48779278:C:T	17	48779278	0.183660441234779	0.149225367987742	0.21841307292112
chr17:52703044:C:G	17	52703044	-0.0289240375075861	0.248743087926577	0.90743002645575
chr17:53282498:G:T	17	53282498	0.215717132420904	0.21807134794711	0.322563156148767
chr17:58411807:C:T	17	58411807	-0.158937724197182	0.262775756682653	0.545284211613476
chr17:61409438:A:G	17	61409438	-0.0957321061146147	0.212201334016087	0.651890021189207
chr17:61905160:C:T	17	61905160	-0.585261295358998	0.392972789750232	0.136403753097225
chr17:66262233:G:T	17	66262233	0.000605935281853846	0.129089895198117	0.996254822035802
chr17:66751216:C:T	17	66751216	0.11001116994743	0.201278008052706	0.584678796417768
chr17:66971178:A:G	17	66971178	0.230797051387022	0.157097547524968	0.141796960067814
chr17:68771033:G:A	17	68771033	-0.146831265148506	0.22520356430933	0.5144053511413
chr17:69081332:C:T	17	69081332	-0.0025953970843706	0.159011915933876	0.986977483375526
chr17:69213412:T:C	17	69213412	-0.0984677708405299	0.183237958416177	0.591007579830505
chr17:72829246:G:A	17	72829246	-0.601843710639728	0.283732157454585	0.033907626322583
chr17:73506492:C:T	17	73506492	-0.401893610553473	0.290727368169166	0.166857258508287
chr17:75360149:C:G	17	75360149	0.160807042840071	0.163730784359687	0.326029406718393
chr17:77625920:A:T	17	77625920	-0.524995642590698	0.40475595105571	0.194608087670559
chr18:1137045:A:T	18	1137045	0.0395500109890603	0.156273391962248	0.800204707657142
chr18:4080016:T:A	18	4080016	-0.0121215497661653	0.241617865661294	0.959988298404087
chr18:8920896:G:C	18	8920896	0.429604193078904	0.221069067636984	0.0519795533926503
chr18:9609299:C:T	18	9609299	0.100104413813198	0.185175818383018	0.588789399830121
chr18:10572326:C:T	18	10572326	-0.00937185673363753	0.204815494370609	0.96350348766653
chr18:11017906:C:T	18	11017906	0.045092919131635	0.197439127356799	0.819343862771893
chr18:12120157:A:G	18	12120157	0.286205076407742	0.178993105097913	0.109826683765253
chr18:14686017:A:G	18	14686017	-0.65846815246063	0.283514900204058	0.0202051184903407
chr18:14895123:C:T	18	14895123	-0.060793748534726	0.123757069758406	0.62326056475403
chr18:30059135:A:G	18	30059135	0.189011642627187	0.178902805867091	0.290737726897781
chr18:32490781:T:C	18	32490781	-0.347055948365297	0.336249591004912	0.302007519117757
chr18:36255061:C:A	18	36255061	0.103757591806708	0.20389961029139	0.610846109667148
chr18:42762909:A:C	18	42762909	0.290372890704174	0.165964794052243	0.0801864368516874
chr18:43928870:G:A	18	43928870	0.138765023451718	0.134584151875435	0.302510287550597
chr18:44831686:A:G	18	44831686	-0.828775817380082	0.8741667575711	0.343091176064664
chr18:45461168:C:T	18	45461168	0.082655680067277	0.193543493416683	0.66933187919901
chr18:47992191:T:C	18	47992191	-0.245127760005823	0.276427882297227	0.375203118670285
chr18:49146783:T:G	18	49146783	-0.041549866397869	0.176084623277245	0.813459572522366
chr18:49872731:C:G	18	49872731	-0.0866432352300544	0.220311346231935	0.694115406908704
chr18:50485733:T:C	18	50485733	0.286339003100154	0.202917095084285	0.158211221412548
chr18:58120958:C:T	18	58120958	0.239964713159	0.231453837349301	0.299842419109378
chr18:59256389:C:T	18	59256389	-0.00762220216962385	0.160889489766015	0.962214043693624
chr18:62622293:T:A	18	62622293	0.224537888220643	0.206124476027054	0.276007719009435
chr18:62998306:G:A	18	62998306	-0.0948423940439214	0.106859959632237	0.374788716640287
chr18:66103927:C:T	18	66103927	-0.17676883498984	0.164492727820746	0.282540374375201
chr18:66206557:C:T	18	66206557	0.0009713375790637	0.205747955557987	0.996233195238034
chr18:68001558:G:A	18	68001558	0.185677323934244	0.16345709126069	0.255981994450812
chr18:69946690:A:G	18	69946690	-0.435996344454149	0.674949185121467	0.518299341394145
chr18:71730181:C:T	18	71730181	0.0801062623332604	0.1616493521684	0.620207895043991
chr18:72912108:T:C	18	72912108	0.0411943471930051	0.154803809222651	0.790156953677353
chr18:73248491:G:A	18	73248491	0.155550973967135	0.167098167430779	0.351907492950546
chr18:77734991:G:A	18	77734991	0.286318702813584	0.21146809775871	0.175750109399883
chr19:2907557:G:A	19	2907557	0.296158575004062	0.169306489263981	0.0802486324506303
chr19:16021187:G:A	19	16021187	-0.0660572582902722	0.198085244598988	0.738772780605475
chr19:17584922:G:A	19	17584922	0.0480012880651301	0.171233634024022	0.779227188286388
chr19:18704666:C:T	19	18704666	-0.267731019956718	0.227414955785194	0.239083870748889
chr19:18737022:C:T	19	18737022	-0.182798093755871	0.184376530916241	0.321471237278608
chr19:18805179:A:G	19	18805179	-0.0490898463979356	0.262115752409161	0.851438685574573
chr19:21560366:G:T	19	21560366	0.186617508484049	0.189907362262232	0.325766663586288
chr19:21659434:G:C	19	21659434	0.329371129600111	0.196791580942701	0.0941885140924483
chr19:33474662:T:C	19	33474662	-0.160546834692009	0.187651702110992	0.392242546531534
chr19:37956680:C:T	19	37956680	-0.0195786523882838	0.201370183532698	0.922545994395128
chr19:38120117:A:T	19	38120117	0.101499085173203	0.15298723819801	0.50704363935703
chr19:44380983:T:C	19	44380983	0.19300100439462	0.182257597965075	0.28962424808983
chr19:44819986:A:G	19	44819986	0.417479353573923	0.179437100953708	0.0199862692934339
chr19:48685001:C:T	19	48685001	0.174097710291408	0.161355081349806	0.280599946169851
chr19:51210487:G:T	19	51210487	0.174082293393067	0.220602786257826	0.430041283622658
chr19:51552139:T:A	19	51552139	0.157801231043475	0.147936600728126	0.286115696445703
chr19:52714810:C:T	19	52714810	-0.302388641965879	0.210957010673591	0.151739682401551
chr19:53330671:T:C	19	53330671	-0.155500009121903	0.162727357281431	0.339281360690781
chr19:54944544:G:A	19	54944544	-0.272664662536053	0.34187617482687	0.425129436140888
chr19:57195010:G:C	19	57195010	0.161000180729946	0.216323815133422	0.456721940992329
chr20:1709120:A:G	20	1709120	0.468402108792699	0.258784035430111	0.0702939866483537
chr20:1735934:T:G	20	1735934	-0.309472026019531	0.245207840292628	0.206919832478333
chr20:1906500:G:T	20	1906500	0.0385731516777722	0.211147800247342	0.85504661378346
chr20:3649460:G:A	20	3649460	-0.0356743659028217	0.0998063073475116	0.7207654405194
chr20:5407753:C:T	20	5407753	0.165375780473051	0.185295671624324	0.372126746243131
chr20:5860313:T:C	20	5860313	0.140597532603461	0.203695896282587	0.490047973316154
chr20:7000966:A:C	20	7000966	-0.143808845343957	0.231369585156921	0.53423473792214
chr20:12129436:G:A	20	12129436	-0.382448911322183	0.386198006496062	0.322031270089061
chr20:13244402:C:A	20	13244402	0.633460023433793	0.282194282400244	0.0247831829079518
chr20:31347432:T:C	20	31347432	0.118444504510056	0.148102142163147	0.42385637615602
chr20:37593342:C:T	20	37593342	-0.0239253883252907	0.142435443422237	0.866604080550855
chr20:38200488:G:A	20	38200488	-0.013075446267424	0.173881031053614	0.940057447901582
chr20:38350608:A:G	20	38350608	-0.0155091062366888	0.188840949211957	0.934545025412845
chr20:45729681:A:G	20	45729681	-0.197731394802198	0.17213614120123	0.250683038146879
chr20:48501317:C:T	20	48501317	0.177244185021098	0.203928115207425	0.384764920681364
chr20:49036824:T:G	20	49036824	-0.114467290650533	0.227976670720187	0.615596549914753
chr20:50371082:C:T	20	50371082	0.145842621239495	0.16011505930462	0.362368425303743
chr20:52513956:G:A	20	52513956	0.309248477413713	0.203184526889077	0.128007073695926
chr20:54253971:A:G	20	54253971	0.0660146777452624	0.16694327659033	0.692524255891948
chr20:58480201:T:G	20	58480201	0.0155221388419752	0.19662553769215	0.937078248022512
chr20:60073360:C:T	20	60073360	-0.112086520415171	0.179801574587528	0.53302820627219
chr21:14869783:A:G	21	14869783	0.341089527177012	0.270323923772341	0.207027685638522
chr21:15297615:T:C	21	15297615	0.279232565789809	0.21027838335403	0.184205016099174
chr21:15686888:A:G	21	15686888	-0.295522045817932	0.320769632229062	0.356898729273518
chr21:18805376:C:A	21	18805376	0.11064846839013	0.231186443648656	0.632215103910168
chr21:22007486:G:T	21	22007486	0.394601295436544	0.206136881747232	0.0555858843961422
chr21:24026351:C:T	21	24026351	0.187350488357098	0.176223759460053	0.287718568122965
chr21:26647335:G:C	21	26647335	0.349669399791077	0.188122783098095	0.0630654647619739
chr21:28043199:C:G	21	28043199	0.24433504732128	0.187556355741859	0.192667400496257
chr21:29538421:G:A	21	29538421	0.296938658021046	0.277596661455759	0.284764894515861
chr21:31885030:A:G	21	31885030	-0.120314228708444	0.164655097774724	0.46495963732813
chr21:35502622:A:T	21	35502622	-0.422868149093707	0.322373376853638	0.18960986926765
chr21:36306638:T:G	21	36306638	-0.195140209401592	0.15449826642047	0.2065684806361
chr21:41442549:G:A	21	41442549	0.219966968314048	0.149612552754936	0.141495663178613
chr21:42627184:G:A	21	42627184	-0.333106073372556	0.340287361978821	0.327631171483809
chr22:20147688:T:C	22	20147688	0.31867655048834	0.223282802143617	0.153512788141063
chr22:23891985:A:G	22	23891985	-0.188799808962275	0.234662922917993	0.42107508951868
chr22:24245985:G:T	22	24245985	-0.37943279516538	0.223249168843219	0.089207448477083
chr22:28624303:G:A	22	28624303	-0.757538558736465	0.464759482931027	0.103110318733328
chr22:30376697:C:T	22	30376697	0.35847840229007	0.258925937676581	0.16621079510798
chr22:30662128:G:A	22	30662128	0.0864029049441454	0.13327509628086	0.516787731559348
chr22:36298345:C:A	22	36298345	0.180941426739162	0.176075355873878	0.304120943506365
chr22:36977479:G:A	22	36977479	-0.239509940630389	0.258706446620773	0.354550906963479
chr22:42350572:C:T	22	42350572	0.350083301701517	0.276786960040397	0.205938944756812
chr22:42475109:T:G	22	42475109	-0.1277662959108	0.246316558509557	0.603964590237297
chr22:44719519:A:G	22	44719519	0.27145675404461	0.165623311358473	0.101213075190239
chr22:44805054:T:C	22	44805054	-0.42437671576743	0.62818613859578	0.49932076480314
chr22:45210278:T:C	22	45210278	-0.366629252568517	0.23964748422627	0.126049162653846
chr22:47062473:C:T	22	47062473	-0.317840300415814	0.326357696401736	0.330105372280341
chr22:48785864:A:G	22	48785864	-0.309892375367457	0.297251393004018	0.297167769056002
chr22:49668266:A:G	22	49668266	-0.295246779451813	0.210064010914427	0.159870085944566
chr22:49926053:G:A	22	49926053	-0.0694906881694374	0.182954114366445	0.704074748444747
