SNP	CHR	POS	est	stderr	pval
chr1:1837340:C:T	1	1837340	-0.0836437132783565	0.252016813038213	0.739966768853544
chr1:2261200:G:C	1	2261200	0.0550965179403742	0.258080466308254	0.83094805434574
chr1:14678191:A:C	1	14678191	-0.0219549683357796	0.173402756266995	0.899247048872124
chr1:14985097:C:T	1	14985097	0.301924300425528	0.265023751732266	0.254605203545185
chr1:20215506:G:C	1	20215506	0.293615286347125	0.197745092127358	0.137592291414906
chr1:22009627:T:C	1	22009627	-0.0940722098732316	0.223391132805753	0.673674857980934
chr1:22126221:C:T	1	22126221	0.104900140657136	0.191470683031697	0.58378440594264
chr1:23180575:A:G	1	23180575	-0.0793472017274671	0.173120093912876	0.646710938081228
chr1:26058659:G:C	1	26058659	-0.167893675448229	0.241803195873737	0.487468896378043
chr1:28670719:C:T	1	28670719	-0.108070824236748	0.182248984796384	0.553191521406057
chr1:29753056:A:C	1	29753056	0.0596006137567677	0.189944069853384	0.753688281357005
chr1:29908726:A:G	1	29908726	-0.144321200552608	0.227609592786765	0.526032886429472
chr1:31886486:G:T	1	31886486	0.237737305435404	0.20339298219137	0.2424612615971
chr1:37838865:C:T	1	37838865	0.759355030632722	0.300577299938943	0.0115263797977773
chr1:39880059:T:C	1	39880059	0.0245884743457233	0.218407511703221	0.910362973158139
chr1:43202709:G:A	1	43202709	0.228147821598546	0.203311803461143	0.261795570288288
chr1:47498869:G:A	1	47498869	0.675395021387647	0.214547991386728	0.0016439708139443
chr1:54900240:G:A	1	54900240	0.162419856019944	0.19160951236798	0.396626951369328
chr1:65351414:T:A	1	65351414	0.18812501415671	0.173395985288565	0.277946253499364
chr1:66254178:T:A	1	66254178	0.0039169528344575	0.246727737480106	0.987333629574469
chr1:73302339:T:C	1	73302339	-0.0912005587257249	0.186334859580294	0.624527088968237
chr1:73563666:T:C	1	73563666	0.0581910632081084	0.263033286901721	0.824912732206358
chr1:76062379:T:C	1	76062379	-0.078688540424726	0.192171699412082	0.682194798697323
chr1:86928231:G:T	1	86928231	0.158850940757341	0.221120804350008	0.472516945403101
chr1:88611347:G:A	1	88611347	-0.35623877502174	0.207481686246057	0.0859855833619596
chr1:91057167:C:A	1	91057167	0.274217889524689	0.24251840163121	0.258177331389291
chr1:91093925:G:A	1	91093925	0.26787032065155	0.207733660869984	0.197228054403467
chr1:92475800:A:G	1	92475800	0.250627926725458	0.187785165719927	0.181990131354963
chr1:94752415:G:A	1	94752415	-0.308370723512817	0.307905583727706	0.31657999042907
chr1:95614324:G:A	1	95614324	-0.452818610387679	0.348480512844186	0.193803707353808
chr1:99691102:T:C	1	99691102	-0.0145573153367026	0.179492505951556	0.935360329540571
chr1:104937367:T:A	1	104937367	0.0335254851578728	0.202667621021879	0.868612607815673
chr1:153704237:C:A	1	153704237	-0.0902048776719337	0.204496084104484	0.659134744892385
chr1:159540226:C:T	1	159540226	0.0661839029682795	0.202833283772426	0.744199616856972
chr1:165647351:T:C	1	165647351	0.0845756987369992	0.203972371711414	0.678403327419533
chr1:168863629:G:A	1	168863629	-0.328786564703716	0.303490141594735	0.278652339947736
chr1:171350391:G:A	1	171350391	-0.0871431643042345	0.214549598643134	0.684619223176098
chr1:173013575:C:G	1	173013575	0.268781049567575	0.221421625215958	0.224790503174536
chr1:178947344:C:A	1	178947344	0.139105027892531	0.284685727311596	0.625106055326849
chr1:186638909:G:T	1	186638909	0.32982889413432	0.226565755546105	0.145454668608972
chr1:188272062:T:C	1	188272062	0.193526070353298	0.218883401177222	0.376614477791164
chr1:193365737:C:T	1	193365737	-0.190147158828153	0.194563842922677	0.328420868959043
chr1:195033388:T:C	1	195033388	0.391313736056232	0.259827896240345	0.132054404931826
chr1:195907914:A:G	1	195907914	0.0501919119071667	0.23129096588422	0.828202373272835
chr1:196692375:G:C	1	196692375	0.031513587787001	0.167569259016022	0.850827217405622
chr1:197559019:A:G	1	197559019	0.534652384770051	0.255150140808568	0.0361316971804195
chr1:199160726:G:A	1	199160726	-0.307296143493181	0.22893810786428	0.17950933129219
chr1:204277152:T:C	1	204277152	-0.442041039211787	0.233858186473413	0.0587299046303092
chr1:207498131:C:T	1	207498131	0.0632386501140553	0.223163469079255	0.776890413708141
chr1:210496535:G:A	1	210496535	-0.193602980367234	0.2873572858331	0.500479099158874
chr1:212937214:T:G	1	212937214	0.142610141472153	0.176041476888886	0.417886161283375
chr1:219750864:A:G	1	219750864	-0.170635467878777	0.199526946318267	0.392440371337732
chr1:221920463:G:A	1	221920463	-0.305274515132608	0.287664986841127	0.288592020638966
chr1:227462684:A:G	1	227462684	-0.409152636144647	0.349812038129694	0.242147618017685
chr1:234456961:G:A	1	234456961	-0.119176469891637	0.254720385582037	0.639876314242685
chr1:237308322:A:G	1	237308322	-0.208190284062024	0.19487820274482	0.285380811851252
chr1:244583991:C:T	1	244583991	-0.325187752659743	0.254511578893688	0.201357569789423
chr1:247190028:T:C	1	247190028	-0.0540222659786001	0.259925617122267	0.835355924642815
chr1:247897239:C:T	1	247897239	-0.492654040238362	0.270679112323113	0.068748847144175
chr2:3248328:A:G	2	3248328	-0.020688545642001	0.161233124366427	0.897900100900657
chr2:6804400:G:A	2	6804400	-0.48801354445885	0.302385690360242	0.106553940782946
chr2:9411790:A:C	2	9411790	0.327396785052942	0.233701439802378	0.161238299319168
chr2:12096367:C:T	2	12096367	-0.253100021288404	0.29652817401459	0.393357366413482
chr2:13545005:C:T	2	13545005	0.261368826459117	0.201077831634694	0.193656123470716
chr2:16009716:A:G	2	16009716	0.144188426049956	0.187287852311866	0.441373440725126
chr2:16367899:A:T	2	16367899	-0.265705376358838	0.192188896683241	0.166811482535696
chr2:17630111:A:C	2	17630111	0.150621395697424	0.238535874986272	0.527752039042575
chr2:17928966:C:G	2	17928966	-0.473224425115029	0.311082606028003	0.128205167803715
chr2:18261494:A:T	2	18261494	-0.0656874768371985	0.187192242507356	0.72565648218549
chr2:19530615:T:C	2	19530615	0.0376357019118593	0.202974133154124	0.852898702498106
chr2:19562158:T:C	2	19562158	-0.430762124724927	0.266697871232396	0.106274109333042
chr2:27383116:G:A	2	27383116	0.0136376992689697	0.162421525870831	0.933084377642704
chr2:37762298:C:T	2	37762298	0.0890157804192917	0.212179640435919	0.674828642100355
chr2:42010994:T:A	2	42010994	0.257207956199821	0.269500562966634	0.339887554387011
chr2:45824390:C:G	2	45824390	0.125459973960798	0.240828975072607	0.602401257563724
chr2:49789441:T:C	2	49789441	0.0395640678228639	0.215717467485541	0.854478777427176
chr2:49994518:G:A	2	49994518	0.27496302616996	0.17813113949901	0.122685538237257
chr2:51284042:G:A	2	51284042	0.134493411520173	0.226567222447912	0.552770503069867
chr2:51344078:G:A	2	51344078	-0.337197095854483	0.225915900087502	0.135547693177287
chr2:57278002:C:A	2	57278002	0.237888528502341	0.206875835887287	0.250181069038981
chr2:57368273:A:G	2	57368273	-0.0591415763360848	0.247002736713474	0.810766798674042
chr2:60373837:A:G	2	60373837	0.063404407341459	0.262047063917475	0.808812636976336
chr2:61147014:T:C	2	61147014	-0.00243103201264384	0.174247842693689	0.988868614060565
chr2:61693274:A:G	2	61693274	-0.115922020609936	0.221148030878555	0.600151319286932
chr2:65295480:C:T	2	65295480	-0.248878223008253	0.215377381577672	0.247867379405297
chr2:66031496:T:C	2	66031496	-0.192952295674594	0.206214265091863	0.349433645054648
chr2:69165635:T:C	2	69165635	0.243916371876886	0.276252911552117	0.37726550960759
chr2:76651386:C:A	2	76651386	-0.040451075332279	0.20898685247255	0.846521994273691
chr2:79784490:C:G	2	79784490	0.487281917002962	0.29578362847614	0.0994703224547259
chr2:82619301:T:C	2	82619301	-0.522420253404556	0.368952299119955	0.156788362171435
chr2:83400799:T:A	2	83400799	0.376773053373464	0.254607239581031	0.138921113534852
chr2:85744328:G:A	2	85744328	-0.216442271514207	0.247055944410333	0.380983244744815
chr2:85757440:T:A	2	85757440	-0.163620099707524	0.215763889640533	0.448253814604933
chr2:99811694:T:C	2	99811694	0.19939925264673	0.182222926126156	0.273840978837841
chr2:101228073:A:C	2	101228073	-0.0601557861062351	0.190101765369496	0.751668625936126
chr2:106861882:T:C	2	106861882	-0.0130363799153178	0.36733424711165	0.971689698581486
chr2:108083619:T:C	2	108083619	-0.0819736936174433	0.225277928057447	0.715949074756457
chr2:118004610:C:T	2	118004610	-0.417430670699198	0.179171269941694	0.0198174779362863
chr2:119455921:A:G	2	119455921	0.150999483681557	0.226755342975766	0.505466279431865
chr2:120644763:G:A	2	120644763	-0.0113096194691406	0.20827768231224	0.956695608975695
chr2:120916837:A:G	2	120916837	0.133035524393572	0.218975331004771	0.543494872243855
chr2:122628686:C:A	2	122628686	0.0110333776511476	0.289984611635018	0.969649292613351
chr2:122629789:A:C	2	122629789	-0.0862529742164212	0.2627097107484	0.742669372699024
chr2:127192867:G:A	2	127192867	-0.34573575262987	0.207688516052524	0.095975813897119
chr2:130915743:C:T	2	130915743	0.210896474024895	0.189967445159804	0.266925062241871
chr2:136507185:G:C	2	136507185	-0.0604313015669552	0.16982529363461	0.721957440785964
chr2:141023592:C:T	2	141023592	-0.188223406676536	0.218640595471354	0.389303909091872
chr2:143017176:T:C	2	143017176	-0.0142186055140648	0.340486202099228	0.966690252672374
chr2:143920023:G:T	2	143920023	0.0961198414943596	0.19863030569377	0.628447419637108
chr2:144729333:C:T	2	144729333	0.0314034083414374	0.199990910541742	0.875225793156624
chr2:148561010:G:C	2	148561010	-0.235908594901714	0.237162008097537	0.319874921509557
chr2:154835349:G:T	2	154835349	0.0567209063219299	0.242250977672301	0.814875452437275
chr2:164974626:C:A	2	164974626	0.199733330757719	0.285445497783477	0.48409910479479
chr2:167086954:T:G	2	167086954	-0.00398405669087617	0.184864796928953	0.982805967799388
chr2:167657344:C:T	2	167657344	0.338167650257932	0.257998380316037	0.189947121908766
chr2:168647356:T:G	2	168647356	-0.0408571971911083	0.197497156390445	0.836107588191128
chr2:170041677:A:G	2	170041677	0.461822259438304	0.348026968000802	0.184517738215637
chr2:171274449:C:A	2	171274449	0.142082959914539	0.187155241116586	0.447749861179307
chr2:177787584:G:A	2	177787584	-0.432790635738605	0.288219145064503	0.133199755219124
chr2:179648558:C:T	2	179648558	-0.404973945348032	0.389513043434869	0.298482600706587
chr2:183527028:C:T	2	183527028	-0.0333488452109964	0.298420378866414	0.911020655860714
chr2:184516924:T:A	2	184516924	-0.179875119474901	0.230143607849838	0.434462776753876
chr2:197010424:G:A	2	197010424	0.427153805893477	0.365895354747483	0.243040521461689
chr2:209101337:G:A	2	209101337	0.0760515513593813	0.242028015464665	0.753349220635219
chr2:209103516:A:G	2	209103516	0.0233312146437716	0.230748463231443	0.91946232274429
chr2:210957182:G:A	2	210957182	0.183520661124335	0.225923996356525	0.416612911504565
chr2:214802180:T:C	2	214802180	-0.065065748797783	0.170994799526645	0.703564628239984
chr2:215209936:A:G	2	215209936	-0.257022150023699	0.232782455512315	0.269536642312703
chr2:220997842:C:T	2	220997842	-0.0278745432991411	0.20556868678691	0.892139699997597
chr2:226027918:G:A	2	226027918	-0.317911629175041	0.305187767432868	0.297554539713211
chr2:228947684:G:A	2	228947684	0.392217150271439	0.245152983482043	0.109623582284597
chr2:233152507:T:C	2	233152507	0.0269657427332731	0.171708835319699	0.87521062846597
chr2:235620294:A:T	2	235620294	-0.063870395769963	0.220326148927115	0.77190022388766
chr2:237288548:A:G	2	237288548	-0.078985744295869	0.195989061403753	0.686940144816539
chr2:237513585:T:C	2	237513585	0.0260806415298638	0.247298992931007	0.916009237001882
chr2:237920759:T:G	2	237920759	-0.0519033925986825	0.160947408226499	0.747084039914166
chr2:240429648:C:T	2	240429648	0.143898466992458	0.183469836150907	0.432854269018393
chr3:10127208:T:G	3	10127208	0.0397973816671126	0.30760251464242	0.89705756828497
chr3:14082905:A:G	3	14082905	0.480585348771861	0.176947661076643	0.00660809923679717
chr3:16798495:T:G	3	16798495	0.149114312569367	0.217271664580444	0.492521717048967
chr3:18882818:T:C	3	18882818	-0.23233820256987	0.202408879434706	0.251024025163719
chr3:22245167:A:G	3	22245167	0.256826255093095	0.174063162838749	0.140084252008555
chr3:24009496:G:A	3	24009496	-0.100255194651543	0.184102127130551	0.586054152827062
chr3:24010534:C:T	3	24010534	-0.27600305631025	0.258927231867455	0.28644698949495
chr3:33421913:A:G	3	33421913	0.0795792640120081	0.167644856345441	0.63500825638401
chr3:34471110:A:G	3	34471110	-0.197427006069731	0.187066698530696	0.291250212799925
chr3:35230331:G:A	3	35230331	0.158337670299923	0.250062472139463	0.526607973091417
chr3:41413926:T:C	3	41413926	-0.308125527503773	0.229464481313679	0.179335865458965
chr3:42098050:T:C	3	42098050	-0.0655557945125304	0.18942403997013	0.729282899919342
chr3:46489654:A:G	3	46489654	-0.337744059731509	0.218749805477036	0.122594578725504
chr3:56959175:A:G	3	56959175	0.520258328059547	0.324151332006505	0.108496900431675
chr3:64441608:G:A	3	64441608	0.208599734668395	0.164041112568691	0.203504320572171
chr3:66995763:G:T	3	66995763	0.0400001945281633	0.217545801012394	0.85411526661272
chr3:68498445:T:C	3	68498445	0.0101828590286194	0.205785473806174	0.960534475919102
chr3:68824246:G:A	3	68824246	-0.509563455910934	0.242263863381796	0.0354359937917342
chr3:69021248:A:C	3	69021248	-0.292774596389158	0.209677999572816	0.162622443114145
chr3:69617754:T:G	3	69617754	-0.407279065544243	0.209706202079809	0.0521200029297098
chr3:74191731:G:A	3	74191731	0.0431478582954049	0.182846165056958	0.813448952414092
chr3:74732240:G:A	3	74732240	-0.466960834219207	0.20610281429374	0.0234716340285169
chr3:75709324:A:T	3	75709324	0.0497271191320876	0.244294975222003	0.83870236383637
chr3:84465702:T:C	3	84465702	0.0331346270970274	0.174562830717941	0.8494541758772
chr3:84817748:G:A	3	84817748	0.512433215500431	0.202842167343114	0.0115282247409061
chr3:85705423:A:G	3	85705423	-0.148672484818944	0.198443455441826	0.453740774947713
chr3:88069353:C:T	3	88069353	0.159616570187815	0.271900659688715	0.557176825485105
chr3:93986190:G:A	3	93986190	-0.355855075870127	0.263631841201031	0.177074282872925
chr3:101022648:G:A	3	101022648	-0.261805054598873	0.285660834595407	0.359410397276045
chr3:106664728:C:T	3	106664728	-0.312198391436179	0.281187452597167	0.26687595803398
chr3:110774699:C:T	3	110774699	0.0715508669300462	0.255939097815253	0.779813502038129
chr3:113428518:G:A	3	113428518	0.0942905816231689	0.196591237916763	0.631492224556579
chr3:121058963:T:G	3	121058963	-0.13349650368193	0.290250829874129	0.645562906009634
chr3:124193435:A:C	3	124193435	0.176111586758289	0.211446045535053	0.404905996673493
chr3:126773646:G:T	3	126773646	-0.0295390875500196	0.222123041159512	0.894205047847919
chr3:131209978:G:T	3	131209978	-0.268335143921119	0.368736838062587	0.466788372033737
chr3:133982842:C:T	3	133982842	0.246821502215511	0.211233712563847	0.24261485525168
chr3:137777496:C:T	3	137777496	-0.437297102559831	0.338985309472321	0.197044458058456
chr3:146265901:G:T	3	146265901	-0.248265340992407	0.296314969475653	0.402119040490354
chr3:149679065:C:A	3	149679065	0.206462353596146	0.184370722577731	0.262789709421956
chr3:152663712:G:C	3	152663712	-0.220733005169973	0.235938215300799	0.349502728081214
chr3:159417151:A:G	3	159417151	0.232842550879482	0.1920371263508	0.225325952837656
chr3:164899350:G:A	3	164899350	0.550927894374642	0.279535451243503	0.0487388048484434
chr3:168053836:T:C	3	168053836	0.334948560059324	0.242182505673064	0.166652009555888
chr3:171028381:G:A	3	171028381	-0.227810333272585	0.244122175158293	0.350726189450726
chr3:174497130:T:C	3	174497130	-0.00271008372088793	0.175192819957308	0.987657897601741
chr3:196706550:C:T	3	196706550	0.160140139737986	0.205928641757343	0.436776144980982
chr4:332191:G:A	4	332191	-0.100996630926294	0.22143464505726	0.648317130685415
chr4:8816874:T:C	4	8816874	-0.428277508951107	0.245018538051112	0.0804745549570062
chr4:9851274:C:G	4	9851274	0.562961144786873	0.223867461938923	0.0119131237017082
chr4:10725805:A:G	4	10725805	0.290249776454345	0.236593013534228	0.219901795082596
chr4:13219910:C:T	4	13219910	0.172205542647325	0.215086769210931	0.423344201502716
chr4:18747099:A:G	4	18747099	-0.118810507205031	0.182668376176692	0.515423288125632
chr4:20840555:C:T	4	20840555	0.174498391602719	0.195146952322832	0.37122041086524
chr4:21137718:C:T	4	21137718	-0.138090689780503	0.191775469451984	0.471485340629039
chr4:26851610:T:C	4	26851610	-0.759936965764558	0.233865165605956	0.00115621791974907
chr4:32302160:A:T	4	32302160	-0.670976476284962	0.470448370575751	0.153796505810753
chr4:40603484:A:G	4	40603484	-0.0372141757950612	0.272944878972129	0.891549981094066
chr4:41002348:C:T	4	41002348	0.0347226517225726	0.278858108517118	0.900905723524942
chr4:44018406:T:G	4	44018406	0.277238827014039	0.244449149283378	0.256737081668199
chr4:44680448:T:C	4	44680448	0.369840029949289	0.214203868031081	0.0842431912826471
chr4:55337032:C:T	4	55337032	-0.0550421726597152	0.195274503622933	0.778042611286159
chr4:55659669:G:A	4	55659669	0.18624713965417	0.276286001016097	0.500241420282229
chr4:56719096:C:T	4	56719096	-0.569813998331828	0.312208609971505	0.0679849426303338
chr4:61158247:C:G	4	61158247	0.0973926040366386	0.164468524495276	0.553739696068491
chr4:64485722:G:A	4	64485722	-0.132743520931583	0.291726176251079	0.649089237115825
chr4:67708732:C:T	4	67708732	-0.438941533753478	0.26673441072291	0.0998435227970815
chr4:67911021:C:T	4	67911021	0.474455251673992	0.246580793544381	0.0543374015089911
chr4:90022599:G:T	4	90022599	-0.179551041321866	0.170768328884614	0.293060881872977
chr4:97398054:G:A	4	97398054	-0.144181789729849	0.195304544602572	0.46036811358538
chr4:98823404:T:C	4	98823404	-0.00570708746356175	0.353501258781453	0.987119142979168
chr4:99262681:C:G	4	99262681	-0.18293222358602	0.206019478954876	0.374574887359111
chr4:99355957:G:T	4	99355957	-0.160869976687893	0.186582276394487	0.388581191152877
chr4:101085120:T:C	4	101085120	-0.0396395177385636	0.194719977231845	0.838688045795984
chr4:102399971:C:T	4	102399971	-0.311374847188963	0.208677759714026	0.135664438628116
chr4:102884286:T:C	4	102884286	-0.100352695529881	0.155985594810722	0.519999668115008
chr4:105992845:C:T	4	105992845	-0.0363337875673704	0.179599678885842	0.839678837475652
chr4:108791253:G:A	4	108791253	0.446641257105727	0.237231829474373	0.0597382394868583
chr4:110957298:T:A	4	110957298	-0.0158349308312978	0.258599898119069	0.951173392393964
chr4:113348012:C:T	4	113348012	-0.102139720361351	0.266255459645526	0.701263452636073
chr4:115522695:G:A	4	115522695	0.0410903950602497	0.18109791631288	0.820504602865163
chr4:120770744:A:C	4	120770744	0.423363706061714	0.21477660589076	0.048703101156421
chr4:123964831:A:G	4	123964831	0.125554637842604	0.232032967761094	0.588433908650407
chr4:125256344:T:C	4	125256344	-0.0988994113587525	0.291396513561122	0.734309879938366
chr4:126268710:T:G	4	126268710	0.228967049994565	0.256865571476593	0.372720715034691
chr4:134094420:T:C	4	134094420	0.134258698181013	0.280255580044385	0.631897315596494
chr4:134350906:C:T	4	134350906	-0.151367809154376	0.261563189713491	0.56278854236643
chr4:138952375:G:A	4	138952375	0.0379709849235288	0.19401371669452	0.844834895853108
chr4:141618953:G:A	4	141618953	-0.0649390151995947	0.254450180183623	0.798558526064801
chr4:149616644:T:G	4	149616644	-0.102764981269944	0.285324485986391	0.718720895897789
chr4:154030957:C:G	4	154030957	0.0715604931137051	0.232420284814723	0.758164032804051
chr4:168588553:A:C	4	168588553	-0.297248173390748	0.429681103879804	0.489070558586409
chr4:171334248:A:T	4	171334248	0.285068656439698	0.324207283747969	0.379250018979758
chr4:171974219:A:G	4	171974219	0.117490567657322	0.19626739021098	0.549422976922955
chr4:176312841:C:T	4	176312841	-0.189133499189622	0.178289360803163	0.288770233931995
chr4:179329624:T:G	4	179329624	0.222925216257933	0.226618854631847	0.325262499519909
chr4:183032183:A:G	4	183032183	0.241863744312449	0.195092879966994	0.215072909708063
chr4:184991673:A:G	4	184991673	0.0645097839789545	0.176357845254951	0.714522426565296
chr4:189912372:C:T	4	189912372	-0.0997315329100663	0.194295699273039	0.607743102134715
chr5:5313703:A:G	5	5313703	0.269701211815707	0.320350035360984	0.399846521721821
chr5:7364955:T:A	5	7364955	-0.138101153318255	0.338574242066441	0.683354205455795
chr5:8067079:G:C	5	8067079	-0.121138195213294	0.248960355021808	0.626558659754766
chr5:13911296:G:T	5	13911296	-0.29415698116046	0.261891259740831	0.261351398130304
chr5:15621966:C:G	5	15621966	-0.0346511523669464	0.178993703107933	0.846497972828897
chr5:17902851:T:C	5	17902851	-0.0360710411671566	0.342567778571406	0.916140880458738
chr5:20719353:A:C	5	20719353	-0.389009104605428	0.257103515015628	0.130268310993182
chr5:20732163:G:T	5	20732163	-0.298463984989259	0.23919808600188	0.212115620801798
chr5:21913130:A:C	5	21913130	0.0927655411013203	0.260054750302076	0.72130485584387
chr5:23787194:A:C	5	23787194	-0.132599212619018	0.169700527337695	0.43458383080328
chr5:23895775:T:G	5	23895775	-0.293283326294194	0.20402293703035	0.150575479726806
chr5:33466391:T:A	5	33466391	0.163059395653338	0.181503562436671	0.368982333970405
chr5:33624899:A:G	5	33624899	0.677499030888697	0.284803060059045	0.01736752349779
chr5:39550509:T:G	5	39550509	0.218551759794204	0.189890617774947	0.249758973951813
chr5:39634108:G:A	5	39634108	0.121120494311542	0.184000027588039	0.510368854999804
chr5:39978357:G:A	5	39978357	-0.0130822873251457	0.16928313828432	0.93840039499832
chr5:44011742:G:T	5	44011742	-0.383839059365264	0.294968860650614	0.19316033324461
chr5:50222627:G:A	5	50222627	0.0738989012806093	0.363914891855039	0.839083102793138
chr5:54814079:C:T	5	54814079	0.0892852196015906	0.235411869997377	0.704485609684501
chr5:66989845:C:A	5	66989845	0.148021775092416	0.150300285010589	0.324702530561981
chr5:66992139:G:A	5	66992139	-0.064882324559324	0.256137554427359	0.800028305215909
chr5:73076502:T:C	5	73076502	-0.172753385671099	0.200748834281419	0.389488743710528
chr5:76998986:C:A	5	76998986	0.227148001029502	0.209785944101832	0.278914599953041
chr5:80530472:T:A	5	80530472	-0.0938229903657109	0.431699469617824	0.827948029904643
chr5:81710558:G:T	5	81710558	0.135899325287286	0.158660168690772	0.391697260392823
chr5:84879932:A:G	5	84879932	0.176762596215883	0.192231901474405	0.357819520579954
chr5:85476293:A:G	5	85476293	0.0764640628245257	0.23657306528613	0.746532103121604
chr5:85809583:T:C	5	85809583	0.100388048674854	0.190646551396001	0.59849480143343
chr5:92192959:A:T	5	92192959	0.160186798142044	0.278570128038716	0.56526950894217
chr5:94648523:C:G	5	94648523	-0.172280634463795	0.293379564699526	0.557050728243405
chr5:98024666:G:A	5	98024666	0.153236860993901	0.189142326196584	0.417844231387048
chr5:101825779:A:C	5	101825779	0.0995164261392746	0.210567019836435	0.636490271178885
chr5:106773905:G:A	5	106773905	-0.226333418614188	0.206642810456426	0.27339042362453
chr5:114915760:G:T	5	114915760	0.0399902808441767	0.229379361590934	0.861597295746215
chr5:115102683:A:G	5	115102683	-0.157991604713875	0.232434257865871	0.496677979922263
chr5:117238479:G:A	5	117238479	0.412795093320481	0.204225319001668	0.0432515276773255
chr5:121740415:G:T	5	121740415	-0.266319653349924	0.239523265612072	0.266192397444538
chr5:137227416:A:T	5	137227416	-0.0657788629328766	0.230872773221979	0.775710104140701
chr5:137406489:C:T	5	137406489	-0.297678767239555	0.273115345445247	0.27574049825246
chr5:140638650:G:A	5	140638650	-0.0200733641477533	0.221684315304281	0.927850702685822
chr5:142682003:T:C	5	142682003	-0.136205729834294	0.181717056950433	0.453526736334559
chr5:144183699:A:G	5	144183699	-0.49679629568649	0.257087465495904	0.0533099250476483
chr5:145690757:G:T	5	145690757	-0.173530873098683	0.296144687299895	0.557898010923005
chr5:147282093:C:T	5	147282093	0.251586609665342	0.227432204442604	0.268637860185925
chr5:151763317:T:C	5	151763317	-0.322374123280042	0.223173497760666	0.148598372473912
chr5:153541577:C:T	5	153541577	-0.36225975358204	0.324760785246353	0.264650596500144
chr5:164252995:G:C	5	164252995	0.286905175269929	0.243990451834508	0.239640075617329
chr5:168245100:T:C	5	168245100	0.0806022972691542	0.193944999405156	0.677707422865079
chr5:169455657:C:T	5	169455657	0.214594840470264	0.165730472562803	0.195374606921616
chr5:169808985:G:C	5	169808985	-0.18292332781695	0.282791612639852	0.517730005502778
chr5:172672695:T:C	5	172672695	0.396926281571262	0.26548491795567	0.134888561406627
chr5:173346700:A:C	5	173346700	-0.535676914522236	0.308419992851328	0.0824149961810903
chr6:3041612:C:A	6	3041612	-0.223840893963694	0.17918416029742	0.21158368576297
chr6:3673174:A:G	6	3673174	0.63742405548171	0.307489975958735	0.0381730860668924
chr6:3786319:G:C	6	3786319	-0.607574082012359	0.322369760421718	0.0594687623156112
chr6:6090729:G:T	6	6090729	-0.264073459386931	0.303119341505974	0.383652363770337
chr6:6354181:A:T	6	6354181	-0.131204464059847	0.20352417226033	0.519145724191458
chr6:6456261:T:C	6	6456261	-0.0830028520788208	0.239945378115932	0.729399871877799
chr6:7642514:C:G	6	7642514	-0.296072137848336	0.271457146241476	0.275414917873491
chr6:23163726:T:C	6	23163726	-0.250936844959056	0.262671834657916	0.339413610195263
chr6:23344439:T:A	6	23344439	-0.0914332964615095	0.177774662423208	0.607027368344238
chr6:26287827:G:A	6	26287827	0.148656228175765	0.162354052872982	0.359861033787097
chr6:31108549:A:G	6	31108549	-0.0576858366247514	0.182435563300964	0.751851907943115
chr6:31845997:T:C	6	31845997	-0.156256896337933	0.199892818719061	0.434388902153595
chr6:32660000:G:C	6	32660000	0.0607858039686915	0.247812209437496	0.806232059354316
chr6:33148933:A:G	6	33148933	0.268946717285747	0.232577961629591	0.24752889820002
chr6:37400014:G:T	6	37400014	0.299627647753559	0.187817393961399	0.110642120090293
chr6:39124093:C:T	6	39124093	-0.130033085948352	0.221837714772539	0.557765905870587
chr6:45195864:C:T	6	45195864	0.581966940419437	0.252528215719199	0.0211911139065224
chr6:46738257:G:A	6	46738257	-0.282106032822939	0.233602922332405	0.227189390796654
chr6:47717919:C:A	6	47717919	-0.208319582651973	0.218711377519301	0.340850429415043
chr6:48859012:C:A	6	48859012	0.0904809004112365	0.303567674747728	0.765658578736758
chr6:49860743:T:G	6	49860743	0.133966224159505	0.257276415231196	0.602569289189265
chr6:53292416:C:G	6	53292416	-0.305502563344653	0.1700367068351	0.0723854895915635
chr6:69504128:A:G	6	69504128	0.228215389225356	0.268484945021253	0.395318488903338
chr6:81137001:T:C	6	81137001	-0.0501546453993039	0.251537666534955	0.841955971789451
chr6:84758749:C:T	6	84758749	0.380769767501492	0.232486272778758	0.101460055791028
chr6:87387916:G:T	6	87387916	-0.0359485705771689	0.193301544029986	0.852467141630259
chr6:88566465:G:A	6	88566465	0.0364929933327815	0.218473239513073	0.867341372508996
chr6:93273487:T:C	6	93273487	0.115233792859888	0.257181714848131	0.654107218878619
chr6:97788153:C:A	6	97788153	0.00965377592014724	0.23237500786208	0.966862255316901
chr6:98771646:C:T	6	98771646	-0.443286720253705	0.295692049827562	0.133834737097691
chr6:104918249:A:G	6	104918249	-0.029108942043545	0.246484049264575	0.905991072818364
chr6:107129138:A:G	6	107129138	0.206293795768784	0.18109684166715	0.254646747588787
chr6:112187089:T:C	6	112187089	-0.104893693503558	0.161982369015553	0.517268015497775
chr6:118046853:T:C	6	118046853	-0.299761806441319	0.217800138640819	0.168723834478567
chr6:123103197:T:C	6	123103197	-0.327975235594997	0.366647164761835	0.371040796509217
chr6:127784009:G:A	6	127784009	-0.205101814676095	0.174479712385422	0.239792645475403
chr6:129527930:G:A	6	129527930	-0.192033597114893	0.174750370399961	0.271810650489574
chr6:137254996:T:C	6	137254996	-0.0157699849228081	0.190955320780246	0.934181779658515
chr6:138165202:C:G	6	138165202	-0.124102516960142	0.353999996887667	0.725909401986929
chr6:139464917:T:A	6	139464917	-0.306047756959764	0.285523282283828	0.283772264916512
chr6:151547601:G:A	6	151547601	-0.147033621261072	0.199160092582529	0.460351309004696
chr6:152638179:C:T	6	152638179	-0.453874424956324	0.256830846891777	0.0771928152753065
chr6:153842833:G:A	6	153842833	-0.0940524509055409	0.23422401114651	0.688015864585789
chr6:160701242:A:G	6	160701242	0.512561998928887	0.308297276212028	0.0964010118400822
chr6:162760256:C:T	6	162760256	0.0945024551176919	0.279622170458243	0.735389702802127
chr6:163629327:G:A	6	163629327	0.2147225499161	0.217193097803285	0.32284659672881
chr6:167509019:C:T	6	167509019	0.0591650935089067	0.303102604125994	0.845237760338323
chr7:7863676:G:A	7	7863676	-0.115580336990168	0.196484832050427	0.556370872738913
chr7:8111839:A:G	7	8111839	-0.0893419427987681	0.189735927691259	0.637729859398619
chr7:9602661:C:A	7	9602661	0.196200237375584	0.242047377186132	0.417603406902722
chr7:11334355:C:A	7	11334355	-0.322998709727186	0.233739062703398	0.167009372630919
chr7:12476280:G:A	7	12476280	-0.23937386218164	0.260832215818805	0.358759609636924
chr7:20850990:A:T	7	20850990	-0.0466148574771077	0.222446750133481	0.834014903630792
chr7:22822020:C:A	7	22822020	-0.270096796388464	0.208973198823284	0.196185806546551
chr7:24140802:T:C	7	24140802	-0.033449240910793	0.193393021923852	0.862682934758237
chr7:24278575:A:G	7	24278575	-0.393693107691016	0.293000780976179	0.179058712866129
chr7:24620726:T:A	7	24620726	-0.0522581031020898	0.164879268500164	0.751283295483101
chr7:24740434:C:T	7	24740434	0.0343513969492972	0.183692513448329	0.851656804559492
chr7:28505993:C:T	7	28505993	0.26159138109946	0.209641384284915	0.212102802913763
chr7:36413989:G:A	7	36413989	0.194508656060664	0.286221781462032	0.496774734701142
chr7:43755241:C:T	7	43755241	-0.313456843887689	0.194887938576606	0.107748630993287
chr7:44689517:A:G	7	44689517	-0.610291471723791	0.280575851854811	0.029619703308204
chr7:46192346:C:G	7	46192346	0.24431853989004	0.244359519986147	0.317391673638834
chr7:48301675:T:C	7	48301675	-0.467406637796873	0.216051674323856	0.0305102691021415
chr7:51890159:C:T	7	51890159	0.138384816366699	0.202401038302759	0.494154555341321
chr7:53046603:C:G	7	53046603	0.15567206422424	0.222491876739184	0.484130123107568
chr7:55663907:C:A	7	55663907	0.113931131566561	0.219071533655143	0.60301924402776
chr7:56122201:A:G	7	56122201	0.275538348670007	0.197122367556498	0.162172062683951
chr7:67766433:G:A	7	67766433	-0.125618317765003	0.249117213531852	0.614082992837108
chr7:68433432:T:C	7	68433432	0.432867543028348	0.202108538072933	0.0322129748158185
chr7:71020152:T:G	7	71020152	0.0874284954132679	0.289741250638355	0.762845088346339
chr7:71553830:T:C	7	71553830	0.12380368265255	0.235199944826278	0.598626761590847
chr7:78390279:T:G	7	78390279	-0.180790093494415	0.208232731683113	0.385278451603534
chr7:83524616:A:T	7	83524616	0.0266348564487171	0.227464376435033	0.906785067011991
chr7:84786535:C:A	7	84786535	-0.206350734029538	0.177316003677198	0.2445270896933
chr7:86620755:G:A	7	86620755	-0.193153259219533	0.254521373292642	0.447919456180946
chr7:89207269:G:A	7	89207269	0.198537217001953	0.229868923487214	0.387754081470697
chr7:91097147:A:G	7	91097147	-0.304317278209145	0.231291366235887	0.188264261873963
chr7:103095283:G:A	7	103095283	-0.371870060176619	0.319899624867645	0.245049244486422
chr7:113434486:A:C	7	113434486	0.0204087009676533	0.204524077093904	0.920513984568423
chr7:113749820:G:A	7	113749820	0.173248709368836	0.166900368796067	0.299252965675772
chr7:117145973:C:G	7	117145973	0.300572157910182	0.225163383737931	0.181906814346782
chr7:119808046:G:A	7	119808046	-0.292111742915743	0.210027730824849	0.1642786096304
chr7:122582926:C:G	7	122582926	0.122315156255442	0.266543005647628	0.64630982901269
chr7:124802410:A:T	7	124802410	0.0923543188579086	0.203607636052597	0.650124195520995
chr7:131384702:T:A	7	131384702	-0.0268926858024879	0.208315875546858	0.897281916739461
chr7:136870573:G:A	7	136870573	0.0748056562225248	0.249651778277799	0.764451777680029
chr7:142873374:T:C	7	142873374	-0.188872014773674	0.204157776134311	0.354899483646851
chr7:145116884:A:G	7	145116884	0.135168984024104	0.213525387272255	0.526710969261194
chr7:149242006:T:C	7	149242006	0.230255319419887	0.160525297568507	0.151461998550057
chr7:153502245:G:A	7	153502245	0.4242783671593	0.16567738486504	0.010441019522073
chr7:153952270:G:A	7	153952270	0.243318427915515	0.190731887939553	0.20205832826098
chr7:154426289:T:C	7	154426289	-0.819066707887788	0.556020122852966	0.140727242214599
chr7:156975524:A:T	7	156975524	0.166391688582575	0.203714848973941	0.414050027321284
chr7:157677820:C:T	7	157677820	0.080304465176987	0.310452678641011	0.795890686704811
chr8:276778:A:T	8	276778	0.329609785782971	0.228968185102464	0.149996442127341
chr8:1102873:G:T	8	1102873	-0.101517318166814	0.187938767867441	0.589085545835378
chr8:8710521:T:C	8	8710521	0.179122456987274	0.228897697152604	0.43389509797973
chr8:9029509:T:C	8	9029509	0.0926922286085296	0.21867717653196	0.671655508520875
chr8:9109096:A:G	8	9109096	-0.144737408173023	0.24175805177841	0.549381612852704
chr8:13032868:C:A	8	13032868	-0.115559882111718	0.350647395052533	0.741731315923642
chr8:20741226:C:T	8	20741226	-0.00435502640281859	0.169340250436128	0.979482578296124
chr8:25783762:T:C	8	25783762	0.178109859529176	0.291004449196718	0.540503343871986
chr8:27022227:G:T	8	27022227	0.00371041155946205	0.210228507194813	0.985918530056102
chr8:28150898:A:G	8	28150898	-0.168552179778783	0.236535493231192	0.476101195537166
chr8:28528484:G:T	8	28528484	0.240834698152053	0.232248270823423	0.299749419770529
chr8:37085597:G:A	8	37085597	-0.127723504189943	0.248890956348459	0.607832037963921
chr8:41788192:C:T	8	41788192	0.256314493198226	0.192355827366666	0.182695338434276
chr8:53142705:G:A	8	53142705	-0.100366927506129	0.223865306101176	0.65391055666213
chr8:61304314:G:C	8	61304314	0.157824665515533	0.192391989729895	0.412028765253416
chr8:61926940:A:T	8	61926940	-0.15285984414142	0.169401031801894	0.366868392483344
chr8:63445672:G:A	8	63445672	-0.0821855419933288	0.218124388105648	0.706334941167212
chr8:65343369:C:A	8	65343369	0.302513242844181	0.264700765771825	0.253100917952475
chr8:65418628:G:T	8	65418628	-0.232246015909944	0.182619610261644	0.203462880646612
chr8:71273350:T:A	8	71273350	0.216150614594981	0.27588355983188	0.433342393405152
chr8:72033005:T:C	8	72033005	0.115873273792598	0.330287991467994	0.725719665092097
chr8:72065200:T:A	8	72065200	-0.201360657142611	0.253695833314055	0.427364880287201
chr8:73211475:T:C	8	73211475	0.231101288407957	0.215331846535587	0.283166494627514
chr8:86323708:T:C	8	86323708	0.0810517962639108	0.189130211671047	0.668250569616824
chr8:89525432:A:G	8	89525432	-0.49854779135762	0.228096841888076	0.0288386765524296
chr8:92001032:A:G	8	92001032	0.238825607709509	0.209204525798025	0.253624854135532
chr8:92645879:A:G	8	92645879	-0.392649966900103	0.330040675318628	0.234163639825971
chr8:95906161:G:A	8	95906161	-0.0807067851289853	0.148263968936	0.586203923746252
chr8:96365126:C:T	8	96365126	-0.534437302951452	0.198555389550793	0.00711041460150463
chr8:98002322:C:T	8	98002322	0.155016820385009	0.216263269511309	0.473499484109943
chr8:106920372:G:A	8	106920372	0.11887011406935	0.23549710921607	0.613725644010537
chr8:108142424:A:G	8	108142424	-0.307610054318067	0.171297816401921	0.0725324277892044
chr8:109421925:C:T	8	109421925	-0.116044095435525	0.205819418245046	0.572879975708383
chr8:116252872:C:T	8	116252872	0.0908213433031837	0.17499508475296	0.603765147355273
chr8:121384602:C:T	8	121384602	0.451247269420818	0.19472709894464	0.0204856725000102
chr8:127029052:C:T	8	127029052	0.306017206254912	0.169861828735811	0.0716137971949833
chr8:128437247:A:G	8	128437247	-0.17167655933468	0.347908339883395	0.621692246373514
chr8:131315237:G:A	8	131315237	-0.0200429447313811	0.200984994911142	0.920563773747672
chr8:135895676:A:T	8	135895676	-0.374335001785807	0.280403813411575	0.181881119378075
chr8:141605122:C:T	8	141605122	-0.236850395656734	0.23665172924952	0.316904415104334
chr9:733358:A:C	9	733358	0.252163438573089	0.214326667811067	0.239380013577421
chr9:5461379:C:T	9	5461379	-0.281959553451643	0.215268129765408	0.190261369951704
chr9:11397008:T:G	9	11397008	-0.288869037787319	0.339744435666056	0.395183930349156
chr9:11955148:T:G	9	11955148	0.257748066166075	0.174257117821419	0.139106899303743
chr9:12389360:A:G	9	12389360	-0.191307649238117	0.22333906116183	0.391677349155434
chr9:12615226:G:C	9	12615226	-0.169474412236743	0.198624622550127	0.393526394960143
chr9:13582959:T:A	9	13582959	0.673295041942915	0.350108611578344	0.0544670723849554
chr9:14098421:G:A	9	14098421	-0.120672683446766	0.21541355975817	0.575349336167987
chr9:18952915:A:G	9	18952915	0.266043448838158	0.173810997979166	0.125856422657208
chr9:29651949:A:G	9	29651949	-0.042902687379203	0.201520590096852	0.831409012007919
chr9:32058643:A:T	9	32058643	0.0684813348572582	0.217597044058568	0.752977073161025
chr9:37013405:C:T	9	37013405	-0.228929769002733	0.177072623302821	0.196060153750865
chr9:37992585:C:T	9	37992585	-0.0376998917182122	0.20711291681862	0.855562488718809
chr9:76464251:C:G	9	76464251	-0.0695046708484937	0.294715094324852	0.813559295139952
chr9:89995415:A:G	9	89995415	-0.0804632569208412	0.248465460429765	0.746058554827176
chr9:94568472:C:A	9	94568472	0.242620560025998	0.220070306165492	0.270258085787788
chr9:96162075:C:T	9	96162075	0.515850775340154	0.180021796341579	0.00416363560085398
chr9:100192956:A:G	9	100192956	0.180700606095259	0.291728242225027	0.535643550743598
chr9:100529836:G:C	9	100529836	0.172154775546927	0.176243184215291	0.328666958948744
chr9:107904127:G:A	9	107904127	0.0694789183911627	0.186109160576322	0.708907707477643
chr9:117420412:T:C	9	117420412	0.097045834370613	0.199477545358856	0.62661267494395
chr9:117972207:C:A	9	117972207	-0.331104557092281	0.203730602445949	0.104118296426194
chr9:121356498:A:G	9	121356498	-0.00534716301905758	0.311099051822754	0.986286654580143
chr9:124044726:T:G	9	124044726	0.0342013507167018	0.207515383807716	0.869090724763005
chr9:125005426:C:T	9	125005426	0.292045192927371	0.313880062888849	0.35214557978097
chr9:129533341:A:G	9	129533341	0.130241318871858	0.237385989952277	0.583247124343853
chr9:136630984:C:T	9	136630984	-0.147095598977693	0.194720876122054	0.44999838829019
chr10:2050300:A:G	10	2050300	-0.110417445664124	0.209953809519374	0.5989486301306
chr10:3113976:C:T	10	3113976	-0.352780332664203	0.229879632838339	0.124874577017422
chr10:4591592:T:C	10	4591592	-0.389865305657088	0.278628303332906	0.161743781222348
chr10:7462546:C:T	10	7462546	-0.010431452854989	0.208932799124296	0.960180313350562
chr10:7849544:T:G	10	7849544	0.522369535715579	0.28888953249634	0.0705756570366212
chr10:9367893:G:A	10	9367893	0.09726274114149	0.26538555490894	0.713995005810782
chr10:10628189:C:T	10	10628189	-0.56872590451477	0.2349969330421	0.0155144551886578
chr10:14014383:T:C	10	14014383	-0.153546088279775	0.23041010786344	0.505153264901812
chr10:16341555:C:T	10	16341555	-0.0827996672747309	0.21367518942793	0.698384244247293
chr10:27289376:T:C	10	27289376	0.220908066334357	0.184072759164415	0.230095552059146
chr10:27674317:A:G	10	27674317	-0.194136358620782	0.200398304363914	0.332668690658037
chr10:28771902:G:A	10	28771902	0.133116071756526	0.198088557858327	0.501581893772571
chr10:28891836:C:T	10	28891836	-0.116907516306717	0.249818531502802	0.639806220630734
chr10:30622484:G:A	10	30622484	0.151709857642463	0.311290031995352	0.626004264418112
chr10:35177843:G:T	10	35177843	0.256679462636713	0.234242191516484	0.273172158984131
chr10:45036473:A:G	10	45036473	-0.0375444890120026	0.218315731397703	0.86345847567878
chr10:51560095:T:G	10	51560095	0.0572067561796253	0.192969832489708	0.766883085026519
chr10:54072488:A:G	10	54072488	0.166343851835675	0.199222581759975	0.403737503105156
chr10:54082016:C:T	10	54082016	0.0500806078130302	0.209618286227159	0.811172770418416
chr10:55299918:G:C	10	55299918	-0.233190735652444	0.274305882176744	0.395262793147422
chr10:56747004:T:C	10	56747004	0.378094429794293	0.274368147283429	0.168186271034865
chr10:57761967:T:C	10	57761967	-0.147521526617477	0.210489197434629	0.483396118939889
chr10:69232402:C:A	10	69232402	-0.0889385691036463	0.182312727819601	0.625666564519091
chr10:84591955:C:T	10	84591955	0.0280937160371173	0.268607492944441	0.916700977646379
chr10:84989741:G:A	10	84989741	-0.346568617799529	0.235883341988802	0.141768421226877
chr10:91053424:A:C	10	91053424	-0.371882003011517	0.220533086811035	0.0917405986474104
chr10:93612452:G:A	10	93612452	-0.508980191159544	0.483188806074112	0.292168036178111
chr10:93671121:T:C	10	93671121	0.406104026842639	0.246080784977339	0.0988841614683758
chr10:101249704:C:T	10	101249704	0.270675771593465	0.283278453931879	0.339319179713548
chr10:102352980:T:C	10	102352980	0.0627128173050502	0.227041366663114	0.782380953901643
chr10:104637359:T:C	10	104637359	0.0443366292136303	0.306436738826769	0.884960021710692
chr10:108480456:T:C	10	108480456	0.180724308572245	0.241446025301502	0.45415373387865
chr10:109264424:C:T	10	109264424	-0.373212460179823	0.321958702975018	0.246377289448112
chr10:111352001:T:G	10	111352001	-0.201506897523919	0.237267898267594	0.395725467377845
chr10:118828443:C:T	10	118828443	0.112273520858211	0.219325973009106	0.608719226201873
chr10:120152982:A:G	10	120152982	-0.0462499381900606	0.308540882783902	0.880844381488088
chr10:121611573:C:G	10	121611573	0.0706801963822817	0.266208003439101	0.790618605563854
chr10:121734173:T:C	10	121734173	0.31191849888399	0.18055773449345	0.0840729238090486
chr10:121910644:T:A	10	121910644	0.28314238003137	0.271674305512858	0.297313129895485
chr10:122561189:A:G	10	122561189	0.0263610081312829	0.220898411373496	0.905009610576279
chr10:123750431:C:G	10	123750431	0.306682551601271	0.257680674439332	0.233981498294744
chr10:127533155:T:C	10	127533155	-0.268832548106006	0.201356739396459	0.181841725561611
chr10:129953349:A:G	10	129953349	-0.164394043728418	0.283572869625505	0.562100647902508
chr10:131819683:A:G	10	131819683	0.0773684572562408	0.196312655844462	0.693501045064361
chr10:131953941:A:C	10	131953941	-0.041357434277843	0.27566528164221	0.880742743682571
chr11:388357:C:T	11	388357	0.0472293121119646	0.238804406892066	0.843221858731057
chr11:2257707:C:T	11	2257707	0.216887294334271	0.17777612065293	0.222463964076949
chr11:3623903:G:A	11	3623903	0.186554425371565	0.248248508777212	0.452362291533288
chr11:5806222:C:T	11	5806222	0.0457281401391272	0.181725265952111	0.801324466880795
chr11:9789492:C:A	11	9789492	0.145378475811344	0.212398570413013	0.493684292792112
chr11:14569664:T:G	11	14569664	0.220884034133665	0.210475333713134	0.293969536717449
chr11:36019710:C:A	11	36019710	0.0461853896502785	0.169495536698992	0.785247316573719
chr11:39635569:C:T	11	39635569	0.11258984476751	0.181590150779376	0.53524346137421
chr11:40512905:C:G	11	40512905	-0.143365542771744	0.327344446248706	0.661411362192263
chr11:41632790:A:T	11	41632790	0.143606543565678	0.249197348188062	0.564428391311343
chr11:42744986:A:G	11	42744986	-0.435192092778838	0.214067076882078	0.0420554843876593
chr11:43201079:C:T	11	43201079	0.0701374576815447	0.230620564341989	0.76103273197609
chr11:43982585:G:A	11	43982585	0.174870011612039	0.231161803389317	0.44935956495054
chr11:44330300:A:G	11	44330300	-0.394663244827093	0.313588863794119	0.208197549174286
chr11:49875094:A:G	11	49875094	0.167082040654507	0.194402833572514	0.390085130229247
chr11:50253126:G:T	11	50253126	-0.365874661430209	0.258977320582582	0.157724188370872
chr11:55906271:G:A	11	55906271	0.101335395645276	0.193199947286053	0.599923537763397
chr11:57305789:G:A	11	57305789	0.00450381522384588	0.180363792131763	0.980078311867069
chr11:58998793:A:C	11	58998793	-0.251393433530136	0.254169100751623	0.322624272756582
chr11:63184971:C:T	11	63184971	-0.0134942156393224	0.207943614817947	0.948258693813207
chr11:70801858:T:C	11	70801858	0.173552230278594	0.194099109687953	0.371245743171596
chr11:71334794:T:G	11	71334794	-0.212533798665483	0.290422251717183	0.46428477445792
chr11:77208574:G:A	11	77208574	0.435643431992284	0.214034373110778	0.0418116423629318
chr11:77376654:A:G	11	77376654	-0.0643612894478845	0.228338707259347	0.7780450137686
chr11:81783030:C:T	11	81783030	0.000900475646410548	0.243249816568333	0.997046353477989
chr11:83962252:C:T	11	83962252	-0.302941200731747	0.274268186328798	0.269357352544738
chr11:86328783:G:T	11	86328783	-0.0403762936755852	0.184819310034031	0.827067908525281
chr11:86644523:C:T	11	86644523	0.237437161136517	0.274176056010247	0.386488768431462
chr11:93046218:A:C	11	93046218	-0.101984329856484	0.233882886591139	0.662801392416006
chr11:104129521:G:A	11	104129521	-0.167842850082066	0.307868853055739	0.585632162986973
chr11:110396347:G:A	11	110396347	0.0155232036133841	0.215778035167139	0.942649171139283
chr11:113800784:C:T	11	113800784	-0.5420632367503	0.356195728766104	0.128055981060214
chr11:115616504:A:T	11	115616504	-0.384744630047638	0.269980979696246	0.15413393216205
chr11:119630310:G:A	11	119630310	-0.178370550520431	0.238418520559863	0.454375417193064
chr11:123267436:G:A	11	123267436	0.228897516126091	0.21152103977026	0.279185833382604
chr11:125907492:T:C	11	125907492	0.159247410594988	0.209765715949027	0.447752089863928
chr11:126829359:G:A	11	126829359	0.127362348349116	0.269499979738191	0.636507431572995
chr11:130290657:C:T	11	130290657	0.286978630019201	0.366641207456221	0.433789593901141
chr11:131355535:G:A	11	131355535	0.18710070050304	0.196632172199513	0.341337229774319
chr11:133238417:A:G	11	133238417	0.0886137109212393	0.225882869659619	0.694837017758307
chr11:134309503:C:T	11	134309503	-0.0511991059890484	0.173526852945575	0.767955649095112
chr12:5192681:C:T	12	5192681	-0.0457097244557936	0.171169328396247	0.789435363208148
chr12:5448727:G:A	12	5448727	-0.496369467300109	0.24487319398163	0.0426576087765871
chr12:6639294:C:T	12	6639294	-0.330467678296584	0.263043697158471	0.208999118346473
chr12:19523028:C:A	12	19523028	0.300503242272157	0.188562360218991	0.111013454279873
chr12:20003679:T:A	12	20003679	0.263237469564578	0.281245704780111	0.34928876721753
chr12:21333090:G:A	12	21333090	0.186570993732045	0.17589228633821	0.288820973038219
chr12:25518059:A:T	12	25518059	0.00656213263740324	0.272713338999296	0.980802849156926
chr12:28965843:C:T	12	28965843	0.172557020415122	0.183592636626513	0.347273603980621
chr12:32086665:A:C	12	32086665	0.0979264829434254	0.229427242743153	0.669502985853877
chr12:48567461:T:G	12	48567461	-0.0549634791340584	0.290172542579557	0.849766361759331
chr12:51039498:T:C	12	51039498	0.60076350201492	0.333770683308363	0.0718718641638082
chr12:53646626:C:G	12	53646626	0.0423719072682738	0.272769274865848	0.876553490651626
chr12:53680144:C:A	12	53680144	0.18096553155478	0.186071820192712	0.330773307979882
chr12:54366280:G:A	12	54366280	0.107379542020415	0.176852900028533	0.543738974537006
chr12:56675083:C:T	12	56675083	0.0244303232513593	0.19725575167259	0.901433245850527
chr12:57436134:C:T	12	57436134	-0.0719949083840548	0.233330240670784	0.757661047593894
chr12:58724212:C:T	12	58724212	0.180240151527843	0.253087637009828	0.476362620939124
chr12:59048769:A:C	12	59048769	-0.0613443662703591	0.264100426110219	0.81632313527753
chr12:59226687:C:T	12	59226687	0.0736786043736049	0.231024619946183	0.74978641439018
chr12:63113400:T:C	12	63113400	0.012610758323189	0.278636956047468	0.963901072209723
chr12:64271340:C:T	12	64271340	-0.14285365775954	0.278718403371091	0.608274821746102
chr12:64756705:C:T	12	64756705	0.0568890048780066	0.171078945470132	0.73948854712056
chr12:67050802:C:T	12	67050802	-0.0820211922036456	0.239114763010191	0.731583268802405
chr12:73909094:G:A	12	73909094	0.23860958937931	0.191373520517343	0.212461097370833
chr12:81126959:G:A	12	81126959	-0.0299790490286395	0.161318319840675	0.852571924893369
chr12:83608380:A:G	12	83608380	-0.180045195997789	0.159872697849415	0.26008996954407
chr12:90727178:A:C	12	90727178	0.0986423631943029	0.206366856190844	0.632653633511312
chr12:92596791:C:T	12	92596791	-0.114866037035338	0.240029770473011	0.632259417314587
chr12:95914573:A:T	12	95914573	0.179401185226324	0.330262225761338	0.58698638624975
chr12:105967464:T:C	12	105967464	-0.102687711164822	0.214664242053889	0.632390934096124
chr12:109533295:C:T	12	109533295	-0.0298025395607411	0.193496666765795	0.877593220545212
chr12:120976632:C:A	12	120976632	-1.19473091971444	0.407740816758699	0.00338827390644014
chr12:125875525:T:C	12	125875525	0.100402085987471	0.201186533344666	0.617744347623405
chr12:126449337:A:G	12	126449337	0.122677983236585	0.18006871098856	0.495691624295243
chr12:131091094:G:A	12	131091094	-0.515465361364452	0.281726188375564	0.0672996147960706
chr13:19545220:A:G	13	19545220	0.0329162510715349	0.265980444888556	0.901509735611553
chr13:22977365:T:G	13	22977365	0.236826809240692	0.232003410500798	0.307353845506405
chr13:24330599:T:C	13	24330599	-0.22112432923467	0.292935122681724	0.450334376289799
chr13:24623185:A:C	13	24623185	-0.0833839142103299	0.198989062782456	0.675188598509641
chr13:25202506:T:G	13	25202506	0.521293038890966	0.346255625515477	0.1321917227289
chr13:26234118:A:T	13	26234118	0.198372560756616	0.208583438239376	0.341580742479884
chr13:26494236:G:A	13	26494236	0.378241959243579	0.191671298946257	0.0484513036806677
chr13:27255876:A:G	13	27255876	-0.208593005614151	0.339771876696578	0.5392676971753
chr13:42909938:A:G	13	42909938	-0.00646994249911561	0.243254397911149	0.978780820874092
chr13:45708351:G:A	13	45708351	0.306858933001516	0.263851537998328	0.244830126256459
chr13:45809177:C:G	13	45809177	-0.137193208907526	0.166179602691485	0.409046985607998
chr13:50558767:A:T	13	50558767	-0.166682433622832	0.366056757048756	0.648860428915852
chr13:58710908:G:A	13	58710908	0.0370799306369513	0.178709378395845	0.835629291523978
chr13:58934154:C:T	13	58934154	-0.041404682489114	0.187088114875099	0.824850182784299
chr13:70397215:T:C	13	70397215	0.205851303223526	0.224163627744997	0.358457522151252
chr13:70990050:T:C	13	70990050	-0.0239773623241116	0.418865919654235	0.954351205940934
chr13:86776101:G:A	13	86776101	-0.278236456153875	0.182185333999646	0.126707173752607
chr13:91472230:T:C	13	91472230	0.0415442648611992	0.222049182869915	0.851586243725932
chr13:93235990:C:T	13	93235990	-0.0505638674097915	0.236469672165841	0.830681088973219
chr13:96765286:G:A	13	96765286	-0.358353844897619	0.252411398329694	0.155688827256065
chr13:102180181:A:G	13	102180181	-0.0302880062622786	0.190579308212601	0.873727179606271
chr13:106009559:G:C	13	106009559	0.232585541071212	0.223518582773802	0.298077633838123
chr13:106084136:A:G	13	106084136	-0.179185303697536	0.190114843142533	0.345931155338501
chr13:112716578:T:C	13	112716578	-0.0344661926814207	0.201511614179771	0.864193694103649
chr14:21167555:A:G	14	21167555	-0.912137922544186	0.45875876887352	0.0467814452483595
chr14:26929954:A:G	14	26929954	-0.169568438984724	0.234196289461541	0.469038668251763
chr14:27823594:G:A	14	27823594	0.0056270635031641	0.21610398098925	0.979226482679138
chr14:38216062:T:A	14	38216062	-0.222876050753744	0.240185916083209	0.353443160870949
chr14:39925237:C:T	14	39925237	0.414544559754726	0.226868517941324	0.0676628116832352
chr14:44446011:A:G	14	44446011	-0.136195417417361	0.230313409769727	0.554287148693778
chr14:51426205:T:C	14	51426205	0.060962529009991	0.211312910001376	0.77296854172376
chr14:52881822:T:G	14	52881822	-0.0976621799334928	0.285532899912078	0.732324725385084
chr14:53358297:A:G	14	53358297	-0.193223955624281	0.203150330777142	0.341534435943354
chr14:56254615:G:A	14	56254615	-0.159768396927247	0.203296475003028	0.431932711164929
chr14:57978070:T:C	14	57978070	-0.218194263947965	0.159691599393269	0.171829827633196
chr14:62445185:T:C	14	62445185	-0.545576046172014	0.263402904094732	0.0383344530479053
chr14:67518615:G:A	14	67518615	-0.352291506404184	0.206722169292135	0.0883477174722777
chr14:68863518:T:G	14	68863518	-0.426378204364355	0.260587686763867	0.10179401814315
chr14:77734277:G:A	14	77734277	-0.423496018155785	0.331940690258152	0.20201974527807
chr14:84531019:T:G	14	84531019	0.0345162811570967	0.261349609888164	0.894929414293332
chr14:90804831:C:G	14	90804831	-0.256025930248148	0.265453753519155	0.334803265438697
chr14:91397629:G:T	14	91397629	0.080826122416071	0.271583723772603	0.766000587321335
chr14:91961156:T:C	14	91961156	-0.460810439281535	0.214551656119869	0.0317309834438799
chr14:92998270:C:G	14	92998270	-0.213785913282443	0.291176423741851	0.462818099358036
chr14:98340169:A:G	14	98340169	-0.180183632637576	0.203356302875086	0.375591166213238
chr14:100721312:C:T	14	100721312	-0.171737569546945	0.259765358617	0.508531667998477
chr15:24165057:A:G	15	24165057	-0.447508823466335	0.276206530920187	0.105190097302207
chr15:26353849:A:G	15	26353849	0.152611586083408	0.193453275832263	0.430181645006276
chr15:33665926:A:G	15	33665926	-0.230456809754675	0.323838971696305	0.476687646730972
chr15:34880184:A:T	15	34880184	-0.227428694268137	0.265313382999211	0.391330067260754
chr15:37080410:C:T	15	37080410	-0.270777656968371	0.264680040436828	0.306290026184385
chr15:57522102:A:T	15	57522102	0.433114795930961	0.222357948600393	0.0514356777165146
chr15:57590535:T:C	15	57590535	-0.990407167998242	0.350264825458567	0.00468990564306948
chr15:69786285:T:C	15	69786285	-0.0939185712110302	0.217193650156144	0.665437211787182
chr15:71331250:T:C	15	71331250	0.0718452220710789	0.280505866567802	0.797852509969465
chr15:76807237:T:C	15	76807237	0.552798344276613	0.277181004814647	0.046112870158093
chr15:77734259:G:A	15	77734259	-0.186964026455301	0.210000691614075	0.373303771264533
chr15:79750604:G:T	15	79750604	-0.194909841164056	0.206664424862844	0.345618317282904
chr15:81697597:G:A	15	81697597	0.19044159744291	0.210337580973853	0.365248602009825
chr15:87989871:C:T	15	87989871	0.0444274689146268	0.177867198823236	0.802758356929103
chr15:88891382:T:C	15	88891382	0.0490551223061309	0.18029853862699	0.785562657026378
chr15:94791129:A:G	15	94791129	-0.342131170068149	0.253046381913392	0.176359561705812
chr15:100978492:T:G	15	100978492	-0.185701479201817	0.19641579292369	0.344428749989998
chr16:4957642:T:C	16	4957642	-0.0132983131816939	0.211487049033217	0.949862032626571
chr16:5884026:G:T	16	5884026	0.347710970708848	0.230749530460262	0.131842398431024
chr16:6848656:G:A	16	6848656	0.0221313177111856	0.191397486153299	0.907945676546167
chr16:7909855:G:A	16	7909855	0.00961886087608689	0.196382545334483	0.960935056729609
chr16:8273542:C:G	16	8273542	-0.400630490618922	0.265977620973733	0.132001369119942
chr16:12394716:C:T	16	12394716	-0.0151487155414052	0.214381981664482	0.943666557085308
chr16:17779668:G:A	16	17779668	0.180085198481702	0.20011534512126	0.368169748345473
chr16:31127124:G:A	16	31127124	0.186712094787196	0.186680432622212	0.317228435337262
chr16:56688556:C:T	16	56688556	0.0955144253630154	0.205842206990385	0.642635071689798
chr16:60324635:A:C	16	60324635	-0.0766319038755602	0.208689028345718	0.713465219262979
chr16:60499572:C:T	16	60499572	0.386422378893857	0.207266982104884	0.0622697387861632
chr16:62273123:C:T	16	62273123	0.193006789434972	0.166089050114725	0.245207797705072
chr16:65972427:C:T	16	65972427	-0.174854322287317	0.224748133607777	0.436568293603098
chr16:69246420:T:C	16	69246420	-0.335094872821802	0.255302194638111	0.189337298632528
chr16:71908403:G:A	16	71908403	0.16173587473663	0.213465143448348	0.44864929363188
chr16:72103328:C:A	16	72103328	-0.203871463006204	0.173378706153136	0.239645344582129
chr16:74837740:A:C	16	74837740	-0.0362156165917916	0.260776847139859	0.889548223759958
chr16:79886631:C:T	16	79886631	-0.0340227718602237	0.288838691799142	0.906232784860283
chr16:81396153:C:A	16	81396153	-0.330459873796474	0.183057052171433	0.0710388764226008
chr16:82294878:C:G	16	82294878	-0.236973910796895	0.279104180608029	0.395852461499851
chr16:82421890:A:G	16	82421890	0.24569644996064	0.224692256295942	0.274183180626364
chr16:83827178:T:C	16	83827178	0.158547121748288	0.215701950867583	0.462322023290276
chr16:89331863:A:T	16	89331863	0.218694735186653	0.232090932188165	0.346049102917181
chr16:89337630:T:C	16	89337630	0.151905263833909	0.237543998616318	0.522509002165767
chr16:89479873:T:G	16	89479873	0.360370277072038	0.269909560234049	0.181826617840773
chr16:90035976:C:A	16	90035976	-0.237047892108247	0.217270091526959	0.275260281308685
chr17:2489248:C:G	17	2489248	0.0154815657366872	0.25862722228456	0.952266706325756
chr17:4147521:T:C	17	4147521	0.446298841107827	0.2612965251708	0.0876332349615879
chr17:6949267:T:C	17	6949267	0.348478524882242	0.244703392057854	0.154421755875113
chr17:7929448:A:G	17	7929448	0.122397221642149	0.165327322665933	0.459098149569736
chr17:12174148:T:C	17	12174148	-0.12008879393424	0.321119280123917	0.708427060547565
chr17:14402381:C:T	17	14402381	-0.377423023159734	0.326363995483732	0.247497915908209
chr17:15219976:C:T	17	15219976	-0.0113089782687503	0.167022909156847	0.946017169866832
chr17:16482403:T:A	17	16482403	0.0452493759943213	0.194653343560458	0.816179715347373
chr17:18684803:A:G	17	18684803	-0.37925769132572	0.199680658453571	0.0575222679854238
chr17:20040710:T:C	17	20040710	0.299742084073613	0.220871478335848	0.174753177133797
chr17:21275023:A:C	17	21275023	0.0693188225330301	0.195628689129448	0.723085040925638
chr17:30609729:C:T	17	30609729	-0.335501649275453	0.277573544873223	0.226780190837841
chr17:31554254:C:T	17	31554254	-0.588475386163295	0.374914245726746	0.116501998117098
chr17:33472425:T:G	17	33472425	0.194212643675666	0.281935945110904	0.490915283177388
chr17:44156671:T:A	17	44156671	-0.203324553037768	0.185024441211458	0.271808870191022
chr17:45754773:C:T	17	45754773	0.3906765536994	0.208402443505099	0.0608442500956439
chr17:48779278:C:T	17	48779278	-0.195064065439238	0.181483112803051	0.282449436775506
chr17:52703044:C:G	17	52703044	-0.127601966530457	0.266582687628195	0.632181868228543
chr17:53282498:G:T	17	53282498	0.116870861666702	0.256535779910607	0.648696819046482
chr17:58411807:C:T	17	58411807	-0.231361888070507	0.258581393638179	0.370928630168491
chr17:61409438:A:G	17	61409438	-0.156785727647418	0.161750848825123	0.332393586925329
chr17:66262233:G:T	17	66262233	-0.058688811218539	0.19597610079689	0.764582049317254
chr17:66751216:C:T	17	66751216	0.23013168856853	0.21102664213986	0.275478067296134
chr17:66971178:A:G	17	66971178	0.325411023995137	0.339386565946152	0.337648842794979
chr17:68771033:G:A	17	68771033	-0.0938249648875452	0.184519447140579	0.611114799346492
chr17:69081332:C:T	17	69081332	0.22026500755433	0.260689303505331	0.398148221965775
chr17:69213412:T:C	17	69213412	-0.152793525828364	0.24976417079835	0.540702395480471
chr17:72829246:G:A	17	72829246	-0.033449163522925	0.224974679071211	0.881806395206565
chr17:73506492:C:T	17	73506492	-0.258618701502205	0.251227959725618	0.303283074308743
chr17:75360149:C:G	17	75360149	-0.249770938481083	0.304761456221676	0.412465787914427
chr17:77625920:A:T	17	77625920	-0.339340460203483	0.295879888230153	0.251428797210543
chr18:1137045:A:T	18	1137045	0.0937661812652213	0.150662337830566	0.533705312857602
chr18:4080016:T:A	18	4080016	0.215731344207697	0.292387847927056	0.460620216654315
chr18:8920896:G:C	18	8920896	0.236614966648403	0.256856825642409	0.356949150247886
chr18:9609299:C:T	18	9609299	0.015587979954211	0.256394170820937	0.951520930651228
chr18:10572326:C:T	18	10572326	0.0518465664143681	0.185076786904068	0.779373598566142
chr18:11017906:C:T	18	11017906	-0.125320065178963	0.189074082440475	0.507452679871212
chr18:14686017:A:G	18	14686017	0.220107484822874	0.266954186945298	0.409647521047068
chr18:14895123:C:T	18	14895123	0.15612292296336	0.201762392170141	0.439051464860727
chr18:30059135:A:G	18	30059135	-0.266511082222868	0.180366147235721	0.139511811014998
chr18:32490781:T:C	18	32490781	0.272755736624187	0.250145068868347	0.275541288201184
chr18:36255061:C:A	18	36255061	-0.0205923911480121	0.21308385282347	0.923012410452097
chr18:42762909:A:C	18	42762909	-0.120070919411853	0.184009169488503	0.514061372768425
chr18:45461168:C:T	18	45461168	0.0677208630515107	0.227057190779384	0.765508813706795
chr18:49146783:T:G	18	49146783	-0.1445878305556	0.269101679814265	0.591061693832365
chr18:49872731:C:G	18	49872731	0.00383301732138255	0.236618370134946	0.987075510708471
chr18:50485733:T:C	18	50485733	0.528050752960563	0.249475089061296	0.0342897996358823
chr18:59256389:C:T	18	59256389	0.250292550796704	0.196352957827455	0.202412858303724
chr18:62622293:T:A	18	62622293	-0.191562943342444	0.26486327761353	0.469524965236693
chr18:62998306:G:A	18	62998306	0.03521815755681	0.177618198949922	0.842825905921782
chr18:66103927:C:T	18	66103927	0.0888466735757261	0.186701994519996	0.634163960663202
chr18:66206557:C:T	18	66206557	-0.040387602434722	0.276380226591692	0.883818307259535
chr18:68001558:G:A	18	68001558	-0.229819485996526	0.186087868763025	0.216828568025966
chr18:71730181:C:T	18	71730181	0.513821217642081	0.184083267480826	0.00525059607522582
chr18:72912108:T:C	18	72912108	0.197332936871731	0.187285865659831	0.292045182712011
chr18:73248491:G:A	18	73248491	-0.122566117227462	0.235919685653725	0.603394853661973
chr19:2907557:G:A	19	2907557	0.123858709273757	0.181562656974202	0.495124108994999
chr19:16021187:G:A	19	16021187	-0.0736878281104082	0.276366252315961	0.789753235039009
chr19:17584922:G:A	19	17584922	-0.437034511314117	0.223490587866073	0.0505247868100985
chr19:18704666:C:T	19	18704666	-0.0198813982649222	0.229573330424679	0.930988261469799
chr19:18737022:C:T	19	18737022	-0.231902573705933	0.201041513386093	0.248702793486768
chr19:18805179:A:G	19	18805179	-0.112405227754803	0.227406782900058	0.621100364738131
chr19:21560366:G:T	19	21560366	0.397199681272911	0.195070205683561	0.0417314451203186
chr19:21659434:G:C	19	21659434	-0.175551940022929	0.309821238776112	0.570970125315771
chr19:33474662:T:C	19	33474662	-0.100558624657173	0.201501063612965	0.617745842470299
chr19:37956680:C:T	19	37956680	0.260631873137608	0.248485918852733	0.294233420874552
chr19:38120117:A:T	19	38120117	0.150469036554001	0.278513791865921	0.589019781287729
chr19:44380983:T:C	19	44380983	0.134525739999593	0.236385017859787	0.569291073500504
chr19:44819986:A:G	19	44819986	0.0445023787636511	0.185745746651383	0.810649973954943
chr19:48685001:C:T	19	48685001	0.0559402326215887	0.217186681212771	0.796740707317385
chr19:51552139:T:A	19	51552139	0.150736973958891	0.193583749703722	0.436176824491932
chr19:52714810:C:T	19	52714810	-0.00136751644736362	0.192040332704405	0.99431832353548
chr19:53330671:T:C	19	53330671	-0.376484899969038	0.241311318294253	0.118721455230799
chr19:54944544:G:A	19	54944544	0.108873288705625	0.26199450492097	0.677735207976822
chr19:57195010:G:C	19	57195010	-1.1284943643789	0.507410065954337	0.0261465378694891
chr20:1709120:A:G	20	1709120	0.0692849009961351	0.300886025218745	0.817882291094759
chr20:1735934:T:G	20	1735934	-0.126907468227116	0.215327314864705	0.555613069627627
chr20:1906500:G:T	20	1906500	0.175408650437652	0.233040326496705	0.451632281855954
chr20:3649460:G:A	20	3649460	0.0392830779276283	0.167725139498576	0.814821151288282
chr20:5407753:C:T	20	5407753	0.271471637162809	0.191527935550766	0.156366102229961
chr20:5860313:T:C	20	5860313	-0.0561284914621124	0.252640325771159	0.824183425707193
chr20:7000966:A:C	20	7000966	-0.48711164339645	0.238561106930002	0.0411640639842739
chr20:12129436:G:A	20	12129436	0.280679127246779	0.22385170513545	0.209892200692856
chr20:31347432:T:C	20	31347432	0.121186339745285	0.239630663518306	0.613052286731948
chr20:37593342:C:T	20	37593342	0.035207329045672	0.184042514841773	0.848290578303061
chr20:38200488:G:A	20	38200488	-0.424442651868192	0.207732816392656	0.0410312331339955
chr20:38350608:A:G	20	38350608	0.108536206485071	0.257552198864425	0.673452502624586
chr20:45729681:A:G	20	45729681	-0.341023341846485	0.189533169614139	0.0719743163746894
chr20:48501317:C:T	20	48501317	0.512976074859136	0.210638878475175	0.0148780392099953
chr20:49036824:T:G	20	49036824	0.168208680561568	0.223736888835372	0.452162504340129
chr20:50371082:C:T	20	50371082	0.0597772491437842	0.259662100843248	0.817927284235555
chr20:54253971:A:G	20	54253971	-0.0466958101852028	0.217892086554739	0.830307621015922
chr20:58480201:T:G	20	58480201	-0.0850897588018569	0.217143585068173	0.695162089740791
chr20:60073360:C:T	20	60073360	-0.362460408155541	0.197157790953809	0.0659993587226242
chr21:15297615:T:C	21	15297615	0.164808836074085	0.277547076551552	0.552642558245293
chr21:15686888:A:G	21	15686888	0.136788546916011	0.233016470454448	0.557180998408815
chr21:24026351:C:T	21	24026351	0.0184123559077594	0.159450825969514	0.908069769432077
chr21:26647335:G:C	21	26647335	0.00345972988154201	0.185512257220936	0.985120632521867
chr21:28043199:C:G	21	28043199	-0.011860450718796	0.263355099344554	0.964078643062641
chr21:31885030:A:G	21	31885030	0.0919381891956794	0.175797086912698	0.600988849400903
chr21:35502622:A:T	21	35502622	-0.166126245651088	0.253848327572295	0.512834089585695
chr21:36306638:T:G	21	36306638	-0.0156401104726275	0.196504613763456	0.936562101119972
chr21:41442549:G:A	21	41442549	-0.00641820360762993	0.267612391475971	0.980866003050854
chr22:20147688:T:C	22	20147688	-0.378941482087796	0.292331591226016	0.194881525752144
chr22:23891985:A:G	22	23891985	0.227147858948595	0.354822776813996	0.522060321950738
chr22:24245985:G:T	22	24245985	-0.146069525861265	0.224252769070227	0.514813428217721
chr22:30662128:G:A	22	30662128	-0.136403190206858	0.209441000750494	0.514870516756461
chr22:36977479:G:A	22	36977479	-0.262393725462961	0.299256845403219	0.380585615382163
chr22:42475109:T:G	22	42475109	0.07065341442116	0.177147088188227	0.690010811345804
chr22:44719519:A:G	22	44719519	-0.0672695724609533	0.311381789030583	0.828959945771397
chr22:45210278:T:C	22	45210278	-0.00315608950600691	0.207502031033337	0.987864706739192
chr22:48785864:A:G	22	48785864	-0.103973204724694	0.27155028726448	0.701803196058678
chr22:49668266:A:G	22	49668266	-0.186826268588871	0.25801042413679	0.469002154532468
