SNP	CHR	POS	est	stderr	pval
chr1:1837340:C:T	1	1837340	0.230354584898335	0.250141951795179	0.357105015107935
chr1:2261200:G:C	1	2261200	0.092358539029619	0.243658792263008	0.704651728779448
chr1:14678191:A:C	1	14678191	-0.103692433955247	0.176138240001052	0.556063101409811
chr1:14985097:C:T	1	14985097	-0.332788317613382	0.292635849571159	0.255450645900819
chr1:20215506:G:C	1	20215506	0.345073118794688	0.204113945746355	0.0909150204747314
chr1:22009627:T:C	1	22009627	-0.141802106838358	0.247616926489901	0.566870009259828
chr1:22126221:C:T	1	22126221	0.0907215046145822	0.268395892094861	0.73535281858569
chr1:23180575:A:G	1	23180575	-0.16043774195881	0.194287488355836	0.408931763728814
chr1:26058659:G:C	1	26058659	-0.145181988097752	0.263001365841181	0.580934718102479
chr1:28670719:C:T	1	28670719	-0.209803162070746	0.195594738217675	0.283431701871993
chr1:29753056:A:C	1	29753056	0.34185030763322	0.213495716027609	0.109331625853039
chr1:29908726:A:G	1	29908726	-0.00817077391193559	0.219520342342	0.970308768302213
chr1:31886486:G:T	1	31886486	0.240932981103806	0.164663924820154	0.143418099368113
chr1:37838865:C:T	1	37838865	-0.222326528906675	0.407231494358978	0.585102848520085
chr1:39880059:T:C	1	39880059	-0.107365471980728	0.235619377177958	0.648624885436374
chr1:43202709:G:A	1	43202709	-0.178911604516512	0.318570939359142	0.574383949165303
chr1:47498869:G:A	1	47498869	0.219893116608861	0.221613780387729	0.321082534738088
chr1:54900240:G:A	1	54900240	0.0302048310975861	0.209261370201951	0.885231824062901
chr1:65351414:T:A	1	65351414	0.0881824332930263	0.147160703143634	0.549022577525689
chr1:66254178:T:A	1	66254178	-0.206419469367531	0.384434530079738	0.591306916518852
chr1:73302339:T:C	1	73302339	-0.23209362311962	0.212079135807477	0.273791538413302
chr1:73563666:T:C	1	73563666	0.2741372986008	0.305486822502228	0.369516994974862
chr1:76062379:T:C	1	76062379	-0.201958242974953	0.19677185795435	0.304723173113979
chr1:86928231:G:T	1	86928231	-0.148183466742766	0.287449570918797	0.606195860976391
chr1:88611347:G:A	1	88611347	-0.225336697317073	0.226940073038396	0.320741726598384
chr1:91057167:C:A	1	91057167	0.0664805452506719	0.288167576600046	0.817547104246995
chr1:91093925:G:A	1	91093925	0.0527048808871379	0.279395168878004	0.850375607908566
chr1:92475800:A:G	1	92475800	0.599435078332497	0.206677497204886	0.00372757707054205
chr1:94752415:G:A	1	94752415	-0.415613742022549	0.311804086806161	0.182554018010397
chr1:95614324:G:A	1	95614324	-0.194346731017368	0.37980010428853	0.608855424572239
chr1:99691102:T:C	1	99691102	-0.0963911495414768	0.214449825666865	0.653084618928909
chr1:104937367:T:A	1	104937367	-0.252861357505482	0.301678433863216	0.401928635393772
chr1:153704237:C:A	1	153704237	0.0466754625096734	0.18392633896735	0.799671254160551
chr1:159540226:C:T	1	159540226	0.405235876077823	0.211918824453761	0.0558477026166283
chr1:165647351:T:C	1	165647351	-0.159864405387111	0.230897333390371	0.488710388120422
chr1:168863629:G:A	1	168863629	0.113604950265923	0.373489979992641	0.760997353111183
chr1:171350391:G:A	1	171350391	-0.194194152419688	0.239807753640031	0.418060325785082
chr1:173013575:C:G	1	173013575	0.105123481057	0.225588633791121	0.641218109669043
chr1:178947344:C:A	1	178947344	-0.0863052701017601	0.310851727978023	0.781287744402579
chr1:186638909:G:T	1	186638909	0.333513539568937	0.282701424635543	0.238104539051312
chr1:188272062:T:C	1	188272062	0.149867580856487	0.230440491046232	0.515464464180132
chr1:193365737:C:T	1	193365737	-0.177570130244575	0.218170285918551	0.415698736188508
chr1:195033388:T:C	1	195033388	0.0378025338349496	0.282357695470059	0.893496105717748
chr1:195907914:A:G	1	195907914	0.220467056176585	0.231153764997279	0.340201108161178
chr1:196692375:G:C	1	196692375	-0.102189310161504	0.185194800520046	0.581089756047058
chr1:197559019:A:G	1	197559019	0.160122636221296	0.282616203419636	0.571004501182157
chr1:199160726:G:A	1	199160726	-0.489056588632094	0.241125095286569	0.0425370177709823
chr1:204277152:T:C	1	204277152	-0.211237957425205	0.232543462972228	0.363677201339973
chr1:207498131:C:T	1	207498131	-0.238176467567395	0.339919019432674	0.483499050905402
chr1:210496535:G:A	1	210496535	-0.233529759422435	0.325721782655936	0.473398266523064
chr1:212937214:T:G	1	212937214	0.294694297945336	0.204042559894242	0.148660629557606
chr1:219750864:A:G	1	219750864	0.030377782108779	0.215393573983881	0.887843211780647
chr1:221920463:G:A	1	221920463	-0.343477882598498	0.2961039826669	0.246052569901793
chr1:227462684:A:G	1	227462684	-0.340581835069014	0.334241699005889	0.308217818486736
chr1:234456961:G:A	1	234456961	-0.402231992863066	0.276462336617626	0.145689998073363
chr1:237308322:A:G	1	237308322	-0.0719081268428244	0.214505124775712	0.737453091743504
chr1:244583991:C:T	1	244583991	-0.525942482085261	0.297231819518412	0.0768156443607149
chr1:247190028:T:C	1	247190028	0.0396377295497724	0.303400421661622	0.896056191264959
chr1:247897239:C:T	1	247897239	-0.264279415534256	0.268553978306131	0.325074684852485
chr2:3248328:A:G	2	3248328	-0.223725803218544	0.18854403989284	0.235386596557051
chr2:6804400:G:A	2	6804400	-0.498443199669148	0.423567618176866	0.239285874152406
chr2:9411790:A:C	2	9411790	0.28981963298055	0.261807299278244	0.268295657891803
chr2:12096367:C:T	2	12096367	-0.0389947370123728	0.249814178669472	0.875958162216834
chr2:13545005:C:T	2	13545005	0.1166797261543	0.247181480193238	0.636897717266194
chr2:16009716:A:G	2	16009716	0.00397171507652352	0.191700355309289	0.983470330894648
chr2:16367899:A:T	2	16367899	-0.172765663370107	0.207230383115523	0.40445633312866
chr2:17630111:A:C	2	17630111	0.0111232071768173	0.22756637034036	0.961015757482393
chr2:17928966:C:G	2	17928966	-0.567251075730581	0.362186829130041	0.117305638497278
chr2:18261494:A:T	2	18261494	-0.0883513261351346	0.204063552708607	0.665043935066368
chr2:19530615:T:C	2	19530615	0.222859168525844	0.221401056552936	0.314133841816599
chr2:19562158:T:C	2	19562158	-0.155141988915181	0.238448742651713	0.515285133715963
chr2:27383116:G:A	2	27383116	-0.196476509678136	0.179244956811635	0.273020093008748
chr2:37762298:C:T	2	37762298	-0.34049264694402	0.302762151036563	0.260749707579978
chr2:42010994:T:A	2	42010994	0.0902735758513811	0.343929406324552	0.792953677008532
chr2:45824390:C:G	2	45824390	0.0019843783623598	0.269904755283504	0.99413389144413
chr2:49789441:T:C	2	49789441	0.15535377942346	0.223610917427087	0.4872117225742
chr2:49994518:G:A	2	49994518	0.2706112398153	0.216891756297236	0.212148718839759
chr2:51284042:G:A	2	51284042	0.16156726384077	0.222102753070456	0.466954150067788
chr2:51344078:G:A	2	51344078	-0.0643710088954056	0.207144085476279	0.755987070401826
chr2:57278002:C:A	2	57278002	-0.0761468362410118	0.205688971742648	0.711230655268646
chr2:57368273:A:G	2	57368273	-0.246685321141507	0.268463084694373	0.358158416344748
chr2:60373837:A:G	2	60373837	-0.307993728112858	0.310811729948556	0.32171809594566
chr2:61147014:T:C	2	61147014	-0.0312611813176217	0.238255208717244	0.895610130473454
chr2:61693274:A:G	2	61693274	-0.0651070510092989	0.250686296306063	0.79508343796549
chr2:65295480:C:T	2	65295480	0.09718209703192	0.203195797585221	0.632459296466179
chr2:66031496:T:C	2	66031496	-0.107975193811633	0.192921304391745	0.575694196806414
chr2:69165635:T:C	2	69165635	0.140114132709886	0.22109879877531	0.526265335837578
chr2:76651386:C:A	2	76651386	-0.017212202546606	0.286683762685102	0.952124583974025
chr2:79784490:C:G	2	79784490	0.279355736539578	0.251118192157797	0.265945908437963
chr2:82619301:T:C	2	82619301	-0.102103935222023	0.374821077898222	0.785308988670139
chr2:83400799:T:A	2	83400799	0.278351378362726	0.288780564838907	0.335103370331879
chr2:85744328:G:A	2	85744328	0.0617448234021852	0.239221451739733	0.796324032050607
chr2:85757440:T:A	2	85757440	-0.0411134277461082	0.172885445545851	0.812030526295861
chr2:99811694:T:C	2	99811694	0.150475327539703	0.19506712127034	0.440468203802421
chr2:101228073:A:C	2	101228073	-0.0574790804358502	0.178320379764215	0.747198152608025
chr2:106861882:T:C	2	106861882	-0.157305273370037	0.315381550597246	0.617936023891199
chr2:108083619:T:C	2	108083619	-0.146903907536478	0.306654938205345	0.631901065134692
chr2:118004610:C:T	2	118004610	-0.180082366445251	0.174618280686836	0.3024040952909
chr2:119455921:A:G	2	119455921	0.00229277302423671	0.190876688361646	0.990416198945633
chr2:120644763:G:A	2	120644763	-0.258887679994998	0.164328212859444	0.115157106880777
chr2:120916837:A:G	2	120916837	0.230840992321218	0.194718011833683	0.235814154309269
chr2:122628686:C:A	2	122628686	0.213222713822045	0.279776159690053	0.445989012137106
chr2:122629789:A:C	2	122629789	-0.0756974006641261	0.256386653462415	0.767805169587469
chr2:127192867:G:A	2	127192867	-0.472082380171204	0.259799154405574	0.0692010151013099
chr2:130915743:C:T	2	130915743	0.127097521535455	0.208288481551741	0.541729679277111
chr2:136507185:G:C	2	136507185	-0.189856865278895	0.166771424131448	0.254942792637881
chr2:141023592:C:T	2	141023592	0.000242721074703645	0.26169465943992	0.999259964377051
chr2:143017176:T:C	2	143017176	-0.234523770359415	0.423235516982766	0.579495905823622
chr2:143920023:G:T	2	143920023	0.0504300767556915	0.233016440949935	0.828658174945253
chr2:144729333:C:T	2	144729333	0.138777789945854	0.212222606476708	0.513159756070357
chr2:148561010:G:C	2	148561010	-0.195673508557993	0.307419884895874	0.524448987483018
chr2:154835349:G:T	2	154835349	0.310158895599997	0.249472101015994	0.213771727070536
chr2:164974626:C:A	2	164974626	0.0742093586316691	0.295896466768923	0.801972596384093
chr2:167086954:T:G	2	167086954	0.0556099764819047	0.197735683810442	0.778531009088549
chr2:167657344:C:T	2	167657344	-0.142343297504784	0.363140510145874	0.695074048765532
chr2:168647356:T:G	2	168647356	0.00700907255966072	0.225068655432165	0.975156349692957
chr2:170041677:A:G	2	170041677	-0.146893894182418	0.339662965122482	0.665400169012116
chr2:171274449:C:A	2	171274449	-0.0389554205307475	0.227287492912909	0.863914982493765
chr2:177787584:G:A	2	177787584	0.0652266910402202	0.26825329151801	0.807886590582703
chr2:179648558:C:T	2	179648558	0.337443406055019	0.299168534550674	0.259346319370827
chr2:183527028:C:T	2	183527028	-0.357728515021173	0.322478774641624	0.267297026891692
chr2:184516924:T:A	2	184516924	0.239479874519775	0.228072872235693	0.293711342171838
chr2:197010424:G:A	2	197010424	0.393790670697307	0.28357381612503	0.164932885273077
chr2:209101337:G:A	2	209101337	-0.0504875969330201	0.25616015623265	0.843754079149016
chr2:209103516:A:G	2	209103516	-0.0825197162792101	0.265449038292433	0.755900672586085
chr2:210957182:G:A	2	210957182	-0.560900602760549	0.385292371988183	0.145453680636902
chr2:214802180:T:C	2	214802180	0.147235792644737	0.181763261391581	0.417916300045501
chr2:215209936:A:G	2	215209936	-0.151468544603035	0.247313954837289	0.540237092800276
chr2:220997842:C:T	2	220997842	0.172565690611672	0.205023344536342	0.399962612032596
chr2:226027918:G:A	2	226027918	0.184691731883484	0.338040720633886	0.584818899088488
chr2:228947684:G:A	2	228947684	0.188311810398879	0.268305723372045	0.482769369521818
chr2:233152507:T:C	2	233152507	-0.0494326550315909	0.173832921011117	0.776127784581321
chr2:235620294:A:T	2	235620294	0.019278773899689	0.223677742485304	0.931315418085873
chr2:237288548:A:G	2	237288548	0.166222467615129	0.182450868151726	0.362267284731392
chr2:237513585:T:C	2	237513585	0.0573259874774262	0.272321462152987	0.833270804033004
chr2:237920759:T:G	2	237920759	0.0810234953511831	0.183438383676915	0.658711196866717
chr2:240429648:C:T	2	240429648	0.0962960122773146	0.177495037659124	0.587454884099516
chr3:10127208:T:G	3	10127208	-0.126711889420972	0.35572456455723	0.721684898639593
chr3:14082905:A:G	3	14082905	0.358943539869511	0.151280508017943	0.0176585120439396
chr3:16798495:T:G	3	16798495	-0.024147092623986	0.210399130923508	0.908628994254576
chr3:18882818:T:C	3	18882818	-0.0281362608467085	0.205786780135959	0.891247924687689
chr3:22245167:A:G	3	22245167	0.0988108315526368	0.212962585152836	0.642660556536133
chr3:24009496:G:A	3	24009496	-0.00152707344391406	0.2050779809402	0.994058762141002
chr3:24010534:C:T	3	24010534	-0.142070405578748	0.357073426331607	0.690722708775581
chr3:33421913:A:G	3	33421913	-0.0048409615822678	0.187281798123503	0.979378143178785
chr3:34471110:A:G	3	34471110	-0.0796612415746133	0.210935340058821	0.70568529587725
chr3:35230331:G:A	3	35230331	-0.0971860807471057	0.193741907135699	0.615930253347517
chr3:41413926:T:C	3	41413926	-0.228103290213501	0.229450992058563	0.320161330914484
chr3:42098050:T:C	3	42098050	-0.0770309519791306	0.184097792922064	0.675637074489927
chr3:46489654:A:G	3	46489654	-0.505915852802609	0.270448323763539	0.0613927396400201
chr3:56959175:A:G	3	56959175	0.0630941477536878	0.363500361285336	0.862200405097893
chr3:64441608:G:A	3	64441608	0.00940392700502518	0.199567941461962	0.962416446753784
chr3:66995763:G:T	3	66995763	0.248085613177616	0.232091162071016	0.28510818843812
chr3:68498445:T:C	3	68498445	-0.332988535848463	0.279811234735228	0.234027898025642
chr3:68824246:G:A	3	68824246	-0.302895708975173	0.240918399472564	0.208661543546454
chr3:69021248:A:C	3	69021248	-0.249831363181692	0.232545634233697	0.282673624751967
chr3:69617754:T:G	3	69617754	-0.0276165689371459	0.223364865782934	0.901601252593586
chr3:74191731:G:A	3	74191731	0.285503591347704	0.221785856633122	0.197991851622197
chr3:74732240:G:A	3	74732240	-0.529890466943858	0.185099229307538	0.00419998633317253
chr3:75709324:A:T	3	75709324	-0.119849432564519	0.270134608803961	0.65728437179915
chr3:84465702:T:C	3	84465702	0.199885651184399	0.197933450082618	0.312560971568185
chr3:84817748:G:A	3	84817748	0.00240012689303969	0.234810520986485	0.991844527078956
chr3:85705423:A:G	3	85705423	-0.1588748332183	0.241997666789907	0.511493523812884
chr3:88069353:C:T	3	88069353	0.0335457373585497	0.286703677617661	0.906856164355142
chr3:93986190:G:A	3	93986190	-0.296265173918732	0.3168886528592	0.34983012349155
chr3:101022648:G:A	3	101022648	0.0557840175790815	0.270322838298637	0.83650914546343
chr3:106664728:C:T	3	106664728	0.290148757220247	0.225659952803224	0.19852031137839
chr3:110774699:C:T	3	110774699	0.0770243426975472	0.234900572448657	0.742985841346602
chr3:113428518:G:A	3	113428518	0.0556112260144375	0.211090088032978	0.79220542776325
chr3:121058963:T:G	3	121058963	-0.0682733618675368	0.341432101154522	0.841510492762214
chr3:124193435:A:C	3	124193435	-0.0124643141942103	0.197283612573218	0.949623430776343
chr3:126773646:G:T	3	126773646	-0.134350628943631	0.251620688875666	0.593382281115838
chr3:131209978:G:T	3	131209978	-0.56171950586426	0.415429720958224	0.176330253916086
chr3:133982842:C:T	3	133982842	0.0945578307880244	0.217056544380816	0.663100225113759
chr3:137777496:C:T	3	137777496	0.213585573268651	0.267196800713574	0.424083565959935
chr3:146265901:G:T	3	146265901	0.145753718166473	0.247663826835879	0.556187099086205
chr3:149679065:C:A	3	149679065	0.0520577298105796	0.2084301320479	0.802772138471509
chr3:152663712:G:C	3	152663712	-0.116638624804462	0.243433216735637	0.631838937721063
chr3:159417151:A:G	3	159417151	0.219762359894807	0.22453301265215	0.327702037275973
chr3:164899350:G:A	3	164899350	0.307711624758512	0.365239421775399	0.39951210439823
chr3:168053836:T:C	3	168053836	0.279448063550421	0.278118590411583	0.315002681585637
chr3:171028381:G:A	3	171028381	-0.393490242168238	0.406069877377963	0.332534707243008
chr3:174497130:T:C	3	174497130	-0.0945439057707003	0.197394630613371	0.631967901515707
chr3:196706550:C:T	3	196706550	0.145635858461635	0.210657536792444	0.489352267127119
chr4:332191:G:A	4	332191	0.205387638929026	0.180331754801543	0.254726815514818
chr4:8816874:T:C	4	8816874	-0.408279805536918	0.283529144763153	0.149869557355097
chr4:9851274:C:G	4	9851274	-0.0225006139451659	0.209812753593192	0.914597470404365
chr4:10725805:A:G	4	10725805	0.279550762413153	0.206480535489481	0.175773282083667
chr4:13219910:C:T	4	13219910	0.0304663594224609	0.285266009125845	0.914947787509566
chr4:18747099:A:G	4	18747099	-0.0529794623859984	0.190104012468679	0.78048526009385
chr4:20840555:C:T	4	20840555	-0.000487316248203107	0.219304660340964	0.998227024496045
chr4:21137718:C:T	4	21137718	-0.397532496899564	0.26139860546168	0.128312437426404
chr4:26851610:T:C	4	26851610	-0.467068236058671	0.25064539894002	0.0623972606225762
chr4:32302160:A:T	4	32302160	-0.0687823676035395	0.335828873589212	0.83771765160076
chr4:40603484:A:G	4	40603484	-0.158640045261653	0.215250768188721	0.461121702096365
chr4:41002348:C:T	4	41002348	0.329326118027524	0.255131505277241	0.196769814480874
chr4:44018406:T:G	4	44018406	0.24159340927783	0.197238765109225	0.220621219013906
chr4:44680448:T:C	4	44680448	0.407062129692776	0.242881552555033	0.0937441221873129
chr4:55337032:C:T	4	55337032	0.341895805359374	0.205334839975325	0.0958998370838242
chr4:55659669:G:A	4	55659669	0.0800312266020349	0.251552601422987	0.750371862093262
chr4:56719096:C:T	4	56719096	-0.851169283017624	0.453634970942688	0.0606098656978811
chr4:61158247:C:G	4	61158247	0.320383739199114	0.223606804557012	0.151915116880585
chr4:64485722:G:A	4	64485722	-0.270190595999523	0.306748628841141	0.378414778657083
chr4:67708732:C:T	4	67708732	-0.592138829793829	0.384519272047786	0.123573570708256
chr4:67911021:C:T	4	67911021	0.437076597293945	0.178219743414807	0.0141883583818332
chr4:90022599:G:T	4	90022599	-0.00936172593075882	0.226410986023868	0.967018169839565
chr4:97398054:G:A	4	97398054	0.291018437286212	0.223002772078307	0.191893123059133
chr4:98823404:T:C	4	98823404	0.479878776474361	0.269970156646495	0.0754818563798728
chr4:99262681:C:G	4	99262681	-0.462414470224302	0.250563371077784	0.064964972539182
chr4:99355957:G:T	4	99355957	-0.0225756263280513	0.185738537091221	0.903259221223848
chr4:101085120:T:C	4	101085120	-0.0661130947282187	0.214235829008326	0.75762611242251
chr4:102399971:C:T	4	102399971	-0.146231463992232	0.241433635453148	0.544727433329599
chr4:102884286:T:C	4	102884286	0.0297344929583057	0.163450466848994	0.855647505904793
chr4:105992845:C:T	4	105992845	-0.146996289359046	0.244120562032375	0.547076767714344
chr4:108791253:G:A	4	108791253	0.306301755648057	0.229089473334817	0.181209628585157
chr4:110957298:T:A	4	110957298	0.0422482022080079	0.198858493160046	0.831753175460648
chr4:113348012:C:T	4	113348012	-0.351689331886002	0.261780088446763	0.179125227894027
chr4:115522695:G:A	4	115522695	0.126335359653909	0.232458131896211	0.586802276826762
chr4:120770744:A:C	4	120770744	-0.149628877776629	0.220215479068104	0.496842795740511
chr4:123964831:A:G	4	123964831	0.129725025102526	0.281795167446865	0.645263439123295
chr4:125256344:T:C	4	125256344	-0.206307441375588	0.297956725270388	0.488681520137859
chr4:126268710:T:G	4	126268710	-0.00571090388201709	0.318111697967524	0.985676737716395
chr4:134094420:T:C	4	134094420	-0.367728297132101	0.392761793614481	0.349137843227169
chr4:134350906:C:T	4	134350906	0.287543124224459	0.24765593683415	0.245617956193369
chr4:138952375:G:A	4	138952375	0.180731658368033	0.241020049336916	0.453338117551581
chr4:141618953:G:A	4	141618953	0.153691107101369	0.28571851611492	0.590638555777611
chr4:149616644:T:G	4	149616644	-0.150904728569952	0.318888990665949	0.63605605050218
chr4:154030957:C:G	4	154030957	0.472572003362577	0.286135978960889	0.0986233773486487
chr4:168588553:A:C	4	168588553	-0.579663164571433	0.476848094790052	0.224132042706157
chr4:171334248:A:T	4	171334248	0.235866445730639	0.279967701776072	0.399520816206552
chr4:171974219:A:G	4	171974219	-0.173551926588176	0.240746362466873	0.470976476838661
chr4:176312841:C:T	4	176312841	-0.3153025754636	0.210666344231444	0.134473488804801
chr4:179329624:T:G	4	179329624	0.160121410372804	0.211956530703053	0.449982278681995
chr4:183032183:A:G	4	183032183	0.16261027754919	0.202001673821007	0.420822736135932
chr4:184991673:A:G	4	184991673	0.090224540912183	0.206461716342127	0.66210864025899
chr4:189912372:C:T	4	189912372	-0.211807910966538	0.253440642725507	0.403306897141257
chr5:5313703:A:G	5	5313703	0.279678693764011	0.325996977512938	0.390937712271636
chr5:7364955:T:A	5	7364955	-0.042948365910622	0.331084637985543	0.896787799230154
chr5:8067079:G:C	5	8067079	-0.337744627899374	0.239399560961735	0.158303930482035
chr5:13911296:G:T	5	13911296	-0.266677500776002	0.252101195420317	0.290137848911692
chr5:15621966:C:G	5	15621966	-0.442848913809572	0.313896054941853	0.158299498259221
chr5:17902851:T:C	5	17902851	-0.017016242514525	0.484891670847474	0.972005683299805
chr5:20719353:A:C	5	20719353	-0.252296742596406	0.264223108881767	0.339647227604354
chr5:20732163:G:T	5	20732163	-0.21592104696566	0.202217197478311	0.285625188462972
chr5:21913130:A:C	5	21913130	-0.113372958899933	0.258761091078163	0.661286552033253
chr5:23787194:A:C	5	23787194	-0.0733245577103949	0.176714398902087	0.678191274285591
chr5:23895775:T:G	5	23895775	0.0243765967174311	0.226473708247134	0.91428488505135
chr5:33466391:T:A	5	33466391	0.0678567989399534	0.197255356970129	0.730842640760009
chr5:33624899:A:G	5	33624899	0.00711517534024061	0.31858383927718	0.982181718171183
chr5:39550509:T:G	5	39550509	0.00330894433253671	0.207569533712587	0.987281159571784
chr5:39634108:G:A	5	39634108	0.020379982648996	0.196475015321922	0.917385115809566
chr5:39978357:G:A	5	39978357	0.0101655293277315	0.212766661028082	0.961893305593011
chr5:44011742:G:T	5	44011742	-0.566382527719827	0.337744923358095	0.0935515772165152
chr5:50222627:G:A	5	50222627	0.170256078782982	0.275415708329358	0.536457658522626
chr5:54814079:C:T	5	54814079	-0.0397048525660044	0.248766360405503	0.873190664219014
chr5:66989845:C:A	5	66989845	0.18355713246466	0.1863751532753	0.324683093554064
chr5:66992139:G:A	5	66992139	-0.325610686333429	0.279270319270587	0.243641238349483
chr5:73076502:T:C	5	73076502	-0.403046886352863	0.292406340798283	0.168086169870203
chr5:76998986:C:A	5	76998986	0.160528939219459	0.251083618538397	0.522598822936291
chr5:80530472:T:A	5	80530472	0.284557782599746	0.278107329489397	0.306216075344301
chr5:81710558:G:T	5	81710558	-0.221019170865769	0.21256220563085	0.298439410656594
chr5:84879932:A:G	5	84879932	0.180855441440684	0.249055771566989	0.467737977188531
chr5:85476293:A:G	5	85476293	0.125544931426273	0.247184779698961	0.611524093772059
chr5:85809583:T:C	5	85809583	-0.00513417441158102	0.207475869814152	0.980257653809663
chr5:92192959:A:T	5	92192959	-0.0127938492723669	0.272986750822297	0.962619873946374
chr5:94648523:C:G	5	94648523	-0.402213444029589	0.300163534401693	0.180251510143453
chr5:98024666:G:A	5	98024666	0.0670254537666363	0.228891918190753	0.769655324344089
chr5:101825779:A:C	5	101825779	-0.38316813798063	0.277145179377762	0.166801704445733
chr5:106773905:G:A	5	106773905	-0.280805644293048	0.242367871940168	0.246622250674356
chr5:114915760:G:T	5	114915760	-0.183959284290939	0.234458229605205	0.432679731738609
chr5:115102683:A:G	5	115102683	-0.107406363668909	0.237542486729439	0.651156290937164
chr5:117238479:G:A	5	117238479	0.0785438615293531	0.195449386285924	0.687784911381365
chr5:121740415:G:T	5	121740415	-0.228299400917145	0.273569343826961	0.403987379330312
chr5:137227416:A:T	5	137227416	-0.391260378674018	0.374863174877917	0.296604847957204
chr5:137406489:C:T	5	137406489	-0.0758735596773491	0.269341002086833	0.778172986802143
chr5:140638650:G:A	5	140638650	-0.032066552689442	0.271753706640417	0.906068779531402
chr5:142682003:T:C	5	142682003	-0.165413837114151	0.200202727395935	0.408672676780426
chr5:144183699:A:G	5	144183699	-0.213610062502665	0.268995755612189	0.427136064262033
chr5:145690757:G:T	5	145690757	0.11927595199453	0.208339440073735	0.566978011181969
chr5:147282093:C:T	5	147282093	0.00877010310830431	0.233832669088019	0.970081641378072
chr5:151763317:T:C	5	151763317	-0.144111824179321	0.233171276790462	0.536541485055665
chr5:153541577:C:T	5	153541577	-0.544278602790626	0.366521541557867	0.137548078510093
chr5:164252995:G:C	5	164252995	0.251627608470223	0.188250154307413	0.181331636790157
chr5:168245100:T:C	5	168245100	-0.0408148100662679	0.175933830345342	0.816546130596913
chr5:169455657:C:T	5	169455657	0.03687294969049	0.208918601649495	0.85990559875323
chr5:169808985:G:C	5	169808985	0.0221944098821659	0.29680136920019	0.940390817886679
chr5:172672695:T:C	5	172672695	0.306909802498206	0.282735739406287	0.277700017303551
chr5:173346700:A:C	5	173346700	-0.310117072795142	0.320330263223324	0.332986097503946
chr6:3041612:C:A	6	3041612	-0.536115257180862	0.221055620425439	0.0152978263732501
chr6:3673174:A:G	6	3673174	0.226125395631548	0.304354364786664	0.457501368866221
chr6:3786319:G:C	6	3786319	-0.601211341809105	0.400251886504752	0.133075811868815
chr6:6090729:G:T	6	6090729	0.0144568805419347	0.285561926630298	0.959623481751211
chr6:6354181:A:T	6	6354181	0.129728625094177	0.220361480832828	0.556056992476319
chr6:6456261:T:C	6	6456261	0.139441809552562	0.21675557679458	0.520020635956931
chr6:7642514:C:G	6	7642514	-0.109308692694627	0.247042675828303	0.658149954811453
chr6:23163726:T:C	6	23163726	-0.236428413420215	0.326304628473151	0.46871987710258
chr6:23344439:T:A	6	23344439	-0.207150918856589	0.177396122290165	0.242915361957568
chr6:26287827:G:A	6	26287827	0.3114215187524	0.185569747773887	0.0933097780253811
chr6:31108549:A:G	6	31108549	0.160851861056288	0.20957749949091	0.442781088127725
chr6:31845997:T:C	6	31845997	-0.245474360860599	0.228749692973566	0.283220239282899
chr6:32660000:G:C	6	32660000	0.568002183533749	0.343354908508556	0.0980723940900859
chr6:33148933:A:G	6	33148933	-0.190672429733389	0.233304870585453	0.413775718867971
chr6:37400014:G:T	6	37400014	0.337073030045598	0.192160807596086	0.0794100238268188
chr6:39124093:C:T	6	39124093	-0.159308775770792	0.277020055121653	0.565236992111148
chr6:45195864:C:T	6	45195864	0.616167556651103	0.249451810997437	0.0135080375682169
chr6:46738257:G:A	6	46738257	-0.0323582984228854	0.234830669520206	0.890403087947304
chr6:47717919:C:A	6	47717919	0.18452961251246	0.213450570391458	0.387309178727386
chr6:48859012:C:A	6	48859012	-0.114614104446699	0.348628668195167	0.742339390046264
chr6:49860743:T:G	6	49860743	-0.106999766674656	0.297479609178404	0.719080665477396
chr6:53292416:C:G	6	53292416	-0.109818395186834	0.190977962556991	0.565269813138141
chr6:69504128:A:G	6	69504128	-0.237564141527123	0.25252638024845	0.346833092243406
chr6:81137001:T:C	6	81137001	0.0409434030167814	0.2802582172758	0.883848988374903
chr6:84758749:C:T	6	84758749	0.200638997041864	0.245764312184441	0.414278346712876
chr6:87387916:G:T	6	87387916	0.000134976206309964	0.219350029581343	0.999509024801594
chr6:88566465:G:A	6	88566465	-0.163050011577705	0.274600611344164	0.552664966408979
chr6:93273487:T:C	6	93273487	0.145245963239365	0.319405079089312	0.649296981499178
chr6:97788153:C:A	6	97788153	-0.171566692411991	0.376251680433224	0.648397764255788
chr6:98771646:C:T	6	98771646	0.280019742082248	0.235082260505313	0.23359218719173
chr6:104918249:A:G	6	104918249	-0.200163563978851	0.231830802890086	0.387915567200463
chr6:107129138:A:G	6	107129138	0.0984238048128964	0.187903614785514	0.600418055471605
chr6:112187089:T:C	6	112187089	-0.134125607930664	0.186219929658667	0.471368757897931
chr6:118046853:T:C	6	118046853	-0.608205640629538	0.299363054054029	0.0421875133079493
chr6:123103197:T:C	6	123103197	-0.530257499386104	0.307371141555596	0.0845026860991237
chr6:127784009:G:A	6	127784009	-0.0359709959655333	0.210221574962256	0.864137339275278
chr6:129527930:G:A	6	129527930	-0.281467818628463	0.269614404571613	0.296501897538089
chr6:137254996:T:C	6	137254996	-0.131624107056874	0.220299783538079	0.550188796943577
chr6:138165202:C:G	6	138165202	-0.22401340557142	0.406492313550651	0.581572728063009
chr6:139464917:T:A	6	139464917	-0.377451216571755	0.354361172303016	0.286803696938844
chr6:151547601:G:A	6	151547601	-0.266404583017151	0.210470292260986	0.205599520311972
chr6:152638179:C:T	6	152638179	-0.193099974585327	0.31448917338703	0.539207716363185
chr6:153842833:G:A	6	153842833	0.165346941597361	0.256053836346154	0.518440826596033
chr6:160701242:A:G	6	160701242	0.0869287466112914	0.345463512440867	0.801327598304077
chr6:162760256:C:T	6	162760256	-0.042603874014847	0.310446155673491	0.890845566417138
chr6:163629327:G:A	6	163629327	0.0403428304406492	0.184541552294967	0.826953010890226
chr6:167509019:C:T	6	167509019	0.454080190498604	0.331465671301916	0.170713064326999
chr7:7863676:G:A	7	7863676	0.310058463819975	0.215955320770117	0.151072685310496
chr7:8111839:A:G	7	8111839	-0.0733501232878187	0.248601852845515	0.767955233945792
chr7:9602661:C:A	7	9602661	-0.158605906575748	0.386785721324839	0.681760884206309
chr7:11334355:C:A	7	11334355	-0.142086221502161	0.24390699963057	0.560201245425063
chr7:12476280:G:A	7	12476280	-0.537392904792845	0.288881911715754	0.0628500031669859
chr7:20850990:A:T	7	20850990	0.0412588987764061	0.254740616799611	0.871333926617562
chr7:22822020:C:A	7	22822020	-0.248190376982907	0.179091891502233	0.165799738728216
chr7:24140802:T:C	7	24140802	-0.00148379247200564	0.242158448690659	0.99511110306845
chr7:24278575:A:G	7	24278575	-0.0279200805684162	0.301188008963514	0.926142023262634
chr7:24620726:T:A	7	24620726	-0.0533082043859984	0.19748561767352	0.787210555561126
chr7:24740434:C:T	7	24740434	0.150516710019017	0.210892706451143	0.475405124118796
chr7:28505993:C:T	7	28505993	-0.023812891177757	0.256614901516646	0.926065459254434
chr7:36413989:G:A	7	36413989	-0.0996750242192553	0.319266412306723	0.754888412386437
chr7:43755241:C:T	7	43755241	-0.0910593998393452	0.199753669068836	0.64849176289359
chr7:44689517:A:G	7	44689517	-0.260147555068011	0.307680515703194	0.39782505937782
chr7:46192346:C:G	7	46192346	0.357626468222516	0.244285820146971	0.143202865667891
chr7:48301675:T:C	7	48301675	-0.000370572040478206	0.217425646410124	0.998640116419122
chr7:51890159:C:T	7	51890159	0.00709715741858818	0.191467819415464	0.970431501850131
chr7:53046603:C:G	7	53046603	0.197775798482572	0.212110563121308	0.351120323282688
chr7:55663907:C:A	7	55663907	-0.214833582461289	0.266200293648613	0.419644958599931
chr7:56122201:A:G	7	56122201	0.0977226755507486	0.215528224011956	0.650253458492899
chr7:67766433:G:A	7	67766433	-0.209593938820402	0.261156170467086	0.422228115795423
chr7:68433432:T:C	7	68433432	0.436086491799053	0.24444652053086	0.0744277207086711
chr7:71020152:T:G	7	71020152	0.503775906908976	0.305401616190818	0.0990345590198243
chr7:71553830:T:C	7	71553830	-0.0090824508346121	0.226304369317663	0.967986467195979
chr7:78390279:T:G	7	78390279	-0.0663657834437941	0.23418757710478	0.776879968323779
chr7:83524616:A:T	7	83524616	-0.0452066441267163	0.230617082413381	0.844590834139331
chr7:84786535:C:A	7	84786535	-0.122250482354779	0.180213060976408	0.497539418260715
chr7:86620755:G:A	7	86620755	-0.210154350176186	0.276434816278223	0.44711644581728
chr7:89207269:G:A	7	89207269	0.0259644107140602	0.240568168431538	0.914051587895158
chr7:91097147:A:G	7	91097147	-0.216223807669938	0.285690649787145	0.449142167695561
chr7:103095283:G:A	7	103095283	-0.265154306692423	0.381565856303058	0.48711108535914
chr7:113434486:A:C	7	113434486	0.195356578678598	0.216653066406199	0.367215005394265
chr7:113749820:G:A	7	113749820	-0.0517837691346893	0.172408394887715	0.763906182583772
chr7:117145973:C:G	7	117145973	-0.167445475667145	0.254665712698083	0.510852480516134
chr7:119808046:G:A	7	119808046	-0.13337087045475	0.248268046927987	0.591125922456516
chr7:122582926:C:G	7	122582926	0.150194166967417	0.281244011527575	0.593317266812864
chr7:124802410:A:T	7	124802410	0.169119906223055	0.191529928058063	0.377239149603648
chr7:131384702:T:A	7	131384702	-0.242918696304123	0.22139409674598	0.272543918680207
chr7:136870573:G:A	7	136870573	0.363245914558716	0.264882419451716	0.170266571673367
chr7:142873374:T:C	7	142873374	-0.189000545512127	0.183400223537791	0.302758429263852
chr7:145116884:A:G	7	145116884	-0.108867362703061	0.270413277313718	0.68724529246554
chr7:149242006:T:C	7	149242006	0.260574410301774	0.212372524760773	0.219834409020096
chr7:153502245:G:A	7	153502245	0.51713496760913	0.212037565290972	0.0147327077322008
chr7:153952270:G:A	7	153952270	-0.148170035609957	0.204500337947575	0.468730195852487
chr7:154426289:T:C	7	154426289	-0.563672447543964	0.479294771226722	0.239576703974641
chr7:156975524:A:T	7	156975524	0.0646446642981588	0.236491243695897	0.784584889612357
chr7:157677820:C:T	7	157677820	-0.175689861809032	0.440588708455534	0.690068868157562
chr8:276778:A:T	8	276778	0.160096185210251	0.227866413463128	0.4823126045144
chr8:1102873:G:T	8	1102873	-0.0588773738149322	0.210042457047742	0.779238318160474
chr8:8710521:T:C	8	8710521	0.154314995136661	0.249370459587211	0.536036088278446
chr8:9029509:T:C	8	9029509	0.0741364940935046	0.233772890780816	0.751144646530758
chr8:9109096:A:G	8	9109096	-0.00795066916639257	0.284150140096409	0.977677686480864
chr8:13032868:C:A	8	13032868	-0.00673323944981009	0.324768535646518	0.983459102815589
chr8:20741226:C:T	8	20741226	-0.200021626332927	0.186933286277753	0.284612060905739
chr8:25783762:T:C	8	25783762	0.581123295181205	0.271029205577017	0.032022044942333
chr8:27022227:G:T	8	27022227	0.058570898465568	0.24266602259877	0.809272831148976
chr8:28150898:A:G	8	28150898	-0.112122840349598	0.296666665986675	0.705473562567538
chr8:28528484:G:T	8	28528484	0.565904207418635	0.249469946647369	0.0233032315678263
chr8:37085597:G:A	8	37085597	-0.00847478452754422	0.312827571178676	0.978387222445275
chr8:41788192:C:T	8	41788192	0.204577476174905	0.205586490837334	0.319691512103676
chr8:53142705:G:A	8	53142705	-0.182602296260238	0.231901018052761	0.431039079413877
chr8:61304314:G:C	8	61304314	-0.0816785954573669	0.189402721306983	0.666291699790562
chr8:61926940:A:T	8	61926940	0.0247373240749861	0.176928777549482	0.888806040661333
chr8:63445672:G:A	8	63445672	0.00507134414273854	0.247213671463592	0.983633334728167
chr8:65343369:C:A	8	65343369	0.169046835141794	0.30020588990754	0.573364753511375
chr8:65418628:G:T	8	65418628	-0.042695681691816	0.20192836188495	0.83254414435583
chr8:71273350:T:A	8	71273350	0.213006519374221	0.230531443629316	0.355496557023124
chr8:72033005:T:C	8	72033005	0.104413716651258	0.418795484874079	0.803113951999886
chr8:72065200:T:A	8	72065200	0.172848118416829	0.230668208172096	0.453654385736173
chr8:73211475:T:C	8	73211475	0.419638937229262	0.230911150430095	0.069168470396784
chr8:86323708:T:C	8	86323708	-0.036239598196702	0.212472989029182	0.864568992938391
chr8:89525432:A:G	8	89525432	-0.189492162355792	0.226854148531748	0.403546603855471
chr8:92001032:A:G	8	92001032	0.382621578677526	0.250261485928889	0.12629241373078
chr8:92645879:A:G	8	92645879	0.297163171175101	0.344860487969941	0.388857591567972
chr8:95906161:G:A	8	95906161	-0.0413403144753449	0.170098069562801	0.807975869681397
chr8:96365126:C:T	8	96365126	-0.627441410959162	0.224101556035864	0.00511329524696669
chr8:98002322:C:T	8	98002322	0.336197280779518	0.249672415767087	0.178124058846552
chr8:106920372:G:A	8	106920372	-0.412818041780092	0.289752754244262	0.154236660651591
chr8:108142424:A:G	8	108142424	-0.2916172846914	0.21725479355446	0.179504449330228
chr8:109421925:C:T	8	109421925	-0.0646045397008923	0.206914035325765	0.754866577295624
chr8:116252872:C:T	8	116252872	0.208723961849737	0.167056733687113	0.211511633529139
chr8:121384602:C:T	8	121384602	0.0529301959672457	0.196166715599834	0.787296802914119
chr8:127029052:C:T	8	127029052	0.0774452448660538	0.181071905587763	0.668866369659226
chr8:128437247:A:G	8	128437247	0.0753496423773041	0.272163949899803	0.781892316104751
chr8:131315237:G:A	8	131315237	-0.142970487387875	0.19507628295641	0.463622300979252
chr8:135895676:A:T	8	135895676	0.279161291220295	0.371544395432476	0.45243976258129
chr8:141605122:C:T	8	141605122	0.0950000497796396	0.226062832180439	0.674312058414894
chr9:733358:A:C	9	733358	0.341069872618741	0.240180174930356	0.155590682660867
chr9:5461379:C:T	9	5461379	-0.334867637396797	0.269340954374712	0.213762735419992
chr9:11397008:T:G	9	11397008	-0.028433609281368	0.368791147538131	0.938544398953535
chr9:11955148:T:G	9	11955148	0.266895036584335	0.181518512303466	0.141468041531757
chr9:12389360:A:G	9	12389360	-0.241887416035391	0.272038956492861	0.373914612813201
chr9:12615226:G:C	9	12615226	-0.198330659961278	0.189128685170947	0.294337130512083
chr9:13582959:T:A	9	13582959	0.674153735284604	0.329887252725556	0.0409942345025601
chr9:14098421:G:A	9	14098421	-0.25568448190026	0.273661124510493	0.350143712251089
chr9:18952915:A:G	9	18952915	0.292579834040807	0.177701980259788	0.0996683576525592
chr9:29651949:A:G	9	29651949	0.0715074710827345	0.203547022330812	0.725358127602834
chr9:32058643:A:T	9	32058643	-0.119631199402938	0.236670467126605	0.613224674566483
chr9:37013405:C:T	9	37013405	-0.203693219235407	0.167651694594681	0.224374257908545
chr9:37992585:C:T	9	37992585	-0.0256168457666215	0.197645440088161	0.896874909961628
chr9:76464251:C:G	9	76464251	0.0226508367266328	0.365937617629857	0.950643994774693
chr9:89995415:A:G	9	89995415	0.30083303924545	0.274787433758123	0.273611033099539
chr9:94568472:C:A	9	94568472	-0.195991652772421	0.24001642326123	0.414170770494487
chr9:96162075:C:T	9	96162075	0.700756343101671	0.249643995549316	0.0050001730046596
chr9:100192956:A:G	9	100192956	0.552222200080032	0.294481844863436	0.0607606169669032
chr9:100529836:G:C	9	100529836	-0.0655378011754134	0.191710314115134	0.732457379228975
chr9:107904127:G:A	9	107904127	0.148953807357538	0.179853294536264	0.407559419884123
chr9:117420412:T:C	9	117420412	-0.183705368987444	0.205449048390442	0.371233561952366
chr9:117972207:C:A	9	117972207	-0.0571990918814358	0.211441771161343	0.786760727492551
chr9:121356498:A:G	9	121356498	-0.0250888308598872	0.38173742147869	0.947598564397189
chr9:124044726:T:G	9	124044726	0.0617282935311162	0.262899728985347	0.814365629466547
chr9:125005426:C:T	9	125005426	0.216534133977712	0.260050507755141	0.405035472394079
chr9:129533341:A:G	9	129533341	0.239208252757356	0.246197778742702	0.331244547221183
chr9:136630984:C:T	9	136630984	-0.215505642482263	0.247294259013206	0.383506154705105
chr10:2050300:A:G	10	2050300	-0.0973011723147507	0.250880645195987	0.698135554687052
chr10:3113976:C:T	10	3113976	-0.259210757026897	0.257882475180135	0.314824277738401
chr10:4591592:T:C	10	4591592	-0.210040469435502	0.316877718953213	0.507430521433264
chr10:7462546:C:T	10	7462546	0.530258269329264	0.248357798005564	0.0327562840099869
chr10:7849544:T:G	10	7849544	0.498630926970256	0.306962941817307	0.104290241771709
chr10:9367893:G:A	10	9367893	-0.114075349459048	0.274113266081242	0.677291932746546
chr10:10628189:C:T	10	10628189	-0.111009792999212	0.226676227633657	0.624326081513807
chr10:14014383:T:C	10	14014383	0.242181925719544	0.193547227281617	0.210832054815445
chr10:16341555:C:T	10	16341555	-0.213082308562052	0.235392138899143	0.365347415986746
chr10:27289376:T:C	10	27289376	-0.163199114526439	0.18579314653489	0.379731313520249
chr10:27674317:A:G	10	27674317	0.0679156576386838	0.196292795407223	0.729349030294605
chr10:28771902:G:A	10	28771902	-0.072368176355535	0.271978010021948	0.790176840330389
chr10:28891836:C:T	10	28891836	-0.0753987304465532	0.19898343408626	0.70474754209427
chr10:30622484:G:A	10	30622484	-0.082911455233059	0.346442747891777	0.810855719637453
chr10:35177843:G:T	10	35177843	0.0241789348482358	0.25912141245117	0.925656319548926
chr10:45036473:A:G	10	45036473	-0.227161647029697	0.225018815505501	0.312723925101098
chr10:51560095:T:G	10	51560095	-0.302307429018823	0.257342308133981	0.240103220615533
chr10:54072488:A:G	10	54072488	0.241805561330088	0.222943236648187	0.278096217922563
chr10:54082016:C:T	10	54082016	-0.195191014168485	0.208603237211463	0.349425287898371
chr10:55299918:G:C	10	55299918	-0.354031414921456	0.286087691397155	0.215904241925256
chr10:56747004:T:C	10	56747004	0.624508704199782	0.330029483750025	0.0584534773653964
chr10:57761967:T:C	10	57761967	-0.0571068088790783	0.272209889935188	0.833831876240393
chr10:69232402:C:A	10	69232402	0.221754664727275	0.203241965263571	0.275234605630301
chr10:84591955:C:T	10	84591955	0.35683492464014	0.318107252878864	0.261971272725557
chr10:84989741:G:A	10	84989741	0.14689862805457	0.244987161271491	0.548761075775527
chr10:91053424:A:C	10	91053424	-0.331605501432089	0.217289994180424	0.126985831511148
chr10:93612452:G:A	10	93612452	-0.346466546972968	0.339122848157431	0.306944225490969
chr10:93671121:T:C	10	93671121	0.379399354689778	0.255552232135509	0.1376430625819
chr10:101249704:C:T	10	101249704	0.319330858905613	0.243382881078823	0.189502779837087
chr10:102352980:T:C	10	102352980	-0.142941963978809	0.230860163791687	0.535803584333798
chr10:104637359:T:C	10	104637359	-0.00927420051210349	0.327165674918143	0.977385309437356
chr10:108480456:T:C	10	108480456	-0.112095471362255	0.320691665606275	0.726681824666397
chr10:109264424:C:T	10	109264424	-0.0911871779711235	0.308515224502765	0.767560138121354
chr10:111352001:T:G	10	111352001	-0.537920401159378	0.274721472091717	0.0502232820742295
chr10:118828443:C:T	10	118828443	-0.290119018126926	0.247400593084162	0.240928547990378
chr10:120152982:A:G	10	120152982	0.0709045988687703	0.253043699663793	0.779318748278244
chr10:121611573:C:G	10	121611573	0.126870145229707	0.335108146299719	0.704988909206377
chr10:121734173:T:C	10	121734173	0.374352620331526	0.261352216576242	0.152038456509669
chr10:121910644:T:A	10	121910644	0.132001786909903	0.232545139907939	0.570279838547772
chr10:122561189:A:G	10	122561189	-0.199519331566653	0.217868407742316	0.35978277430447
chr10:123750431:C:G	10	123750431	0.0654390692214742	0.217548758412018	0.763565596815604
chr10:127533155:T:C	10	127533155	0.0165769447937141	0.202848567858476	0.934868747278973
chr10:129953349:A:G	10	129953349	0.161322097016326	0.256407664550711	0.529242651545756
chr10:131819683:A:G	10	131819683	0.0668631666951105	0.209827614508906	0.749986160455311
chr10:131953941:A:C	10	131953941	-0.0211964262335778	0.293519500559646	0.94243103716656
chr11:388357:C:T	11	388357	-0.071030087126185	0.217755312836415	0.744278933512659
chr11:2257707:C:T	11	2257707	0.0407817653438665	0.176811556989293	0.817585930604232
chr11:3623903:G:A	11	3623903	0.0333216574691484	0.281908662528125	0.905909039427658
chr11:5806222:C:T	11	5806222	0.233232742119917	0.204770512932098	0.254704930574414
chr11:9789492:C:A	11	9789492	0.1453871705166	0.254701358750314	0.568125547849176
chr11:14569664:T:G	11	14569664	0.249064327441488	0.277714242075725	0.369806055580702
chr11:36019710:C:A	11	36019710	-0.0898788065441985	0.210314776163258	0.669121694767533
chr11:39635569:C:T	11	39635569	0.207761814218327	0.210036124927117	0.322579087425283
chr11:40512905:C:G	11	40512905	-0.223455560271259	0.412221031147079	0.587765428402698
chr11:41632790:A:T	11	41632790	-0.0278546644610392	0.288580263503291	0.923105120647447
chr11:42744986:A:G	11	42744986	-0.295631785526808	0.203906660055353	0.147103479349762
chr11:43201079:C:T	11	43201079	0.139667118467775	0.260502440479252	0.591858242170796
chr11:43982585:G:A	11	43982585	0.222201400287043	0.274584187532859	0.418383619581211
chr11:44330300:A:G	11	44330300	0.131166053427013	0.281017434170137	0.640675783401063
chr11:49875094:A:G	11	49875094	0.0826723834563945	0.160680349244553	0.606892264858578
chr11:50253126:G:T	11	50253126	-0.187899971257643	0.222581580212963	0.398566185926692
chr11:55906271:G:A	11	55906271	-0.162245348533687	0.242724594312059	0.503856658706303
chr11:57305789:G:A	11	57305789	0.0056789565183223	0.238668125441227	0.981016634764376
chr11:58998793:A:C	11	58998793	-0.534098682620127	0.302705946145716	0.0776622620366056
chr11:63184971:C:T	11	63184971	0.244194665502506	0.213604214929344	0.252951040271345
chr11:70801858:T:C	11	70801858	0.290232247223557	0.265707036096247	0.2747005133918
chr11:71334794:T:G	11	71334794	0.237282894880687	0.271172431271285	0.381559825148904
chr11:77208574:G:A	11	77208574	0.258433255664504	0.202053873089727	0.200885985700932
chr11:77376654:A:G	11	77376654	-0.143660136338047	0.241712906627446	0.552283381658744
chr11:81783030:C:T	11	81783030	0.308573911928107	0.259861400372758	0.235047904130863
chr11:83962252:C:T	11	83962252	-0.162952661732619	0.280314277446225	0.561023923924661
chr11:86328783:G:T	11	86328783	-0.178034296663539	0.197798445211096	0.368078022678002
chr11:86644523:C:T	11	86644523	0.0391392245231568	0.312131204049613	0.900212032765145
chr11:93046218:A:C	11	93046218	0.134097716537434	0.221907534117834	0.545647220819776
chr11:104129521:G:A	11	104129521	-0.0293770695288264	0.285342435879795	0.917999689875728
chr11:110396347:G:A	11	110396347	-0.137337270155736	0.25242532250691	0.586392690601507
chr11:113800784:C:T	11	113800784	-0.905995123036658	0.467954780574098	0.0528586281294946
chr11:115616504:A:T	11	115616504	-0.572823907094492	0.311363955110369	0.0658086897899476
chr11:119630310:G:A	11	119630310	-0.319224237283649	0.198681957312891	0.108118054554584
chr11:123267436:G:A	11	123267436	0.186059523581969	0.20955017262251	0.374594736479077
chr11:125907492:T:C	11	125907492	0.229761510307398	0.215596181761122	0.286557894627151
chr11:126829359:G:A	11	126829359	-0.112953406895562	0.309878831584631	0.715478475099325
chr11:130290657:C:T	11	130290657	-0.0437014155168869	0.325840888210608	0.893308569151268
chr11:131355535:G:A	11	131355535	0.0110885061869019	0.277401776132872	0.9681148675403
chr11:133238417:A:G	11	133238417	-0.0499586829949266	0.228395185402173	0.826854224669497
chr11:134309503:C:T	11	134309503	-0.186835420619799	0.311897887639407	0.549154527708127
chr12:5192681:C:T	12	5192681	0.101308836309097	0.209082818999303	0.628003202224435
chr12:5448727:G:A	12	5448727	0.192462490617286	0.263406919301605	0.464983163468675
chr12:6639294:C:T	12	6639294	-0.726328737497545	0.332115770808808	0.0287443821360076
chr12:19523028:C:A	12	19523028	0.232953706425493	0.196094052760596	0.234845521412387
chr12:20003679:T:A	12	20003679	0.21406014233176	0.230147325944524	0.352319053288583
chr12:21333090:G:A	12	21333090	0.181969896863523	0.210403291927902	0.387114314835127
chr12:25518059:A:T	12	25518059	-0.0290639260916188	0.270325042005289	0.914380633785218
chr12:28965843:C:T	12	28965843	-0.160878936942151	0.20388839347479	0.430080490270039
chr12:32086665:A:C	12	32086665	0.0423535437673977	0.240143504350223	0.860005123571179
chr12:48567461:T:G	12	48567461	0.0957337187020218	0.228282166066439	0.674948860949474
chr12:51039498:T:C	12	51039498	0.217809116579244	0.26578855983456	0.41251108992257
chr12:53646626:C:G	12	53646626	-0.228643759369395	0.314750837649901	0.467576552277662
chr12:53680144:C:A	12	53680144	-0.0183891567462482	0.216764046843802	0.932392645487752
chr12:54366280:G:A	12	54366280	0.119040667582993	0.164730531138848	0.469901845577476
chr12:56675083:C:T	12	56675083	-0.0273865601791771	0.205258817956325	0.893857651080541
chr12:57436134:C:T	12	57436134	-0.040008670932715	0.26844811118469	0.881524526020555
chr12:58724212:C:T	12	58724212	-0.0413259036245053	0.266330470481924	0.876689060947034
chr12:59048769:A:C	12	59048769	-0.0489606876572326	0.211776593509312	0.817166989331767
chr12:59226687:C:T	12	59226687	-0.155303348517393	0.291911175855356	0.594710329159817
chr12:63113400:T:C	12	63113400	0.111508014887922	0.295201131504928	0.705626922248685
chr12:64271340:C:T	12	64271340	0.0367927562918524	0.23540316885195	0.875799097690026
chr12:64756705:C:T	12	64756705	-0.21932641120276	0.252813912915272	0.385645708591021
chr12:67050802:C:T	12	67050802	-0.322220271935304	0.197570294100188	0.102908346216884
chr12:73909094:G:A	12	73909094	0.220499753513516	0.18222620049217	0.226266151506787
chr12:81126959:G:A	12	81126959	0.231068969577177	0.191092081188249	0.226585163476881
chr12:83608380:A:G	12	83608380	-0.230463828214857	0.159742432413227	0.149098963989404
chr12:90727178:A:C	12	90727178	0.258490242124434	0.181215430560051	0.153745667256421
chr12:92596791:C:T	12	92596791	-0.437852497579531	0.356787960030672	0.219744993419949
chr12:95914573:A:T	12	95914573	-0.212084269455063	0.341957408809256	0.535121723720299
chr12:105967464:T:C	12	105967464	0.0220276267778109	0.225003665230199	0.922012518919472
chr12:109533295:C:T	12	109533295	-0.110883456536963	0.252770006204035	0.66089826542792
chr12:120976632:C:A	12	120976632	-0.503714076410302	0.38735075673419	0.193461122127518
chr12:125875525:T:C	12	125875525	0.431453652493595	0.205706508667631	0.0359561081479602
chr12:126449337:A:G	12	126449337	-0.109768415365805	0.201432412471304	0.58579534258394
chr12:131091094:G:A	12	131091094	-0.380271599738725	0.253093912202928	0.132970070648349
chr13:19545220:A:G	13	19545220	0.355090591214884	0.220908657974872	0.107964651078935
chr13:22977365:T:G	13	22977365	0.0168384814583455	0.23972349714339	0.944001631463219
chr13:24330599:T:C	13	24330599	-0.827765734961223	0.335231122014019	0.013540078059048
chr13:24623185:A:C	13	24623185	-0.0550983622199989	0.284639393648966	0.846510623918723
chr13:25202506:T:G	13	25202506	0.484600289989174	0.279931435743194	0.0834269349928501
chr13:26234118:A:T	13	26234118	-0.205093443055615	0.294387995344515	0.486004748165128
chr13:26494236:G:A	13	26494236	0.322586806336642	0.192507834100231	0.0937955153941109
chr13:27255876:A:G	13	27255876	-0.463754078189421	0.343287487062727	0.176720924370655
chr13:42909938:A:G	13	42909938	-0.423862927557857	0.274592117436875	0.122683027118947
chr13:45708351:G:A	13	45708351	-0.346291664658921	0.337966091728574	0.305535753153793
chr13:45809177:C:G	13	45809177	0.205548658571615	0.217524914718697	0.344687946371915
chr13:50558767:A:T	13	50558767	-0.408363677565828	0.450036449536416	0.364194600839376
chr13:58710908:G:A	13	58710908	0.0579706339127353	0.196956020753868	0.76850354596296
chr13:58934154:C:T	13	58934154	-0.0465493494891016	0.208295478088893	0.823163904759221
chr13:70397215:T:C	13	70397215	0.14563870780497	0.241979737919641	0.54726517875147
chr13:70990050:T:C	13	70990050	0.14040587064259	0.353467114243849	0.691201764777108
chr13:86776101:G:A	13	86776101	-0.0899056316065476	0.19472251759739	0.644288201277051
chr13:91472230:T:C	13	91472230	0.0116181621426336	0.223392244686026	0.958522396432733
chr13:93235990:C:T	13	93235990	-0.364572910440655	0.325362210265475	0.262494791660829
chr13:96765286:G:A	13	96765286	-0.302555834495172	0.244731721692022	0.216356170402185
chr13:102180181:A:G	13	102180181	0.359387701055095	0.200582452555836	0.0731777419571594
chr13:106009559:G:C	13	106009559	0.218261390999421	0.218039996195149	0.316819369865526
chr13:106084136:A:G	13	106084136	-0.0297513698794182	0.196744351186737	0.879803420527067
chr13:112716578:T:C	13	112716578	-0.0626600474971697	0.271317460368042	0.817355707725486
chr14:21167555:A:G	14	21167555	-1.1274004366089	0.586501459427282	0.0545747356619101
chr14:26929954:A:G	14	26929954	-0.101129971073401	0.193659950943506	0.601528408945902
chr14:27823594:G:A	14	27823594	-0.413868971535817	0.242926302083415	0.0884406640283907
chr14:38216062:T:A	14	38216062	-0.0438376994272823	0.237796053560541	0.853738901741932
chr14:39925237:C:T	14	39925237	0.364152362986628	0.231832552162928	0.1162393453081
chr14:44446011:A:G	14	44446011	0.103607300656467	0.286246458740245	0.717388363859651
chr14:51426205:T:C	14	51426205	0.06276609678872	0.27643043240851	0.82037764177752
chr14:52881822:T:G	14	52881822	-0.496390254048507	0.345254823270217	0.150504892302078
chr14:53358297:A:G	14	53358297	0.134688564028102	0.227632168675242	0.554055586829759
chr14:56254615:G:A	14	56254615	-0.230506690911954	0.187023863425989	0.217762807293927
chr14:57978070:T:C	14	57978070	0.0962846067408348	0.207499853916643	0.642631605524274
chr14:62445185:T:C	14	62445185	-0.575393709496569	0.217735740502939	0.00822663178617933
chr14:67518615:G:A	14	67518615	-0.0778253104628116	0.212495408439722	0.714182513381022
chr14:68863518:T:G	14	68863518	-0.231523712824507	0.3257348226524	0.477224542139469
chr14:77734277:G:A	14	77734277	-0.0419058775070167	0.290231884752634	0.885194429128545
chr14:84531019:T:G	14	84531019	0.209173192530351	0.277257316270679	0.450586829719687
chr14:90804831:C:G	14	90804831	-0.0679104258868331	0.243988350029931	0.780755436053857
chr14:91397629:G:T	14	91397629	0.176377723193673	0.303040685591472	0.560548800997979
chr14:91961156:T:C	14	91961156	-0.14477910527703	0.24355068132973	0.552210069120448
chr14:92998270:C:G	14	92998270	0.0922939086579398	0.350507496514631	0.792307739359986
chr14:98340169:A:G	14	98340169	-0.194583036590579	0.26972127785676	0.470649520689094
chr14:100721312:C:T	14	100721312	-0.411752745001019	0.388169808153678	0.288801632186343
chr15:24165057:A:G	15	24165057	-0.921669515815119	0.454836313516202	0.0427262400385766
chr15:26353849:A:G	15	26353849	0.0962683046643657	0.207406967897397	0.642539035813844
chr15:33665926:A:G	15	33665926	-0.0419106959518187	0.303791487246511	0.890273012979677
chr15:34880184:A:T	15	34880184	-0.0574441113118183	0.298734997920222	0.847514110949123
chr15:37080410:C:T	15	37080410	-0.416913813294769	0.277755912215884	0.133353523125468
chr15:57522102:A:T	15	57522102	0.138402888416136	0.23241899241123	0.551516836580739
chr15:57590535:T:C	15	57590535	-0.485574688863964	0.363218699700257	0.181266417944235
chr15:69786285:T:C	15	69786285	0.339815867770298	0.215830120842429	0.115381168017454
chr15:71331250:T:C	15	71331250	0.145975732941176	0.279056382437755	0.600901325858915
chr15:76807237:T:C	15	76807237	0.27568197671057	0.337178876134814	0.413577957685828
chr15:77734259:G:A	15	77734259	-0.0639625109370275	0.187362003746801	0.73281403387368
chr15:79750604:G:T	15	79750604	0.157052445912254	0.230892781359162	0.496380091649857
chr15:81697597:G:A	15	81697597	0.0391501469619313	0.259615591443584	0.88013313448224
chr15:87989871:C:T	15	87989871	0.368017341910761	0.188412905562622	0.0507900832797394
chr15:88891382:T:C	15	88891382	0.178365135234535	0.202288145530837	0.377918532244035
chr15:94791129:A:G	15	94791129	-0.167806139975532	0.287145542113156	0.558955243740809
chr15:100978492:T:G	15	100978492	-0.111520087070044	0.243435063516784	0.64687326696327
chr16:4957642:T:C	16	4957642	-0.246899516145663	0.18269196362928	0.176550516915398
chr16:5884026:G:T	16	5884026	0.145872522730258	0.207532299024631	0.482123867914499
chr16:6848656:G:A	16	6848656	0.00644745647634113	0.215325976505	0.976112694538297
chr16:7909855:G:A	16	7909855	-0.00634419081787118	0.242312922033417	0.979112324648373
chr16:8273542:C:G	16	8273542	0.0172756160701571	0.218454881233601	0.93696824838459
chr16:12394716:C:T	16	12394716	0.403787528384149	0.22106088283599	0.0677614854243047
chr16:17779668:G:A	16	17779668	0.151692623348113	0.207071675410997	0.463826255345743
chr16:31127124:G:A	16	31127124	-0.0734426800128357	0.213929083239794	0.731369877326571
chr16:56688556:C:T	16	56688556	-0.107436659480567	0.185128282845823	0.561687864383873
chr16:60324635:A:C	16	60324635	-0.0862612114066606	0.252947407635437	0.733085291965627
chr16:60499572:C:T	16	60499572	-0.105979903423055	0.224963795662114	0.637571041462494
chr16:62273123:C:T	16	62273123	0.208129382177651	0.185652164510233	0.262257356344757
chr16:65972427:C:T	16	65972427	0.315443126092953	0.222179151919198	0.155674872255823
chr16:69246420:T:C	16	69246420	-0.292728735830749	0.264439558737387	0.268303502349312
chr16:71908403:G:A	16	71908403	-0.157744682988865	0.234889940059108	0.501858442064204
chr16:72103328:C:A	16	72103328	-0.0684354870258822	0.209374701451155	0.743776405685577
chr16:74837740:A:C	16	74837740	-0.045651997959456	0.315820984995682	0.885065990244708
chr16:79886631:C:T	16	79886631	-0.0843389870757832	0.3345750362728	0.80098081814462
chr16:81396153:C:A	16	81396153	-0.0707668126340026	0.202028942833362	0.726128147917559
chr16:82294878:C:G	16	82294878	-0.182657815874562	0.307746034289232	0.55282365943843
chr16:82421890:A:G	16	82421890	0.239064225771598	0.236141452333307	0.311357728548365
chr16:83827178:T:C	16	83827178	-0.0430945144686943	0.255142717965366	0.865872495577671
chr16:89331863:A:T	16	89331863	-0.0123552319357304	0.19584496820775	0.949697387079932
chr16:89337630:T:C	16	89337630	0.185239502024042	0.19236733834562	0.335574250122599
chr16:89479873:T:G	16	89479873	0.510454624122968	0.208945252844829	0.0145654723787614
chr16:90035976:C:A	16	90035976	-0.773704792820343	0.362644323533716	0.0328830247128025
chr17:2489248:C:G	17	2489248	-0.105174139621806	0.235908151294297	0.655722473261049
chr17:4147521:T:C	17	4147521	0.380642291544187	0.27381785161157	0.164489536323947
chr17:6949267:T:C	17	6949267	0.0959502456821393	0.202500167161915	0.635622578357703
chr17:7929448:A:G	17	7929448	0.29019041862217	0.197249357653306	0.14124092487453
chr17:12174148:T:C	17	12174148	-0.577254244115297	0.335530639598023	0.0853557878333109
chr17:14402381:C:T	17	14402381	0.58515977897134	0.322544565416932	0.0696472129182071
chr17:15219976:C:T	17	15219976	-0.335775673792173	0.211291025811009	0.112023818216454
chr17:16482403:T:A	17	16482403	0.230167632854111	0.211676896412946	0.276880574125618
chr17:18684803:A:G	17	18684803	-0.442183230525128	0.220985081946064	0.0453962515601017
chr17:20040710:T:C	17	20040710	-0.183325695876115	0.2258375965814	0.416929946800805
chr17:21275023:A:C	17	21275023	0.105983265889207	0.207424787272726	0.609387517356084
chr17:30609729:C:T	17	30609729	-0.0907024927359387	0.331313797013898	0.784264361506422
chr17:31554254:C:T	17	31554254	-0.347129899463379	0.269633727361936	0.197950461333222
chr17:33472425:T:G	17	33472425	-0.0706405182469541	0.258386006449565	0.784552344428604
chr17:44156671:T:A	17	44156671	-0.121590555086587	0.175670101213622	0.488841366963212
chr17:45754773:C:T	17	45754773	0.279450914538383	0.227912852603848	0.220149545749458
chr17:48779278:C:T	17	48779278	-0.121363401242078	0.219574244593573	0.580454143117586
chr17:52703044:C:G	17	52703044	-0.0248953562071522	0.33786662218639	0.941261849125968
chr17:53282498:G:T	17	53282498	-0.25323234300952	0.296752380859532	0.393467671071932
chr17:58411807:C:T	17	58411807	0.208187413696762	0.244293831098917	0.394102617725055
chr17:61409438:A:G	17	61409438	-0.105882313665398	0.197562911672597	0.591998455413492
chr17:66262233:G:T	17	66262233	-0.272469697842427	0.255653553200378	0.286524423429297
chr17:66751216:C:T	17	66751216	-0.0464174051668622	0.233094904664878	0.842156971177638
chr17:66971178:A:G	17	66971178	-0.0124987942996565	0.268893388995947	0.962925808416951
chr17:68771033:G:A	17	68771033	0.215110481708921	0.237922002325007	0.365930791704013
chr17:69081332:C:T	17	69081332	0.0814603517669711	0.321305399225574	0.799859177208645
chr17:69213412:T:C	17	69213412	-0.243139907000595	0.275016628566203	0.376646736257791
chr17:72829246:G:A	17	72829246	0.201817019361878	0.253466278688841	0.425899362472801
chr17:73506492:C:T	17	73506492	0.112260312568339	0.245977863317324	0.648114011305164
chr17:75360149:C:G	17	75360149	-0.125423013686269	0.243089022724864	0.605885790216536
chr17:77625920:A:T	17	77625920	-0.603287060611529	0.324808980810032	0.063260018123302
chr18:1137045:A:T	18	1137045	0.0256369916619414	0.157490156330307	0.870687936157384
chr18:4080016:T:A	18	4080016	0.628065358129947	0.271118023397227	0.0205268697702935
chr18:8920896:G:C	18	8920896	0.143047763401593	0.272910698791858	0.600170084324946
chr18:9609299:C:T	18	9609299	0.0338284971194616	0.224372446362638	0.880157632566787
chr18:10572326:C:T	18	10572326	0.0823913365705753	0.239405783734455	0.730733997116499
chr18:11017906:C:T	18	11017906	-0.171814221486389	0.172146527951874	0.318245595501742
chr18:14686017:A:G	18	14686017	0.288417778037313	0.257895848933341	0.263417613901531
chr18:14895123:C:T	18	14895123	0.22584212895112	0.229640314412504	0.325380952748204
chr18:30059135:A:G	18	30059135	-0.109822544968763	0.157370084969495	0.485263728477258
chr18:32490781:T:C	18	32490781	0.284266814998018	0.24761629241327	0.250963043340176
chr18:36255061:C:A	18	36255061	-0.0298900565929699	0.270610630774738	0.912049241399692
chr18:42762909:A:C	18	42762909	0.0814386844413501	0.239480862061029	0.733808757575552
chr18:45461168:C:T	18	45461168	0.019482625679262	0.221731455452242	0.929983289040777
chr18:49146783:T:G	18	49146783	0.00779478906582892	0.211757433811371	0.970636508411254
chr18:49872731:C:G	18	49872731	0.176337025257901	0.243481200925782	0.468922942497249
chr18:50485733:T:C	18	50485733	0.237935369399147	0.251152033960739	0.343447297200156
chr18:59256389:C:T	18	59256389	0.328971976472611	0.201826486405223	0.103106938652692
chr18:62622293:T:A	18	62622293	-0.465316502100338	0.279011301420102	0.0953686365330246
chr18:62998306:G:A	18	62998306	-0.205066072450345	0.192787190335078	0.287468530882291
chr18:66103927:C:T	18	66103927	0.258960307880985	0.191804178805186	0.176974735066784
chr18:66206557:C:T	18	66206557	0.173313162925657	0.253693085011068	0.494505259675661
chr18:68001558:G:A	18	68001558	-0.333812579028083	0.19521475333996	0.0872702771025724
chr18:71730181:C:T	18	71730181	0.417551976575578	0.22221133767094	0.0602341258523925
chr18:72912108:T:C	18	72912108	0.188646750204687	0.211464918526089	0.372342131981709
chr18:73248491:G:A	18	73248491	-0.416102188149714	0.284568786849356	0.143680916684263
chr19:2907557:G:A	19	2907557	0.114804086246939	0.212983029568904	0.589866660455608
chr19:16021187:G:A	19	16021187	-0.496058846144297	0.324088601460869	0.125861541978178
chr19:17584922:G:A	19	17584922	-0.465656226517283	0.226381856153627	0.0396910069980816
chr19:18704666:C:T	19	18704666	0.164216962398639	0.319433600702997	0.607190507352766
chr19:18737022:C:T	19	18737022	-0.0787432258921123	0.19428291103096	0.685255636863928
chr19:18805179:A:G	19	18805179	0.0142665451091893	0.241858312625124	0.952962301795202
chr19:21560366:G:T	19	21560366	0.323142341210039	0.254170085814755	0.203599681348052
chr19:21659434:G:C	19	21659434	-0.0636378199432364	0.229896304735345	0.781925254586925
chr19:33474662:T:C	19	33474662	0.104467124138908	0.214270213502274	0.625869671723965
chr19:37956680:C:T	19	37956680	0.331852941444808	0.241667329041519	0.169696140286415
chr19:38120117:A:T	19	38120117	-0.0248619265490515	0.274855372089664	0.927925987848392
chr19:44380983:T:C	19	44380983	-0.115983492717705	0.296479912044404	0.695648034378223
chr19:44819986:A:G	19	44819986	-0.134470789399169	0.227521230333869	0.554503510581535
chr19:48685001:C:T	19	48685001	0.437782439738939	0.271494538348559	0.106855184803375
chr19:51552139:T:A	19	51552139	0.147494802939678	0.210602701831982	0.483711123052101
chr19:52714810:C:T	19	52714810	0.0680662967493987	0.22160912214131	0.75873244735105
chr19:53330671:T:C	19	53330671	0.0494355767269512	0.241339452978587	0.837698418784016
chr19:54944544:G:A	19	54944544	-0.332594476206508	0.310246692601091	0.283705523513312
chr19:57195010:G:C	19	57195010	-0.893895236206331	0.48593036491045	0.065833715940226
chr20:1709120:A:G	20	1709120	-0.132696791366937	0.234671589826414	0.571762679389459
chr20:1735934:T:G	20	1735934	-0.212205085545546	0.221708987767085	0.338499908426151
chr20:1906500:G:T	20	1906500	0.383993619212268	0.225583366973261	0.088713220947815
chr20:3649460:G:A	20	3649460	0.0575786724054049	0.211623774145919	0.785560231440268
chr20:5407753:C:T	20	5407753	-0.188157505285371	0.236046879038388	0.425381791980709
chr20:5860313:T:C	20	5860313	0.300846538071342	0.261004543347786	0.249054620521016
chr20:7000966:A:C	20	7000966	-0.0867076625767604	0.29739659361798	0.770626374984278
chr20:12129436:G:A	20	12129436	0.0499651167601813	0.236051706993428	0.832364322618174
chr20:31347432:T:C	20	31347432	0.088323023738799	0.189670607735266	0.641455081525836
chr20:37593342:C:T	20	37593342	-0.163575066683277	0.218499493245802	0.454080821639777
chr20:38200488:G:A	20	38200488	-0.18331489848156	0.196064704900483	0.349803020703315
chr20:38350608:A:G	20	38350608	-0.1389986787191	0.264460299495415	0.59917050493986
chr20:45729681:A:G	20	45729681	-0.212275915964691	0.228928937185569	0.353793213140059
chr20:48501317:C:T	20	48501317	0.405806409529742	0.230305893139223	0.078063849919893
chr20:49036824:T:G	20	49036824	0.563496258931223	0.226941819158354	0.0130281535705737
chr20:50371082:C:T	20	50371082	0.251206469615053	0.277006104954737	0.364479474244913
chr20:54253971:A:G	20	54253971	0.178783261946492	0.242697504173189	0.461334855681844
chr20:58480201:T:G	20	58480201	0.0736201417047497	0.212187006911658	0.728622298010293
chr20:60073360:C:T	20	60073360	-0.302262262512608	0.265174731625658	0.254344328813949
chr21:15297615:T:C	21	15297615	0.298697639745931	0.254833633775185	0.241145666282318
chr21:15686888:A:G	21	15686888	0.280734326250577	0.240338646090129	0.242775234390197
chr21:24026351:C:T	21	24026351	0.0444319871714475	0.197408180330133	0.821919585419191
chr21:26647335:G:C	21	26647335	0.0913879028021813	0.255243436990523	0.72031178851735
chr21:28043199:C:G	21	28043199	-0.156248399135661	0.306232259605305	0.609891450262198
chr21:31885030:A:G	21	31885030	0.197562331609406	0.205321122938173	0.335943408006051
chr21:35502622:A:T	21	35502622	-0.0547872407648219	0.33912977215186	0.871658315835264
chr21:36306638:T:G	21	36306638	-0.348830272846321	0.276696440992355	0.207418165789108
chr21:41442549:G:A	21	41442549	0.00345241933366885	0.231013021949569	0.988076301822524
chr22:20147688:T:C	22	20147688	-0.448795363439675	0.41404530348085	0.278396653333708
chr22:23891985:A:G	22	23891985	0.285986341288858	0.277722559097482	0.303124780546257
chr22:24245985:G:T	22	24245985	0.130018335210258	0.256004400545771	0.611540733428033
chr22:30662128:G:A	22	30662128	0.169154922609286	0.232473612340072	0.466839721085099
chr22:36977479:G:A	22	36977479	0.200216233584676	0.249585496851235	0.42244017762232
chr22:42475109:T:G	22	42475109	0.124847836935106	0.190841868902334	0.512986045743928
chr22:44719519:A:G	22	44719519	-0.430018851926259	0.3790472025011	0.256596154442923
chr22:45210278:T:C	22	45210278	-0.00853958805866627	0.202957909600536	0.966438383253863
chr22:48785864:A:G	22	48785864	0.190208927841356	0.30403360718493	0.531565463497532
chr22:49668266:A:G	22	49668266	-0.240205893030964	0.280233850833241	0.391355192661353
