SNP	CHR	POS	est	stderr	pval
chr1:1837340:C:T	1	1837340	0.132981940921238	0.138285937953178	0.336228103717612
chr1:2261200:G:C	1	2261200	0.0452090100068974	0.107624581509306	0.674440073144639
chr1:14678191:A:C	1	14678191	-0.00733482631005742	0.133143293264845	0.956066988567835
chr1:14985097:C:T	1	14985097	-0.230355010539523	0.218809442052413	0.292448524770912
chr1:20215506:G:C	1	20215506	-0.0361068468740986	0.148706957350609	0.808156180213123
chr1:22009627:T:C	1	22009627	0.37458196668166	0.142394817904082	0.00852375323910248
chr1:22126221:C:T	1	22126221	0.323841801392906	0.155470132910778	0.037252680793726
chr1:23180575:A:G	1	23180575	-0.205973537706132	0.169772172925864	0.225039996350802
chr1:26058659:G:C	1	26058659	0.0485986385279987	0.150940359611352	0.747473560063564
chr1:26181362:A:G	1	26181362	0.0825628036638258	0.135711427052623	0.542941894863789
chr1:28670719:C:T	1	28670719	-0.0108280006107097	0.144116843795328	0.940108506543665
chr1:29753056:A:C	1	29753056	0.0298940909212532	0.106696960393479	0.779341304307327
chr1:29908726:A:G	1	29908726	-0.059227930947804	0.144340006427515	0.68155933444647
chr1:31886486:G:T	1	31886486	0.125474199499229	0.141030595540959	0.373629741215028
chr1:39880059:T:C	1	39880059	0.0448215586127521	0.127918754235226	0.726045406503797
chr1:41175014:G:A	1	41175014	0.0454251504574834	0.161662904456255	0.778720485048001
chr1:43202709:G:A	1	43202709	0.0986881888459523	0.1352416401703	0.465562894166466
chr1:47498869:G:A	1	47498869	-0.159838139376865	0.155289507525966	0.30334280938541
chr1:54900240:G:A	1	54900240	0.0649358498500334	0.133154955243387	0.625782685046954
chr1:65351414:T:A	1	65351414	-0.234920735771292	0.140835685914024	0.0953061259047863
chr1:66254178:T:A	1	66254178	0.231378498395511	0.172523916998489	0.179875430755708
chr1:73302339:T:C	1	73302339	-0.00258970467062415	0.109861555047567	0.981193657506882
chr1:73563666:T:C	1	73563666	0.103266973478685	0.163305936506277	0.52715633992411
chr1:76062379:T:C	1	76062379	-0.016949710407804	0.117016330103556	0.884830012718363
chr1:86928231:G:T	1	86928231	0.189409054913142	0.125229500581604	0.13040785896139
chr1:88611347:G:A	1	88611347	-0.2353337393346	0.166330450939119	0.157110539666819
chr1:91057167:C:A	1	91057167	0.195833499031972	0.16698293237347	0.240885828590568
chr1:91093925:G:A	1	91093925	0.217317169164595	0.140333912430502	0.121484638234508
chr1:92475800:A:G	1	92475800	-0.0231156197885234	0.147868363017945	0.875776329376347
chr1:94752415:G:A	1	94752415	-0.0761439081486984	0.156064529205471	0.625620563995511
chr1:95614324:G:A	1	95614324	-0.281476722755215	0.311317893752562	0.365918169286935
chr1:99691102:T:C	1	99691102	-0.00885517431086897	0.114300896668669	0.938247680595863
chr1:104937367:T:A	1	104937367	-0.263395871908896	0.159743516299794	0.0991748088585315
chr1:153704237:C:A	1	153704237	0.0279042911127256	0.142151890226512	0.844376049277096
chr1:157334223:T:C	1	157334223	0.0359982987213339	0.182828464569855	0.843908472964651
chr1:159540226:C:T	1	159540226	-0.293787097854683	0.147769908659346	0.0467963345264047
chr1:165647351:T:C	1	165647351	0.148988324044095	0.125500396962076	0.235166800507372
chr1:168863629:G:A	1	168863629	0.448009781057593	0.18930827980614	0.0179541668202339
chr1:171350391:G:A	1	171350391	0.115844307753548	0.128837519730685	0.368572554140979
chr1:173013575:C:G	1	173013575	-0.0200636085883141	0.148274286657409	0.89236350043626
chr1:178947344:C:A	1	178947344	-0.215057922821623	0.11859843849965	0.0697811775996039
chr1:185127444:C:G	1	185127444	0.0405177082803695	0.181975243345817	0.823803982140177
chr1:186638909:G:T	1	186638909	-0.0838387564231493	0.144738889823115	0.562426303224783
chr1:188272062:T:C	1	188272062	-0.0461578936207496	0.124700572805776	0.711270868833949
chr1:193365737:C:T	1	193365737	0.0995993476252316	0.14070305578905	0.479026540696008
chr1:195033388:T:C	1	195033388	-0.0770243869745313	0.151003501762975	0.609993000098522
chr1:195907914:A:G	1	195907914	-0.0159617814115881	0.130786123480483	0.902863446558022
chr1:196692375:G:C	1	196692375	0.115767336810669	0.146282710246006	0.428713800624855
chr1:197559019:A:G	1	197559019	-0.0408775289976027	0.125555331556172	0.744746821983352
chr1:199160726:G:A	1	199160726	0.0713082788212005	0.174705035595134	0.683153390926776
chr1:204277152:T:C	1	204277152	0.107796277015369	0.157958840385064	0.494965388312967
chr1:207498131:C:T	1	207498131	-0.251701917000882	0.18951036017562	0.184122053885719
chr1:210496535:G:A	1	210496535	-0.285909877037875	0.157365069858445	0.0692389652768342
chr1:212937214:T:G	1	212937214	0.135997252095821	0.12478119834436	0.275763466898712
chr1:219750864:A:G	1	219750864	0.0306409530331277	0.114294384162406	0.788631581314134
chr1:221920463:G:A	1	221920463	0.31575979219467	0.150619657846451	0.0360462860737957
chr1:234456961:G:A	1	234456961	-0.340536697858649	0.179275357030273	0.0574964533719029
chr1:237308322:A:G	1	237308322	0.0563381339919091	0.0965779699276255	0.55966206366041
chr1:244583991:C:T	1	244583991	0.159970488419681	0.159567388248545	0.316089516023126
chr1:247190028:T:C	1	247190028	-0.547577809412478	0.276076692959963	0.047319817358588
chr1:247897239:C:T	1	247897239	0.336618316510463	0.17076515974221	0.0486969642195112
chr2:3248328:A:G	2	3248328	-0.192680381521749	0.14305888875533	0.178025131278595
chr2:6804400:G:A	2	6804400	-0.113428887806705	0.154373965060039	0.462481437090749
chr2:9411790:A:C	2	9411790	0.170788416623805	0.150056554293641	0.255053542162227
chr2:12096367:C:T	2	12096367	0.24081534429916	0.167836720106769	0.1513386322743
chr2:13545005:C:T	2	13545005	-0.0224232425433534	0.105246854876648	0.831284998242862
chr2:16009716:A:G	2	16009716	0.262903532545579	0.128683632308463	0.041050229035867
chr2:16367899:A:T	2	16367899	0.0254948011207561	0.141703698954551	0.85721830113113
chr2:17630111:A:C	2	17630111	0.00194402676943428	0.109019823660352	0.985772984265177
chr2:17928966:C:G	2	17928966	0.126557990069773	0.140332181056266	0.367138778888689
chr2:18261494:A:T	2	18261494	-0.22114260235939	0.148397930300183	0.136171644659802
chr2:19530615:T:C	2	19530615	-0.28822907198477	0.197877470949631	0.145225783913195
chr2:19562158:T:C	2	19562158	-0.00323952433373227	0.151152517388334	0.982900922666884
chr2:27383116:G:A	2	27383116	0.0285105437583986	0.129241701340101	0.825404958824572
chr2:37762298:C:T	2	37762298	-0.306540650541931	0.15309898889058	0.0452591144315266
chr2:42010994:T:A	2	42010994	0.206950670459249	0.13347668717897	0.121030417430679
chr2:45824390:C:G	2	45824390	-0.0138983848121145	0.153807613828756	0.927999443137467
chr2:49789441:T:C	2	49789441	-0.159664813171929	0.169509207338137	0.346231483500343
chr2:49994518:G:A	2	49994518	0.124925572070096	0.112240469120472	0.265701044756856
chr2:51284042:G:A	2	51284042	0.139619995631155	0.165736726690273	0.399552691538536
chr2:51344078:G:A	2	51344078	0.046614441458852	0.144837470823669	0.747574171891155
chr2:57278002:C:A	2	57278002	0.118035134817754	0.131650359127578	0.369942847757566
chr2:57368273:A:G	2	57368273	0.0602069614430821	0.159908859901744	0.70653928580922
chr2:60373837:A:G	2	60373837	-0.20622534202568	0.224132725983859	0.357518590718495
chr2:61147014:T:C	2	61147014	-0.0865033210395771	0.0963894579645377	0.369486578623037
chr2:61693274:A:G	2	61693274	0.220547774506967	0.123300131809686	0.0736620599387385
chr2:65295480:C:T	2	65295480	-0.0977656175737849	0.136511422902062	0.473885336320004
chr2:66031496:T:C	2	66031496	0.107555116887476	0.11739386388038	0.359567103278533
chr2:69165635:T:C	2	69165635	0.00241422779333568	0.166971502281656	0.988463851972504
chr2:76651386:C:A	2	76651386	-0.034171543852948	0.102037898058721	0.737707532255799
chr2:79784490:C:G	2	79784490	0.0661428896478739	0.156151814356778	0.671871657341573
chr2:82619301:T:C	2	82619301	0.141114856510685	0.154501166339245	0.361054354536415
chr2:85744328:G:A	2	85744328	-0.131998672855074	0.145106838541358	0.362998987485554
chr2:85757440:T:A	2	85757440	-0.00384096851527692	0.109017533704508	0.97189428664981
chr2:99811694:T:C	2	99811694	-0.0279392611472232	0.144954362711898	0.847158503647937
chr2:101228073:A:C	2	101228073	-0.0688115830520887	0.0906439586515718	0.447767966887332
chr2:106861882:T:C	2	106861882	0.0104135333414138	0.165058172492276	0.949694773411361
chr2:108083619:T:C	2	108083619	0.0522561044800768	0.11436237151208	0.647718179385446
chr2:118004610:C:T	2	118004610	0.0807122543137381	0.149396903144402	0.589021970123187
chr2:119455921:A:G	2	119455921	0.0292152071162201	0.129019413211274	0.820858911689419
chr2:120644763:G:A	2	120644763	0.197258560450036	0.107886046436473	0.067489940136786
chr2:120916837:A:G	2	120916837	0.102225657958252	0.118310130180427	0.387561399336663
chr2:122628686:C:A	2	122628686	0.271594277511188	0.139603518814792	0.0517185922312663
chr2:122629789:A:C	2	122629789	0.131531845109103	0.149865618777689	0.380125410322121
chr2:127192867:G:A	2	127192867	-0.113334181614563	0.138037697083995	0.411624677710271
chr2:130915743:C:T	2	130915743	0.088775263830485	0.102446792342236	0.386188641154482
chr2:136507185:G:C	2	136507185	-0.0764120990182871	0.131472234709246	0.561103431808342
chr2:141023592:C:T	2	141023592	-0.450625131912021	0.27641377023692	0.10304746045811
chr2:143017176:T:C	2	143017176	0.126368953152214	0.165331528114381	0.444666625473058
chr2:143920023:G:T	2	143920023	0.0928263170272695	0.147486926213537	0.529095890895168
chr2:144729333:C:T	2	144729333	0.093524947632554	0.124702807220039	0.453265126223865
chr2:148561010:G:C	2	148561010	-0.249973552692472	0.168724078991156	0.138459450570911
chr2:154835349:G:T	2	154835349	0.257147357153153	0.125006912510428	0.0396799641006401
chr2:167086954:T:G	2	167086954	0.00570666118711715	0.0937687494253602	0.951471596713923
chr2:167657344:C:T	2	167657344	0.0259153665477228	0.240721947985854	0.914267899540206
chr2:168647356:T:G	2	168647356	-0.0305320710556345	0.091862672849645	0.739612564094772
chr2:171274449:C:A	2	171274449	0.0203739317437386	0.191931863098326	0.915461834282978
chr2:177787584:G:A	2	177787584	0.0151928810790988	0.126512940111012	0.904412216435267
chr2:179648558:C:T	2	179648558	0.14802076274053	0.142252315001355	0.298084067204617
chr2:183527028:C:T	2	183527028	0.307643573717911	0.128592649210503	0.0167391138257198
chr2:184516924:T:A	2	184516924	0.243960957943035	0.114678637638979	0.0333914779275281
chr2:197010424:G:A	2	197010424	0.117661012489272	0.18906121678167	0.533716047377413
chr2:209101337:G:A	2	209101337	-0.0509363707390703	0.115982381142635	0.660535934553445
chr2:209103516:A:G	2	209103516	-0.074681324265009	0.147507221796807	0.612653591488132
chr2:210957182:G:A	2	210957182	-0.133339212753783	0.147924937548122	0.367376852573559
chr2:214802180:T:C	2	214802180	-0.131018639624622	0.123152942630583	0.28738789467536
chr2:215209936:A:G	2	215209936	0.0347691109554756	0.137739097305432	0.800710786732964
chr2:220997842:C:T	2	220997842	-0.142678662399242	0.105622299737696	0.176747192092614
chr2:228947684:G:A	2	228947684	-0.200462049713519	0.160120522803156	0.210589992800821
chr2:233152507:T:C	2	233152507	0.027283132413426	0.110819457227642	0.805531731938224
chr2:235620294:A:T	2	235620294	0.0200452923435397	0.123976455495681	0.871552906507291
chr2:237288548:A:G	2	237288548	0.125235642344022	0.131470614843816	0.340805366415647
chr2:237513585:T:C	2	237513585	0.0209325473042653	0.108430677718856	0.846919774282534
chr2:237920759:T:G	2	237920759	-0.0817614853434638	0.118915565212045	0.491730438006196
chr2:240429648:C:T	2	240429648	0.136865573752204	0.107996699173038	0.205043549755452
chr3:10127208:T:G	3	10127208	-0.114503623993734	0.181330849624403	0.527738188825052
chr3:14082905:A:G	3	14082905	0.0666621691814946	0.117576987780201	0.570737196550594
chr3:16798495:T:G	3	16798495	-0.110687452269517	0.15795620160681	0.483460453315095
chr3:18882818:T:C	3	18882818	0.0955780749905641	0.115425931295308	0.407643986757415
chr3:22245167:A:G	3	22245167	0.173815559325295	0.14234360465925	0.222048735047491
chr3:24009496:G:A	3	24009496	-0.349165743105476	0.130471049803919	0.00744636948254862
chr3:24010534:C:T	3	24010534	0.229831040689284	0.135648511016912	0.0902058145042158
chr3:33111016:C:A	3	33111016	0.0660938901266962	0.164983407341078	0.688707784999454
chr3:33421913:A:G	3	33421913	-0.0504416145187288	0.0976723908101768	0.60554938652836
chr3:34471110:A:G	3	34471110	-0.0365624586808536	0.110177194938591	0.740001454117172
chr3:35230331:G:A	3	35230331	-0.0387499439421797	0.161587436878996	0.810479182158458
chr3:41413926:T:C	3	41413926	0.0497487604235634	0.0995591973663195	0.617293197381391
chr3:42098050:T:C	3	42098050	0.111534642796676	0.135811195012833	0.41150514415503
chr3:46489654:A:G	3	46489654	0.0334325519913844	0.0973786148824525	0.731353673701157
chr3:56959175:A:G	3	56959175	-0.192996678664975	0.230695828164249	0.402825857399862
chr3:64441608:G:A	3	64441608	0.104268026821582	0.147951643348349	0.480969589719819
chr3:66995763:G:T	3	66995763	-0.208529150348977	0.127872129787957	0.102940317038205
chr3:68498445:T:C	3	68498445	0.204167179125791	0.136202349789738	0.133873904829096
chr3:68824246:G:A	3	68824246	-0.0282832787012941	0.11908531561	0.812265556501596
chr3:69021248:A:C	3	69021248	0.00532812014205596	0.181301380061992	0.976554988508197
chr3:69617754:T:G	3	69617754	-0.0830264463306513	0.0943570445591903	0.378903822439302
chr3:74191731:G:A	3	74191731	-0.0591169257923931	0.114516161624828	0.605692269303543
chr3:74732240:G:A	3	74732240	-0.191854146729482	0.125292139778919	0.125706518054917
chr3:75709324:A:T	3	75709324	0.130788923258766	0.110959062058343	0.238512354029423
chr3:84465702:T:C	3	84465702	0.0522045609248739	0.129232978406232	0.686244370143734
chr3:84817748:G:A	3	84817748	0.156242230880576	0.117058049693795	0.18196098257588
chr3:85705423:A:G	3	85705423	-0.0654551522511379	0.0969328784202199	0.499508909839767
chr3:88069353:C:T	3	88069353	-0.165847461313038	0.15531346788865	0.285599872790997
chr3:93986190:G:A	3	93986190	0.088655990677279	0.141360228315917	0.530551996148659
chr3:101022648:G:A	3	101022648	0.0649019079335967	0.133833081135761	0.627714170952639
chr3:106664728:C:T	3	106664728	-0.119105848884798	0.125462729606473	0.342451520358058
chr3:110774699:C:T	3	110774699	0.0280107274048063	0.125979228421737	0.824046090792835
chr3:113428518:G:A	3	113428518	0.0210587597378459	0.145178341309072	0.884667907096134
chr3:121058963:T:G	3	121058963	-0.0107105547245131	0.122646096507327	0.930410043827707
chr3:122312606:G:A	3	122312606	-0.236514208405409	0.275256941258854	0.390203241184394
chr3:124193435:A:C	3	124193435	-0.00936183733340488	0.0871761207937765	0.914479644607869
chr3:126773646:G:T	3	126773646	-0.236124173923573	0.148943299329146	0.112891539155154
chr3:131209978:G:T	3	131209978	0.103204421446958	0.18425772394829	0.575405047773305
chr3:133982842:C:T	3	133982842	-0.316963783747006	0.139500975546524	0.0230789054001257
chr3:146265901:G:T	3	146265901	0.200660492260297	0.138085174907995	0.146178049724119
chr3:149679065:C:A	3	149679065	0.0976410002263209	0.116283222148163	0.401086363251246
chr3:152663712:G:C	3	152663712	0.144798982166948	0.13196262225516	0.272522203313516
chr3:159417151:A:G	3	159417151	0.018897607334272	0.0992306667444449	0.84896341479046
chr3:164899350:G:A	3	164899350	-0.201052914216322	0.245587672789941	0.412980168580112
chr3:168053836:T:C	3	168053836	-0.27951752944599	0.198996366989586	0.160129443430159
chr3:171028381:G:A	3	171028381	0.0207527070123318	0.15854365891911	0.895857697577575
chr3:174497130:T:C	3	174497130	0.148088656211726	0.133539382553488	0.267451242104144
chr3:176663180:T:G	3	176663180	-0.0382478208134704	0.191344366198117	0.841566630041458
chr3:196706550:C:T	3	196706550	0.126573006730365	0.104820752131936	0.227232490516017
chr4:332191:G:A	4	332191	0.00692403293020064	0.126944966162919	0.956502088345824
chr4:8816874:T:C	4	8816874	0.167174687383619	0.121417010933296	0.168554360256772
chr4:9851274:C:G	4	9851274	0.0412217795520126	0.121684132571743	0.734790147894833
chr4:10725805:A:G	4	10725805	0.0818045829127477	0.11885448277233	0.491279548857205
chr4:13219910:C:T	4	13219910	0.075068820562842	0.121174604591122	0.535580755390244
chr4:18747099:A:G	4	18747099	-0.19427937145196	0.177439942534999	0.27355951476248
chr4:20840555:C:T	4	20840555	-0.0435708559960685	0.140337241814314	0.756201659638645
chr4:21137718:C:T	4	21137718	0.186239169069704	0.148821415784088	0.210778655265028
chr4:26851610:T:C	4	26851610	0.140666631909414	0.148738412104551	0.344285447650254
chr4:32302160:A:T	4	32302160	0.0846572140553575	0.151501393556918	0.576306172730789
chr4:40603484:A:G	4	40603484	0.178471031231163	0.11951970958041	0.135375644649678
chr4:44018406:T:G	4	44018406	-0.113859087986773	0.136663684544566	0.404769466188736
chr4:44680448:T:C	4	44680448	-0.149847798692212	0.104635678392236	0.152117819788826
chr4:55337032:C:T	4	55337032	-0.0215569677118002	0.107788177783414	0.841485426848463
chr4:55659669:G:A	4	55659669	-0.154526271201336	0.149831307957368	0.302383753152183
chr4:56719096:C:T	4	56719096	-0.158389492617796	0.207631862868403	0.445559964934023
chr4:61158247:C:G	4	61158247	0.112113042403542	0.122940724761184	0.361806821365607
chr4:67708732:C:T	4	67708732	-0.102112758263458	0.129369021642897	0.42992860400723
chr4:67911021:C:T	4	67911021	-0.0791079646023266	0.109086186650097	0.468336866242583
chr4:90022599:G:T	4	90022599	-0.0385433100065849	0.117536648583219	0.742967698343382
chr4:95433170:T:C	4	95433170	0.114349565548261	0.195074989662536	0.557752810132605
chr4:97398054:G:A	4	97398054	0.0598704280618949	0.114115663941367	0.599828684702585
chr4:98823404:T:C	4	98823404	0.107498241019017	0.130136083651685	0.40877865342659
chr4:99262681:C:G	4	99262681	-0.0380254353358768	0.108022589869004	0.724827961799947
chr4:99355957:G:T	4	99355957	-0.0715539845256544	0.129560616667331	0.580755224288984
chr4:101085120:T:C	4	101085120	-0.175115937475306	0.133025375107983	0.188036459187778
chr4:102399971:C:T	4	102399971	-0.171136159391439	0.149876520265	0.253517332656584
chr4:102884286:T:C	4	102884286	0.282177017381189	0.110062528722398	0.0103536690347635
chr4:105992845:C:T	4	105992845	0.128349088052539	0.156197671611612	0.411242333392541
chr4:108791253:G:A	4	108791253	-0.0872076626113252	0.110069116160875	0.428186291375226
chr4:110957298:T:A	4	110957298	0.246274012384597	0.135553522556109	0.0692473217923414
chr4:113348012:C:T	4	113348012	0.159162161522302	0.120908211756924	0.188043730196107
chr4:115522695:G:A	4	115522695	0.0162781990529994	0.124451408520836	0.895933810197683
chr4:120770744:A:C	4	120770744	-0.113493162991366	0.155912525705827	0.466657387239862
chr4:123964831:A:G	4	123964831	-0.219768496906245	0.139472836144697	0.115093058023878
chr4:126268710:T:G	4	126268710	-0.358101374370843	0.173135307981192	0.0386087731215317
chr4:134350906:C:T	4	134350906	0.188440204778248	0.127822991633857	0.140420273444326
chr4:138952375:G:A	4	138952375	-0.106288409405609	0.10227005327085	0.298669130706338
chr4:141618953:G:A	4	141618953	-0.0320206587200488	0.176000525300218	0.85563372278236
chr4:149616644:T:G	4	149616644	-0.0983468252146716	0.138322005587323	0.4770847767978
chr4:171974219:A:G	4	171974219	0.268781931576475	0.143540043851796	0.0611343811160886
chr4:176312841:C:T	4	176312841	0.150060343397446	0.134131701188416	0.263245208563359
chr4:179329624:T:G	4	179329624	-0.149915758396577	0.132025308785563	0.256162645852615
chr4:183032183:A:G	4	183032183	-0.00982461079664309	0.129421053145747	0.939489110956312
chr4:184991673:A:G	4	184991673	0.0647803979176996	0.105506932662362	0.539220705649462
chr4:189912372:C:T	4	189912372	-0.0176390858868444	0.136308497699711	0.897036699617327
chr5:5313703:A:G	5	5313703	0.106482623902106	0.165010329226374	0.518727066109792
chr5:7364955:T:A	5	7364955	0.172842750817748	0.144939195077477	0.233057786756892
chr5:8067079:G:C	5	8067079	0.0623859858523609	0.123133183887185	0.612397237443029
chr5:13911296:G:T	5	13911296	-0.209335054599032	0.152029352517484	0.168531291253181
chr5:15621966:C:G	5	15621966	-0.00780078566946403	0.170812514932428	0.963574310762834
chr5:17902851:T:C	5	17902851	-0.0403982428899186	0.160734687554464	0.801555164498331
chr5:20732163:G:T	5	20732163	0.104980978037167	0.124889485764611	0.400577101008232
chr5:21913130:A:C	5	21913130	-0.13504096191641	0.119090683380099	0.256822279869421
chr5:23787194:A:C	5	23787194	0.0802848577678705	0.128612583533409	0.532471315671801
chr5:23895775:T:G	5	23895775	0.0392291739208406	0.113009569162692	0.728492578354285
chr5:33466391:T:A	5	33466391	-0.136284544837033	0.103453618693405	0.187721590804891
chr5:33624899:A:G	5	33624899	0.193090345875833	0.147493035514889	0.190483916192278
chr5:39550509:T:G	5	39550509	0.0882935979848006	0.105188840364571	0.401255094560853
chr5:39634108:G:A	5	39634108	0.0314855216250503	0.131129267382061	0.810244549128943
chr5:39978357:G:A	5	39978357	-0.0408237888637531	0.127194102598676	0.748243267608807
chr5:44011742:G:T	5	44011742	-0.138229007422633	0.217910906702798	0.525860745207149
chr5:54814079:C:T	5	54814079	0.048196139961108	0.110916082514103	0.663905089737015
chr5:66989845:C:A	5	66989845	0.0236529455525255	0.12659065701619	0.851781455667336
chr5:66992139:G:A	5	66992139	0.0323839561858925	0.150079130253291	0.829159854471474
chr5:73076502:T:C	5	73076502	0.094279696217108	0.137442664439652	0.492740506868461
chr5:76998986:C:A	5	76998986	-0.0120941058437762	0.123380090697479	0.921913906301459
chr5:80530472:T:A	5	80530472	-0.0569769778025785	0.141720574817167	0.687656468845828
chr5:81710558:G:T	5	81710558	-0.044329087882138	0.147766402413702	0.764181454786774
chr5:84879932:A:G	5	84879932	-0.100160396360466	0.152637369031921	0.511696482349708
chr5:85476293:A:G	5	85476293	-0.0976112712632639	0.130000017684964	0.452739424918279
chr5:85809583:T:C	5	85809583	0.0529596677949843	0.165354289122714	0.74875610096383
chr5:92192959:A:T	5	92192959	0.172397695937102	0.130355163339133	0.1859940703704
chr5:94648523:C:G	5	94648523	-0.248484961442288	0.137647557149823	0.0710393098091628
chr5:98024666:G:A	5	98024666	-0.0827113202502093	0.131992639057526	0.530897959617338
chr5:101328324:T:C	5	101328324	0.16937440261552	0.13463329718234	0.208376405675608
chr5:101825779:A:C	5	101825779	0.102225507039694	0.124936396874265	0.413231355863875
chr5:106773905:G:A	5	106773905	0.093422286956816	0.137657240276207	0.497354125367816
chr5:114915760:G:T	5	114915760	0.271812542986159	0.132642373707433	0.0404412424716742
chr5:115102683:A:G	5	115102683	-0.0187801838051296	0.193314331017152	0.922608520932845
chr5:117238479:G:A	5	117238479	-0.165931006503889	0.141174239094318	0.239849436578245
chr5:121740415:G:T	5	121740415	0.135490763148637	0.105697422620066	0.199886899007343
chr5:137227416:A:T	5	137227416	0.360445301346168	0.179629640200863	0.0447919952808022
chr5:137406489:C:T	5	137406489	0.196810007399881	0.157023431519093	0.210067495616331
chr5:140638650:G:A	5	140638650	-0.112243728298299	0.114467317001288	0.326802630916903
chr5:142682003:T:C	5	142682003	0.196006299995548	0.117620908926826	0.0956290032589318
chr5:144183699:A:G	5	144183699	0.324494450512715	0.124285293966626	0.00903085947840432
chr5:145690757:G:T	5	145690757	0.0550748064090463	0.19143195944376	0.773577063145734
chr5:147282093:C:T	5	147282093	-0.496353123511103	0.201682537262704	0.0138526626141775
chr5:148033208:G:T	5	148033208	0.302541980939802	0.161020486949119	0.0602576501387846
chr5:151763317:T:C	5	151763317	-0.0914724839798935	0.125769703850997	0.467041329533965
chr5:153541577:C:T	5	153541577	0.160758972659168	0.15835273603923	0.310012682511238
chr5:168245100:T:C	5	168245100	0.025400112062179	0.102770908612111	0.804790015776573
chr5:169455657:C:T	5	169455657	0.0349446005988226	0.102431501205635	0.732989971394501
chr5:169808985:G:C	5	169808985	0.0367466289790866	0.186994918128154	0.844209928188455
chr5:172672695:T:C	5	172672695	0.152206272174529	0.13805606005687	0.270246039293689
chr5:173346700:A:C	5	173346700	0.179614348264255	0.130366772653917	0.168276869997868
chr6:3041612:C:A	6	3041612	0.125264576408581	0.129689467109941	0.334103791621638
chr6:3673174:A:G	6	3673174	-0.394179305135476	0.272442725268572	0.147943517155858
chr6:3786319:G:C	6	3786319	0.184941194826477	0.130709843405043	0.157098182805654
chr6:6090729:G:T	6	6090729	-0.305596776775859	0.183294518848511	0.0954657992725413
chr6:6354181:A:T	6	6354181	-0.00488524228688511	0.142366938220287	0.972626407242459
chr6:6456261:T:C	6	6456261	-0.169638809697406	0.128714737578031	0.187522411599215
chr6:7642514:C:G	6	7642514	-0.0419128676370933	0.125512916395052	0.738430340233929
chr6:21494280:T:C	6	21494280	0.180398647466951	0.158746864323307	0.255792592956435
chr6:23344439:T:A	6	23344439	-0.1341442763938	0.150989106179381	0.374305844527504
chr6:26287827:G:A	6	26287827	-0.00929765780568176	0.167196639990132	0.955653200045899
chr6:31108549:A:G	6	31108549	-0.116633239309867	0.139672634101451	0.403691144334745
chr6:32660000:G:C	6	32660000	-0.0266189252087039	0.167516831601337	0.873745305928442
chr6:33148933:A:G	6	33148933	0.0327802437294601	0.114730114962257	0.775095554275939
chr6:37400014:G:T	6	37400014	0.105045985683622	0.135765554247386	0.439090024832575
chr6:39124093:C:T	6	39124093	-0.0169832296119607	0.169327930880761	0.920107854025423
chr6:45195864:C:T	6	45195864	0.0661772593779489	0.131877865115598	0.615803163215842
chr6:46738257:G:A	6	46738257	-0.275102317100244	0.158374854476312	0.0823813812956414
chr6:47717919:C:A	6	47717919	0.0572211421115315	0.117608000041769	0.626583473653664
chr6:48859012:C:A	6	48859012	0.202392780276296	0.121328521010129	0.0952882306956118
chr6:49860743:T:G	6	49860743	-0.200826001628669	0.169228951262282	0.235341299699953
chr6:53292416:C:G	6	53292416	0.154059000938816	0.129076734020963	0.232655664558058
chr6:69504128:A:G	6	69504128	-0.0278385725685716	0.13949121217314	0.841815146464741
chr6:81137001:T:C	6	81137001	-0.0347826840954461	0.103555421312569	0.736957797079016
chr6:84758749:C:T	6	84758749	-0.0118009809494989	0.129397582421362	0.927334157402006
chr6:87387916:G:T	6	87387916	-0.0510802955127138	0.124947383647459	0.682675837159376
chr6:88566465:G:A	6	88566465	0.0712008804010032	0.110495266398504	0.519329398713381
chr6:93273487:T:C	6	93273487	-0.149956910713638	0.222764649479725	0.500843623184443
chr6:97788153:C:A	6	97788153	-0.0407901362816336	0.170045593155816	0.810425112329925
chr6:104918249:A:G	6	104918249	0.0278435230264274	0.114008613122982	0.807058131828908
chr6:107129138:A:G	6	107129138	0.258039216693189	0.114647351879085	0.02440320597683
chr6:112187089:T:C	6	112187089	-0.0678502543366108	0.136020669429979	0.617904000337095
chr6:118046853:T:C	6	118046853	-0.115406058879168	0.145883301087558	0.42889452117904
chr6:123103197:T:C	6	123103197	0.0185682205432702	0.137798933404682	0.89281060509443
chr6:127784009:G:A	6	127784009	-0.0422561539749145	0.11528043497758	0.713953994745113
chr6:129527930:G:A	6	129527930	0.134649920297044	0.138361043655147	0.330464855301408
chr6:137254996:T:C	6	137254996	-0.229816794073313	0.121893443397935	0.0593770760438567
chr6:151547601:G:A	6	151547601	-0.109664795689061	0.0818598002572884	0.180353938057134
chr6:152638179:C:T	6	152638179	0.032565226039676	0.138215515937106	0.813733806420732
chr6:153842833:G:A	6	153842833	0.0456915536310564	0.135933877221246	0.736772284657158
chr6:160701242:A:G	6	160701242	-0.097178891054898	0.185209264654469	0.599793296869142
chr6:160909689:G:C	6	160909689	0.405335480403883	0.17632599016438	0.0215171706178946
chr6:162760256:C:T	6	162760256	0.0517593271490787	0.140203278369735	0.711998448538854
chr6:163629327:G:A	6	163629327	0.0330715942623208	0.100712417345069	0.742626985414586
chr7:6986920:C:A	7	6986920	0.162506253299894	0.148961612704471	0.275304981690877
chr7:7863676:G:A	7	7863676	0.115638374260361	0.168000852606767	0.491251187136639
chr7:8111839:A:G	7	8111839	-0.0396908483489599	0.125118584494928	0.75107224250514
chr7:9602661:C:A	7	9602661	0.0331624704958514	0.176564938027945	0.851017562417697
chr7:11334355:C:A	7	11334355	0.0723394377983877	0.158129823224257	0.647334225954332
chr7:12476280:G:A	7	12476280	0.1996028691346	0.136992605807906	0.145107025930899
chr7:20850990:A:T	7	20850990	0.0470498535951926	0.124329608828723	0.705112382012821
chr7:22822020:C:A	7	22822020	-0.0846085885901436	0.102622160561229	0.409674238274132
chr7:24140802:T:C	7	24140802	0.033583462824523	0.109712459996476	0.759525185084331
chr7:24278575:A:G	7	24278575	0.209308532242974	0.175214256715303	0.232248745544282
chr7:24620726:T:A	7	24620726	0.0281287487627734	0.123851173797991	0.820332503394292
chr7:24740434:C:T	7	24740434	0.128541299414741	0.125068115996269	0.304057873848275
chr7:28505993:C:T	7	28505993	-0.152280233886899	0.156455506727992	0.330397587814402
chr7:36413989:G:A	7	36413989	0.259210234415217	0.223461761311534	0.246058660793467
chr7:43755241:C:T	7	43755241	0.0601015487774342	0.120636786542031	0.618341319791937
chr7:44689517:A:G	7	44689517	0.229508775380661	0.133270907593952	0.085047402310408
chr7:46192346:C:G	7	46192346	-0.219435400773938	0.118189548184491	0.0633624396117528
chr7:48301675:T:C	7	48301675	-0.119749104192159	0.133712458258475	0.370481513428783
chr7:51890159:C:T	7	51890159	-0.0986401532403063	0.140962980568228	0.484077651076446
chr7:53046603:C:G	7	53046603	0.0176443178149945	0.158962181077607	0.911618762591489
chr7:55663907:C:A	7	55663907	-0.0986121217145977	0.1493776866811	0.509155676956715
chr7:56122201:A:G	7	56122201	-0.297575699885543	0.143362495885441	0.0379228891181921
chr7:62910214:G:T	7	62910214	-0.177041214050188	0.231951777915022	0.445303982066887
chr7:67766433:G:A	7	67766433	-0.0730526403800642	0.14137196158494	0.605337210192675
chr7:68433432:T:C	7	68433432	-0.0320523431645882	0.114148464200618	0.778867469765695
chr7:71020152:T:G	7	71020152	-0.230595352293473	0.237028420293251	0.330623132167054
chr7:71553830:T:C	7	71553830	-0.0665947565366681	0.155095760268896	0.667647930650248
chr7:78390279:T:G	7	78390279	-0.015643693199157	0.106202471065902	0.882894718115542
chr7:83524616:A:T	7	83524616	0.0614567188591728	0.115471171658884	0.594569723003992
chr7:84786535:C:A	7	84786535	-0.0223914093660514	0.134146065560493	0.867434473726355
chr7:86620755:G:A	7	86620755	-0.222132534138105	0.146989120784894	0.130733040832534
chr7:89207269:G:A	7	89207269	0.201351930644293	0.144423383009167	0.163263802464112
chr7:91097147:A:G	7	91097147	-0.0137037632938128	0.121854849404284	0.910458899043368
chr7:103095283:G:A	7	103095283	0.167957772112145	0.146653840813573	0.252098662458907
chr7:113434486:A:C	7	113434486	-0.0598093477651676	0.111034503325836	0.590124572878159
chr7:113749820:G:A	7	113749820	-0.170911983172255	0.123317846178016	0.165763126839938
chr7:117145973:C:G	7	117145973	0.026693025364397	0.13054644027537	0.837985067789516
chr7:119808046:G:A	7	119808046	-0.103092720018026	0.145947687183239	0.479959553673328
chr7:122582926:C:G	7	122582926	-0.060527577360631	0.204514377216784	0.767262487573809
chr7:124802410:A:T	7	124802410	-0.0635716242985359	0.114604942912235	0.579098309465665
chr7:129047886:A:G	7	129047886	-0.124539930613558	0.21102196693349	0.555073199813985
chr7:131384702:T:A	7	131384702	0.249103003069914	0.139373450961372	0.0738880472152333
chr7:136870573:G:A	7	136870573	-0.354580732326114	0.200515182430333	0.0770026519523928
chr7:142873374:T:C	7	142873374	0.173656984249348	0.14231847521883	0.222389118045196
chr7:145116884:A:G	7	145116884	-0.008817626166606	0.128637536226081	0.945350770731569
chr7:149242006:T:C	7	149242006	0.159435490383992	0.121864382565791	0.190770688547488
chr7:153502245:G:A	7	153502245	0.245769497958713	0.130198232885226	0.0590721237240763
chr7:153952270:G:A	7	153952270	0.132346387697732	0.108327194897494	0.221810432376235
chr7:154426289:T:C	7	154426289	-0.261095843848718	0.16683380576242	0.117581591247648
chr7:156975524:A:T	7	156975524	-0.0177712688632713	0.180294159140079	0.921481128005371
chr7:157677820:C:T	7	157677820	-0.0183493509435492	0.155340109097255	0.905969632285642
chr8:276778:A:T	8	276778	-0.179222152354932	0.117261362053999	0.12641349481406
chr8:1102873:G:T	8	1102873	0.0375915273848063	0.131699228297263	0.775311139579102
chr8:8710521:T:C	8	8710521	0.0558001681694221	0.099047927694971	0.573186142494165
chr8:9029509:T:C	8	9029509	0.0448293541061976	0.141974368271496	0.752187207109139
chr8:9109096:A:G	8	9109096	0.109124161344401	0.12250953002835	0.373068571528473
chr8:13032868:C:A	8	13032868	0.344461262005133	0.154518083783227	0.0257964905571704
chr8:20741226:C:T	8	20741226	0.0495615686888177	0.125069574425354	0.691904390953779
chr8:23115837:G:A	8	23115837	-0.170769027569658	0.147513041183788	0.247005358803583
chr8:25783762:T:C	8	25783762	0.0181954586940868	0.18634975938743	0.922217018010115
chr8:27022227:G:T	8	27022227	-0.0977272570410004	0.132318476977545	0.460164476473551
chr8:28150898:A:G	8	28150898	-0.0796693877971417	0.132770750758974	0.54847141372348
chr8:28528484:G:T	8	28528484	-0.157149224832004	0.122778228002512	0.200564921565057
chr8:41788192:C:T	8	41788192	0.0126746208426737	0.135278674299453	0.925353289319302
chr8:42055528:T:G	8	42055528	-0.0664734783305975	0.133958047279467	0.619734903948056
chr8:53142705:G:A	8	53142705	0.0340384861720977	0.109494417045449	0.7558997521192
chr8:61304314:G:C	8	61304314	0.0331362933638837	0.10338928042893	0.748589117866449
chr8:61926940:A:T	8	61926940	0.106059046586158	0.096075412233702	0.269630201546376
chr8:63445672:G:A	8	63445672	-0.397691901439613	0.242046959560133	0.100375456681922
chr8:65343369:C:A	8	65343369	-0.0737163024247749	0.133401490101446	0.580544329640867
chr8:65418628:G:T	8	65418628	0.0671070139398867	0.104125429612492	0.519262622271917
chr8:71273350:T:A	8	71273350	-0.0146036806926426	0.170454602397139	0.931724857148028
chr8:72033005:T:C	8	72033005	-0.190825711022612	0.164594242850016	0.246305192615816
chr8:72065200:T:A	8	72065200	-0.0976224453163537	0.104689397387184	0.351080247927219
chr8:73211475:T:C	8	73211475	0.0226210412947227	0.153658192789412	0.882961034871865
chr8:86323708:T:C	8	86323708	0.156033016191909	0.10805706872297	0.148742596521846
chr8:89525432:A:G	8	89525432	-0.0751029487831485	0.145524566904486	0.605795511007938
chr8:92001032:A:G	8	92001032	0.00545675866115839	0.156878833820181	0.972252562043816
chr8:92645879:A:G	8	92645879	0.100533895361277	0.144812742299763	0.487535620694669
chr8:95906161:G:A	8	95906161	0.199386867383047	0.108815172369501	0.0669001319808691
chr8:96365126:C:T	8	96365126	0.278173437489791	0.12250717268452	0.0231669249892953
chr8:98002322:C:T	8	98002322	-0.00710778752051321	0.126793394088265	0.955295580859287
chr8:106920372:G:A	8	106920372	-0.0614021146322029	0.158292540280449	0.698087989159002
chr8:108142424:A:G	8	108142424	-0.178653903239618	0.132066682531634	0.176133820971441
chr8:109421925:C:T	8	109421925	-0.113254891992368	0.158347806490364	0.474467752393974
chr8:116252872:C:T	8	116252872	0.0779596360252132	0.108403979864195	0.472043308940191
chr8:121384602:C:T	8	121384602	0.0859874103855868	0.125051044724738	0.491693062183217
chr8:127029052:C:T	8	127029052	0.336994760513109	0.146079369438757	0.0210587682821173
chr8:128437247:A:G	8	128437247	-0.0045529647875517	0.156153382776941	0.976739372574239
chr8:131315237:G:A	8	131315237	0.0215286684501519	0.113221288010586	0.849194078225476
chr8:135895676:A:T	8	135895676	0.0989492014480465	0.160776459141882	0.538260332541808
chr8:141605122:C:T	8	141605122	0.0809833473934031	0.1261696436729	0.520963573731338
chr9:733358:A:C	9	733358	0.139833608434525	0.136242680598736	0.304723409612508
chr9:5461379:C:T	9	5461379	-0.0200914685710281	0.119793707414481	0.866805741984691
chr9:11397008:T:G	9	11397008	0.130055381011615	0.135389181616476	0.336751347932331
chr9:11955148:T:G	9	11955148	0.105415378069094	0.12419071376209	0.395982282234365
chr9:12389360:A:G	9	12389360	-0.0664136272977276	0.119639586427211	0.578816584985998
chr9:12615226:G:C	9	12615226	0.258044624752199	0.106987029610019	0.0158685725118901
chr9:14098421:G:A	9	14098421	0.145219753406294	0.119097886320433	0.222718559809166
chr9:18952915:A:G	9	18952915	0.209754794928696	0.0994477673603653	0.0349277001898693
chr9:29651949:A:G	9	29651949	-0.0377422128782722	0.126659041909524	0.765716309776964
chr9:32058643:A:T	9	32058643	-0.202741385322612	0.120904996580991	0.0935688379752491
chr9:37013405:C:T	9	37013405	0.284873310299739	0.106202466990281	0.0073104617845362
chr9:37992585:C:T	9	37992585	0.0461520291117044	0.126139905550593	0.714454854706339
chr9:89995415:A:G	9	89995415	-0.189094743939054	0.23208080079129	0.415198376693052
chr9:91844381:C:T	9	91844381	0.00966613569311257	0.159553397129249	0.951691750772955
chr9:94568472:C:A	9	94568472	-0.131846091336365	0.0958584788904929	0.168999906986258
chr9:96162075:C:T	9	96162075	0.0438682564247551	0.123615626344063	0.722682262279069
chr9:100192956:A:G	9	100192956	0.0329602635597632	0.118762947343563	0.781373284786816
chr9:100529836:G:C	9	100529836	-0.104284130828064	0.12706411858416	0.411805473675164
chr9:101460357:C:T	9	101460357	0.167912671356576	0.14544590847523	0.248308282132699
chr9:107904127:G:A	9	107904127	0.01047099533363	0.120176722453469	0.930568195999546
chr9:117420412:T:C	9	117420412	0.0476748233744745	0.124483400910923	0.70173357779124
chr9:117972207:C:A	9	117972207	-0.17502719938194	0.102618749654231	0.0880813811601333
chr9:121356498:A:G	9	121356498	0.179852238428574	0.164649984816632	0.274687757048066
chr9:124044726:T:G	9	124044726	-0.233036880277044	0.163168727355474	0.153235528265901
chr9:125005426:C:T	9	125005426	0.108036895825899	0.112539812669141	0.33706113752506
chr9:129533341:A:G	9	129533341	0.157155010044371	0.118695642078848	0.185497504878125
chr9:136630984:C:T	9	136630984	0.0618220837990528	0.0987185054254235	0.531153502188474
chr10:2050300:A:G	10	2050300	0.024779983428356	0.119953008857636	0.836337289430684
chr10:3113976:C:T	10	3113976	-0.0745997044732989	0.111401067555233	0.50308104919463
chr10:4591592:T:C	10	4591592	0.105001097396146	0.127968537886128	0.411918162077096
chr10:7462546:C:T	10	7462546	-0.00324888118858564	0.114828999640046	0.977428294765116
chr10:7849544:T:G	10	7849544	-0.315174036742909	0.193088545327321	0.102621096844022
chr10:9367893:G:A	10	9367893	0.198077167596834	0.127334179004324	0.119810491530711
chr10:10628189:C:T	10	10628189	-0.182723645069805	0.129645179888068	0.158712983894642
chr10:14014383:T:C	10	14014383	-0.118404017182521	0.118012499425174	0.315707649037665
chr10:16341555:C:T	10	16341555	-0.0632486169278887	0.137060184134054	0.644464298820105
chr10:18075702:C:T	10	18075702	0.0500541529013745	0.15318788164826	0.743856917450243
chr10:27289376:T:C	10	27289376	-0.108811860649718	0.126742386036267	0.39060109175903
chr10:27674317:A:G	10	27674317	0.0751745144767021	0.114096244919546	0.509979693221904
chr10:28771902:G:A	10	28771902	0.0468431769875205	0.142574310809435	0.742493792995616
chr10:28891836:C:T	10	28891836	0.274042806784858	0.127921221822251	0.0321711259198167
chr10:30622484:G:A	10	30622484	-0.216539317519522	0.170475263130793	0.204009975346823
chr10:35177843:G:T	10	35177843	-0.199374104460816	0.134523130897789	0.138318885876627
chr10:45036473:A:G	10	45036473	-0.171022493778361	0.127237993624243	0.178911207410977
chr10:51560095:T:G	10	51560095	-0.187960624104895	0.133239898801502	0.158335086058209
chr10:54072488:A:G	10	54072488	-0.0342238369455909	0.101315889296933	0.735518897086308
chr10:54082016:C:T	10	54082016	-0.0427368646920652	0.118803500783173	0.719051061040132
chr10:55299918:G:C	10	55299918	0.0477804565186365	0.130758954750046	0.714806365920197
chr10:56747004:T:C	10	56747004	-0.596491085234544	0.221725209425789	0.00714034881283887
chr10:57761967:T:C	10	57761967	0.132606486557679	0.136025322837594	0.329626645117632
chr10:69232402:C:A	10	69232402	0.0519068979328547	0.0904961829089668	0.566251320876752
chr10:79437519:C:T	10	79437519	-0.0192365910363111	0.115289685514814	0.86748461540989
chr10:82354363:C:G	10	82354363	0.148790987905802	0.146082515054339	0.308421066669993
chr10:84591955:C:T	10	84591955	-0.25811092674775	0.184429973841521	0.161661183740969
chr10:84989741:G:A	10	84989741	-0.246622192742306	0.143201403779529	0.0850323652167888
chr10:91053424:A:C	10	91053424	-0.0547764129601737	0.158909845310475	0.730319022572268
chr10:93612452:G:A	10	93612452	0.242689165936866	0.161733118571425	0.133471136000465
chr10:93671121:T:C	10	93671121	-0.277885047063708	0.135036562127878	0.0396044936468671
chr10:101249704:C:T	10	101249704	-0.11493887904076	0.14948520332809	0.441953844272678
chr10:102352980:T:C	10	102352980	0.225670220942191	0.132030227056827	0.0874080790774161
chr10:104637359:T:C	10	104637359	0.135521488912423	0.148398761765389	0.361124112873091
chr10:108480456:T:C	10	108480456	0.247091023810411	0.134741245497348	0.0666809019459722
chr10:109264424:C:T	10	109264424	0.11380296729649	0.219495423501422	0.604126651802634
chr10:111352001:T:G	10	111352001	0.0533588609684914	0.150612701612546	0.723130084396949
chr10:118828443:C:T	10	118828443	0.00517003261807934	0.115791501333781	0.964386686823484
chr10:120152982:A:G	10	120152982	-0.0990353818322995	0.13377640415295	0.459114762028421
chr10:121580593:A:G	10	121580593	0.0291861155154586	0.133121400955843	0.826459706590772
chr10:121611573:C:G	10	121611573	-0.0379040698160399	0.121218619314803	0.754514816338416
chr10:121734173:T:C	10	121734173	0.172703633601592	0.120096859835201	0.150423779288149
chr10:121910644:T:A	10	121910644	0.100065948602945	0.135451746083268	0.460054463652615
chr10:122561189:A:G	10	122561189	-0.0497987394830312	0.128194671951771	0.697674280644965
chr10:123750431:C:G	10	123750431	-0.0185994259072752	0.129955048005875	0.886193833196014
chr10:127533155:T:C	10	127533155	0.0669173096773069	0.140073623870638	0.632842707418009
chr10:129953349:A:G	10	129953349	0.298070898119579	0.139752300467007	0.0329369132682114
chr10:131819683:A:G	10	131819683	0.171420893231838	0.116472360549773	0.141082145893052
chr10:131953941:A:C	10	131953941	-0.171277137821871	0.193541244879405	0.376175759332957
chr11:388357:C:T	11	388357	0.119049343386626	0.128263245888995	0.353322440542617
chr11:2257707:C:T	11	2257707	-0.214414016013012	0.101340327938197	0.0343633742747876
chr11:3623903:G:A	11	3623903	-0.00845110022197684	0.156572188004196	0.956954490133449
chr11:5806222:C:T	11	5806222	0.118479198249223	0.108948333546645	0.276824471270836
chr11:9789492:C:A	11	9789492	-0.0187122475923899	0.129572656179454	0.885172696812027
chr11:14569664:T:G	11	14569664	0.229787456622681	0.145513121112698	0.114301007023561
chr11:36019710:C:A	11	36019710	-0.129409959945585	0.121388629760395	0.286387593153967
chr11:39635569:C:T	11	39635569	0.0820771776853482	0.181258840759183	0.650680151001273
chr11:40512905:C:G	11	40512905	-0.162919574930693	0.150642349164891	0.279475131635597
chr11:41632790:A:T	11	41632790	-0.0926688629499026	0.148232683124701	0.53186729691192
chr11:42744986:A:G	11	42744986	-0.0995465146587854	0.0875560998500191	0.255561065128303
chr11:43201079:C:T	11	43201079	-0.169313567838381	0.160886984500834	0.292627170474542
chr11:44330300:A:G	11	44330300	0.277319462418552	0.12709325369468	0.0291083813014529
chr11:49875094:A:G	11	49875094	0.169451302463842	0.127401198404493	0.183498336493653
chr11:50253126:G:T	11	50253126	-0.368877711562935	0.161615803699414	0.022463618151955
chr11:55906271:G:A	11	55906271	0.141516798795925	0.126101335432288	0.261757591060048
chr11:57305789:G:A	11	57305789	-0.114750826366754	0.117420900558174	0.328440125549572
chr11:58998793:A:C	11	58998793	-0.171226903640223	0.155599160178074	0.271142238941677
chr11:63184971:C:T	11	63184971	0.150599663910901	0.102027385855954	0.139924837161761
chr11:70801858:T:C	11	70801858	-0.166942138187286	0.15297203333035	0.275130091009517
chr11:71334794:T:G	11	71334794	0.0604496292505731	0.148553164423465	0.684064889195536
chr11:77208574:G:A	11	77208574	-0.125760249452928	0.124539535987364	0.312590250515603
chr11:77376654:A:G	11	77376654	0.0585316365159565	0.123193603374124	0.634702070619618
chr11:81783030:C:T	11	81783030	0.130015938581712	0.125562164519458	0.300449157121081
chr11:83962252:C:T	11	83962252	-0.322971442217907	0.199184139744387	0.104916518273227
chr11:86328783:G:T	11	86328783	-0.138769821569174	0.137468312154382	0.312750382338756
chr11:93046218:A:C	11	93046218	-0.0598456678901724	0.142111982574454	0.673670182154974
chr11:104129521:G:A	11	104129521	-0.169769306323215	0.167826913399169	0.311741884553663
chr11:108728662:A:G	11	108728662	-0.0897897237262502	0.192611132638355	0.641093107632548
chr11:110396347:G:A	11	110396347	0.0902073628821923	0.121885186332649	0.459238639345831
chr11:113800784:C:T	11	113800784	-0.023436760914937	0.15369363467787	0.878800381793594
chr11:115616504:A:T	11	115616504	-0.0957211800614161	0.135024346310817	0.478375407853825
chr11:119630310:G:A	11	119630310	0.2513155376465	0.158590029184798	0.11303749555557
chr11:123267436:G:A	11	123267436	0.0968641002785622	0.144564654124728	0.502832294079807
chr11:125907492:T:C	11	125907492	0.128816902163524	0.104109231107594	0.21596663630794
chr11:126829359:G:A	11	126829359	0.360391864997798	0.130571643054556	0.00577822175188525
chr11:130290657:C:T	11	130290657	-0.400390570850615	0.298747550858537	0.180170427988157
chr11:131355535:G:A	11	131355535	0.000301510419910712	0.128911427544776	0.998133832708143
chr11:133238417:A:G	11	133238417	0.0639442519399801	0.102939018388958	0.534477410424034
chr11:134309503:C:T	11	134309503	0.0755516142514341	0.147588966658114	0.608717099006632
chr12:5192681:C:T	12	5192681	-0.0949625804346966	0.174248486443571	0.585764745750827
chr12:5448727:G:A	12	5448727	0.0340742563589599	0.111555863860876	0.760026737642398
chr12:6639294:C:T	12	6639294	0.170729846148554	0.178163992381546	0.337924824439235
chr12:19523028:C:A	12	19523028	-0.172639963535616	0.103698602282533	0.0959477940444259
chr12:20003679:T:A	12	20003679	0.110405652030309	0.124652863408662	0.375776566713025
chr12:21333090:G:A	12	21333090	0.143175290889989	0.108748637061546	0.187982498632123
chr12:25518059:A:T	12	25518059	0.154368343618314	0.128214397440006	0.228594977354845
chr12:28965843:C:T	12	28965843	-0.330180312969355	0.153048514375354	0.0309778440895522
chr12:32086665:A:C	12	32086665	0.0028012465341671	0.125999479532576	0.982262726316682
chr12:48567461:T:G	12	48567461	0.256675288906734	0.132796172291261	0.0532544864718402
chr12:52880890:G:T	12	52880890	0.106181547365411	0.143397151002613	0.459013762595185
chr12:53646626:C:G	12	53646626	-0.141704198499818	0.173064189958497	0.412903037638568
chr12:53680144:C:A	12	53680144	-0.134559643561649	0.112979497316253	0.2336498938405
chr12:54366280:G:A	12	54366280	-0.091244987058491	0.112197173660967	0.416071490447302
chr12:55599330:T:C	12	55599330	0.336497482239011	0.174556050037491	0.0538883279225972
chr12:56675083:C:T	12	56675083	0.0642437267755979	0.0977018616494482	0.510828202963888
chr12:57436134:C:T	12	57436134	0.0698384373564623	0.135501014618072	0.606267270897038
chr12:58724212:C:T	12	58724212	0.397844220486806	0.159365585335953	0.0125452218761815
chr12:59048769:A:C	12	59048769	0.064217044485735	0.136076326041906	0.636984391811408
chr12:59226687:C:T	12	59226687	-0.235955222188087	0.165712629777789	0.154480648122654
chr12:63113400:T:C	12	63113400	0.21338059190276	0.138532921078975	0.123490174634486
chr12:64271340:C:T	12	64271340	0.117710602096716	0.134076544365586	0.379978544213351
chr12:64756705:C:T	12	64756705	0.129267193092523	0.120094612934251	0.281758260381897
chr12:67050802:C:T	12	67050802	0.185457983585697	0.129761287567905	0.152939779532617
chr12:71564908:A:G	12	71564908	0.0458300720567249	0.120456960365174	0.703597717866455
chr12:73909094:G:A	12	73909094	-0.000379101815577459	0.101695099570773	0.997025630671272
chr12:81126959:G:A	12	81126959	-0.105515334674885	0.104871166314028	0.314347039826131
chr12:83608380:A:G	12	83608380	-0.106182526691783	0.122484210548433	0.385992488324243
chr12:90727178:A:C	12	90727178	0.0624660411394082	0.140787874013693	0.657267397537949
chr12:92596791:C:T	12	92596791	-0.21492090474415	0.122062588653446	0.0782818332688112
chr12:95914573:A:T	12	95914573	-0.0453451249548067	0.135670465159656	0.738206088947696
chr12:105967464:T:C	12	105967464	-0.143059557415542	0.106880542609997	0.180733649289314
chr12:109533295:C:T	12	109533295	-0.00735346064549087	0.132670551605521	0.955798706452108
chr12:112209515:G:A	12	112209515	0.0586762873496695	0.149202821203617	0.694123568582255
chr12:125875525:T:C	12	125875525	-0.21031415775017	0.154946724439306	0.174675722702754
chr12:126449337:A:G	12	126449337	-0.229028451317096	0.125543518516153	0.0681074399416989
chr12:131091094:G:A	12	131091094	0.227346838971896	0.145923763135851	0.119237120960519
chr12:132776953:G:A	12	132776953	0.0670991915848678	0.16074163108021	0.676360218729994
chr13:19545220:A:G	13	19545220	-0.151929866245757	0.167646856213626	0.364803850480783
chr13:22977365:T:G	13	22977365	0.049548751286551	0.174557610652822	0.776522817325507
chr13:24330599:T:C	13	24330599	-0.19942887411455	0.139597850841999	0.153120502357936
chr13:24623185:A:C	13	24623185	0.235339740371112	0.131838313791868	0.0742510439704717
chr13:26234118:A:T	13	26234118	-0.175455772732707	0.162982700065828	0.28169027320901
chr13:26494236:G:A	13	26494236	0.0722217746687501	0.130446071403032	0.579816787979918
chr13:42909938:A:G	13	42909938	-0.0194796686028629	0.135366783395203	0.885577169523591
chr13:45708351:G:A	13	45708351	-0.0967252306171398	0.196681625587506	0.622870775851139
chr13:45809177:C:G	13	45809177	0.374108129032511	0.133348782913229	0.00502407808509586
chr13:50558767:A:T	13	50558767	-0.133319160645084	0.223619412884936	0.551049790253989
chr13:58710908:G:A	13	58710908	0.0216615904925311	0.147893057936139	0.88355200269106
chr13:58934154:C:T	13	58934154	0.0861852020547399	0.106862494547741	0.419951370821373
chr13:70397215:T:C	13	70397215	-0.0577761539866754	0.118678727825429	0.626380069086806
chr13:75832713:T:C	13	75832713	0.00543116989215785	0.224655354637629	0.980712569577823
chr13:86776101:G:A	13	86776101	0.0325038818839887	0.128431063576794	0.80020309452
chr13:91472230:T:C	13	91472230	0.119230197946755	0.11618961714161	0.304811871147193
chr13:93235990:C:T	13	93235990	0.0598041426682779	0.118598870583842	0.614081785501925
chr13:96765286:G:A	13	96765286	-0.0476043349176252	0.12480168842173	0.70287691026729
chr13:102180181:A:G	13	102180181	0.137647356597212	0.123893497449622	0.266562509359845
chr13:106009559:G:C	13	106009559	-0.16322904138449	0.157043551254281	0.298624740868905
chr13:106084136:A:G	13	106084136	-0.234636234754283	0.109975825486288	0.032881637116506
chr13:112716578:T:C	13	112716578	0.138993559499784	0.16882612501937	0.410340744913713
chr14:26929954:A:G	14	26929954	-0.0742888613582683	0.0917083736324274	0.417908348065446
chr14:27823594:G:A	14	27823594	0.242098230061837	0.155140297217026	0.118639036015467
chr14:38216062:T:A	14	38216062	-0.0765805736323443	0.112383395202507	0.495604192604802
chr14:39925237:C:T	14	39925237	-0.0423787603165165	0.178489631920533	0.81232336175372
chr14:44446011:A:G	14	44446011	-0.0694652358392931	0.168097412347788	0.679427903058247
chr14:51426205:T:C	14	51426205	-0.0753604920559865	0.12541300878908	0.547907575383443
chr14:52881822:T:G	14	52881822	0.123938430257329	0.172775565232594	0.473165737356682
chr14:53358297:A:G	14	53358297	-0.111701423524117	0.130935314571637	0.393601705745411
chr14:56254615:G:A	14	56254615	-0.269188487559914	0.132665668816248	0.0424507319580484
chr14:57978070:T:C	14	57978070	0.00134569418215431	0.107775674287071	0.99003781956922
chr14:62445185:T:C	14	62445185	0.0779214305560306	0.136515458572088	0.568143134825414
chr14:67518615:G:A	14	67518615	-0.140770313341573	0.135990122908602	0.300598392572942
chr14:68863518:T:G	14	68863518	-0.110365055911706	0.173552734336651	0.52483081556177
chr14:77734277:G:A	14	77734277	0.280574078667283	0.128128103058067	0.028539221216739
chr14:84531019:T:G	14	84531019	-0.0858313632778221	0.1357793545618	0.527296351945705
chr14:90804831:C:G	14	90804831	0.114850917684224	0.14969615628858	0.442946622880823
chr14:91397629:G:T	14	91397629	-0.104544052626045	0.151143349003454	0.489133235318128
chr14:91961156:T:C	14	91961156	0.0416339774763117	0.112555695502396	0.711459479260872
chr14:98340169:A:G	14	98340169	0.115972407130687	0.123220211906818	0.346612590490245
chr14:100721312:C:T	14	100721312	-0.131760333371202	0.145197290404656	0.364165048298869
chr14:102093442:A:G	14	102093442	0.415055587282124	0.177445909553744	0.0193326323102678
chr15:24165057:A:G	15	24165057	-0.563759867679475	0.205059193403325	0.0059731026600357
chr15:26353849:A:G	15	26353849	0.0900638011460306	0.10682776612317	0.399186592642328
chr15:34880184:A:T	15	34880184	0.0593852740454566	0.143512343035656	0.679021265309705
chr15:37080410:C:T	15	37080410	-0.123451084197259	0.124903400125927	0.322970256906374
chr15:57522102:A:T	15	57522102	-0.062741741069569	0.117619716633891	0.593736804676416
chr15:69786285:T:C	15	69786285	-0.0469506776793647	0.166543623820749	0.778010842416635
chr15:71331250:T:C	15	71331250	0.0814050533616181	0.160814050109984	0.61271197219419
chr15:76807237:T:C	15	76807237	-0.00763465344483791	0.187673376077849	0.967550579140176
chr15:77734259:G:A	15	77734259	0.0863449615803834	0.123736320829183	0.485293398247618
chr15:79750604:G:T	15	79750604	0.133058445280581	0.11930835140291	0.264744000403117
chr15:81697597:G:A	15	81697597	0.0515675185157907	0.122122277571566	0.672834261537748
chr15:87989871:C:T	15	87989871	-0.0506128774223913	0.150387683574525	0.736456642300949
chr15:88891382:T:C	15	88891382	-0.0609864848636292	0.115262876984389	0.596730685307595
chr15:94791129:A:G	15	94791129	0.167119252149183	0.131630399308443	0.204223637308068
chr15:100978492:T:G	15	100978492	-0.147806710798098	0.175349233053671	0.399268928112297
chr16:2671727:C:T	16	2671727	0.128072777767774	0.159001243848014	0.420541089212593
chr16:4957642:T:C	16	4957642	-0.0214593504665958	0.123038350948168	0.861541776186888
chr16:5884026:G:T	16	5884026	0.25846308630613	0.134624038682601	0.0548720386816252
chr16:6848656:G:A	16	6848656	0.0118333566004414	0.11809327255659	0.920182785125986
chr16:7909855:G:A	16	7909855	-0.0626798450683044	0.0867595827894537	0.470015131865134
chr16:8273542:C:G	16	8273542	0.139211384202744	0.205829292700429	0.498822333758068
chr16:12394716:C:T	16	12394716	-0.112375317432185	0.156571083148646	0.472925538880063
chr16:17779668:G:A	16	17779668	-0.0871426273862741	0.117466306610636	0.458176944237544
chr16:29740733:G:C	16	29740733	0.108523856826892	0.155849020014676	0.486216128553632
chr16:31127124:G:A	16	31127124	-0.131062334350914	0.131501354274884	0.31892885308507
chr16:56688556:C:T	16	56688556	0.0686770742604622	0.112740179005715	0.542416822202764
chr16:60324635:A:C	16	60324635	-0.0384375746890127	0.129736347330031	0.767020439131316
chr16:60499572:C:T	16	60499572	-0.0515105928473982	0.121293281493166	0.671071395615271
chr16:62273123:C:T	16	62273123	-0.0847290893527607	0.107909355034113	0.43234357455143
chr16:65972427:C:T	16	65972427	0.118337753392285	0.118153973973028	0.316558359568472
chr16:69246420:T:C	16	69246420	-0.0337802059482816	0.170837836519661	0.843254298844079
chr16:71908403:G:A	16	71908403	-0.101145387094675	0.106792011030542	0.343575069549958
chr16:72103328:C:A	16	72103328	0.168399450358164	0.127259921292398	0.18574504471228
chr16:74837740:A:C	16	74837740	-0.0236576593116045	0.23378344803326	0.919395858332325
chr16:79886631:C:T	16	79886631	-0.0233982989828305	0.166421598259633	0.888188690851205
chr16:81396153:C:A	16	81396153	0.0870608109846548	0.119664236871137	0.466893726206368
chr16:82294878:C:G	16	82294878	0.0685821964403545	0.135840078871008	0.613646961943225
chr16:82421890:A:G	16	82421890	-0.160281636651341	0.187986221570011	0.393867635095139
chr16:83827178:T:C	16	83827178	0.24245982278806	0.124084069012068	0.0507016442298645
chr16:89303022:G:A	16	89303022	0.0210274698885838	0.148706235263735	0.887551785738023
chr16:89331863:A:T	16	89331863	0.0608424494802573	0.122952103990331	0.620708299007084
chr16:89337630:T:C	16	89337630	0.0725589331394122	0.117098246438718	0.5354938376787
chr16:89479873:T:G	16	89479873	0.0160857406279865	0.130012096836886	0.901533053472695
chr16:90035976:C:A	16	90035976	0.0660428545842367	0.14073004722512	0.638864135918201
chr17:2489248:C:G	17	2489248	0.145828760052825	0.113620123647307	0.199325183146118
chr17:6949267:T:C	17	6949267	-0.0975167480948422	0.100248157901226	0.330675820369708
chr17:7929448:A:G	17	7929448	-0.0855112367260237	0.128552255282321	0.505931154527983
chr17:12174148:T:C	17	12174148	0.0923888755650766	0.164468002522114	0.574290608913428
chr17:15219976:C:T	17	15219976	0.162684814720377	0.124998947573761	0.193090964633644
chr17:16482403:T:A	17	16482403	-0.304689592312405	0.171017162188311	0.0748093163234539
chr17:18684803:A:G	17	18684803	-0.173642378505083	0.145158501529943	0.231608364233745
chr17:20040710:T:C	17	20040710	0.0905588169714432	0.151727067436967	0.550605257965276
chr17:21275023:A:C	17	21275023	0.121563186478632	0.129100068368495	0.346387305364292
chr17:31554254:C:T	17	31554254	0.0587341325861979	0.132033930508482	0.656434515304576
chr17:33472425:T:G	17	33472425	-0.341608683210812	0.164841861435738	0.0382335749259936
chr17:44156671:T:A	17	44156671	-0.0278522018424788	0.104818374534088	0.790455863209967
chr17:45754773:C:T	17	45754773	0.00649869471314235	0.126778468897494	0.959118150496974
chr17:48779278:C:T	17	48779278	0.0753322768748251	0.11917583849531	0.527314795069513
chr17:52703044:C:G	17	52703044	0.0240055538890084	0.144535376450366	0.868087902956243
chr17:53282498:G:T	17	53282498	0.310230599343783	0.121099333206276	0.0104135405176979
chr17:58411807:C:T	17	58411807	0.0714298000624241	0.157114410510043	0.649371438175431
chr17:61409438:A:G	17	61409438	-0.0157466466478963	0.117813682949047	0.893673653117788
chr17:66262233:G:T	17	66262233	-0.0415351371177848	0.118978526533585	0.727015918074106
chr17:66751216:C:T	17	66751216	-0.132143746181945	0.124625222325206	0.288994918225692
chr17:66971178:A:G	17	66971178	0.310186552328152	0.142527590209456	0.029530865458442
chr17:68771033:G:A	17	68771033	-0.120543358135281	0.118667821408445	0.309722287435575
chr17:69081332:C:T	17	69081332	0.202050232314939	0.143637663401452	0.15952642142951
chr17:69213412:T:C	17	69213412	-0.130001914026655	0.124873125934323	0.297842136984729
chr17:72829246:G:A	17	72829246	-0.259741279338995	0.107554464796953	0.0157363155557325
chr17:73506492:C:T	17	73506492	-0.151235152276822	0.215073968628526	0.481945206770429
chr17:77625920:A:T	17	77625920	0.031527542632308	0.128939330375295	0.806832332905966
chr18:1137045:A:T	18	1137045	0.0319362276164492	0.0946889344831027	0.735909466632143
chr18:4080016:T:A	18	4080016	-0.000917828457574487	0.159216994750935	0.995400509217236
chr18:8920896:G:C	18	8920896	-0.129617463073837	0.213926963442733	0.544583903857645
chr18:9609299:C:T	18	9609299	-0.070800028632141	0.110787999627049	0.522784783375151
chr18:10572326:C:T	18	10572326	-0.0239694041763451	0.145965766154969	0.869563856786534
chr18:11017906:C:T	18	11017906	0.0500148430014977	0.10571037532511	0.636119806273713
chr18:14686017:A:G	18	14686017	-0.132332768600503	0.127483336638846	0.299251557815162
chr18:14895123:C:T	18	14895123	0.0708459869744274	0.106699198112099	0.506703991096433
chr18:30059135:A:G	18	30059135	0.167292412020809	0.129074873565097	0.194945122596099
chr18:32490781:T:C	18	32490781	-0.189090599929874	0.144127663270202	0.18953159248233
chr18:36255061:C:A	18	36255061	-0.0577495341073586	0.12755646168524	0.650738108939427
chr18:42762909:A:C	18	42762909	0.0693706235003111	0.119083427550901	0.560204343262189
chr18:43928870:G:A	18	43928870	-0.173308450023025	0.241160518250307	0.47236057533361
chr18:45461168:C:T	18	45461168	0.114717751216708	0.145533757675714	0.43054740679976
chr18:49146783:T:G	18	49146783	0.0291474030503006	0.136265971799491	0.830624401083921
chr18:49872731:C:G	18	49872731	-0.0543159105905615	0.123104310373059	0.659054754189617
chr18:50485733:T:C	18	50485733	-0.164038342136644	0.172697446333797	0.342183553485968
chr18:58120958:C:T	18	58120958	0.21717514187491	0.144291580442791	0.132295012412537
chr18:59256389:C:T	18	59256389	-0.134636223270074	0.127437103830912	0.290743699663451
chr18:62622293:T:A	18	62622293	-0.189851239633466	0.158587735358343	0.231253175513456
chr18:62998306:G:A	18	62998306	0.168632621170296	0.0936574163456558	0.0717776085836037
chr18:66103927:C:T	18	66103927	0.0325397317531129	0.122351736559345	0.790275907627017
chr18:66206557:C:T	18	66206557	-0.105882387869073	0.135996766992425	0.43623572166792
chr18:68001558:G:A	18	68001558	-0.0944799068456043	0.154325549202567	0.540397701541806
chr18:71730181:C:T	18	71730181	-0.0713181003596457	0.102451059800187	0.486354485488231
chr18:72912108:T:C	18	72912108	-0.131440268613326	0.120249052825201	0.274364393970354
chr18:73248491:G:A	18	73248491	-0.0408150330246121	0.138233246685895	0.767793697745267
chr19:2907557:G:A	19	2907557	0.0115160828875706	0.107568843848666	0.91474313193187
chr19:17584922:G:A	19	17584922	-0.0632609189702934	0.118072169954768	0.592109366575101
chr19:18737022:C:T	19	18737022	-0.0309664727186441	0.129442459321516	0.810927521778983
chr19:18805179:A:G	19	18805179	-0.143339030591559	0.222425633389757	0.519292906347524
chr19:21560366:G:T	19	21560366	-0.0890401754696439	0.140652117697447	0.526699356211134
chr19:21659434:G:C	19	21659434	0.153533986297244	0.141478682746106	0.277828953524545
chr19:33474662:T:C	19	33474662	0.0923058888695028	0.138559301009072	0.50529396212736
chr19:37956680:C:T	19	37956680	-0.0403817700531668	0.119712355743264	0.735873177170433
chr19:38120117:A:T	19	38120117	0.102269099638012	0.170690065356565	0.54907228756865
chr19:44380983:T:C	19	44380983	-0.0140595672318831	0.164092555493971	0.931720234150766
chr19:44819986:A:G	19	44819986	0.00540534543152331	0.107953050683777	0.960065600995024
chr19:48685001:C:T	19	48685001	-0.309646037377047	0.230939884278013	0.179982807964599
chr19:51552139:T:A	19	51552139	-0.034434362192241	0.165415881793864	0.835097468286941
chr19:52714810:C:T	19	52714810	-0.0874179718294125	0.151377030957238	0.563611837008007
chr19:53330671:T:C	19	53330671	0.15876452298311	0.124376091058142	0.201783249989454
chr19:54944544:G:A	19	54944544	0.185817887708441	0.147707112113685	0.208386025319722
chr19:57195010:G:C	19	57195010	0.093952905056889	0.136687211013644	0.491857816398164
chr20:1709120:A:G	20	1709120	-0.0550650953972484	0.134162943131008	0.681487270478415
chr20:1735934:T:G	20	1735934	0.148226812168441	0.162057098848856	0.360371231405077
chr20:1906500:G:T	20	1906500	0.0334190490511435	0.142239427565689	0.814248111153067
chr20:3649460:G:A	20	3649460	-0.0251862695701002	0.102663944024182	0.806203004782036
chr20:5407753:C:T	20	5407753	-0.188807400404559	0.14427505268818	0.190648583941799
chr20:5860313:T:C	20	5860313	0.0692213702796828	0.133051593572365	0.602882642513936
chr20:7000966:A:C	20	7000966	-0.0185207295357804	0.135173552812402	0.891019376057154
chr20:12129436:G:A	20	12129436	-0.0680792143962191	0.180202525550655	0.705584532276002
chr20:31347432:T:C	20	31347432	0.0934406284761727	0.120840323526543	0.439370286597334
chr20:37593342:C:T	20	37593342	0.0100969466557406	0.138993034754723	0.942089775018413
chr20:38200488:G:A	20	38200488	-0.233853720764295	0.125407422375329	0.0622161976495119
chr20:38350608:A:G	20	38350608	-0.0693986417453301	0.134490150634894	0.605845456125535
chr20:45729681:A:G	20	45729681	0.0876976173617133	0.114076137627912	0.442033478416511
chr20:48501317:C:T	20	48501317	-0.0994422843107326	0.122345750774275	0.416334338119281
chr20:49036824:T:G	20	49036824	0.170724400686243	0.126221246122332	0.176189674166958
chr20:50371082:C:T	20	50371082	-0.00434538842711471	0.153050305378748	0.977349587266747
chr20:54253971:A:G	20	54253971	0.0151826626773774	0.0949803061770951	0.872998732414353
chr20:58480201:T:G	20	58480201	0.0945690166466093	0.142621980080756	0.507282758189723
chr20:60073360:C:T	20	60073360	0.0424309989195004	0.114188129091397	0.710199231038444
chr21:15297615:T:C	21	15297615	-0.0168105892173356	0.139396957346968	0.904011754660132
chr21:24026351:C:T	21	24026351	0.206854789496562	0.15072841033279	0.169949025399373
chr21:26647335:G:C	21	26647335	0.21915139652009	0.133342272955049	0.100274299260455
chr21:28043199:C:G	21	28043199	0.225498380753612	0.145009661026029	0.119932343099404
chr21:31885030:A:G	21	31885030	0.165544775473304	0.113899897198817	0.1461062342837
chr21:35502622:A:T	21	35502622	-0.0265716109229389	0.127699519254126	0.835167145338513
chr21:36306638:T:G	21	36306638	0.0291907554445848	0.116807575076253	0.80266109190426
chr21:41442549:G:A	21	41442549	0.110276385978684	0.109373042782179	0.313330003263889
chr22:20147688:T:C	22	20147688	0.0877505212226717	0.13788549977527	0.524514846931658
chr22:23891985:A:G	22	23891985	0.0217564816175938	0.122441213408903	0.858967065116006
chr22:24245985:G:T	22	24245985	-0.138127630134316	0.126595555794327	0.275231596444261
chr22:30662128:G:A	22	30662128	-0.0683601577431692	0.100503968968838	0.496394474806406
chr22:36977479:G:A	22	36977479	0.0762064388167453	0.129589924616536	0.556493119874098
chr22:42475109:T:G	22	42475109	0.0197080999473656	0.127312128550025	0.87697786140043
chr22:44719519:A:G	22	44719519	-0.235271288685477	0.26450065059219	0.373738566442645
chr22:45210278:T:C	22	45210278	-0.0589510052772135	0.122620509459063	0.630687261032732
chr22:49668266:A:G	22	49668266	-0.173538906546816	0.154156900986253	0.260280210304274
chr22:49926053:G:A	22	49926053	-0.0551416711906014	0.157663105569559	0.726531086393873
