SNP	CHR	POS	est	stderr	pval
chr1:1837340:C:T	1	1837340	0.0884580655834592	0.198061766274493	0.65515047521243
chr1:2261200:G:C	1	2261200	0.231091494555301	0.17441459985348	0.185186080102221
chr1:14678191:A:C	1	14678191	0.129426402271253	0.177938969036325	0.467002994825101
chr1:14985097:C:T	1	14985097	-0.510445508359465	0.263960640920457	0.0531384586055412
chr1:15065941:C:T	1	15065941	-0.267121212846561	0.462584371036641	0.563632779027186
chr1:20215506:G:C	1	20215506	0.00837576490263545	0.206284354097443	0.967612387555973
chr1:20533654:G:C	1	20533654	0.110639744104203	0.166564122485797	0.506532138781647
chr1:22009627:T:C	1	22009627	-0.0332728597614523	0.269761378420861	0.901836424947176
chr1:22126221:C:T	1	22126221	0.420117237951673	0.212381008226167	0.0479140461027955
chr1:23180575:A:G	1	23180575	0.226999022763498	0.143048101201032	0.112541643506659
chr1:26058659:G:C	1	26058659	-0.085544823134252	0.175737699814803	0.62641736808657
chr1:26181362:A:G	1	26181362	0.0654625676168357	0.182439934814233	0.719731922386758
chr1:26848285:C:T	1	26848285	-0.316561997427295	0.366531125375064	0.387769107787804
chr1:28670719:C:T	1	28670719	0.0916352159356303	0.158686850661018	0.563629147536732
chr1:29753056:A:C	1	29753056	0.264770468971602	0.147292420109283	0.0722429866698807
chr1:29908726:A:G	1	29908726	0.315904916836289	0.184606221844576	0.0870374513473914
chr1:31886486:G:T	1	31886486	-0.305763770984715	0.266623329381165	0.251464077040506
chr1:37838865:C:T	1	37838865	0.108521941695464	0.250583129316744	0.664958391241948
chr1:39880059:T:C	1	39880059	0.118582585859265	0.162749855265199	0.466234944376846
chr1:41175014:G:A	1	41175014	-0.140680631821353	0.256557144274122	0.583458232885333
chr1:41597921:C:T	1	41597921	-0.214108323394082	0.343681585053457	0.53329466366185
chr1:42635725:A:G	1	42635725	0.324531135521695	0.232404953692024	0.1625929637534
chr1:43202709:G:A	1	43202709	0.20443267457872	0.161626583354096	0.205926677450404
chr1:47498869:G:A	1	47498869	0.0689493125082727	0.160463627713734	0.667422535519974
chr1:51034150:G:A	1	51034150	-0.0629265361109179	0.175715155357831	0.720255962644759
chr1:54900240:G:A	1	54900240	-0.1633052601585	0.184812787341058	0.376898500852577
chr1:55459433:C:T	1	55459433	-0.180238468327223	0.294751384549593	0.540873116544819
chr1:56563907:C:T	1	56563907	-0.248290158001053	0.223008776045597	0.265551715750192
chr1:65351414:T:A	1	65351414	-0.131496796576872	0.166879125915413	0.430710567480941
chr1:66254178:T:A	1	66254178	-0.314479361967583	0.35063663741077	0.369782383153107
chr1:73302339:T:C	1	73302339	-0.0307194749094727	0.127795819647466	0.810036192248584
chr1:73563666:T:C	1	73563666	0.329638788891868	0.211240510708341	0.118644037015143
chr1:76062379:T:C	1	76062379	0.0504829471251137	0.155911902101507	0.74609589924805
chr1:86928231:G:T	1	86928231	0.140765067238366	0.140555610949849	0.316589874568691
chr1:88611347:G:A	1	88611347	0.253043395910967	0.150969542403376	0.0937142664653735
chr1:91057167:C:A	1	91057167	0.0277527595045266	0.168379104336706	0.869083251677341
chr1:91093925:G:A	1	91093925	-0.0667936096758752	0.166406455887568	0.688134238929806
chr1:92475800:A:G	1	92475800	-0.0567688351354589	0.136905597582978	0.678393171175951
chr1:94752415:G:A	1	94752415	0.094722034975014	0.136363427868331	0.487287633706129
chr1:95614324:G:A	1	95614324	-0.345724421148083	0.229728797231312	0.132343571629875
chr1:99691102:T:C	1	99691102	-0.091254578344255	0.158912777555716	0.565803254828646
chr1:104937367:T:A	1	104937367	0.0827252441861735	0.190027688255934	0.663321038293722
chr1:115841221:A:T	1	115841221	0.385408146098543	0.276683677250999	0.163633142697053
chr1:153704237:C:A	1	153704237	0.139691528680151	0.174059392550364	0.422234335707746
chr1:155857667:G:T	1	155857667	-0.364247551829826	0.656164769898255	0.578815330538942
chr1:157334223:T:C	1	157334223	0.12924792074695	0.207285075171584	0.532938012587841
chr1:159540226:C:T	1	159540226	0.0588065668350437	0.207516856331843	0.776883932488872
chr1:165647351:T:C	1	165647351	-0.12058604704007	0.246765432689486	0.625077690420188
chr1:167545338:A:T	1	167545338	-0.268619022847056	0.303904571476446	0.376754154938134
chr1:168863629:G:A	1	168863629	0.0596122539433281	0.235782455496782	0.800401630129308
chr1:171350391:G:A	1	171350391	0.151450572215806	0.181945137715995	0.405184940068358
chr1:173013575:C:G	1	173013575	-0.114658932570255	0.246412330288334	0.641707117521962
chr1:178947344:C:A	1	178947344	-0.108269767574869	0.210495862810817	0.607003256816301
chr1:182872646:T:G	1	182872646	0.0518514181175088	0.266128727632498	0.845521452125021
chr1:185127444:C:G	1	185127444	0.159635503265369	0.199906724503736	0.424551423446236
chr1:185619557:C:T	1	185619557	0.10826557872798	0.194255525592268	0.577297949992333
chr1:186638909:G:T	1	186638909	-0.0128400491664691	0.184648014247572	0.944561405394054
chr1:188272062:T:C	1	188272062	-0.27933349130099	0.135572627474959	0.0393605637559069
chr1:193365737:C:T	1	193365737	-0.0949457849002157	0.224478341568373	0.672323062240285
chr1:193791070:G:T	1	193791070	0.0733840615356925	0.177043961962735	0.67851069950261
chr1:195033388:T:C	1	195033388	0.44287032866876	0.171193025034087	0.00968254847355865
chr1:195907914:A:G	1	195907914	0.213060577203587	0.141375539651185	0.1317968078425
chr1:196692375:G:C	1	196692375	0.0509068922713839	0.13699035915982	0.710183759482929
chr1:197559019:A:G	1	197559019	0.162053611223645	0.159769346878339	0.310440929742088
chr1:199160726:G:A	1	199160726	-0.571141650662907	0.250526652000422	0.0226216872197115
chr1:204277152:T:C	1	204277152	-0.718460807427546	0.323596811081231	0.0264028528318248
chr1:207498131:C:T	1	207498131	-0.263074174596158	0.239607469685203	0.272231511280618
chr1:208744577:C:T	1	208744577	0.138227273004323	0.225599151553648	0.540066887193911
chr1:210496535:G:A	1	210496535	-0.0600535667823714	0.176500061530272	0.733670738219804
chr1:212937214:T:G	1	212937214	-0.116004508217683	0.152433464615849	0.446646716379826
chr1:219750864:A:G	1	219750864	-0.100860291073749	0.193690173126415	0.602554846651494
chr1:221920463:G:A	1	221920463	0.14605816214691	0.202679509083439	0.471133463691803
chr1:227462684:A:G	1	227462684	-0.486090191713437	0.297353496610606	0.102107416707225
chr1:234456961:G:A	1	234456961	0.459705346211843	0.21243410347002	0.0304650913609271
chr1:237308322:A:G	1	237308322	0.137264347583591	0.138036298967457	0.320024459679913
chr1:239000642:T:C	1	239000642	0.320678709047841	0.209943509466815	0.126648564870167
chr1:242239801:C:T	1	242239801	0.266566455874326	0.227594789293287	0.241505261184422
chr1:244583991:C:T	1	244583991	0.086725128297894	0.166786906659593	0.60308055474312
chr1:246213578:G:A	1	246213578	-0.328746525525538	0.307765397045341	0.285442718898085
chr1:247190028:T:C	1	247190028	0.0838069500938574	0.171794051566421	0.625667547120393
chr1:247897239:C:T	1	247897239	-0.244876804908539	0.23448159497477	0.296331473602517
chr2:3248328:A:G	2	3248328	0.242524938853777	0.147132469784865	0.099282079479625
chr2:4505759:T:G	2	4505759	0.00346698390772913	0.254666611313868	0.989138083422265
chr2:6804400:G:A	2	6804400	0.0569155760245627	0.142741358512041	0.690090538518726
chr2:9411790:A:C	2	9411790	-0.286204772522555	0.317924140850262	0.367997992667115
chr2:12096367:C:T	2	12096367	0.200860174706309	0.180125466338521	0.264802178408849
chr2:13545005:C:T	2	13545005	-0.1770599224103	0.157570625967659	0.261146214604583
chr2:16009716:A:G	2	16009716	-0.257702883018112	0.186184177492093	0.166319018402041
chr2:16367899:A:T	2	16367899	-0.167556777864131	0.145054357013323	0.248036803895771
chr2:17630111:A:C	2	17630111	0.181226566258735	0.157830785329511	0.250872258533536
chr2:17928966:C:G	2	17928966	-0.0601002311808329	0.158650300780086	0.70482001675514
chr2:18261494:A:T	2	18261494	-0.159665197330242	0.149762552740093	0.286368359724864
chr2:19530615:T:C	2	19530615	1.25325523840922e-06	0.159266677175927	0.999993721517751
chr2:19562158:T:C	2	19562158	0.307980797277341	0.192350456999812	0.109345008959924
chr2:27383116:G:A	2	27383116	0.236360541488906	0.126104300880698	0.0608855370201109
chr2:37762298:C:T	2	37762298	0.0122774399831683	0.184991914650602	0.94708529134125
chr2:42010994:T:A	2	42010994	0.133988499299724	0.206687975272947	0.516813820715733
chr2:45824390:C:G	2	45824390	0.174285494999034	0.173385308284272	0.314804489362312
chr2:46742820:T:C	2	46742820	-0.449419664763397	0.351905518481082	0.201565814259334
chr2:49789441:T:C	2	49789441	0.144566456364174	0.190582831897291	0.448122265693148
chr2:49994518:G:A	2	49994518	-0.0265925398759945	0.133863892365847	0.842533747209941
chr2:51284042:G:A	2	51284042	0.131893077729308	0.228297830902039	0.563450645606759
chr2:51344078:G:A	2	51344078	0.0522747976139603	0.190553546912924	0.783830051566151
chr2:57278002:C:A	2	57278002	-0.0850549348419737	0.233734184632371	0.715935671750976
chr2:57368273:A:G	2	57368273	-0.181221423954078	0.223274119609553	0.416989960698596
chr2:60075157:T:C	2	60075157	-0.0547798774208402	0.454858693535502	0.904140359726999
chr2:60373837:A:G	2	60373837	-0.0306768237242041	0.168288907406301	0.855357762979992
chr2:61147014:T:C	2	61147014	-0.0865444982862834	0.148079909162978	0.558921250319627
chr2:61693274:A:G	2	61693274	-0.283581998338604	0.204604832541369	0.165747350559421
chr2:65295480:C:T	2	65295480	0.200613570588667	0.14480692345091	0.1659342877494
chr2:66031496:T:C	2	66031496	0.136783731208787	0.120828414798111	0.257613677660422
chr2:69165635:T:C	2	69165635	-0.232746540188002	0.248358539237166	0.34868692360298
chr2:71204755:G:A	2	71204755	0.116171667328991	0.244418850790049	0.634574944848249
chr2:72022684:A:G	2	72022684	-0.104615858435122	0.232411523904188	0.652615281790834
chr2:76651386:C:A	2	76651386	-0.0926797585229104	0.128194569003227	0.469703438980348
chr2:79784490:C:G	2	79784490	0.075536485130905	0.16672117420993	0.650497806797117
chr2:82619301:T:C	2	82619301	-0.43589983517006	0.244788826302381	0.0749585537956029
chr2:83181917:T:C	2	83181917	0.143167424243826	0.219071703587916	0.513422028139337
chr2:83400799:T:A	2	83400799	-0.577400167270076	0.314794740349299	0.0666225888129253
chr2:85744328:G:A	2	85744328	-0.0605344262755919	0.225427707629791	0.788290279900214
chr2:85757440:T:A	2	85757440	-0.0813951330716883	0.212403176821586	0.701563674189767
chr2:99811694:T:C	2	99811694	0.148114880222003	0.159020009426242	0.351634843588525
chr2:101228073:A:C	2	101228073	0.0948107253164229	0.138564849649044	0.493827671028347
chr2:106861882:T:C	2	106861882	-0.183267666140619	0.221779954747308	0.408606087925377
chr2:108083619:T:C	2	108083619	0.178073315444216	0.171653139441299	0.299548532303398
chr2:114129906:T:C	2	114129906	-0.2253833304264	0.344849603864618	0.513388924387412
chr2:118004610:C:T	2	118004610	0.170701369776445	0.175330893042292	0.330257417880692
chr2:119455921:A:G	2	119455921	0.0621103907771905	0.114018850211906	0.58593378387987
chr2:120644763:G:A	2	120644763	-0.147236706564149	0.166019798379767	0.375153020511381
chr2:120916837:A:G	2	120916837	-0.0472633024135468	0.262464747487079	0.85709379951374
chr2:122628686:C:A	2	122628686	-0.26187725463822	0.241832207550189	0.278858030455066
chr2:122629789:A:C	2	122629789	-0.345457827960558	0.289431426000057	0.232644645271112
chr2:126391403:A:G	2	126391403	0.114993455408623	0.226827780885372	0.612180275369393
chr2:127192867:G:A	2	127192867	-0.0915514892363336	0.189302942097344	0.628652577020452
chr2:130915743:C:T	2	130915743	-0.196762157562289	0.172747046337678	0.25469525469646
chr2:136107122:C:T	2	136107122	-0.236082609427743	0.343883669873278	0.492386004001707
chr2:136507185:G:C	2	136507185	0.043747291477709	0.136832457812476	0.749184929514253
chr2:141023592:C:T	2	141023592	-0.273972292662055	0.196470369425731	0.16317532849402
chr2:143017176:T:C	2	143017176	0.0458026337667063	0.248204162290791	0.853592891843657
chr2:143920023:G:T	2	143920023	0.3578000526823	0.189421751046151	0.0589043046633253
chr2:144729333:C:T	2	144729333	-0.113040653998702	0.130355045843945	0.385846059970764
chr2:148561010:G:C	2	148561010	-0.000542144476288759	0.192253730407592	0.997750014352721
chr2:154835349:G:T	2	154835349	-0.079186365506361	0.259210303716254	0.759992368624043
chr2:164974626:C:A	2	164974626	0.0114392077139933	0.222637004918931	0.959022297642664
chr2:167086954:T:G	2	167086954	-0.00173445056848274	0.163591847782152	0.991540743488592
chr2:167199229:C:T	2	167199229	0.125900758296572	0.256779215918537	0.62391636777333
chr2:167657344:C:T	2	167657344	-0.26433789661365	0.183126328014216	0.148887293727067
chr2:167884398:C:T	2	167884398	-0.117362796647411	0.254726029758864	0.644984235859653
chr2:168647356:T:G	2	168647356	0.155501701210491	0.122190837907851	0.203155250950165
chr2:170041677:A:G	2	170041677	0.470462796656192	0.202568145315673	0.0202064853190176
chr2:171274449:C:A	2	171274449	-0.251460445780436	0.207051552329397	0.224563604272286
chr2:177787584:G:A	2	177787584	0.0259896958540419	0.163475645313451	0.873683003272019
chr2:179648558:C:T	2	179648558	0.340408267600794	0.197992736655152	0.0855603524206039
chr2:180833197:G:A	2	180833197	0.132863753140816	0.190018063956011	0.484416781536383
chr2:183527028:C:T	2	183527028	0.223201328615583	0.170364561615763	0.190148673681002
chr2:184516924:T:A	2	184516924	-0.0340153642800013	0.125882375014303	0.786994497089322
chr2:191922008:C:T	2	191922008	0.198431588673073	0.198457616845326	0.31737398205756
chr2:195817951:G:C	2	195817951	-0.511418138439653	0.410109461348742	0.21238709058893
chr2:197010424:G:A	2	197010424	-0.403232221745447	0.227881224929999	0.0768131090456137
chr2:209101337:G:A	2	209101337	0.0585693960380127	0.122187697127051	0.631697088722804
chr2:209103516:A:G	2	209103516	-0.217498582731296	0.177797070491426	0.221217625245404
chr2:210957182:G:A	2	210957182	0.149989689970601	0.168231298072471	0.372624375464353
chr2:214802180:T:C	2	214802180	-0.278733650929321	0.14635139027826	0.0568384930280151
chr2:215209936:A:G	2	215209936	0.234263572498127	0.159768017089253	0.142573855124355
chr2:215367000:G:A	2	215367000	0.105435173657964	0.258540831561651	0.683414201873191
chr2:220997842:C:T	2	220997842	0.118908383143981	0.173484026303652	0.493082702156616
chr2:226027918:G:A	2	226027918	0.51637708385434	0.214879401097764	0.0162566594734092
chr2:228947684:G:A	2	228947684	0.0553002446350298	0.161097169075192	0.731393389307722
chr2:233152507:T:C	2	233152507	-0.256333188577507	0.144039761372634	0.0751414129819148
chr2:235620294:A:T	2	235620294	0.145165793467209	0.219000137764798	0.507422087530164
chr2:237288548:A:G	2	237288548	-0.19800914928756	0.201657228401158	0.326144432762584
chr2:237513585:T:C	2	237513585	0.033223813317376	0.178664923270746	0.852479271399884
chr2:237920759:T:G	2	237920759	-0.191394919828434	0.196118397402169	0.329106502165343
chr2:240429648:C:T	2	240429648	0.0153361151438719	0.180041493255909	0.932117492357393
chr3:9841346:T:C	3	9841346	-0.0352940138292771	0.386726948581535	0.927283304024193
chr3:10127208:T:G	3	10127208	0.0991364769249134	0.204550667017294	0.627921184568795
chr3:14082905:A:G	3	14082905	0.258151980521232	0.203522379337249	0.204647785413342
chr3:16798495:T:G	3	16798495	0.16136768097356	0.183058844313279	0.378043383303921
chr3:18882818:T:C	3	18882818	-0.0893298404747943	0.177158384321961	0.614094730721441
chr3:20179943:G:A	3	20179943	0.381997710368967	0.240349827113061	0.111983543628303
chr3:22245167:A:G	3	22245167	0.0453990949780495	0.12720704385857	0.721173137480543
chr3:24009496:G:A	3	24009496	-0.0224252302263925	0.163183906524779	0.890696412231038
chr3:24010534:C:T	3	24010534	-0.0132449948552149	0.156453802921626	0.932533648958784
chr3:33111016:C:A	3	33111016	0.0249814995996918	0.243227938187133	0.918194578856084
chr3:33421913:A:G	3	33421913	-0.0959897929349872	0.118383881426142	0.417460439570797
chr3:34471110:A:G	3	34471110	0.188277861816125	0.131637612943874	0.152638379599936
chr3:34498029:C:T	3	34498029	0.118890354920647	0.212564969854167	0.57594811208875
chr3:35230331:G:A	3	35230331	0.00810660879316369	0.229255637562313	0.971792229883829
chr3:41413926:T:C	3	41413926	0.0487767515107563	0.125662605486467	0.697900255355095
chr3:42098050:T:C	3	42098050	0.346316335062979	0.176544800027556	0.0498050760287191
chr3:46489654:A:G	3	46489654	0.00161316234709041	0.124275749505964	0.989643344001761
chr3:56959175:A:G	3	56959175	-0.260791513198604	0.283484429397138	0.357598865647354
chr3:64441608:G:A	3	64441608	-0.140724258805128	0.17827907829132	0.429908557654348
chr3:66150510:T:A	3	66150510	-0.203729525986682	0.163945785618305	0.213991674608608
chr3:66995763:G:T	3	66995763	0.16993178590762	0.148822874421686	0.253520881563258
chr3:68498445:T:C	3	68498445	0.0242742778464246	0.136155337181351	0.858500176032254
chr3:68824246:G:A	3	68824246	-0.063329403478709	0.208526433121428	0.761356729338021
chr3:69021248:A:C	3	69021248	0.0204321420053356	0.175136748968423	0.90712637208564
chr3:69617754:T:G	3	69617754	-0.016473838588166	0.113237720717651	0.884331801014109
chr3:74191731:G:A	3	74191731	-0.356222812015636	0.185780564249547	0.0551822432407312
chr3:74732240:G:A	3	74732240	-0.0748883845053378	0.16350519325286	0.646939233016069
chr3:75709324:A:T	3	75709324	-0.268309479618693	0.169239660711398	0.112879611488049
chr3:84465702:T:C	3	84465702	-0.040286954636582	0.160568312866166	0.801889667176099
chr3:84817748:G:A	3	84817748	0.15430884196023	0.151616606437025	0.30879351605151
chr3:85705423:A:G	3	85705423	-0.152643438299633	0.13372031121398	0.253656615128986
chr3:88069353:C:T	3	88069353	-0.0640243150501255	0.160530779224827	0.690019276578476
chr3:93986190:G:A	3	93986190	-0.0489702596724642	0.18864943031563	0.795185145879042
chr3:101022648:G:A	3	101022648	-0.00975011165875974	0.185491048387189	0.958079472134573
chr3:105622159:T:C	3	105622159	0.174928551147029	0.231915223370997	0.450682308949424
chr3:106664728:C:T	3	106664728	-0.167271921476541	0.214394343469024	0.435269169156655
chr3:110774699:C:T	3	110774699	-0.0976638306844108	0.159288099720815	0.539792385394438
chr3:113428518:G:A	3	113428518	-0.21592021002479	0.16694752512414	0.195892875074894
chr3:121058963:T:G	3	121058963	0.138210907380442	0.188618566984556	0.463708812037938
chr3:122312606:G:A	3	122312606	0.0687964400450638	0.203966100438785	0.735895658624429
chr3:124193435:A:C	3	124193435	0.0528646710548409	0.115032448459555	0.645829835112386
chr3:124804582:A:T	3	124804582	0.155972064771345	0.229114064834921	0.496022331013951
chr3:126773646:G:T	3	126773646	0.356478388544949	0.145191608224024	0.0140795563255641
chr3:131110446:C:G	3	131110446	-0.293287581246062	0.268441244469779	0.274587990227188
chr3:131209978:G:T	3	131209978	0.275286994375995	0.173837694930339	0.113287890628224
chr3:133982842:C:T	3	133982842	0.137791231292205	0.172338524370228	0.423978413350841
chr3:134929007:C:T	3	134929007	-0.531811902435099	0.431987705288448	0.218292530942352
chr3:137777496:C:T	3	137777496	0.136126378764796	0.242873980599096	0.575151038584964
chr3:146265901:G:T	3	146265901	0.119985757341002	0.160153124915156	0.453740296006437
chr3:148006706:G:A	3	148006706	-0.00374691318062566	0.203299697775798	0.985295428542817
chr3:149679065:C:A	3	149679065	-0.0888176870429638	0.149897588078323	0.553500787958057
chr3:150888061:C:A	3	150888061	0.325079740789207	0.209130449142346	0.120080631802269
chr3:152663712:G:C	3	152663712	-0.0451755715624836	0.155220068901473	0.771019137359149
chr3:159417151:A:G	3	159417151	-0.100022353376482	0.141591705141545	0.479930758433606
chr3:164899350:G:A	3	164899350	-0.130518312090804	0.242252282202426	0.590045423810551
chr3:168053836:T:C	3	168053836	-0.249897316765048	0.183152877675689	0.172435644542357
chr3:171028381:G:A	3	171028381	0.0722489824117347	0.203482534334325	0.722542897924238
chr3:174497130:T:C	3	174497130	-0.19233616700306	0.199570586634792	0.335171244397524
chr3:176663180:T:G	3	176663180	0.068898514740666	0.23401470937831	0.768437299444543
chr3:196706550:C:T	3	196706550	-0.0811364534528408	0.157260119817852	0.605897793649892
chr4:332191:G:A	4	332191	-0.121788602851804	0.176636233827268	0.490516082399114
chr4:8816874:T:C	4	8816874	0.158062043252986	0.131934840967476	0.230904908066465
chr4:9851274:C:G	4	9851274	0.022150107975528	0.138136494702184	0.872605824283947
chr4:10725805:A:G	4	10725805	0.131869652683644	0.188398455291676	0.483958020209269
chr4:13219910:C:T	4	13219910	0.226003058821606	0.156923415337732	0.149807297677248
chr4:18747099:A:G	4	18747099	-0.0598652720612734	0.124060796313092	0.629416806486558
chr4:20840555:C:T	4	20840555	-0.0466984402139731	0.17496180895626	0.789541168806051
chr4:21137718:C:T	4	21137718	-0.223203429268173	0.118354966049152	0.0593109382847413
chr4:26851610:T:C	4	26851610	0.120948457184316	0.168039708402668	0.471672056221558
chr4:32302160:A:T	4	32302160	0.0396227929609285	0.217551898951486	0.855480469208804
chr4:34501888:A:G	4	34501888	0.270500772453086	0.179875247105841	0.132626605582232
chr4:40603484:A:G	4	40603484	-0.00194337737620398	0.222997523728658	0.993046688809355
chr4:41002348:C:T	4	41002348	0.182665403301428	0.245597834721606	0.45702277293478
chr4:44018406:T:G	4	44018406	0.149418933190808	0.204491519003182	0.464971437457504
chr4:44680448:T:C	4	44680448	-0.162364536341436	0.158185206649362	0.304693426815791
chr4:55337032:C:T	4	55337032	-0.0152907287365688	0.132202925523457	0.907921179263978
chr4:55659669:G:A	4	55659669	-0.147061247259772	0.184750891016405	0.426033488846876
chr4:56719096:C:T	4	56719096	-0.0581760436401657	0.148129802738616	0.694513793252504
chr4:58944563:C:T	4	58944563	0.497028947026647	0.273277783356057	0.0689467991111582
chr4:61158247:C:G	4	61158247	-0.0156125106809614	0.154771939030069	0.91965024633611
chr4:64485722:G:A	4	64485722	0.469228439837281	0.207999089542992	0.0240759026092467
chr4:67708732:C:T	4	67708732	-0.0921069099506927	0.143007737272873	0.519530421145381
chr4:67911021:C:T	4	67911021	-0.09539867693615	0.165290175234652	0.563832195285086
chr4:90022599:G:T	4	90022599	0.159050452068656	0.148799028309632	0.285117243551846
chr4:95020597:A:T	4	95020597	0.382737430479851	0.226090440630384	0.0904838305671338
chr4:95433170:T:C	4	95433170	0.19697766053076	0.200917576161628	0.326893452390434
chr4:97398054:G:A	4	97398054	0.0349140054187542	0.173832962408612	0.840817417401489
chr4:98823404:T:C	4	98823404	0.057102407385384	0.187415891692762	0.760607715235075
chr4:99262681:C:G	4	99262681	-0.19892808715867	0.1621983325223	0.220029514040429
chr4:99355957:G:T	4	99355957	-0.0367086700786715	0.116066613596713	0.751795734594435
chr4:101085120:T:C	4	101085120	-0.241977720197735	0.147909397190707	0.101842493242702
chr4:102399971:C:T	4	102399971	0.0168525383998796	0.200569980241029	0.933037958958726
chr4:102884286:T:C	4	102884286	-0.0110090768288129	0.15331252557301	0.942754649118557
chr4:105992845:C:T	4	105992845	0.0992926175724099	0.211920742856365	0.639400926700582
chr4:108791253:G:A	4	108791253	-0.170666051584964	0.177122937578242	0.335273722661171
chr4:110191180:A:G	4	110191180	0.357208504744486	0.226396791873113	0.114611922642613
chr4:110957298:T:A	4	110957298	-0.147015025793753	0.270557687142389	0.586869745760012
chr4:113348012:C:T	4	113348012	-0.069348684116762	0.220221642190027	0.752834516505178
chr4:115515844:A:G	4	115515844	0.251427105025085	0.342365853085602	0.46271633651292
chr4:115522695:G:A	4	115522695	0.0213205589077345	0.179763764910901	0.905589724968917
chr4:120770744:A:C	4	120770744	-0.00835852661606344	0.129956735668098	0.948717209351396
chr4:123964831:A:G	4	123964831	0.119631200917292	0.150497442331956	0.426668643708237
chr4:125256344:T:C	4	125256344	0.118513003346693	0.222642462002809	0.594516923342147
chr4:126268710:T:G	4	126268710	0.0606385882293544	0.18226085997009	0.739359092259869
chr4:134094420:T:C	4	134094420	0.25583754599823	0.213675618210691	0.231182846040562
chr4:134350906:C:T	4	134350906	-0.0669816001825038	0.110910286553142	0.545892875076311
chr4:138952375:G:A	4	138952375	-0.015565808807939	0.119460936910256	0.896328757361489
chr4:141012527:T:G	4	141012527	0.196582080831188	0.195117978080595	0.313692790469607
chr4:141618953:G:A	4	141618953	-0.205217217507009	0.277283154836237	0.459239418031593
chr4:143626434:A:G	4	143626434	-0.136607003443103	0.224975146136367	0.543712013971545
chr4:149616644:T:G	4	149616644	0.262202659916026	0.183280076678893	0.152541473172639
chr4:154030957:C:G	4	154030957	0.055621892710257	0.178202630394283	0.754943835973224
chr4:168588553:A:C	4	168588553	0.327820729618249	0.161322256064758	0.0421449306185016
chr4:171334248:A:T	4	171334248	-0.927231821023457	0.70763538436678	0.190086159217001
chr4:171974219:A:G	4	171974219	0.168298622091986	0.126201513705066	0.18234463978166
chr4:176312841:C:T	4	176312841	-0.00535480134413769	0.143491443720024	0.970231522203131
chr4:179329624:T:G	4	179329624	-0.114224699251127	0.113843882721586	0.315694394090758
chr4:183032183:A:G	4	183032183	0.0885188299953248	0.168728928433942	0.599846310957457
chr4:184991673:A:G	4	184991673	-0.0480683622579797	0.13051459833022	0.712650491127593
chr4:189912372:C:T	4	189912372	0.187446412748073	0.159236349676532	0.239132273789993
chr5:79496:A:G	5	79496	0.201397655991607	0.186092053832631	0.279142576854504
chr5:5313703:A:G	5	5313703	-0.0434975845963152	0.198919514171274	0.826907690041681
chr5:7364955:T:A	5	7364955	0.0974144119334422	0.172960266238309	0.573286145411476
chr5:8067079:G:C	5	8067079	-0.321272236479219	0.197116344727513	0.103130884619222
chr5:13911296:G:T	5	13911296	-0.229768129328887	0.218012463554211	0.291918634426293
chr5:15621966:C:G	5	15621966	0.0149347646858329	0.135801595529662	0.912429293910135
chr5:15997511:T:A	5	15997511	0.349649852107211	0.216454413205748	0.10623470580529
chr5:17902851:T:C	5	17902851	0.313391556555106	0.176813124192657	0.0763207000232187
chr5:20719353:A:C	5	20719353	-0.499310720545089	0.327718295876885	0.127609330601631
chr5:20732163:G:T	5	20732163	-0.196016678203744	0.221488114395427	0.376157369281315
chr5:21913130:A:C	5	21913130	0.180881756981472	0.145859225417778	0.214934018665322
chr5:23682774:A:T	5	23682774	0.113691796319919	0.273126703078436	0.677219558439727
chr5:23787194:A:C	5	23787194	0.0742810884842744	0.109023355697129	0.495661512024681
chr5:23895775:T:G	5	23895775	0.265563733864103	0.137182446877698	0.0528868840974088
chr5:25693600:A:G	5	25693600	0.561480498938352	0.266598978620989	0.0351968428146623
chr5:33466391:T:A	5	33466391	-0.134488785457934	0.147043826225504	0.360392722914796
chr5:33624899:A:G	5	33624899	0.0225867869337617	0.251860003085299	0.928541566824916
chr5:39550509:T:G	5	39550509	-0.0343615894182647	0.141561277690024	0.808212264504729
chr5:39634108:G:A	5	39634108	-0.171626594642641	0.18586898677053	0.355812322670755
chr5:39978357:G:A	5	39978357	0.0715829129171217	0.112311954663642	0.523891736666678
chr5:40238036:C:A	5	40238036	0.160569040867354	0.347716662673864	0.644238186353476
chr5:44011742:G:T	5	44011742	-0.0816153856849308	0.206630756669955	0.692856328723252
chr5:50222627:G:A	5	50222627	0.397585143498712	0.239904921265812	0.0974666563761083
chr5:54814079:C:T	5	54814079	0.103460739035384	0.244868764507854	0.672649115661437
chr5:66989845:C:A	5	66989845	0.109569032324557	0.150554636646958	0.466754861868624
chr5:66992139:G:A	5	66992139	0.0313091079919014	0.185395460033863	0.865893055977963
chr5:73076502:T:C	5	73076502	0.024242230500902	0.153586582693467	0.874582240583004
chr5:76998986:C:A	5	76998986	0.122970394943492	0.134143526931067	0.359295865653712
chr5:77675144:G:C	5	77675144	0.316797193644653	0.298633368742188	0.288770275301549
chr5:80530472:T:A	5	80530472	-0.195914567611228	0.393958208961369	0.618979032504888
chr5:81710558:G:T	5	81710558	0.020208225201784	0.142804909114293	0.887467599937564
chr5:82792281:C:G	5	82792281	-0.24385337557341	0.286949735187217	0.395429525420277
chr5:84879932:A:G	5	84879932	-0.0578787580790958	0.142030572666362	0.68363407447742
chr5:85476293:A:G	5	85476293	0.193602629859067	0.179567884017439	0.280963054931066
chr5:85809583:T:C	5	85809583	0.019640004483105	0.138433382443362	0.887180063441155
chr5:92192959:A:T	5	92192959	0.357237241471612	0.154705911076715	0.0209359449873558
chr5:94648523:C:G	5	94648523	0.164763925679177	0.154560262599908	0.286415786894822
chr5:98024666:G:A	5	98024666	-0.200088483799922	0.176487795758929	0.256910258209206
chr5:101328324:T:C	5	101328324	-0.34696264487792	0.441876638997849	0.432334845623391
chr5:101825779:A:C	5	101825779	-0.161400091339847	0.136849678910832	0.238240156554636
chr5:106773905:G:A	5	106773905	0.134214081473206	0.161764914090132	0.406716349547162
chr5:110045491:C:T	5	110045491	-0.404890903340644	0.335916472528849	0.22807512682584
chr5:114915760:G:T	5	114915760	0.337504326847359	0.151319491051437	0.025720314845464
chr5:115102683:A:G	5	115102683	-0.259064762929037	0.303526551918702	0.393373228830088
chr5:117238479:G:A	5	117238479	-0.371446090339717	0.184536906152309	0.044129853831802
chr5:121740415:G:T	5	121740415	0.0744591020384504	0.118599764876451	0.530122980561859
chr5:137227416:A:T	5	137227416	-0.241646877370805	0.213627761264729	0.257988347375079
chr5:137406489:C:T	5	137406489	0.0676051414267612	0.228942174270375	0.767769663194172
chr5:140638650:G:A	5	140638650	0.0462215511439041	0.143043902012719	0.74659798192805
chr5:142682003:T:C	5	142682003	0.0200112239435621	0.191265018925508	0.916672873028097
chr5:144183699:A:G	5	144183699	-0.107357885848626	0.166459953851602	0.518961384472431
chr5:145690757:G:T	5	145690757	-0.0635617327557413	0.264396867697603	0.81001805041845
chr5:147282093:C:T	5	147282093	0.141851166269707	0.195920490849009	0.469050910699077
chr5:148033208:G:T	5	148033208	-0.0817207754601456	0.298699330671092	0.784400683141003
chr5:151763317:T:C	5	151763317	0.339460171281375	0.159600489378945	0.0334253257877604
chr5:153541577:C:T	5	153541577	0.00410655612593713	0.175271453477002	0.981307520918732
chr5:160435085:T:G	5	160435085	0.00806677283205806	0.309503169508584	0.97920659466257
chr5:164252995:G:C	5	164252995	0.0899834356540144	0.241922069086993	0.709928470173094
chr5:168245100:T:C	5	168245100	-0.155607340387769	0.144555008798453	0.281722645855887
chr5:169455657:C:T	5	169455657	0.114011993350646	0.186277443036815	0.540501536152103
chr5:169808985:G:C	5	169808985	-0.0129484772790657	0.242144756048398	0.957354151911323
chr5:172672695:T:C	5	172672695	0.0998132177676866	0.161084492384623	0.535499637816874
chr5:173346700:A:C	5	173346700	0.248847225954654	0.176989686443629	0.159724583108741
chr5:177122146:G:C	5	177122146	0.225251567270703	0.25578158372781	0.378512545988057
chr6:1084246:G:A	6	1084246	0.209529361038992	0.268956327724706	0.435952596704718
chr6:3041612:C:A	6	3041612	-0.169487634051118	0.144545649682113	0.240974554458239
chr6:3673174:A:G	6	3673174	0.00485614591839378	0.309532475938776	0.98748278383166
chr6:3786319:G:C	6	3786319	0.0900279989260171	0.12680593822353	0.477724759908225
chr6:6090729:G:T	6	6090729	0.322754523788851	0.180373172045456	0.0735550860211672
chr6:6354181:A:T	6	6354181	0.0541211344913026	0.16415582524796	0.741631446322177
chr6:6456261:T:C	6	6456261	0.187353227901278	0.181475614883134	0.30189044072813
chr6:7642514:C:G	6	7642514	0.0399698581338147	0.177114757103038	0.821456463879112
chr6:12212257:G:A	6	12212257	0.472387166093025	0.236393715159516	0.0456834098380369
chr6:21494280:T:C	6	21494280	0.00298041139611981	0.31685567459549	0.992495039974777
chr6:23163726:T:C	6	23163726	0.0499201620127154	0.220773151863262	0.821111834722951
chr6:23344439:T:A	6	23344439	-0.0297619544144652	0.142414214691985	0.834462580817845
chr6:24077828:C:T	6	24077828	-0.0344319082141993	0.24101734528305	0.886400191896984
chr6:26287827:G:A	6	26287827	-0.210258828386453	0.237005926535865	0.375000372059204
chr6:27261142:G:T	6	27261142	0.263776849945096	0.249925691026199	0.291232772934135
chr6:31108549:A:G	6	31108549	0.260072004327276	0.182444006766817	0.154015771607994
chr6:31845997:T:C	6	31845997	-0.28901062145621	0.245253416385297	0.238630685925313
chr6:32660000:G:C	6	32660000	-0.00340510018424639	0.173786001614627	0.984367538178633
chr6:33148933:A:G	6	33148933	0.310207368300562	0.186370643798949	0.0960195884097541
chr6:37400014:G:T	6	37400014	0.0806728041182342	0.167926704571498	0.630939542944668
chr6:39124093:C:T	6	39124093	-0.0169354098121123	0.133939982445561	0.899383413674238
chr6:45195864:C:T	6	45195864	-0.263497811943642	0.187510969822039	0.159950087084813
chr6:46738257:G:A	6	46738257	-0.01658401234052	0.234667317897744	0.943660150118696
chr6:47717919:C:A	6	47717919	0.119957656463153	0.194377194954487	0.537143356182175
chr6:48859012:C:A	6	48859012	0.221668291529844	0.154094900082052	0.150287126508279
chr6:49860743:T:G	6	49860743	-0.164237955041541	0.172330366694109	0.340569150539932
chr6:53292416:C:G	6	53292416	-0.0870251077131234	0.205775880583799	0.672359401635613
chr6:54457248:C:T	6	54457248	-0.372021955981921	0.391701580970127	0.342234912352561
chr6:57513520:G:A	6	57513520	-0.784517789620295	0.393490015185234	0.0461801958620015
chr6:67461006:G:C	6	67461006	-0.327424759624951	0.32172222896131	0.308808656876165
chr6:69504128:A:G	6	69504128	0.0541506685369206	0.195646077628153	0.781950031480872
chr6:81137001:T:C	6	81137001	-0.0661004404404251	0.198439172714385	0.739057460407465
chr6:84758749:C:T	6	84758749	0.282716631163187	0.13783873749652	0.0402603197708559
chr6:86667874:G:T	6	86667874	-0.285428511560205	0.258540002156626	0.269592551824187
chr6:87387916:G:T	6	87387916	-0.0276803215072217	0.140387734439717	0.843694105480961
chr6:88566465:G:A	6	88566465	-0.266716062807414	0.175583945027153	0.128756689683351
chr6:93273487:T:C	6	93273487	0.00916578437368563	0.232706124635617	0.968581199433782
chr6:97788153:C:A	6	97788153	-0.144387132822417	0.25072561840432	0.564698280004552
chr6:98771646:C:T	6	98771646	-0.591898879502415	0.621462203751528	0.340879250452685
chr6:104918249:A:G	6	104918249	0.281422587827374	0.157832228324625	0.0745783366333943
chr6:107129138:A:G	6	107129138	-0.118190463478489	0.139410218784468	0.39655543626658
chr6:112187089:T:C	6	112187089	-0.0355029577407373	0.163305514137656	0.827895013737816
chr6:118046853:T:C	6	118046853	-0.302798886530887	0.147968582451917	0.040719703332179
chr6:121081137:A:G	6	121081137	0.213019821760057	0.198661489437456	0.283596366850695
chr6:123103197:T:C	6	123103197	-0.0175966624750885	0.239119059919922	0.941336991612586
chr6:127784009:G:A	6	127784009	0.0299087037502194	0.14212391050989	0.833323463258006
chr6:129527930:G:A	6	129527930	-0.0464205298880107	0.256654973730569	0.856471620841562
chr6:137254996:T:C	6	137254996	-0.452946260032068	0.235825331195466	0.0547713869808466
chr6:138165202:C:G	6	138165202	-0.306534116150086	0.350659780985707	0.382029011119965
chr6:139464917:T:A	6	139464917	-0.322743224858115	0.188256998531898	0.0864597472292459
chr6:151547601:G:A	6	151547601	-0.135123324990002	0.159093188958202	0.395695220614757
chr6:152638179:C:T	6	152638179	-0.191914963984021	0.217375429009691	0.377304726935672
chr6:153842833:G:A	6	153842833	0.0799044336334065	0.125363697776485	0.523876729502325
chr6:156754666:T:G	6	156754666	0.0311505502003458	0.27734590351964	0.910572376490968
chr6:160701242:A:G	6	160701242	-0.0299356778216153	0.189605087944102	0.874547922981624
chr6:160909689:G:C	6	160909689	-0.0394768650392461	0.291046252402528	0.892107644144653
chr6:161970870:T:G	6	161970870	0.245813499348299	0.239724519515124	0.305174533368509
chr6:162760256:C:T	6	162760256	-0.120229165521566	0.210373415352911	0.567658316536706
chr6:163629327:G:A	6	163629327	0.368778713728615	0.131424205287688	0.00501578571292616
chr6:167509019:C:T	6	167509019	-0.00333887497614242	0.184790322387587	0.985584245904313
chr7:6986920:C:A	7	6986920	-0.4785024966532	0.401995912985275	0.233921892411226
chr7:7863676:G:A	7	7863676	-0.192208018476077	0.290279714958204	0.507876628285244
chr7:8111839:A:G	7	8111839	0.170458211923332	0.153272293293606	0.266083672140071
chr7:9602661:C:A	7	9602661	-0.33014284293483	0.207798574671602	0.112113739959696
chr7:10804524:T:C	7	10804524	0.654157071909193	0.401063181737847	0.102878207598351
chr7:11334355:C:A	7	11334355	-0.0437534591488661	0.195672724275786	0.823064435564559
chr7:12476280:G:A	7	12476280	-0.0324802503157463	0.183964016367856	0.859855879288877
chr7:12972158:C:G	7	12972158	-0.0892478846293465	0.16812031257625	0.595517713017448
chr7:20850990:A:T	7	20850990	0.0666381537156246	0.145215882867456	0.646312976125249
chr7:22822020:C:A	7	22822020	-0.0714389905352277	0.179930092660049	0.691339822386255
chr7:24140802:T:C	7	24140802	-0.287851352628917	0.141931117613868	0.0425494296743735
chr7:24278575:A:G	7	24278575	0.139467451119373	0.184258855456616	0.449103521031242
chr7:24620726:T:A	7	24620726	-0.0703593733735374	0.168182524387961	0.675690306256026
chr7:24740434:C:T	7	24740434	-0.00101092779931535	0.126777239784803	0.993637697613792
chr7:28505993:C:T	7	28505993	0.156054766535984	0.162458995032074	0.336763682634394
chr7:36413989:G:A	7	36413989	-0.0403876578056041	0.197214670209499	0.837735940807747
chr7:41157573:G:A	7	41157573	0.195894497984863	0.221222127568814	0.375881404881169
chr7:43755241:C:T	7	43755241	-0.283005054028233	0.18733923938888	0.13087624340686
chr7:44689517:A:G	7	44689517	-0.038124562266434	0.191610233095505	0.842286725534191
chr7:46192346:C:G	7	46192346	-0.0750812056363046	0.138330067241004	0.587289191423786
chr7:46368666:G:A	7	46368666	-0.206692386272014	0.418586839552227	0.621457211567274
chr7:47748540:G:T	7	47748540	-0.886393060507351	0.406725149576409	0.0293062969658153
chr7:48301675:T:C	7	48301675	-0.248909129432286	0.148309461331985	0.0932867581821757
chr7:51890159:C:T	7	51890159	0.142681145664269	0.163466436974457	0.382746622662866
chr7:53046603:C:G	7	53046603	-0.199614168851783	0.288937550329037	0.489656194706915
chr7:55663907:C:A	7	55663907	-0.0386203975869179	0.147230492524728	0.793080530895666
chr7:56122201:A:G	7	56122201	-0.121720973038073	0.179206408977004	0.496997077113998
chr7:62910214:G:T	7	62910214	-0.137989929150393	0.160559712784456	0.390102997337374
chr7:65406204:G:T	7	65406204	0.069390933946849	0.278534576221257	0.803261293484526
chr7:67766433:G:A	7	67766433	0.00663578944418479	0.144514318224244	0.963375712285249
chr7:68433432:T:C	7	68433432	-0.112559199899142	0.108694987969944	0.300411677273083
chr7:71020152:T:G	7	71020152	-0.402263538546922	0.205596612061852	0.0503984025568264
chr7:71553830:T:C	7	71553830	0.172240230220313	0.158439659219272	0.27699128837666
chr7:78390279:T:G	7	78390279	0.325630558135906	0.157943057982979	0.0392366953226494
chr7:83524616:A:T	7	83524616	-0.194444572167894	0.134122358914154	0.147126827956137
chr7:84786535:C:A	7	84786535	0.243910135075689	0.1637773018258	0.136413852917718
chr7:86620755:G:A	7	86620755	0.0491667332081816	0.15152728636066	0.74557886120138
chr7:89207269:G:A	7	89207269	-0.183789849088642	0.195707409140307	0.347676725580261
chr7:91097147:A:G	7	91097147	-0.124653106786548	0.171214340451741	0.466581169680753
chr7:96212691:T:C	7	96212691	0.322961869292407	0.170026240883955	0.0575010652468634
chr7:103095283:G:A	7	103095283	0.280197676770409	0.156362822901394	0.0731375780548918
chr7:104663551:G:A	7	104663551	0.457135716338913	0.284734834380647	0.108388493474037
chr7:113434486:A:C	7	113434486	0.206693022019858	0.164598633232592	0.209210396349683
chr7:113749820:G:A	7	113749820	0.130586032272665	0.156683138589267	0.404596489379525
chr7:117145973:C:G	7	117145973	-0.216723488397327	0.148054783351349	0.143246947465189
chr7:119808046:G:A	7	119808046	-0.131107160082918	0.217298173602934	0.546274937307879
chr7:122582926:C:G	7	122582926	-0.273027568155551	0.228000097684351	0.231116082243615
chr7:124802410:A:T	7	124802410	-0.0173522444286863	0.13351322672914	0.896592944915256
chr7:129047886:A:G	7	129047886	-0.787393503759633	0.36609805259997	0.0314941865905053
chr7:131384702:T:A	7	131384702	-0.140695105393381	0.117980292533021	0.233053271795447
chr7:136870573:G:A	7	136870573	-0.0222835056999189	0.23859274339225	0.925589308323205
chr7:142873374:T:C	7	142873374	-0.00540198373495256	0.177441940821045	0.975713218057284
chr7:143187070:C:T	7	143187070	-0.497191080682531	0.426205409377913	0.243391045325271
chr7:145116884:A:G	7	145116884	0.0696614325917154	0.166056897856957	0.674848273275546
chr7:149242006:T:C	7	149242006	-0.00238892510982501	0.154666421335773	0.987676635564368
chr7:153502245:G:A	7	153502245	0.268881694634462	0.141565774811383	0.0575196421256553
chr7:153952270:G:A	7	153952270	-0.000837687367898681	0.134512045554465	0.995031125319584
chr7:154426289:T:C	7	154426289	0.24341649982978	0.209536108559317	0.245360443632105
chr7:156975524:A:T	7	156975524	-0.122879153613186	0.197932345742732	0.534722069485323
chr7:157677820:C:T	7	157677820	-0.140004396126869	0.224745418057143	0.533319607692317
chr8:276778:A:T	8	276778	0.214680351030834	0.146765276535326	0.143536838409229
chr8:1102873:G:T	8	1102873	0.200059786581701	0.153596398269672	0.19274445518033
chr8:8710521:T:C	8	8710521	-0.182870498116521	0.176315350524184	0.299652656676083
chr8:9029509:T:C	8	9029509	-0.052292166470381	0.150703359298708	0.728600786454849
chr8:9109096:A:G	8	9109096	0.0727170899884798	0.148059702127177	0.623331979993965
chr8:9827297:A:G	8	9827297	0.192447175317544	0.1494946925827	0.197983549891439
chr8:10675470:T:G	8	10675470	-0.351778732465123	0.216133097038829	0.103609234630054
chr8:13032868:C:A	8	13032868	-0.0351245161732125	0.258916297012614	0.892090280391567
chr8:14391498:A:G	8	14391498	0.0878568319863342	0.207248558866487	0.671624077112042
chr8:16627132:C:G	8	16627132	0.12198564990141	0.19787674023427	0.537582445790927
chr8:17129593:A:G	8	17129593	0.168534515564142	0.186602778499145	0.366434300541203
chr8:20741226:C:T	8	20741226	0.198115861510075	0.211922028489131	0.349864262340377
chr8:23115837:G:A	8	23115837	0.0882842392997911	0.180982669804519	0.625688016235027
chr8:25783762:T:C	8	25783762	-0.0736046952727828	0.184985668612771	0.690708292524403
chr8:27010051:G:C	8	27010051	0.12712742637297	0.262603180379321	0.628311586114803
chr8:27022227:G:T	8	27022227	0.0594544531920627	0.155723753491165	0.702613891128247
chr8:28150898:A:G	8	28150898	0.0458598185079557	0.115518386496191	0.691373722473078
chr8:28528484:G:T	8	28528484	0.0441174835388033	0.118312830066341	0.709231495560022
chr8:29917542:C:T	8	29917542	0.298721799508403	0.205740797460877	0.146520308378847
chr8:37085597:G:A	8	37085597	0.0449630617777808	0.180289400131246	0.803056166915565
chr8:41788192:C:T	8	41788192	-0.369490077388586	0.18311696487389	0.0436139920857498
chr8:42055528:T:G	8	42055528	-0.0437950074504912	0.162153365904327	0.787095736458997
chr8:50763512:C:T	8	50763512	-0.0514732145996186	0.178460515545259	0.77301825779228
chr8:51570259:T:G	8	51570259	-0.462241142961543	0.305556169102659	0.130333986087968
chr8:53142705:G:A	8	53142705	0.204326004934068	0.140471344326282	0.145787154919572
chr8:60609620:T:A	8	60609620	-0.128947482874825	0.265508500520073	0.627206580405158
chr8:61304314:G:C	8	61304314	0.00657646262356139	0.135837723967675	0.961386213673538
chr8:61926940:A:T	8	61926940	-0.148432133608829	0.171549233455343	0.386904276532994
chr8:63445672:G:A	8	63445672	-0.110662666504233	0.198524832356371	0.577237219869734
chr8:65343369:C:A	8	65343369	-0.0100192140740375	0.150470909448315	0.946911513089816
chr8:65418628:G:T	8	65418628	0.0848864875366935	0.173883978487363	0.625423136035529
chr8:71273350:T:A	8	71273350	-0.442347315794515	0.272022525162479	0.103919402114387
chr8:72033005:T:C	8	72033005	0.613091660282383	0.216807489494052	0.00468667538925038
chr8:72065200:T:A	8	72065200	-0.174021044642368	0.11334723361778	0.124712240420802
chr8:73211475:T:C	8	73211475	-0.179655897390213	0.186698600055457	0.335910133221263
chr8:75992459:A:G	8	75992459	-0.191729132950811	0.343489450494398	0.576721095908272
chr8:78402394:T:A	8	78402394	0.745256100715672	0.335949613982134	0.02653051619639
chr8:79795588:T:G	8	79795588	0.137431190257006	0.203657904321446	0.499793990698335
chr8:86323708:T:C	8	86323708	0.0814114857523356	0.125366680059288	0.516088298158906
chr8:89525432:A:G	8	89525432	0.163571578378327	0.128415554211145	0.202745774093951
chr8:92001032:A:G	8	92001032	0.0213885403779259	0.181178696224217	0.906026311845323
chr8:92645879:A:G	8	92645879	-0.325248240623643	0.315175673392157	0.302091521168927
chr8:95906161:G:A	8	95906161	-0.117939394568382	0.15568281094613	0.448713186432619
chr8:96365126:C:T	8	96365126	-0.0421636539287513	0.126579308109587	0.739058284173576
chr8:97430280:G:A	8	97430280	0.276256418258155	0.311361872102526	0.374943285942702
chr8:98002322:C:T	8	98002322	-0.0716419081584044	0.132145108379702	0.587718107920346
chr8:98018653:A:G	8	98018653	-0.52917684773334	0.492806578289086	0.282911289327577
chr8:104471980:T:G	8	104471980	-0.877909713450721	0.690277209885901	0.203436384933893
chr8:106920372:G:A	8	106920372	0.377782567104559	0.200207961095411	0.0591669469862165
chr8:108142424:A:G	8	108142424	-0.103121945303912	0.140032802105756	0.461479528496103
chr8:109421925:C:T	8	109421925	0.212847772002597	0.162718011577434	0.190847019528791
chr8:116252872:C:T	8	116252872	-0.105870036147858	0.182282217803893	0.561373317255166
chr8:116821900:C:T	8	116821900	0.189427662057918	0.231763549407405	0.413738978988275
chr8:119015250:G:A	8	119015250	0.411298183213691	0.260023312278966	0.113701112363607
chr8:121384602:C:T	8	121384602	-0.0674740799806239	0.150841643450431	0.654645961872231
chr8:127029052:C:T	8	127029052	0.193129993318343	0.14726247720561	0.189699774065439
chr8:128437247:A:G	8	128437247	-0.0402459302880245	0.150745987708825	0.789485752713809
chr8:131111695:G:T	8	131111695	0.0527226221340364	0.184844745080634	0.775470608999601
chr8:131315237:G:A	8	131315237	0.0612624685722947	0.173948440659625	0.724697641561727
chr8:135895676:A:T	8	135895676	0.292796199773822	0.175056298045424	0.0944094027637203
chr8:138585221:A:T	8	138585221	0.202306631931913	0.228743290937926	0.376466014171735
chr8:141605122:C:T	8	141605122	0.0272850896174628	0.151657931450555	0.857221613627418
chr9:733358:A:C	9	733358	0.42855401515754	0.158924363879463	0.00700532461617465
chr9:5461379:C:T	9	5461379	-0.0393911287481415	0.174112942269175	0.821015580320203
chr9:11397008:T:G	9	11397008	0.0165588927446113	0.166022681782287	0.920551745461255
chr9:11517950:T:C	9	11517950	0.55037442077285	0.323289729638327	0.0886769420524737
chr9:11955148:T:G	9	11955148	-0.39557397691221	0.240260163528737	0.0996731749949988
chr9:12389360:A:G	9	12389360	-0.19030261022675	0.261015830407918	0.465949942490415
chr9:12615226:G:C	9	12615226	-0.0355470027084677	0.156584944901736	0.820412716747996
chr9:13582959:T:A	9	13582959	-0.663065621201199	0.395106409485397	0.0933090274959733
chr9:13820455:C:G	9	13820455	-0.0265125115853335	0.154926910910176	0.864122210439622
chr9:14098421:G:A	9	14098421	0.133945243384508	0.144928674783444	0.35537442971526
chr9:18952915:A:G	9	18952915	0.083923906032264	0.128163316883468	0.512583637804625
chr9:21476808:G:A	9	21476808	-0.0317561902124365	0.219473944435217	0.884953817443337
chr9:29651949:A:G	9	29651949	-0.21915312905963	0.169606510858588	0.196313213882578
chr9:32058643:A:T	9	32058643	-0.0321085021714881	0.141947065355697	0.821045454270439
chr9:37013405:C:T	9	37013405	-0.138085544094947	0.13354469267096	0.301135001461836
chr9:37992585:C:T	9	37992585	0.391077959676305	0.182476624781973	0.0320996562469461
chr9:72294932:G:A	9	72294932	-0.216231424285514	0.332759264719825	0.515812771725559
chr9:73616570:C:T	9	73616570	-0.203913840081611	0.33052328191912	0.537272692319077
chr9:76464251:C:G	9	76464251	0.342494467286844	0.272283003482015	0.20844163670082
chr9:79067117:C:T	9	79067117	-0.105628555550154	0.301001698042534	0.725645775301065
chr9:82773489:T:C	9	82773489	0.387585296882462	0.289453763668514	0.18056312935281
chr9:89995415:A:G	9	89995415	-0.0534555550403298	0.203907460082812	0.793201208507095
chr9:91844381:C:T	9	91844381	-0.360418963411865	0.25984668345989	0.165428134910811
chr9:94568472:C:A	9	94568472	-0.22488937141758	0.163536664408648	0.169081292817725
chr9:95559980:C:T	9	95559980	-0.0783858331258027	0.179068504832875	0.661573207650288
chr9:96162075:C:T	9	96162075	0.165355510973718	0.139977034992027	0.237481752945769
chr9:97240484:A:G	9	97240484	-0.272488857214104	0.524544832638198	0.603428305729222
chr9:100192956:A:G	9	100192956	0.209353242163016	0.17178058428518	0.222948697366656
chr9:100529836:G:C	9	100529836	0.094164646087653	0.142829633694349	0.509716319276724
chr9:101460357:C:T	9	101460357	0.0675122865525584	0.212077787388308	0.750229035072492
chr9:103293239:C:G	9	103293239	0.331701498083824	0.245063043367469	0.175884657027574
chr9:105684376:G:T	9	105684376	-0.486727592215708	0.443938302719905	0.272910033631582
chr9:106822394:G:C	9	106822394	-0.0870247474705833	0.184941268966656	0.637959674405692
chr9:107904127:G:A	9	107904127	0.0953479922094413	0.145084892694097	0.511060298695175
chr9:117420412:T:C	9	117420412	-0.363284536487076	0.16812879106676	0.0307145408214832
chr9:117972207:C:A	9	117972207	-0.345034362545551	0.159989669188604	0.0310365316285763
chr9:118511323:G:A	9	118511323	-0.220439521838032	0.292609999081604	0.45123596770601
chr9:121356498:A:G	9	121356498	-0.0470399860491117	0.300764165997619	0.875716504211768
chr9:124044726:T:G	9	124044726	0.208458632778162	0.183713163764142	0.256502620996114
chr9:125005426:C:T	9	125005426	0.0994638464033574	0.172722466471743	0.564710257108712
chr9:129533341:A:G	9	129533341	0.0854935275020347	0.130450594349587	0.512228962411794
chr9:136630984:C:T	9	136630984	-0.0782596826965677	0.156015685062701	0.61593893039364
chr10:2050300:A:G	10	2050300	0.0233054096491689	0.106097728715514	0.826136087188991
chr10:3113976:C:T	10	3113976	-0.0894613833008415	0.134973516511431	0.507454209057482
chr10:4591592:T:C	10	4591592	-0.120928325756005	0.200661230429203	0.546742096815109
chr10:7462546:C:T	10	7462546	0.220989982118459	0.159092254070822	0.164812029479926
chr10:7849544:T:G	10	7849544	0.127946668311168	0.187585821412402	0.49519466530519
chr10:9367893:G:A	10	9367893	0.051986684763447	0.125441499978502	0.678559432608675
chr10:10628189:C:T	10	10628189	0.0900472294079494	0.176883900742013	0.610699426165276
chr10:14014383:T:C	10	14014383	0.0494448039129045	0.147078627651669	0.736735590767628
chr10:16341555:C:T	10	16341555	0.369805788558792	0.179274870096679	0.0391329136560419
chr10:18075702:C:T	10	18075702	-0.175141803984859	0.208372858438557	0.400616222896835
chr10:20923823:C:G	10	20923823	-0.679494793710198	0.488915704265336	0.164589774724731
chr10:26220185:A:C	10	26220185	-0.43225163852812	0.33920147746835	0.202549601286191
chr10:27289376:T:C	10	27289376	-0.207680554961853	0.161851256585678	0.199437116100338
chr10:27674317:A:G	10	27674317	-0.175350495954856	0.138552200907734	0.205659349669237
chr10:28771902:G:A	10	28771902	-0.16588242817009	0.185316958474707	0.370718581857815
chr10:28891836:C:T	10	28891836	0.336858316318516	0.165923843506101	0.042336379661039
chr10:30622484:G:A	10	30622484	0.105684306296277	0.182297757592205	0.562093648427209
chr10:35177843:G:T	10	35177843	0.140079803218693	0.183180488707931	0.444444732344861
chr10:43613180:G:A	10	43613180	-0.321250346551247	0.361506197404373	0.374194386628985
chr10:44139011:T:C	10	44139011	-0.0582469773596288	0.221896793621631	0.792939219509176
chr10:45036473:A:G	10	45036473	0.180122313753214	0.174205421834088	0.301152513018043
chr10:51560095:T:G	10	51560095	0.0880549150242452	0.17813624280092	0.621085722497749
chr10:54072488:A:G	10	54072488	-0.0887603782910896	0.119139342636487	0.45626376353001
chr10:54082016:C:T	10	54082016	0.045236068109761	0.161399744594554	0.779267695526123
chr10:55299918:G:C	10	55299918	-0.0738716732171142	0.141648887236968	0.602009761195867
chr10:56747004:T:C	10	56747004	0.321004191262344	0.194037236873684	0.0980577919072864
chr10:57761967:T:C	10	57761967	0.141556156206795	0.228940743636908	0.536371572638373
chr10:61894829:G:A	10	61894829	0.0971966476104306	0.249416851765244	0.696761656692185
chr10:62473064:C:G	10	62473064	-0.277099489863378	0.243458185132392	0.255044894861136
chr10:65713195:A:G	10	65713195	-0.23967353148855	0.314130076345859	0.445478046392468
chr10:69232402:C:A	10	69232402	0.0441616098441838	0.179952442483179	0.806141220037441
chr10:79437519:C:T	10	79437519	-0.188446966459959	0.244436570776764	0.440739982652974
chr10:81546102:G:A	10	81546102	-0.412502532167587	0.310060313643436	0.18338832976777
chr10:82354363:C:G	10	82354363	-0.155856844686076	0.243770990946572	0.522590301300445
chr10:84591955:C:T	10	84591955	-0.0606302005123341	0.180168578834192	0.736479314795885
chr10:84989741:G:A	10	84989741	-0.147101196505724	0.180635279443954	0.415441757438503
chr10:86779196:C:A	10	86779196	-0.157291742784292	0.2351282672492	0.503520079710281
chr10:91053424:A:C	10	91053424	0.0745689967896041	0.153746210274575	0.627666726700571
chr10:93612452:G:A	10	93612452	-0.224763282928236	0.262577416924432	0.392004069538197
chr10:93671121:T:C	10	93671121	-0.141089070898149	0.114631306683289	0.218394873400264
chr10:101249704:C:T	10	101249704	0.16781107846921	0.166740263798141	0.314212590105969
chr10:102352980:T:C	10	102352980	-0.219482741936938	0.178674847695614	0.219299873870567
chr10:104637359:T:C	10	104637359	0.14555410015947	0.15069498626926	0.334101485395957
chr10:108480456:T:C	10	108480456	0.288647104584556	0.143805188066543	0.0447273864504673
chr10:109264424:C:T	10	109264424	-0.274625328189522	0.305133645232227	0.368111447664823
chr10:111352001:T:G	10	111352001	-0.312255525431727	0.241276501406574	0.195602819939394
chr10:118828443:C:T	10	118828443	0.296862084374134	0.155631400599961	0.0564598714357634
chr10:120152982:A:G	10	120152982	0.107465763636051	0.182680918552055	0.556350859480034
chr10:121580593:A:G	10	121580593	0.082220080764531	0.18300116843125	0.653224497290322
chr10:121611573:C:G	10	121611573	0.142676781329083	0.172713493893819	0.408753397343788
chr10:121734173:T:C	10	121734173	-0.122328342364028	0.131724114470519	0.353059703709226
chr10:121910644:T:A	10	121910644	-0.0396298388493572	0.191974864031994	0.836453136096091
chr10:122561189:A:G	10	122561189	0.253888509415749	0.166501039396387	0.127297415217498
chr10:123750431:C:G	10	123750431	-0.0383865129662501	0.149355601746393	0.797167798431342
chr10:127533155:T:C	10	127533155	-0.129980215422022	0.19363165268627	0.502044937498697
chr10:129953349:A:G	10	129953349	0.222029067770123	0.162722857713359	0.172422376416819
chr10:130263340:C:T	10	130263340	-0.082583848762897	0.290843856975542	0.776452029994943
chr10:130662147:G:T	10	130662147	0.414690332940681	0.205312003244499	0.0434035565385757
chr10:131485315:A:G	10	131485315	-0.0344953336519324	0.219152521224081	0.874926999878801
chr10:131819683:A:G	10	131819683	0.121345335880871	0.129600360679937	0.349116690163983
chr10:131953941:A:C	10	131953941	0.390812434175338	0.190306113310314	0.0400145240161968
chr11:388357:C:T	11	388357	0.163287979019491	0.176981441796799	0.356201259862005
chr11:2257707:C:T	11	2257707	0.0312266042530992	0.163816109943204	0.848823427982199
chr11:3623903:G:A	11	3623903	0.0429647002233782	0.189556429245461	0.820688789491171
chr11:5806222:C:T	11	5806222	0.0637572816258149	0.166403420094711	0.70160938960253
chr11:9789492:C:A	11	9789492	-0.0409066882061488	0.145094817844556	0.777996624233384
chr11:14569664:T:G	11	14569664	0.000563118020407587	0.188736199139664	0.997619415301227
chr11:21819583:A:G	11	21819583	0.0949120614380131	0.200137474710661	0.635332814320428
chr11:36019710:C:A	11	36019710	0.0706159389604088	0.110658292800753	0.523379868162557
chr11:39635569:C:T	11	39635569	-0.208672863066242	0.242945796609183	0.390380431439032
chr11:40512905:C:G	11	40512905	0.205151875903035	0.193045955177035	0.287913463665233
chr11:41632790:A:T	11	41632790	0.0583017669277614	0.252174466636547	0.817162417418549
chr11:42744986:A:G	11	42744986	0.187553555133982	0.187666540817567	0.31760195520845
chr11:43201079:C:T	11	43201079	0.285619133321195	0.184692742124755	0.121994564724275
chr11:43982585:G:A	11	43982585	-0.0648835550492956	0.278771267060503	0.815956814891862
chr11:44330300:A:G	11	44330300	-0.0341263202705159	0.320184518356665	0.915119573487694
chr11:49875094:A:G	11	49875094	-0.116281729933244	0.119581163467756	0.33084740597292
chr11:50253126:G:T	11	50253126	0.0602719534902875	0.145285138278449	0.678249628794141
chr11:55906271:G:A	11	55906271	0.0738403993147208	0.163811012245147	0.65215836441027
chr11:56124264:C:A	11	56124264	-0.729008804865818	0.381650955109634	0.056114498753331
chr11:57305789:G:A	11	57305789	0.136476466379627	0.14571849177956	0.348976616558962
chr11:58998793:A:C	11	58998793	-0.0186127108367644	0.169650255052395	0.912637586646482
chr11:60456695:C:T	11	60456695	0.0461047289295503	0.286931289074354	0.87234376956796
chr11:62505064:A:G	11	62505064	0.792535060157442	0.290536162093129	0.00637512560499354
chr11:63184971:C:T	11	63184971	0.112827759268919	0.167744075142039	0.501190062990214
chr11:65009160:T:C	11	65009160	-0.0628947280824571	0.361466208285778	0.861866314860432
chr11:70801858:T:C	11	70801858	0.184822513789386	0.151912209962146	0.22374110982759
chr11:71334794:T:G	11	71334794	0.130004634308675	0.296020980229369	0.660535667575705
chr11:72713691:C:T	11	72713691	-0.432426386445791	0.284977568878499	0.129164463620471
chr11:77208574:G:A	11	77208574	0.0960679560253589	0.190803609852557	0.614618901221909
chr11:77376654:A:G	11	77376654	-0.122402656708061	0.154829381872084	0.429198004276573
chr11:77897055:A:G	11	77897055	-0.122059933575195	0.175947565820021	0.487852159076576
chr11:79339250:G:A	11	79339250	-0.269924547506213	0.380119150230511	0.477638963418084
chr11:81783030:C:T	11	81783030	0.244012012225631	0.170577993729907	0.152573242669815
chr11:83962252:C:T	11	83962252	0.361325343722462	0.226066111493168	0.109972411850834
chr11:86328783:G:T	11	86328783	-0.141236509478151	0.220820989640279	0.522434436143329
chr11:86644523:C:T	11	86644523	0.394856991699137	0.240240165145287	0.100260354235764
chr11:93046218:A:C	11	93046218	-0.134902673623932	0.13445118160276	0.315688143204351
chr11:99371984:G:C	11	99371984	-0.463188336678306	0.356498795281146	0.19385114465448
chr11:100626548:G:A	11	100626548	0.188279092110959	0.157708498445722	0.232539622903825
chr11:104129521:G:A	11	104129521	0.205814572543652	0.246926895638922	0.404560503305451
chr11:108728662:A:G	11	108728662	-0.117121851929495	0.251566403526222	0.641523089037112
chr11:110338613:G:A	11	110338613	0.441455671633986	0.239919754397554	0.0657662035754059
chr11:110396347:G:A	11	110396347	0.13826655760462	0.158539340429881	0.383138691230518
chr11:113789228:G:C	11	113789228	0.345040894796056	0.353119228840615	0.328508298071529
chr11:113800784:C:T	11	113800784	0.0542535318388305	0.211984500987805	0.798003656195882
chr11:115616504:A:T	11	115616504	0.21609695940761	0.165065389200875	0.190480251912027
chr11:119630310:G:A	11	119630310	0.111625300959413	0.177850012649315	0.530241570911274
chr11:123267436:G:A	11	123267436	0.030631294197143	0.279142570696939	0.912620723397044
chr11:125907492:T:C	11	125907492	-0.00730800635371464	0.118606845088166	0.950869125234134
chr11:126829359:G:A	11	126829359	0.193199742076554	0.138629680554551	0.163426617562163
chr11:130038952:T:C	11	130038952	-0.278574396313522	0.580837261325023	0.631505912987128
chr11:130290657:C:T	11	130290657	0.366327905024299	0.239882384844579	0.126732503747233
chr11:131355535:G:A	11	131355535	0.196268111355204	0.162421195402586	0.22689737194975
chr11:133238417:A:G	11	133238417	-0.125174389215847	0.119600952796613	0.295283978396426
chr11:133300920:A:C	11	133300920	0.382152036776333	0.221505865816773	0.0844832077107884
chr11:133409278:A:G	11	133409278	-0.0213046888195185	0.386015388842349	0.955986064735862
chr11:134309503:C:T	11	134309503	-0.279989197192978	0.201642716936988	0.164972342806369
chr12:5192681:C:T	12	5192681	-0.251796587193419	0.157474108633655	0.109826969923049
chr12:5448727:G:A	12	5448727	0.0554907116227411	0.135326826414071	0.681769560016863
chr12:6639294:C:T	12	6639294	0.311558205818926	0.173673006258947	0.0728234326928551
chr12:19523028:C:A	12	19523028	-0.172708789881145	0.127663940215431	0.176106988691562
chr12:19758400:A:T	12	19758400	0.0239369016352382	0.270360817661219	0.929449978221514
chr12:20003679:T:A	12	20003679	0.132465074658135	0.166551853617305	0.426416717343408
chr12:21333090:G:A	12	21333090	-0.117040732750933	0.133592855408831	0.380975542049998
chr12:25518059:A:T	12	25518059	0.136690084902552	0.17029093515889	0.422156466398919
chr12:28965843:C:T	12	28965843	-0.130547913937964	0.162515318370157	0.421803638247429
chr12:32086665:A:C	12	32086665	0.085546138412405	0.171787726779714	0.618501067510494
chr12:44631613:C:T	12	44631613	-0.0458145414978251	0.320140055637463	0.886205038814105
chr12:48567461:T:G	12	48567461	-0.039857180499873	0.180145225943868	0.824897566503014
chr12:51039498:T:C	12	51039498	0.379858557822121	0.228643021762178	0.0966410019711418
chr12:52880890:G:T	12	52880890	0.0435153330280347	0.192568592991958	0.821222297441134
chr12:53646626:C:G	12	53646626	-0.100136036218107	0.20622273343962	0.627270476941969
chr12:53680144:C:A	12	53680144	-0.228246415577617	0.157829453328713	0.148132732736443
chr12:54366280:G:A	12	54366280	-0.021226786307649	0.114437212360848	0.852845903249014
chr12:55599330:T:C	12	55599330	-0.377947620726076	0.232046627966716	0.103364424220827
chr12:56675083:C:T	12	56675083	-0.113804206119299	0.141952261234227	0.422722120756461
chr12:57436134:C:T	12	57436134	-0.237941150024778	0.18308085306988	0.193720730979372
chr12:58724212:C:T	12	58724212	-0.071379488981356	0.208925736321629	0.73261426410477
chr12:59048769:A:C	12	59048769	-0.012052726687809	0.26618858132226	0.963885003951283
chr12:59161225:G:A	12	59161225	-0.142514255663832	0.268141753108639	0.595080314759795
chr12:59226687:C:T	12	59226687	-0.119003969591242	0.220579800684292	0.589538247021938
chr12:63113400:T:C	12	63113400	-0.18276382624026	0.197723979672473	0.355310263082108
chr12:64271340:C:T	12	64271340	0.0648612110432042	0.158315908258656	0.682029814155498
chr12:64756705:C:T	12	64756705	0.150555968914562	0.14876566126878	0.311521598906498
chr12:67050802:C:T	12	67050802	0.177402049887809	0.16497961426898	0.282241872240102
chr12:71564908:A:G	12	71564908	0.0566674774226508	0.175810114107403	0.74720872584014
chr12:73909094:G:A	12	73909094	-0.0732454948934228	0.111516020642579	0.511299302577484
chr12:81126959:G:A	12	81126959	-0.0750492099399193	0.14064604591454	0.593615947342015
chr12:83608380:A:G	12	83608380	-0.165309051470589	0.118615145103543	0.163420635982447
chr12:90727178:A:C	12	90727178	-0.0641931609841088	0.140413165934248	0.647546433839918
chr12:92596791:C:T	12	92596791	-0.00552178519956001	0.182337292875668	0.97584107026621
chr12:95914573:A:T	12	95914573	-0.01723588358832	0.225801137866433	0.939154858093677
chr12:101611098:G:C	12	101611098	0.0742716173957021	0.224123556893816	0.740352236269299
chr12:105967464:T:C	12	105967464	0.225685024921119	0.124518065368878	0.0699138942250214
chr12:109533295:C:T	12	109533295	-0.0431841500309575	0.185791840007064	0.816201740079482
chr12:112209515:G:A	12	112209515	-0.438813936904505	0.439672164851633	0.31825607018798
chr12:120976632:C:A	12	120976632	0.0350574004405911	0.224245208614244	0.87576887897677
chr12:125875525:T:C	12	125875525	0.143023211466188	0.153482629935654	0.351412626845674
chr12:126449337:A:G	12	126449337	0.0204098101771195	0.123276918776371	0.868502695042848
chr12:131091094:G:A	12	131091094	-0.030832337664285	0.164584507869943	0.851398464363193
chr12:132776953:G:A	12	132776953	0.0414464435082394	0.323241456670392	0.897973835130508
chr13:19545220:A:G	13	19545220	-0.178483791145443	0.210199735218568	0.395817190788508
chr13:22977365:T:G	13	22977365	-0.120766292937114	0.253060552785578	0.633203400191804
chr13:24330599:T:C	13	24330599	-0.0209092722581834	0.196802718884299	0.915388099596242
chr13:24623185:A:C	13	24623185	-0.112305008112861	0.151979505449901	0.459938347962763
chr13:25202506:T:G	13	25202506	0.0366159550598063	0.223199781501844	0.8696916736515
chr13:26234118:A:T	13	26234118	0.292026284319284	0.163638672160124	0.0743294849783277
chr13:26494236:G:A	13	26494236	-0.185926754998338	0.158397593584341	0.240476004874711
chr13:27255876:A:G	13	27255876	0.461756775235615	0.206779193396858	0.0255429377847385
chr13:42909938:A:G	13	42909938	-0.111262134549954	0.238553955494607	0.640927502396194
chr13:45470952:C:T	13	45470952	-0.00912982913491959	0.388111657352722	0.981232519582666
chr13:45708351:G:A	13	45708351	-0.0930387126616957	0.29928784833128	0.755901739862909
chr13:45809177:C:G	13	45809177	-0.0880558732390211	0.159979399977328	0.582031282994115
chr13:50558767:A:T	13	50558767	-0.312734256604614	0.264719285287323	0.237451518488473
chr13:58710908:G:A	13	58710908	-0.0949556746113419	0.128584565617787	0.460229691970414
chr13:58934154:C:T	13	58934154	0.223613348613761	0.133160703008887	0.0930985939699081
chr13:70397215:T:C	13	70397215	0.138630689603688	0.161055179312147	0.389367388915567
chr13:70990050:T:C	13	70990050	0.58059155260614	0.282040707913677	0.0395385045476473
chr13:75832713:T:C	13	75832713	0.258552932769008	0.188057532964965	0.169174600041567
chr13:86776101:G:A	13	86776101	0.264345215563221	0.154364038109172	0.0868083813509253
chr13:91472230:T:C	13	91472230	0.279715180413275	0.125131664103261	0.0253932711249955
chr13:93235990:C:T	13	93235990	0.153911842446679	0.158971131827201	0.332957082210495
chr13:96765286:G:A	13	96765286	-0.279980540072364	0.154963241279333	0.0708005593135962
chr13:102180181:A:G	13	102180181	0.163215112125203	0.152833805261069	0.285554135881874
chr13:104405113:C:T	13	104405113	0.193832785077022	0.408938683295423	0.63550714537335
chr13:106009559:G:C	13	106009559	0.172903903672212	0.141821594499392	0.222781628296866
chr13:106084136:A:G	13	106084136	0.240714845130984	0.165334485429929	0.145412961772557
chr13:112716578:T:C	13	112716578	0.0555517017356434	0.199011641050721	0.780138959366823
chr14:21167555:A:G	14	21167555	0.389757629724143	0.182721563731812	0.0329190993466354
chr14:26929954:A:G	14	26929954	0.273086739341255	0.153639124002544	0.0754932905494751
chr14:27823594:G:A	14	27823594	-0.0968036340938088	0.17348540195768	0.576849186994046
chr14:34182794:A:C	14	34182794	0.0709711525222822	0.229706044788549	0.757348070264737
chr14:38216062:T:A	14	38216062	0.127570687086434	0.133472873612656	0.33918345557718
chr14:38962987:G:A	14	38962987	0.0456984480016541	0.337052192285478	0.892151178490166
chr14:39925237:C:T	14	39925237	0.0789944954141908	0.215660750702324	0.714148278895061
chr14:44446011:A:G	14	44446011	-0.0517234270196883	0.235510383326077	0.826165008469932
chr14:48685878:C:A	14	48685878	0.220923197231254	0.201234101955153	0.272273600288138
chr14:51426205:T:C	14	51426205	0.184227550988629	0.145303379414114	0.204840064301084
chr14:52881822:T:G	14	52881822	0.477833526526686	0.205976706091499	0.0203493964903849
chr14:53358297:A:G	14	53358297	-0.235003710758413	0.136068368633897	0.0841496643248605
chr14:56254615:G:A	14	56254615	-0.0315660262892706	0.176976196428751	0.858437812028794
chr14:57978070:T:C	14	57978070	0.0204697571333492	0.134242960589992	0.878806069509307
chr14:62445185:T:C	14	62445185	-0.261062334007857	0.144176515508658	0.0701852431804338
chr14:67518615:G:A	14	67518615	-0.324926982203408	0.161631124539498	0.0443994910399844
chr14:68863518:T:G	14	68863518	-0.247648601719217	0.158097989730808	0.117249215946523
chr14:77734277:G:A	14	77734277	-0.0683269448625868	0.247674681028893	0.782645030613773
chr14:81022028:G:A	14	81022028	-0.176154920195387	0.203877830067573	0.387575832947289
chr14:81884763:T:G	14	81884763	-0.00963069944125648	0.214823040119299	0.964242135235553
chr14:82929256:T:A	14	82929256	-0.218218193234294	0.454860703547716	0.63140709189588
chr14:84531019:T:G	14	84531019	-0.0731203184680384	0.18380732238967	0.690770535991879
chr14:84812257:C:T	14	84812257	0.0248974542401556	0.347858163354077	0.942941265883497
chr14:90804831:C:G	14	90804831	-0.237897809288127	0.291624706638341	0.414633416083308
chr14:91397629:G:T	14	91397629	-0.24327862390647	0.192102619123557	0.205370158585604
chr14:91532430:A:C	14	91532430	-0.164697348500335	0.387510792477565	0.670826776485036
chr14:91961156:T:C	14	91961156	-0.0968178211682627	0.120217791187259	0.420615706137613
chr14:92998270:C:G	14	92998270	-0.0914397806905207	0.228626761047202	0.689191708822475
chr14:93757265:G:A	14	93757265	0.499589273030367	0.265303817929223	0.0596890370953567
chr14:93769225:C:T	14	93769225	-0.563275514239871	0.691258304861192	0.415155125083608
chr14:98340169:A:G	14	98340169	0.0427786030123269	0.194853377393558	0.826227455453129
chr14:100721312:C:T	14	100721312	-0.0467123875701747	0.251148350442704	0.852448525809654
chr14:102093442:A:G	14	102093442	-0.214186075631956	0.184309297197732	0.245194315577133
chr15:24165057:A:G	15	24165057	-0.189816336455179	0.176210137046954	0.281383886702852
chr15:26353849:A:G	15	26353849	-0.00909436541922074	0.134133089142164	0.945944001168836
chr15:28182824:G:A	15	28182824	0.0314125532704318	0.366924545320374	0.931776139096431
chr15:33665926:A:G	15	33665926	0.717564092281534	0.315293876133402	0.0228545096141032
chr15:34880184:A:T	15	34880184	-0.29885447604239	0.258193168016203	0.24707464857871
chr15:37080410:C:T	15	37080410	0.359909168586861	0.152541564529875	0.0183036722899446
chr15:37762539:C:G	15	37762539	0.159042142569549	0.182082037291	0.382410106653981
chr15:52558833:C:G	15	52558833	-0.445827509409082	0.34533435333261	0.196702814719509
chr15:55712443:A:G	15	55712443	-0.0449344656941622	0.296876102455363	0.879693604258717
chr15:57522102:A:T	15	57522102	0.0576283697191304	0.158807770995257	0.716693559551949
chr15:57590535:T:C	15	57590535	-0.278835512658296	0.247405032437069	0.259725321748354
chr15:58439508:G:A	15	58439508	-0.255958866061949	0.27277004432978	0.348054976423527
chr15:69786285:T:C	15	69786285	0.113967947980969	0.19496623807217	0.558848840486495
chr15:71331250:T:C	15	71331250	0.00393590774083772	0.176329284443199	0.982191617981429
chr15:74245092:G:C	15	74245092	-0.383702847727109	0.518819859770355	0.459561835029614
chr15:76807237:T:C	15	76807237	-0.192785766150938	0.24457098675357	0.430544065505895
chr15:77734259:G:A	15	77734259	0.036679015604862	0.137155647927237	0.789141018596394
chr15:79750604:G:T	15	79750604	-0.00305676747782909	0.178017828344078	0.986300092797005
chr15:81697597:G:A	15	81697597	0.219496222893166	0.199964786980736	0.272346702404812
chr15:87989871:C:T	15	87989871	-0.494629152052811	0.191252241195804	0.00970220481823458
chr15:88891382:T:C	15	88891382	-0.0835536590412969	0.18271654993288	0.647465731889706
chr15:89804552:C:T	15	89804552	0.188709054798718	0.250036727426524	0.450413797263575
chr15:94791129:A:G	15	94791129	0.150640468011932	0.157135354422994	0.337726562646683
chr15:97043895:A:G	15	97043895	0.0370708141795929	0.174466594522506	0.831731898841618
chr15:98725394:C:T	15	98725394	0.398578891607588	0.236529413097449	0.0919666881959359
chr15:100978492:T:G	15	100978492	0.235222449613793	0.160577775308175	0.142961684638324
chr16:2671727:C:T	16	2671727	-0.278130090916101	0.336842262354648	0.408975244202271
chr16:4957642:T:C	16	4957642	0.0449475828308505	0.120530780046051	0.709212652484778
chr16:5603936:C:T	16	5603936	0.171763790995045	0.27921343977085	0.538442317525321
chr16:5884026:G:T	16	5884026	0.0963326711218349	0.154662232077664	0.53337757417111
chr16:6848656:G:A	16	6848656	0.120450009249817	0.171744200747013	0.483094738232244
chr16:7909855:G:A	16	7909855	0.248377235521224	0.123997144886603	0.0451678069475813
chr16:8273542:C:G	16	8273542	0.213920849040193	0.202617518824383	0.291065749267526
chr16:12394716:C:T	16	12394716	0.306020893050209	0.195861189911663	0.118184928495763
chr16:13985277:C:A	16	13985277	-0.583865679313549	0.674793116466349	0.386900826938769
chr16:17779668:G:A	16	17779668	-0.0420276079694442	0.142417966621117	0.767917135613897
chr16:29740733:G:C	16	29740733	-0.121539515436236	0.244588323592565	0.61924925675106
chr16:31127124:G:A	16	31127124	-0.0512167667823338	0.210443048451297	0.807714209918276
chr16:56688556:C:T	16	56688556	0.168272944379067	0.175559652284324	0.337813511676107
chr16:60324635:A:C	16	60324635	0.284349168461829	0.169604305461066	0.0936315839908806
chr16:60499572:C:T	16	60499572	0.184957234011405	0.186207958481955	0.320571969782017
chr16:62273123:C:T	16	62273123	-0.0110803957385626	0.102390729129164	0.913823728950252
chr16:65972427:C:T	16	65972427	0.172160903820283	0.136805173378291	0.208233198113981
chr16:69246420:T:C	16	69246420	-0.22389505252826	0.224006816734308	0.317552022052386
chr16:71908403:G:A	16	71908403	0.315108878404366	0.196882756560827	0.109489928813943
chr16:72103328:C:A	16	72103328	0.203798619436609	0.130945234272929	0.119621250556666
chr16:74837740:A:C	16	74837740	0.262273089246887	0.199077994516796	0.18769155715163
chr16:79886631:C:T	16	79886631	0.186682497476746	0.14035907895336	0.18350671654829
chr16:81396153:C:A	16	81396153	0.103973969175	0.136850524618113	0.447396245505898
chr16:82294878:C:G	16	82294878	0.317059227863767	0.169890083205657	0.0620048655365851
chr16:82421890:A:G	16	82421890	0.0486670605489749	0.163051216898902	0.765339022666408
chr16:83827178:T:C	16	83827178	-0.129683099303575	0.190744667026916	0.496581724152349
chr16:84032337:C:T	16	84032337	-0.0288933678049901	0.205130314072056	0.887985503698958
chr16:89303022:G:A	16	89303022	0.0541934467295725	0.164833642448117	0.742324541121035
chr16:89331863:A:T	16	89331863	0.02705911854768	0.138777735969008	0.845407275832198
chr16:89337630:T:C	16	89337630	-0.0854237153222785	0.100007434741404	0.39300878214885
chr16:89479873:T:G	16	89479873	-0.0815594364828815	0.122589136045208	0.50585401786343
chr16:90035976:C:A	16	90035976	-0.0481051738821004	0.203750243860391	0.813356059126185
chr17:2489248:C:G	17	2489248	-0.0492753191349285	0.208955408258156	0.813574372907378
chr17:4018176:C:A	17	4018176	-0.25019313809383	0.407824049033446	0.539556992455814
chr17:4147521:T:C	17	4147521	-0.141002542168788	0.372939215785787	0.705367811975557
chr17:6949267:T:C	17	6949267	-0.147035466755851	0.160432338647587	0.359407228913103
chr17:7929448:A:G	17	7929448	-0.0606753389196009	0.140930879988126	0.666808254034178
chr17:10308301:C:T	17	10308301	-0.000452525219682889	0.254271977526944	0.998580013814059
chr17:12174148:T:C	17	12174148	0.0229585462148572	0.245788663560944	0.925579697901314
chr17:14402381:C:T	17	14402381	0.0850382322828981	0.28116109151344	0.762306169788965
chr17:15219976:C:T	17	15219976	-0.0318393133800066	0.145751560684838	0.827079126689823
chr17:16482403:T:A	17	16482403	0.0486088016898858	0.164252346550385	0.767276078439349
chr17:18684803:A:G	17	18684803	-0.0544858948248495	0.14895043012104	0.714515184179443
chr17:20040710:T:C	17	20040710	0.110268917358554	0.150693655495527	0.464325891926104
chr17:21275023:A:C	17	21275023	0.42218154840256	0.179789159277348	0.0188642073024827
chr17:30609729:C:T	17	30609729	-0.0687487806533577	0.216027112205118	0.750301796006215
chr17:31554254:C:T	17	31554254	0.293147796772978	0.173679801899772	0.0914374363320802
chr17:33472425:T:G	17	33472425	0.235822585937372	0.203531672837941	0.24659765071307
chr17:44156671:T:A	17	44156671	0.0637361392145747	0.144551104701946	0.659267577808759
chr17:45754773:C:T	17	45754773	0.118924670964544	0.132977405291943	0.371149423516056
chr17:48779278:C:T	17	48779278	-0.198456732898591	0.152649675690261	0.193573680649871
chr17:52703044:C:G	17	52703044	0.221065026939104	0.206846693994997	0.285187514976802
chr17:53282498:G:T	17	53282498	-0.00490207562111095	0.193315165579551	0.979769454165038
chr17:58411807:C:T	17	58411807	0.163143361547444	0.180236971919381	0.365380441189078
chr17:61409438:A:G	17	61409438	-0.0913290091402874	0.211211360770629	0.665446531908423
chr17:61905160:C:T	17	61905160	-0.192263567750017	0.248410654908764	0.438945739398485
chr17:66262233:G:T	17	66262233	-0.085719993155577	0.158390114502799	0.588372943533176
chr17:66751216:C:T	17	66751216	0.0700635596041445	0.166537517598347	0.673968785056017
chr17:66971178:A:G	17	66971178	0.212560072491629	0.240910855003151	0.377604666061887
chr17:68771033:G:A	17	68771033	-0.0855543822493493	0.15526546997252	0.581619951257068
chr17:69081332:C:T	17	69081332	0.14631264671635	0.199660839881879	0.46367680625091
chr17:69213412:T:C	17	69213412	-0.169105741353898	0.143875487402261	0.23985002868754
chr17:72829246:G:A	17	72829246	0.248811824393178	0.161756366667548	0.124002469451003
chr17:73506492:C:T	17	73506492	-0.274543295730256	0.214979615856402	0.201578721186141
chr17:75360149:C:G	17	75360149	-0.181973908908008	0.276212004552127	0.510011557839053
chr17:77625920:A:T	17	77625920	0.350834792922572	0.156445320966828	0.0249265332020562
chr18:1137045:A:T	18	1137045	0.182239362801996	0.120143619574291	0.12930558256224
chr18:4080016:T:A	18	4080016	-0.0851999451209167	0.309665067492043	0.783211910496905
chr18:8920896:G:C	18	8920896	-0.0493762609647265	0.201594750741912	0.806511943426761
chr18:9609299:C:T	18	9609299	-0.370163228961391	0.196736791963514	0.0599018941122715
chr18:10572326:C:T	18	10572326	0.139519390505226	0.163730584705455	0.39414313815877
chr18:11017906:C:T	18	11017906	0.0970669523959033	0.123194104699599	0.430744197753237
chr18:12120157:A:G	18	12120157	0.203382205304482	0.331117627183835	0.539063700582226
chr18:14686017:A:G	18	14686017	-0.149430272514743	0.218424804253712	0.493895070721599
chr18:14895123:C:T	18	14895123	-0.292251657343707	0.186119353157749	0.116359781486261
chr18:30059135:A:G	18	30059135	-0.148487524965002	0.117792744788182	0.20745914702009
chr18:32490781:T:C	18	32490781	-0.30191902199019	0.140728200849284	0.031920459107299
chr18:36255061:C:A	18	36255061	0.253725734468202	0.16175646646363	0.116749041052539
chr18:42762909:A:C	18	42762909	0.157302981158671	0.158274435079097	0.320289950351482
chr18:43928870:G:A	18	43928870	0.0341883115008743	0.200860725944621	0.86484574192389
chr18:44831686:A:G	18	44831686	-0.199919675552705	0.287867352728005	0.487377849471783
chr18:45461168:C:T	18	45461168	-0.206898980349853	0.279203238320752	0.458673068931846
chr18:47992191:T:C	18	47992191	0.404241038163861	0.259128811818983	0.118759797539126
chr18:49146783:T:G	18	49146783	-0.447886700465793	0.338783736404404	0.186153799949598
chr18:49872731:C:G	18	49872731	0.286201602981775	0.203621191900262	0.159855111981127
chr18:50485733:T:C	18	50485733	0.032726237772355	0.178956096182301	0.85489767027315
chr18:58120958:C:T	18	58120958	-0.270340385148981	0.272126566702238	0.320497422588176
chr18:59256389:C:T	18	59256389	0.255241061582061	0.174630019244514	0.143847988226923
chr18:62622293:T:A	18	62622293	0.104365625686044	0.21031308699639	0.619725564331752
chr18:62998306:G:A	18	62998306	0.0317895950789064	0.123259786576087	0.796478473840232
chr18:66103927:C:T	18	66103927	0.141554212710416	0.145829939883841	0.331707631543985
chr18:66206557:C:T	18	66206557	0.179212707528687	0.200068651263285	0.370383060298393
chr18:68001558:G:A	18	68001558	0.096512170476979	0.14212439261594	0.497094583422287
chr18:69946690:A:G	18	69946690	0.238721304547619	0.208782054131273	0.252872743606629
chr18:71730181:C:T	18	71730181	-0.040283819057982	0.155567918017443	0.79567626579412
chr18:72912108:T:C	18	72912108	-0.160664217842605	0.118192845933326	0.174038995890105
chr18:73248491:G:A	18	73248491	0.158529072282038	0.197852074854124	0.422986645807133
chr18:77734991:G:A	18	77734991	-0.677383574672546	0.660871562224151	0.305370167967004
chr19:2907557:G:A	19	2907557	-0.115808249242132	0.18940065120269	0.540904431917858
chr19:16021187:G:A	19	16021187	0.329802973237953	0.279724231943562	0.238386640067556
chr19:17584922:G:A	19	17584922	0.111597427955909	0.149191368914482	0.454450923396877
chr19:18704666:C:T	19	18704666	-0.196410817241766	0.294572368274299	0.504921662241482
chr19:18737022:C:T	19	18737022	-0.026690885810203	0.133536860158176	0.841577137173961
chr19:18805179:A:G	19	18805179	-0.11489512854731	0.181734188048021	0.527246221376843
chr19:21560366:G:T	19	21560366	0.119056522410091	0.160884386369634	0.459292162820132
chr19:21659434:G:C	19	21659434	-0.0957106030508197	0.199753096830583	0.63183581499129
chr19:33474662:T:C	19	33474662	-0.0592646470847483	0.170454598933852	0.728076146690384
chr19:37956680:C:T	19	37956680	0.298206197255374	0.191400117221014	0.119227285238017
chr19:38120117:A:T	19	38120117	-0.478841304686518	0.208946384093066	0.0219232709810744
chr19:44380983:T:C	19	44380983	0.0989295083346223	0.284704930381651	0.728230110375764
chr19:44819986:A:G	19	44819986	0.189595949702935	0.20953725378514	0.36555455465645
chr19:48685001:C:T	19	48685001	-0.212504219799179	0.200075284470292	0.288180624851867
chr19:51210487:G:T	19	51210487	-0.212415759629616	0.404612174338816	0.599592867169886
chr19:51552139:T:A	19	51552139	-0.116510307930717	0.149352222179489	0.435329496697556
chr19:52714810:C:T	19	52714810	0.165326378822384	0.226958565895384	0.466342448491068
chr19:53330671:T:C	19	53330671	-0.147968801543514	0.156574387058864	0.344639293781627
chr19:54944544:G:A	19	54944544	0.0996256443616227	0.169632059167594	0.556999327613241
chr19:57195010:G:C	19	57195010	0.247425422254997	0.178800712676614	0.166417996835039
chr20:1709120:A:G	20	1709120	-0.0457997951015768	0.194264088956448	0.813618535175957
chr20:1735934:T:G	20	1735934	-0.152386009878713	0.234799311393699	0.516334916483954
chr20:1906500:G:T	20	1906500	-0.0525284718169477	0.158996284963077	0.741116276702767
chr20:3649460:G:A	20	3649460	0.118901960835766	0.128334104949005	0.354184527065916
chr20:5407753:C:T	20	5407753	-0.116848354459462	0.199522949303859	0.558118356839362
chr20:5860313:T:C	20	5860313	0.00225558195172028	0.122123465463363	0.985264161216462
chr20:7000966:A:C	20	7000966	-0.218127308857097	0.295744153162071	0.460785464390912
chr20:12129436:G:A	20	12129436	0.289369423572457	0.199337018927007	0.146596380590234
chr20:13244402:C:A	20	13244402	-0.0416217200706932	0.310330422660752	0.893307165560225
chr20:31347432:T:C	20	31347432	-0.0265644863408486	0.14580128865318	0.85542850964819
chr20:37593342:C:T	20	37593342	-0.0848837845885029	0.217976637856343	0.696967779138487
chr20:38200488:G:A	20	38200488	0.0479546724774077	0.153589492520597	0.75486857808219
chr20:38350608:A:G	20	38350608	-0.0402925266804071	0.187675379604066	0.830006944719167
chr20:45729681:A:G	20	45729681	0.0695485613996888	0.121212208050741	0.566119919062069
chr20:48501317:C:T	20	48501317	0.194728699866857	0.14315123892176	0.173734854675658
chr20:49036824:T:G	20	49036824	-0.319622867699678	0.233734641095678	0.171481038948812
chr20:50371082:C:T	20	50371082	0.142570900870962	0.167271125987637	0.394028630931695
chr20:52513956:G:A	20	52513956	0.0883396945792012	0.224822783332025	0.694370925895724
chr20:54253971:A:G	20	54253971	0.118493212026632	0.136268949688617	0.384544178507356
chr20:58480201:T:G	20	58480201	-0.0103771354161741	0.179188452905109	0.953818841319456
chr20:60073360:C:T	20	60073360	-0.352749072188715	0.140927335354347	0.0123125912738192
chr21:14869783:A:G	21	14869783	0.275863129320226	0.281844882744801	0.327690456082568
chr21:15297615:T:C	21	15297615	-0.151548158383188	0.134146972048051	0.258595354692989
chr21:15686888:A:G	21	15686888	-0.200006953444893	0.324875982027859	0.538131527749435
chr21:18805376:C:A	21	18805376	0.5142145399343	0.289191195957268	0.0753853460703001
chr21:22007486:G:T	21	22007486	0.418278096385233	0.214462411510825	0.0511336771681342
chr21:24026351:C:T	21	24026351	0.0242359100360623	0.257831777549185	0.925110010326107
chr21:26647335:G:C	21	26647335	-0.155635838610528	0.176855604604321	0.378850406512446
chr21:28043199:C:G	21	28043199	0.135139495434442	0.165190738536381	0.413310623162078
chr21:29538421:G:A	21	29538421	0.15932109690104	0.277682874824331	0.566135653705107
chr21:31885030:A:G	21	31885030	0.10964570769998	0.153485419631034	0.474997094584876
chr21:35502622:A:T	21	35502622	-0.217972833175199	0.132023477971904	0.0987353717829796
chr21:36306638:T:G	21	36306638	0.145866363223233	0.169731028163926	0.390121437167868
chr21:41442549:G:A	21	41442549	-0.152169158658802	0.135752142166017	0.262316060775987
chr21:42627184:G:A	21	42627184	-0.463806139798615	0.338998001250216	0.171259567200969
chr22:20147688:T:C	22	20147688	0.316607387598045	0.16260220412794	0.0515193296568033
chr22:23891985:A:G	22	23891985	0.147840325444984	0.192272440268636	0.441946359513974
chr22:24245985:G:T	22	24245985	-0.0111106552282668	0.176026352840777	0.949671528132359
chr22:28624303:G:A	22	28624303	0.0440588042258613	0.347935308284864	0.899233806264144
chr22:30376697:C:T	22	30376697	-0.496728920807726	0.399302754901965	0.213502979075769
chr22:30662128:G:A	22	30662128	0.061559993842986	0.137923037750305	0.655354676596104
chr22:36298345:C:A	22	36298345	-0.444113309176424	0.510934765118944	0.384728316456035
chr22:36977479:G:A	22	36977479	0.400128913232341	0.218321135073956	0.0668391766481912
chr22:42350572:C:T	22	42350572	0.211981063440652	0.219316508684433	0.333767462210425
chr22:42475109:T:G	22	42475109	-0.186402790770545	0.214129210951543	0.384018768613175
chr22:44719519:A:G	22	44719519	0.0255295439758713	0.137826608150739	0.853049087195501
chr22:44805054:T:C	22	44805054	-0.280582984334386	0.366712052536876	0.44419317683021
chr22:45210278:T:C	22	45210278	0.187503736927097	0.19583626594174	0.338339388391022
chr22:47062473:C:T	22	47062473	-0.530438466768464	0.503911746611813	0.292505284018939
chr22:48785864:A:G	22	48785864	0.228126040947241	0.379410955077891	0.547664352048834
chr22:49668266:A:G	22	49668266	-0.0695668148186504	0.166139922288632	0.675417668840355
chr22:49926053:G:A	22	49926053	-0.277264940370057	0.240002370041137	0.247984308036891
