SNP	CHR	POS	est	stderr	pval
chr1:1837340:C:T	1	1837340	-0.218012570405376	0.148632298681406	0.142432822820284
chr1:2261200:G:C	1	2261200	-0.147119717995899	0.116170428956704	0.20536533131232
chr1:14678191:A:C	1	14678191	0.207006261904726	0.123635642155154	0.094066719391054
chr1:14985097:C:T	1	14985097	0.239300224656537	0.150766765838967	0.11246252837813
chr1:15065941:C:T	1	15065941	0.322522417752182	0.253652931636785	0.203547021775793
chr1:20215506:G:C	1	20215506	0.0481217541059499	0.154445986357978	0.755362325989616
chr1:20533654:G:C	1	20533654	0.237673907918322	0.179733932702632	0.18604655255491
chr1:22009627:T:C	1	22009627	0.317771133446061	0.159773741279507	0.0467142184008482
chr1:22126221:C:T	1	22126221	0.00246196082621671	0.125804291574187	0.984386580684991
chr1:23180575:A:G	1	23180575	-0.19829590816803	0.152883749163312	0.194618391508373
chr1:26058659:G:C	1	26058659	-0.33927317394976	0.24131470074534	0.159742946915846
chr1:26181362:A:G	1	26181362	-0.159145458449795	0.153186939742132	0.298852622615152
chr1:26848285:C:T	1	26848285	0.230660941328976	0.329672702723936	0.48413561109339
chr1:28670719:C:T	1	28670719	0.0166732869770622	0.116923561381006	0.886606184457202
chr1:29753056:A:C	1	29753056	0.00954563270210395	0.134062462281706	0.94323629355657
chr1:29908726:A:G	1	29908726	0.0800190278485186	0.150567374716819	0.595106996801709
chr1:31886486:G:T	1	31886486	0.0486404572434168	0.129533357605159	0.707284734584712
chr1:37838865:C:T	1	37838865	0.124337882091604	0.199332987636755	0.532778827482968
chr1:39880059:T:C	1	39880059	-0.0268345254778433	0.122119061917213	0.826073122287146
chr1:41175014:G:A	1	41175014	-0.0744318836720739	0.146378315189077	0.611109873973024
chr1:41597921:C:T	1	41597921	0.0689775480053664	0.215746529864582	0.749183874023665
chr1:42635725:A:G	1	42635725	-0.332075572267898	0.334612005274283	0.320992794525056
chr1:43202709:G:A	1	43202709	0.197712413527962	0.129334137943775	0.126340142360248
chr1:47498869:G:A	1	47498869	-0.132830624522845	0.17896116704271	0.457947055730715
chr1:51034150:G:A	1	51034150	-0.146468876541251	0.2444477873787	0.549051081705811
chr1:54900240:G:A	1	54900240	-0.0822465311760269	0.112821239704805	0.466002489689083
chr1:55459433:C:T	1	55459433	0.421202983678417	0.239598434156642	0.078755366406151
chr1:56563907:C:T	1	56563907	-0.171117453002271	0.204525137289856	0.402785216670206
chr1:65351414:T:A	1	65351414	-0.111526559982586	0.129627605297306	0.389589975582356
chr1:66254178:T:A	1	66254178	0.00840880513903126	0.190944234816035	0.964874101400449
chr1:73302339:T:C	1	73302339	-0.00831667918832003	0.0958666262885673	0.930868164360538
chr1:73563666:T:C	1	73563666	-0.204436404243193	0.193764524458468	0.291390320024954
chr1:76062379:T:C	1	76062379	0.0135186406128986	0.115284503180976	0.906651411294855
chr1:86928231:G:T	1	86928231	-0.0192451408509496	0.114954579958731	0.867043387604945
chr1:88611347:G:A	1	88611347	0.171967720007486	0.159962690525619	0.282352820321215
chr1:91057167:C:A	1	91057167	-0.136039987992972	0.152186630724715	0.371374136283041
chr1:91093925:G:A	1	91093925	-0.231068866311704	0.118483605071724	0.051150134238985
chr1:92475800:A:G	1	92475800	0.0315440315571722	0.121356465398898	0.794918751773032
chr1:94752415:G:A	1	94752415	0.0583232336616991	0.12187804962318	0.63226759413437
chr1:95614324:G:A	1	95614324	-0.119049987458268	0.236552537655688	0.614773885508775
chr1:99691102:T:C	1	99691102	0.0300155661973245	0.133581136176429	0.822213334975103
chr1:104937367:T:A	1	104937367	-0.0837570411379271	0.141852027275005	0.5548865802273
chr1:115841221:A:T	1	115841221	-0.202117494554587	0.304372737932586	0.506660879757404
chr1:153704237:C:A	1	153704237	-0.127053683082149	0.175338567189615	0.46868570894581
chr1:155857667:G:T	1	155857667	0.167123038964039	0.278702848503431	0.548742205885161
chr1:157334223:T:C	1	157334223	0.340536223007211	0.16495035691121	0.0389725095364987
chr1:159540226:C:T	1	159540226	-0.0652834357026491	0.11916919428495	0.583814538045843
chr1:165647351:T:C	1	165647351	0.0428481237471895	0.118606468869437	0.717902881927273
chr1:167545338:A:T	1	167545338	0.149918486514548	0.190124353181546	0.430387587207933
chr1:168863629:G:A	1	168863629	-0.228496194034869	0.171605677832972	0.183018348240076
chr1:171350391:G:A	1	171350391	0.0369173263459486	0.117413677498197	0.753201305684711
chr1:173013575:C:G	1	173013575	0.0819798975523063	0.155679277140917	0.598475004968589
chr1:178947344:C:A	1	178947344	-0.158245338810969	0.183675036207853	0.388934861714182
chr1:182872646:T:G	1	182872646	0.206945641848163	0.256049279020351	0.41896058901413
chr1:185127444:C:G	1	185127444	-0.367668376723349	0.218028851675419	0.0917324471835058
chr1:185619557:C:T	1	185619557	-0.365715007723813	0.188423091934293	0.0522674279257287
chr1:186638909:G:T	1	186638909	-0.0341257740404892	0.207527936050319	0.869385230960546
chr1:188272062:T:C	1	188272062	-0.0476261857795364	0.116902395017657	0.683713284410669
chr1:193365737:C:T	1	193365737	0.0838010456852026	0.140184662880349	0.549979797101897
chr1:193791070:G:T	1	193791070	0.204186325021111	0.198695159239371	0.304121020931087
chr1:195033388:T:C	1	195033388	0.11693484494092	0.13677192863746	0.39257200985548
chr1:195907914:A:G	1	195907914	-0.221413104054325	0.144205209105194	0.124684878551268
chr1:196692375:G:C	1	196692375	-0.0442941319732538	0.101780020556248	0.663421063216106
chr1:197559019:A:G	1	197559019	-0.184984513211754	0.175428350412718	0.291666274237971
chr1:199160726:G:A	1	199160726	0.203261143110003	0.182682742947695	0.265860684394022
chr1:204277152:T:C	1	204277152	0.0232780379581389	0.149048105664701	0.875892701990414
chr1:207498131:C:T	1	207498131	0.0723933836423249	0.157287253636502	0.645328001257609
chr1:208744577:C:T	1	208744577	-0.298780821840546	0.24055470070093	0.214218335841506
chr1:210496535:G:A	1	210496535	-0.115035831621181	0.153629359247885	0.45398495053682
chr1:212937214:T:G	1	212937214	0.0999636931330592	0.150437572537691	0.506379169021947
chr1:219750864:A:G	1	219750864	0.0130025103036436	0.132006120816159	0.921535828934544
chr1:221920463:G:A	1	221920463	0.0343464583819296	0.154150867245158	0.823682861423474
chr1:227462684:A:G	1	227462684	-0.171612096107636	0.197621348567652	0.385181716906705
chr1:234456961:G:A	1	234456961	-0.255330050697174	0.152312631110286	0.0936686649065406
chr1:237308322:A:G	1	237308322	-0.026859973462344	0.122427346246583	0.826342200228535
chr1:239000642:T:C	1	239000642	0.140061805190068	0.202719065311997	0.489618456313235
chr1:242239801:C:T	1	242239801	-0.379653341293997	0.419869613190168	0.36588022224567
chr1:244583991:C:T	1	244583991	-0.115059124996688	0.198440033003718	0.562037283205582
chr1:246213578:G:A	1	246213578	-0.802767987361249	0.380612467448179	0.034931817168924
chr1:247190028:T:C	1	247190028	-0.255546421567979	0.17992839039568	0.155529857266148
chr1:247897239:C:T	1	247897239	0.131682287783151	0.204055850454007	0.518716766171065
chr2:3248328:A:G	2	3248328	-0.0871508545289435	0.123813223709535	0.481501458111251
chr2:4505759:T:G	2	4505759	0.272075057141562	0.191585369941236	0.155571470015671
chr2:6804400:G:A	2	6804400	-0.094909642812125	0.144893039941035	0.512446862219179
chr2:9411790:A:C	2	9411790	0.38170621929904	0.167741123937371	0.0228719193578003
chr2:12096367:C:T	2	12096367	-0.298349870301997	0.194735437645041	0.125503200018351
chr2:13545005:C:T	2	13545005	0.155770163659833	0.125213123065417	0.213484753334661
chr2:16009716:A:G	2	16009716	0.101691419642392	0.126005536336662	0.41964384237259
chr2:16367899:A:T	2	16367899	0.0227121736294595	0.167130097196287	0.891904150719662
chr2:17630111:A:C	2	17630111	0.144448053181325	0.117638189388744	0.2194841251736
chr2:17928966:C:G	2	17928966	-0.187615217713891	0.164668128436156	0.254555718958562
chr2:18261494:A:T	2	18261494	0.0238733313635499	0.132698035410422	0.857225426392703
chr2:19530615:T:C	2	19530615	-0.156523419826745	0.15023103450344	0.297465127594914
chr2:19562158:T:C	2	19562158	-0.0563835852439393	0.142958141732272	0.693281126777465
chr2:27383116:G:A	2	27383116	0.0556003231198345	0.124165396446667	0.654303015783076
chr2:37762298:C:T	2	37762298	0.121289459762663	0.152743619505713	0.427153409014864
chr2:42010994:T:A	2	42010994	-0.231418300947289	0.225400993840361	0.304563628849884
chr2:45824390:C:G	2	45824390	0.217944806795046	0.132047966403775	0.0988412731822259
chr2:46742820:T:C	2	46742820	0.350787721027309	0.177016268674762	0.0475162553830326
chr2:49789441:T:C	2	49789441	-0.182909073392808	0.237406899643526	0.441035682345444
chr2:49994518:G:A	2	49994518	-0.0463248507082707	0.122640672592972	0.70563245477755
chr2:51284042:G:A	2	51284042	0.140486761018234	0.181254244147092	0.438291666886622
chr2:51344078:G:A	2	51344078	0.161402159403267	0.168147052297339	0.337112120128776
chr2:57278002:C:A	2	57278002	0.246295895668508	0.123632533056294	0.0463534091154687
chr2:57368273:A:G	2	57368273	-0.221586546659199	0.265677872509346	0.404257226647522
chr2:60075157:T:C	2	60075157	-0.130168503698771	0.416318517343264	0.754534688251339
chr2:60373837:A:G	2	60373837	0.136041739967378	0.161819473853593	0.400515645561855
chr2:61147014:T:C	2	61147014	-0.00792395616228667	0.115730694664777	0.945412356889665
chr2:61693274:A:G	2	61693274	-0.205505807754631	0.153074372715671	0.179426601450496
chr2:65295480:C:T	2	65295480	-0.00267581047680086	0.129460170941707	0.983509709220503
chr2:66031496:T:C	2	66031496	-0.0814636526379666	0.109587982077852	0.457261930499199
chr2:69165635:T:C	2	69165635	-0.394927249301511	0.196547867724579	0.0445033765959634
chr2:71204755:G:A	2	71204755	-0.11752171916318	0.268366422592326	0.661447801057312
chr2:72022684:A:G	2	72022684	-0.0779819682452507	0.200578450672995	0.697434920140721
chr2:76651386:C:A	2	76651386	0.0631532119628435	0.146764327802164	0.666974841627446
chr2:79784490:C:G	2	79784490	0.133497891101868	0.147320788691467	0.364845117615381
chr2:82619301:T:C	2	82619301	0.121888620110853	0.163451793260707	0.4558389820208
chr2:83181917:T:C	2	83181917	-0.0421213654357202	0.247229716536424	0.864716496224502
chr2:83400799:T:A	2	83400799	0.300351812493537	0.186933823338935	0.108114043422262
chr2:85744328:G:A	2	85744328	-0.263600877885629	0.198426292698875	0.184027046152027
chr2:85757440:T:A	2	85757440	0.117165696958391	0.130434041881881	0.369038720357963
chr2:99811694:T:C	2	99811694	-0.141357861554529	0.151323191574021	0.350228901779575
chr2:101228073:A:C	2	101228073	0.000319520016859754	0.108004236485344	0.997639539663093
chr2:106861882:T:C	2	106861882	-0.276579324557845	0.185902206823227	0.136812129884846
chr2:108083619:T:C	2	108083619	0.180733377137313	0.125083861018799	0.148486635848267
chr2:114129906:T:C	2	114129906	-0.0169846796867671	0.270780493876912	0.949985568256755
chr2:118004610:C:T	2	118004610	-0.180529914839085	0.123549318055001	0.143961337378522
chr2:119455921:A:G	2	119455921	-0.228088474506704	0.170222427221543	0.180263638712993
chr2:120644763:G:A	2	120644763	-0.201840513280739	0.141709689484886	0.154352700055328
chr2:120916837:A:G	2	120916837	-0.120769214785822	0.18447647866877	0.512687231447811
chr2:122628686:C:A	2	122628686	-0.0705967895887798	0.1419998906382	0.619075610755174
chr2:122629789:A:C	2	122629789	-0.340629870056163	0.259780517598345	0.189782849454208
chr2:126391403:A:G	2	126391403	0.389730013894543	0.208541347393869	0.0616453433928684
chr2:127192867:G:A	2	127192867	-0.1680897570041	0.114270104129255	0.141294823497127
chr2:130915743:C:T	2	130915743	-0.0779053616584667	0.165912046876347	0.638670696482434
chr2:136107122:C:T	2	136107122	-0.108879990563887	0.15392420205164	0.479342113784097
chr2:136507185:G:C	2	136507185	-0.0952973282548448	0.106669795658046	0.371650365884748
chr2:141023592:C:T	2	141023592	0.0011700253019538	0.178087579212817	0.994757981368494
chr2:143017176:T:C	2	143017176	0.451491776696516	0.182636175979397	0.0134328343787273
chr2:143920023:G:T	2	143920023	0.000758240648575834	0.166677321390189	0.996370313518678
chr2:144729333:C:T	2	144729333	0.00286803701432702	0.142953287903027	0.983993310122632
chr2:148561010:G:C	2	148561010	0.212184858946831	0.221786468033697	0.338714725814761
chr2:154835349:G:T	2	154835349	-0.0815174891039236	0.167666936372947	0.626834569366268
chr2:164974626:C:A	2	164974626	0.284875892241581	0.202820886184562	0.160149534600323
chr2:167086954:T:G	2	167086954	-0.0373359996761152	0.103224375402411	0.717578087107227
chr2:167199229:C:T	2	167199229	0.0828371205105353	0.185359579112139	0.654947557678731
chr2:167657344:C:T	2	167657344	0.0387858286441633	0.153459728508837	0.800467036318043
chr2:167884398:C:T	2	167884398	0.283647145230016	0.196973708661579	0.14986021069968
chr2:168647356:T:G	2	168647356	-0.150525690934714	0.142787333339472	0.291793654948456
chr2:170041677:A:G	2	170041677	-0.370034319258573	0.239012015421176	0.121578263123821
chr2:171274449:C:A	2	171274449	-0.102530918779912	0.196728641333506	0.602241790674869
chr2:177787584:G:A	2	177787584	-0.10900790799676	0.13745247700883	0.427743516537192
chr2:179648558:C:T	2	179648558	-0.287449733552017	0.221706022229431	0.194791049721066
chr2:180833197:G:A	2	180833197	0.100037520247925	0.231888233748329	0.666174614829284
chr2:183527028:C:T	2	183527028	0.360586122246152	0.13797345593311	0.00896343502138974
chr2:184516924:T:A	2	184516924	0.118587019014962	0.14875017527524	0.425321694352403
chr2:191922008:C:T	2	191922008	0.130200134603304	0.149370861477328	0.383395606799372
chr2:195817951:G:C	2	195817951	0.0975463241285814	0.206416159990728	0.636519162284502
chr2:197010424:G:A	2	197010424	0.243087525047037	0.161447317153307	0.132150090556105
chr2:209101337:G:A	2	209101337	0.119089093497209	0.163337371530039	0.465941183974993
chr2:209103516:A:G	2	209103516	-0.00568962053800747	0.149475637628863	0.969636761723365
chr2:210957182:G:A	2	210957182	0.0641438176593829	0.144435811346195	0.65697091795626
chr2:214802180:T:C	2	214802180	0.0928243691007944	0.132408213622014	0.483273740153301
chr2:215209936:A:G	2	215209936	0.190396405254835	0.147190891263157	0.195826472741577
chr2:215367000:G:A	2	215367000	0.170740578632273	0.229640711895685	0.457171881243829
chr2:220997842:C:T	2	220997842	0.102543058408208	0.114056457308667	0.368623224713165
chr2:226027918:G:A	2	226027918	-0.0981572713452735	0.162864821200866	0.546713822986161
chr2:228947684:G:A	2	228947684	-0.111546802965534	0.177705690086942	0.530197014736603
chr2:233152507:T:C	2	233152507	-0.0929180834702053	0.127977396577708	0.467807665696495
chr2:235620294:A:T	2	235620294	0.0516221371500976	0.123887795578148	0.67690911646398
chr2:237288548:A:G	2	237288548	0.285573627061207	0.188744300896478	0.130274948895917
chr2:237513585:T:C	2	237513585	-0.260434895693134	0.178774357168438	0.14517713743059
chr2:237920759:T:G	2	237920759	0.0133609150918985	0.174863896137274	0.939094894052294
chr2:240429648:C:T	2	240429648	-0.131586441837409	0.152244043366824	0.387416201593009
chr3:9841346:T:C	3	9841346	-0.471666666766491	0.320582119906717	0.141214899296382
chr3:10127208:T:G	3	10127208	-0.0466101177831411	0.172282565591235	0.78674130990816
chr3:14082905:A:G	3	14082905	0.105554176961372	0.162982439263584	0.517216906630911
chr3:16798495:T:G	3	16798495	0.0308034587262188	0.151372739572449	0.838748860228691
chr3:18882818:T:C	3	18882818	0.168065009538754	0.139176929737563	0.227215125427335
chr3:20179943:G:A	3	20179943	-0.371063284733728	0.460147449119344	0.420011768717086
chr3:22245167:A:G	3	22245167	-0.155234896181941	0.185509701446897	0.402703851833743
chr3:24009496:G:A	3	24009496	0.0603743091354998	0.108736550767188	0.578734118329671
chr3:24010534:C:T	3	24010534	0.103044372705812	0.145888511073041	0.479987455736841
chr3:33111016:C:A	3	33111016	-0.0412430548878032	0.182366042943422	0.821080602369566
chr3:33421913:A:G	3	33421913	-0.274363747287663	0.164552024042468	0.0954473297975058
chr3:34471110:A:G	3	34471110	-0.0732111266889967	0.100825231981148	0.467765761044476
chr3:34498029:C:T	3	34498029	0.348324481847924	0.193273774277331	0.0715086670401464
chr3:35230331:G:A	3	35230331	-0.0770679972646188	0.17442527662094	0.658605268823084
chr3:41413926:T:C	3	41413926	0.18363697026946	0.101690485720644	0.0709429919355752
chr3:42098050:T:C	3	42098050	-0.166564371941713	0.225770406670419	0.460660313136332
chr3:46489654:A:G	3	46489654	-0.0882073059534805	0.109361343758452	0.419915702682933
chr3:56959175:A:G	3	56959175	0.00477516708744573	0.176423855818133	0.978406735712931
chr3:64441608:G:A	3	64441608	0.129554281358246	0.124789978964791	0.299186929728978
chr3:66150510:T:A	3	66150510	0.310497109864207	0.167452720351908	0.063705192453912
chr3:66995763:G:T	3	66995763	-0.221516683111258	0.187147280728326	0.236552053266931
chr3:68498445:T:C	3	68498445	0.192666871088827	0.133188855567464	0.148017670668483
chr3:68824246:G:A	3	68824246	0.126924488879311	0.155444592217313	0.414199588141828
chr3:69021248:A:C	3	69021248	-0.0690266037836156	0.157157509110108	0.66050267571537
chr3:69617754:T:G	3	69617754	0.0843266262736129	0.12072127611937	0.48484998081478
chr3:74191731:G:A	3	74191731	0.291872284907061	0.152754014259166	0.0560387763089665
chr3:74732240:G:A	3	74732240	0.0891864927750137	0.108792653211681	0.412339168070293
chr3:75709324:A:T	3	75709324	0.14748788192056	0.131390899813326	0.2616447429454
chr3:84465702:T:C	3	84465702	0.0700137232605706	0.13546479959029	0.605267358666193
chr3:84817748:G:A	3	84817748	-0.318288202760407	0.188058471625069	0.0905514504789099
chr3:85705423:A:G	3	85705423	0.194799493803786	0.140709055686914	0.166231926439437
chr3:88069353:C:T	3	88069353	-0.0403332133214018	0.152207859620786	0.791018923639817
chr3:93986190:G:A	3	93986190	-0.0619152067207998	0.258722636342548	0.810864334843155
chr3:101022648:G:A	3	101022648	0.252804372001802	0.139438505227353	0.0698292086846877
chr3:105622159:T:C	3	105622159	-0.265554129190799	0.371367544875744	0.474565226464365
chr3:106664728:C:T	3	106664728	0.0601425167754042	0.126852015712809	0.635417490317749
chr3:110774699:C:T	3	110774699	-0.142835443646749	0.187940126277328	0.447251570791268
chr3:113428518:G:A	3	113428518	0.00633789409808346	0.133141276120879	0.962032821080862
chr3:121058963:T:G	3	121058963	-0.0862410067795129	0.200886283671073	0.667703014466556
chr3:122312606:G:A	3	122312606	-0.174831140786829	0.210597428749114	0.406444087975021
chr3:124193435:A:C	3	124193435	-0.29122241696054	0.152654755466842	0.0564275111869256
chr3:124804582:A:T	3	124804582	-0.352376714813155	0.417438802412306	0.398591279421068
chr3:126773646:G:T	3	126773646	0.0975733251646676	0.148498295934305	0.511137856772785
chr3:131110446:C:G	3	131110446	-0.302502432270115	0.24365095800638	0.21440629793155
chr3:131209978:G:T	3	131209978	-0.0232947689415131	0.151511309682457	0.877807353160724
chr3:133982842:C:T	3	133982842	0.0396909456873609	0.129544027469374	0.75930800864745
chr3:134929007:C:T	3	134929007	0.261980734533647	0.247775786680104	0.290361076209543
chr3:137777496:C:T	3	137777496	0.116076886766814	0.21561162044968	0.590327848336325
chr3:146265901:G:T	3	146265901	-0.336455249773819	0.175233402877346	0.0548527700167201
chr3:148006706:G:A	3	148006706	0.172580886103001	0.25045806328038	0.490784874816949
chr3:149679065:C:A	3	149679065	0.166173231885856	0.135304237171768	0.219392514502878
chr3:150888061:C:A	3	150888061	0.301274005030463	0.2040863086462	0.139887847552507
chr3:152663712:G:C	3	152663712	-0.0712156991946178	0.124986484962552	0.568822038750213
chr3:159417151:A:G	3	159417151	-0.157157564796137	0.175051661401285	0.36930381115855
chr3:164899350:G:A	3	164899350	0.344711731444143	0.176875409851136	0.0513078778185535
chr3:168053836:T:C	3	168053836	0.0973883426974155	0.15396441937117	0.527035399443152
chr3:171028381:G:A	3	171028381	0.0627041078507309	0.175782025811883	0.721305079085306
chr3:174497130:T:C	3	174497130	-0.17657422499524	0.124771258839748	0.157014705212228
chr3:176663180:T:G	3	176663180	-0.0479164813293373	0.175466310592271	0.784791101616478
chr3:196706550:C:T	3	196706550	-0.0796292133266207	0.151630569700227	0.599476996293593
chr4:332191:G:A	4	332191	-0.0798964408315725	0.122843199670166	0.515437957924198
chr4:8816874:T:C	4	8816874	-0.0817671397067714	0.11678285054958	0.48382493416081
chr4:9851274:C:G	4	9851274	0.0269635265136325	0.132533329887946	0.838785560153482
chr4:10725805:A:G	4	10725805	-0.026605980965439	0.131877250982498	0.840113680162046
chr4:13219910:C:T	4	13219910	0.027894822980321	0.124892314078303	0.823262338978302
chr4:18747099:A:G	4	18747099	-0.233308313031091	0.161875563468737	0.14950507023951
chr4:20840555:C:T	4	20840555	0.15798574606683	0.13601318775028	0.245419414083457
chr4:21137718:C:T	4	21137718	0.237752051333822	0.12519739949019	0.0575621764223222
chr4:26851610:T:C	4	26851610	-0.240629938195506	0.25945774543016	0.353701237458314
chr4:32302160:A:T	4	32302160	-0.0695992426953401	0.176726305414789	0.693710222796691
chr4:34501888:A:G	4	34501888	-0.214938648615178	0.244102796139417	0.378574892565261
chr4:40603484:A:G	4	40603484	0.101982495676714	0.129572535677589	0.43124161266556
chr4:41002348:C:T	4	41002348	0.454004117970252	0.328556601614964	0.16702881358045
chr4:44018406:T:G	4	44018406	0.0396406660185375	0.172259563599834	0.817997192348448
chr4:44680448:T:C	4	44680448	-0.0293977559299389	0.132191140761172	0.824011661081504
chr4:55337032:C:T	4	55337032	-0.123164850804192	0.139801522328772	0.378318944168955
chr4:55659669:G:A	4	55659669	0.0742089524091021	0.164229971631283	0.651369853451185
chr4:56719096:C:T	4	56719096	-0.01081380943409	0.155789418580122	0.944660888925643
chr4:58944563:C:T	4	58944563	-0.199760922237848	0.268312575442538	0.456569060468988
chr4:61158247:C:G	4	61158247	0.15850702619441	0.145407666004222	0.275674762322766
chr4:64485722:G:A	4	64485722	-0.425413809375132	0.370210269946011	0.250508970434254
chr4:67708732:C:T	4	67708732	0.128226969544822	0.136286126801992	0.346773583727266
chr4:67911021:C:T	4	67911021	-0.0782736045331711	0.125799637186749	0.533804772458143
chr4:90022599:G:T	4	90022599	0.251460380896549	0.127885599362084	0.049264935576289
chr4:95020597:A:T	4	95020597	0.216228309822517	0.217201415508433	0.319483518994977
chr4:95433170:T:C	4	95433170	0.00472233292535652	0.206867628983019	0.981787632357858
chr4:97398054:G:A	4	97398054	-0.218968759687662	0.141433347998129	0.121571342970777
chr4:98823404:T:C	4	98823404	-0.348849769476285	0.239531575239643	0.145286708558126
chr4:99262681:C:G	4	99262681	0.0892677824247685	0.121878259599212	0.463903706650363
chr4:99355957:G:T	4	99355957	0.046937643332402	0.156783600289251	0.764651244147312
chr4:101085120:T:C	4	101085120	0.0248854710116754	0.118404270933425	0.833532057403442
chr4:102399971:C:T	4	102399971	-0.131906154090313	0.140642733073182	0.348305543020384
chr4:102884286:T:C	4	102884286	-0.0592826761179755	0.103695017908587	0.567523702898898
chr4:105992845:C:T	4	105992845	0.235379075894519	0.110569783213073	0.0332722172512249
chr4:108791253:G:A	4	108791253	-0.0351053727474009	0.104212525633695	0.736219970696924
chr4:110191180:A:G	4	110191180	0.208263408248381	0.307116587473754	0.497692497833769
chr4:110957298:T:A	4	110957298	-0.0227737801821027	0.183190670522204	0.901064004162416
chr4:113348012:C:T	4	113348012	0.111831721855687	0.134874841746401	0.407018498388631
chr4:115515844:A:G	4	115515844	0.276518449106516	0.227032593794757	0.223236108401575
chr4:115522695:G:A	4	115522695	-0.0201322706068052	0.13169100178897	0.8784967991043
chr4:120770744:A:C	4	120770744	0.0197231175941906	0.116479397579392	0.865539367833411
chr4:123964831:A:G	4	123964831	-0.0840941480351393	0.153790556369898	0.584509567471328
chr4:125256344:T:C	4	125256344	-0.0860136316005467	0.193480828107302	0.656638526771055
chr4:126268710:T:G	4	126268710	-0.106485248974988	0.127720876298215	0.404430841765374
chr4:134094420:T:C	4	134094420	-0.282962582335505	0.218540258963814	0.19539451349035
chr4:134350906:C:T	4	134350906	-0.106757110116909	0.143378578287308	0.456524446309932
chr4:138952375:G:A	4	138952375	0.0342708137297374	0.122386922529191	0.779461987142243
chr4:141012527:T:G	4	141012527	0.212688638942009	0.234973189448425	0.365379937837628
chr4:141618953:G:A	4	141618953	-0.232642048141757	0.228221881949442	0.308028365375739
chr4:143626434:A:G	4	143626434	-0.223400429843471	0.274448436885443	0.415646198753666
chr4:149616644:T:G	4	149616644	0.129433519983966	0.142833304936862	0.364837490722886
chr4:154030957:C:G	4	154030957	-0.076660534083523	0.165013395761017	0.642238287998179
chr4:168588553:A:C	4	168588553	0.095331962459559	0.140659289763686	0.497929637428678
chr4:171334248:A:T	4	171334248	0.0498478331588486	0.283710887853438	0.860530105623889
chr4:171974219:A:G	4	171974219	0.116746599573428	0.147214191005787	0.427755082048149
chr4:176312841:C:T	4	176312841	0.0871823953989879	0.136701028570606	0.523630171898706
chr4:179329624:T:G	4	179329624	-0.0431271060315969	0.109175679561172	0.692824551399424
chr4:183032183:A:G	4	183032183	-0.126733667102214	0.192778828366241	0.51092086614285
chr4:184991673:A:G	4	184991673	-0.0987374414062239	0.113461765523044	0.384176606283845
chr4:189912372:C:T	4	189912372	-0.211497411039008	0.126073101278076	0.0934295881643364
chr5:79496:A:G	5	79496	-0.0270970368164977	0.246683605689427	0.912532057292249
chr5:5313703:A:G	5	5313703	0.263967281568756	0.149902783250539	0.0782514107556481
chr5:7364955:T:A	5	7364955	0.0832587051107383	0.149399414832783	0.577329740320465
chr5:8067079:G:C	5	8067079	0.412917856890194	0.126791257534623	0.00112725612946751
chr5:13911296:G:T	5	13911296	-0.310918153811016	0.222074035999633	0.161493762288742
chr5:15621966:C:G	5	15621966	0.0666637760886205	0.148264106441033	0.652978294094832
chr5:15997511:T:A	5	15997511	-0.576024810249406	0.474352796964943	0.224618532770619
chr5:17902851:T:C	5	17902851	-0.147399435908549	0.191683991572708	0.441910510281246
chr5:20719353:A:C	5	20719353	0.267209666138959	0.177665325689489	0.132579893856482
chr5:20732163:G:T	5	20732163	-0.195697282442233	0.216111160108143	0.365179421707364
chr5:21913130:A:C	5	21913130	-0.232710212618019	0.166993314036758	0.163459543972466
chr5:23682774:A:T	5	23682774	-0.056766627681123	0.190586532030384	0.765815932433696
chr5:23787194:A:C	5	23787194	-0.152413781152584	0.112254922166652	0.174543985101952
chr5:23895775:T:G	5	23895775	-0.0733851254170865	0.130571184401577	0.574094522072982
chr5:25693600:A:G	5	25693600	-0.916083998717949	0.371563393392002	0.013682787757343
chr5:33466391:T:A	5	33466391	0.0616097125005175	0.110193991875597	0.576091916327129
chr5:33624899:A:G	5	33624899	-0.555540004774503	0.377774706309731	0.141410411307885
chr5:39550509:T:G	5	39550509	-0.132679623208809	0.122382877375665	0.278304720196131
chr5:39634108:G:A	5	39634108	0.0657379768073022	0.147390238783643	0.655587785667259
chr5:39978357:G:A	5	39978357	-0.0860863898043749	0.130668034332278	0.510012957958027
chr5:40238036:C:A	5	40238036	0.397460988136422	0.270837163238123	0.142232610948385
chr5:44011742:G:T	5	44011742	-0.155562019788288	0.278429079687956	0.576357425818445
chr5:50222627:G:A	5	50222627	0.104330362812669	0.194842480055676	0.592331780209413
chr5:54814079:C:T	5	54814079	-0.0219918855503652	0.152042908651146	0.884993040537286
chr5:66989845:C:A	5	66989845	0.319363307702315	0.115613820194804	0.00573907686109032
chr5:66992139:G:A	5	66992139	-0.253955815191572	0.137561271463262	0.064873516374603
chr5:73076502:T:C	5	73076502	0.0461685071402037	0.141370685442582	0.743987345284838
chr5:76998986:C:A	5	76998986	0.171007220431641	0.123259974788856	0.16532889577699
chr5:77675144:G:C	5	77675144	0.123537288284079	0.224650539599233	0.582381990288699
chr5:80530472:T:A	5	80530472	0.0205813905766473	0.201747786702655	0.918744414375539
chr5:81710558:G:T	5	81710558	0.0109459303360564	0.121433692431413	0.928176635234478
chr5:82792281:C:G	5	82792281	-0.210774916970079	0.252113160673424	0.403136349847054
chr5:84879932:A:G	5	84879932	-0.189157623780951	0.142677674211953	0.184916255991187
chr5:85476293:A:G	5	85476293	0.210415425420687	0.127073851933808	0.0977519001004428
chr5:85809583:T:C	5	85809583	-0.0339460873010058	0.133018184420075	0.798569521514606
chr5:92192959:A:T	5	92192959	-0.0225018003925178	0.140008393205635	0.872315897408658
chr5:94648523:C:G	5	94648523	-0.0676462119222047	0.120156240771838	0.573444810746148
chr5:98024666:G:A	5	98024666	0.0757061322700043	0.149990884791484	0.613742712610583
chr5:101328324:T:C	5	101328324	-0.194086161470812	0.251205784575644	0.4397483693008
chr5:101825779:A:C	5	101825779	0.252706450385304	0.147714024622983	0.0871214187377538
chr5:106773905:G:A	5	106773905	0.156633817308243	0.168081328164918	0.351391812772402
chr5:110045491:C:T	5	110045491	0.106045252866949	0.188351647869305	0.573423043541776
chr5:114915760:G:T	5	114915760	-0.0726371412047956	0.172045387503287	0.672880829164937
chr5:115102683:A:G	5	115102683	0.131044286617248	0.151887740190052	0.388263570912719
chr5:117238479:G:A	5	117238479	0.0723950034418524	0.160278758820793	0.651498208242754
chr5:121740415:G:T	5	121740415	-0.138801564121351	0.157073862530761	0.3768740218618
chr5:137227416:A:T	5	137227416	0.13924176357949	0.177603930016449	0.433039177154206
chr5:137406489:C:T	5	137406489	0.0240158997199507	0.186089046141502	0.897313372631467
chr5:140638650:G:A	5	140638650	0.0466774068017883	0.125692946025683	0.710368973582973
chr5:142682003:T:C	5	142682003	-0.0914536962766071	0.15389254423193	0.552331653378796
chr5:144183699:A:G	5	144183699	-0.380452947430999	0.210262863662467	0.0703864305227311
chr5:145690757:G:T	5	145690757	0.324001942559519	0.193382204770701	0.0938462496304635
chr5:147282093:C:T	5	147282093	-0.497755769783079	0.319021722979108	0.11869923948044
chr5:148033208:G:T	5	148033208	-0.0792103191400666	0.219098007413853	0.717703908509297
chr5:151763317:T:C	5	151763317	-0.0550660451590796	0.15224351793168	0.717578363827656
chr5:153541577:C:T	5	153541577	-0.326422889761307	0.19099733337538	0.0874427576255314
chr5:160435085:T:G	5	160435085	0.586755573990043	0.246002103082381	0.0170714687094199
chr5:164252995:G:C	5	164252995	0.0100489260003669	0.159183146098123	0.949664516187632
chr5:168245100:T:C	5	168245100	0.192226306821509	0.118142548831112	0.103722034170224
chr5:169455657:C:T	5	169455657	0.260298518387722	0.170508062458012	0.126859178769325
chr5:169808985:G:C	5	169808985	-0.271056096535901	0.184688211732571	0.142201610667211
chr5:172672695:T:C	5	172672695	0.191228051112937	0.137251696359814	0.16353952416429
chr5:173346700:A:C	5	173346700	-0.0504708336547827	0.159275718537365	0.751336830897705
chr5:177122146:G:C	5	177122146	-0.319782486088295	0.370215480985858	0.387712084158673
chr6:1084246:G:A	6	1084246	-0.352717715565298	0.256443718744931	0.169001397737089
chr6:3041612:C:A	6	3041612	0.115783892480542	0.108389090211611	0.285419210876904
chr6:3673174:A:G	6	3673174	-0.440177231280447	0.209604703848039	0.0357257552383424
chr6:3786319:G:C	6	3786319	0.0757213418795384	0.132013990483001	0.566248166525052
chr6:6090729:G:T	6	6090729	-0.107758214907652	0.167275016053808	0.519447109232675
chr6:6354181:A:T	6	6354181	-0.25628471611673	0.223404595065225	0.251308284851509
chr6:6456261:T:C	6	6456261	-0.107224658252767	0.144497418944981	0.458055580840806
chr6:7642514:C:G	6	7642514	-0.0999165380440777	0.142513804309952	0.48324012937451
chr6:12212257:G:A	6	12212257	-0.192150538587679	0.338878483402487	0.570701273350563
chr6:21494280:T:C	6	21494280	-0.157744457488108	0.27030190206999	0.559498752880405
chr6:23163726:T:C	6	23163726	-0.10696013379654	0.17370711676146	0.538059620582551
chr6:23344439:T:A	6	23344439	-0.0952479533240389	0.16239103270463	0.557516342382224
chr6:24077828:C:T	6	24077828	0.345991730605496	0.233389441876987	0.138216550935345
chr6:26287827:G:A	6	26287827	-0.000187606979785088	0.121087988567687	0.998763802631848
chr6:27261142:G:T	6	27261142	-1.01785618787611	0.534057244899377	0.0566640351969823
chr6:31108549:A:G	6	31108549	-0.0371367294950396	0.14448215581193	0.7971530443255
chr6:31845997:T:C	6	31845997	0.0957071598858802	0.198563004512623	0.629806691447989
chr6:32660000:G:C	6	32660000	0.358125958976746	0.170566967559383	0.0357622084225461
chr6:33148933:A:G	6	33148933	-0.138850533956115	0.107544745398321	0.196670573561861
chr6:37400014:G:T	6	37400014	-0.0533415424811411	0.189586525127976	0.778436407268236
chr6:39124093:C:T	6	39124093	-0.189672096442584	0.182185963275064	0.297833495088439
chr6:45195864:C:T	6	45195864	0.242017315731184	0.148052717630946	0.102118273311075
chr6:46738257:G:A	6	46738257	-0.105270721345707	0.184572166027952	0.568440384532261
chr6:47717919:C:A	6	47717919	0.129246255942874	0.121253266896447	0.28645990528562
chr6:48859012:C:A	6	48859012	-0.15422304656228	0.148236299003065	0.298160364055854
chr6:49860743:T:G	6	49860743	0.111131552828488	0.151911961691272	0.464441839957687
chr6:53292416:C:G	6	53292416	0.137495541339859	0.124011804488234	0.267546907912678
chr6:54457248:C:T	6	54457248	-0.0559684251831706	0.264538428964984	0.832442428226666
chr6:57513520:G:A	6	57513520	0.0148746873781585	0.15096967243439	0.921513315500527
chr6:67461006:G:C	6	67461006	-0.403371376705223	0.309683340399468	0.192735782014626
chr6:69504128:A:G	6	69504128	-0.00356401264371286	0.16916708740345	0.983191409422784
chr6:81137001:T:C	6	81137001	-0.129839154064359	0.126917037519203	0.306296577896453
chr6:84758749:C:T	6	84758749	0.0962265701089654	0.237021946854933	0.684756055317188
chr6:86667874:G:T	6	86667874	-0.349115425188384	0.2435087310806	0.151661459378613
chr6:87387916:G:T	6	87387916	-0.0343380398786063	0.121182522174677	0.776902403200601
chr6:88566465:G:A	6	88566465	-0.0274801169437809	0.125503198365797	0.826681600375852
chr6:93273487:T:C	6	93273487	0.154577015271131	0.161758512957348	0.339272548411424
chr6:97788153:C:A	6	97788153	-0.0041165780292561	0.156928877358573	0.979072192128889
chr6:98771646:C:T	6	98771646	-0.0570306582386151	0.238421538286737	0.810949766767085
chr6:104918249:A:G	6	104918249	-0.174206195156796	0.133654779530107	0.192436818275897
chr6:107129138:A:G	6	107129138	0.131081397186845	0.115025699787541	0.254459835051424
chr6:112187089:T:C	6	112187089	0.0898477870963584	0.114185131234824	0.431363442193579
chr6:118046853:T:C	6	118046853	-0.115981572894476	0.108307925589379	0.284236753012402
chr6:121081137:A:G	6	121081137	0.137513394103651	0.165425507338244	0.405820665392836
chr6:123103197:T:C	6	123103197	-0.0672776404868803	0.179840057932046	0.708332091281233
chr6:127784009:G:A	6	127784009	-0.0873575924464494	0.107321679151627	0.415656984773921
chr6:129527930:G:A	6	129527930	0.340276429942738	0.155360631668731	0.0285071342828612
chr6:137254996:T:C	6	137254996	-0.0177076631491364	0.14686220115426	0.904029002335238
chr6:138165202:C:G	6	138165202	-0.533274538425464	0.381173106316481	0.161802470705418
chr6:139464917:T:A	6	139464917	-0.207879883359873	0.323559338935516	0.520562615672511
chr6:151547601:G:A	6	151547601	-0.0228873106378655	0.114662749981888	0.841789159420416
chr6:152638179:C:T	6	152638179	-0.171563429697094	0.17374226689864	0.323417490825823
chr6:153842833:G:A	6	153842833	0.015225977817313	0.121075019578107	0.899924629756039
chr6:156754666:T:G	6	156754666	-0.347737948932457	0.344274625500734	0.312466655132346
chr6:160701242:A:G	6	160701242	-0.365776325103492	0.181654033358748	0.0440528401063466
chr6:160909689:G:C	6	160909689	-0.36047241301774	0.292397038967447	0.217643571757269
chr6:161970870:T:G	6	161970870	-0.0373107638245886	0.288418145502378	0.897070074208186
chr6:162760256:C:T	6	162760256	0.119835238070197	0.138874254641966	0.388189901858263
chr6:163629327:G:A	6	163629327	-0.24038025247571	0.101477316911382	0.017845527960804
chr6:167509019:C:T	6	167509019	-0.171193063755909	0.329984611938826	0.603906458909845
chr7:6986920:C:A	7	6986920	0.0918742047286463	0.156565852933188	0.557332192680408
chr7:7863676:G:A	7	7863676	-0.118258157630977	0.169901367705272	0.486403744358353
chr7:8111839:A:G	7	8111839	-0.202838266217404	0.164172759746963	0.216638084186066
chr7:9602661:C:A	7	9602661	-0.142445430212963	0.13922698188447	0.306252739921088
chr7:10804524:T:C	7	10804524	-0.096939157304968	0.36367799518741	0.789813989443619
chr7:11334355:C:A	7	11334355	0.272313585998458	0.143775973367569	0.0582232627924413
chr7:12476280:G:A	7	12476280	-0.0600550405375666	0.151421223526324	0.69165571489226
chr7:12972158:C:G	7	12972158	-0.143551378038936	0.142260887697465	0.312940443789945
chr7:20850990:A:T	7	20850990	-0.0105550177249455	0.10159285361712	0.917252454786092
chr7:22822020:C:A	7	22822020	-0.00616654421413687	0.0946585632075075	0.948058449790147
chr7:24140802:T:C	7	24140802	0.0594236242256552	0.113917879473936	0.601924054332094
chr7:24278575:A:G	7	24278575	0.272968838426854	0.169313772372261	0.106916916139304
chr7:24620726:T:A	7	24620726	0.0216612904117541	0.115198301122695	0.850849365141011
chr7:24740434:C:T	7	24740434	-0.129746657534611	0.131282646606853	0.323005678701608
chr7:28505993:C:T	7	28505993	-0.170620206511919	0.134911915337076	0.205986579444111
chr7:36413989:G:A	7	36413989	0.169582883452855	0.190397656641821	0.373102280384683
chr7:41157573:G:A	7	41157573	0.121985600691216	0.174549345336097	0.484639365517767
chr7:43755241:C:T	7	43755241	-0.116711496045612	0.124183800054782	0.347305448536296
chr7:44689517:A:G	7	44689517	0.118229537223924	0.14223809188313	0.405855749678741
chr7:46192346:C:G	7	46192346	-0.127673958225437	0.157945674692523	0.418894329561985
chr7:46368666:G:A	7	46368666	-0.21103494652523	0.265489190840519	0.426676957906432
chr7:47748540:G:T	7	47748540	0.728079959655153	0.268363195281317	0.00666691512007211
chr7:48301675:T:C	7	48301675	0.155427252697618	0.134302480893969	0.247152880257375
chr7:51890159:C:T	7	51890159	-0.0323227289811074	0.138784191504754	0.815839669559959
chr7:53046603:C:G	7	53046603	-0.412855172803951	0.262294169481627	0.115483791628024
chr7:55663907:C:A	7	55663907	0.107071896417707	0.129116858207088	0.406955325710034
chr7:56122201:A:G	7	56122201	-0.0825693417770295	0.135674532040317	0.54280024973324
chr7:62910214:G:T	7	62910214	-0.00249402606339373	0.172325938479916	0.988452838608921
chr7:65406204:G:T	7	65406204	-0.00406393068439173	0.245409189181952	0.986787783428609
chr7:67766433:G:A	7	67766433	0.0965343942667707	0.123974116322219	0.436176655726836
chr7:68433432:T:C	7	68433432	0.0702684097069303	0.110629322871686	0.525317648952379
chr7:71020152:T:G	7	71020152	0.285391066404301	0.172035449906975	0.0971342359700936
chr7:71553830:T:C	7	71553830	-0.00276430182629611	0.119511917618544	0.981546634467249
chr7:78390279:T:G	7	78390279	-0.377686720648293	0.174840432472613	0.030758775327252
chr7:83524616:A:T	7	83524616	-0.232139969886872	0.127519309350227	0.0686935549724184
chr7:84786535:C:A	7	84786535	-0.0676787308668574	0.20709533944185	0.743819254623837
chr7:86620755:G:A	7	86620755	0.0885950850897912	0.156345590996106	0.570943930745347
chr7:89207269:G:A	7	89207269	0.169263917410846	0.156263276545472	0.278720976722112
chr7:91097147:A:G	7	91097147	-0.029376427070979	0.132687720832428	0.824784714414728
chr7:96212691:T:C	7	96212691	0.00177960723709401	0.225812119595203	0.993712000741312
chr7:103095283:G:A	7	103095283	-0.180146219046165	0.179879792833319	0.316594256189012
chr7:104663551:G:A	7	104663551	-0.37314873104465	0.446930794336333	0.403766189776051
chr7:113434486:A:C	7	113434486	0.206186638146529	0.11710143002987	0.0782802990464746
chr7:113749820:G:A	7	113749820	0.104892360735108	0.117318281892629	0.37127712263414
chr7:117145973:C:G	7	117145973	0.261117010787021	0.140126559311731	0.062400812991112
chr7:119808046:G:A	7	119808046	0.158859059693763	0.162034772368195	0.32688819554145
chr7:122582926:C:G	7	122582926	-0.133898891699531	0.2110115044295	0.525717180914971
chr7:124802410:A:T	7	124802410	-0.241140215004173	0.133700173046983	0.0712956988841872
chr7:129047886:A:G	7	129047886	0.124460081957057	0.232682667750339	0.592724586814486
chr7:131384702:T:A	7	131384702	-0.0727945722700116	0.150452670456099	0.628501537273114
chr7:136870573:G:A	7	136870573	-0.177159973857968	0.169958913471837	0.29724043910471
chr7:142873374:T:C	7	142873374	0.029811176161267	0.175062864120763	0.864783328406001
chr7:143187070:C:T	7	143187070	-0.451623447951639	0.49385538154434	0.360461939856601
chr7:145116884:A:G	7	145116884	0.0295882235582757	0.123380272332988	0.810475038020396
chr7:149242006:T:C	7	149242006	-0.159323744424326	0.150878731812729	0.290980921875548
chr7:153502245:G:A	7	153502245	-0.203066339894087	0.111937832591175	0.0696624446239262
chr7:153952270:G:A	7	153952270	-0.0243953563780397	0.141640004741512	0.863252837598892
chr7:154426289:T:C	7	154426289	-0.180775196581798	0.23271470061052	0.437270647807957
chr7:156975524:A:T	7	156975524	-0.259105135579214	0.187403152166588	0.166785032262453
chr7:157677820:C:T	7	157677820	-0.0552530598183222	0.169796944095828	0.744873300638814
chr8:276778:A:T	8	276778	0.025632848217229	0.120769408497796	0.831914964098693
chr8:1102873:G:T	8	1102873	-0.098639094502694	0.125756650481672	0.432826065593491
chr8:8710521:T:C	8	8710521	0.127352993427217	0.10974955795541	0.245887446344138
chr8:9029509:T:C	8	9029509	0.166989771205231	0.130997584422335	0.202396120288614
chr8:9109096:A:G	8	9109096	0.114542180695862	0.132824542694624	0.388491068165025
chr8:9827297:A:G	8	9827297	-0.244589144662514	0.338539118966314	0.469996872064936
chr8:10675470:T:G	8	10675470	0.139539631001555	0.241211270685278	0.562929644840734
chr8:13032868:C:A	8	13032868	-0.14163259898329	0.190751124951761	0.457784805167775
chr8:14391498:A:G	8	14391498	0.547048402227857	0.254894824231084	0.0318591749113258
chr8:16627132:C:G	8	16627132	0.186028881602731	0.251445705236945	0.459398795684874
chr8:17129593:A:G	8	17129593	-0.212046211804539	0.229955906876689	0.356467639334588
chr8:20741226:C:T	8	20741226	0.0754187495194831	0.140499843431379	0.591413473715302
chr8:23115837:G:A	8	23115837	-0.0202028423264084	0.209816480408764	0.923291716273907
chr8:25783762:T:C	8	25783762	-0.086739375395815	0.146735493750098	0.554435041778179
chr8:27010051:G:C	8	27010051	0.27816573120915	0.254919818713841	0.275189676814243
chr8:27022227:G:T	8	27022227	-0.126507248398593	0.192750206284369	0.511613469286971
chr8:28150898:A:G	8	28150898	0.0106606238610866	0.104005997772231	0.918359743485829
chr8:28528484:G:T	8	28528484	0.263047522194922	0.121504933424808	0.0303944037735837
chr8:29917542:C:T	8	29917542	-0.28193495566443	0.262453716639594	0.282720805405655
chr8:37085597:G:A	8	37085597	0.012193235433238	0.248737822696604	0.960903013419854
chr8:41788192:C:T	8	41788192	-0.0782026400656126	0.150353147082891	0.602975483973759
chr8:42055528:T:G	8	42055528	-0.316531172895678	0.337132432994757	0.347785848822083
chr8:50763512:C:T	8	50763512	-0.0858482436626878	0.208459959436371	0.680470435641394
chr8:51570259:T:G	8	51570259	0.193986273755141	0.170191971943083	0.25436604886355
chr8:53142705:G:A	8	53142705	0.0598261505040188	0.129325468481068	0.64365006211449
chr8:60609620:T:A	8	60609620	-0.262621671488552	0.401149394534366	0.512678322291515
chr8:61304314:G:C	8	61304314	0.0257561921389038	0.125166303884334	0.836966071515819
chr8:61926940:A:T	8	61926940	-0.0978013631711705	0.112413563933967	0.384292808057752
chr8:63445672:G:A	8	63445672	0.190172302703411	0.163701401692205	0.245356391667538
chr8:65343369:C:A	8	65343369	-0.239364177452623	0.18726119982685	0.201165905434836
chr8:65418628:G:T	8	65418628	-0.0110912753283436	0.103342033420755	0.914530448855108
chr8:71273350:T:A	8	71273350	-0.120370318597803	0.197297826267253	0.541799210030142
chr8:72033005:T:C	8	72033005	-0.259663589951128	0.231977368756115	0.262991363428626
chr8:72065200:T:A	8	72065200	0.0238075248409415	0.118305722649212	0.840513022605718
chr8:73211475:T:C	8	73211475	0.0989850509993541	0.146636358528989	0.499651896321909
chr8:75992459:A:G	8	75992459	-0.49539831110852	0.579617743967724	0.39271818170495
chr8:78402394:T:A	8	78402394	0.556921550045005	0.30263239204851	0.0657304316621117
chr8:79795588:T:G	8	79795588	0.0921280171554887	0.211062044687793	0.662475942233945
chr8:86323708:T:C	8	86323708	0.117603171251071	0.108784647432276	0.279668624652248
chr8:89525432:A:G	8	89525432	-0.0125973886130753	0.114012020319906	0.912019385630757
chr8:92001032:A:G	8	92001032	0.0884140076707663	0.150523270449203	0.556950088399038
chr8:92645879:A:G	8	92645879	-0.265711915603264	0.271946515779649	0.328532435413864
chr8:95906161:G:A	8	95906161	0.231555360609417	0.125338285452534	0.0646829359942569
chr8:96365126:C:T	8	96365126	0.107014371289104	0.166810352636803	0.521176348998811
chr8:97430280:G:A	8	97430280	0.335149807774207	0.274876785044527	0.222740640578676
chr8:98002322:C:T	8	98002322	0.107763607591617	0.121781246979756	0.376213304651589
chr8:98018653:A:G	8	98018653	0.392792768354016	0.190966092797322	0.0396985605741831
chr8:104471980:T:G	8	104471980	0.266079672739025	0.310535426368842	0.391532429545138
chr8:106920372:G:A	8	106920372	0.194057674520591	0.177548998738582	0.274402160969577
chr8:108142424:A:G	8	108142424	0.0171626969542023	0.116320988017275	0.882701071160217
chr8:109421925:C:T	8	109421925	-0.0801327286770731	0.12668793060526	0.527046737493861
chr8:116252872:C:T	8	116252872	0.00251052288390742	0.143605782150413	0.986052055905867
chr8:116821900:C:T	8	116821900	0.228132219891253	0.206000731164477	0.268106319803428
chr8:119015250:G:A	8	119015250	0.116392604444091	0.243352222701759	0.632444778318869
chr8:121384602:C:T	8	121384602	-0.0518865499949455	0.109620208455128	0.635977653254396
chr8:127029052:C:T	8	127029052	-0.0924778202766497	0.155567498061124	0.552208075649624
chr8:128437247:A:G	8	128437247	-0.102837143090866	0.184271065408724	0.576792918196573
chr8:131111695:G:T	8	131111695	0.356734168300725	0.202884533561342	0.0786945557473039
chr8:131315237:G:A	8	131315237	0.0239367186017399	0.136706072354364	0.861004016428756
chr8:135895676:A:T	8	135895676	0.154972431061549	0.157093185522582	0.323887804182834
chr8:138585221:A:T	8	138585221	0.245577672027147	0.201228215208793	0.222315615639674
chr8:141605122:C:T	8	141605122	0.193738591811921	0.15519730186316	0.211907533910486
chr9:733358:A:C	9	733358	0.285188514930136	0.140357113555544	0.0421660199601001
chr9:5461379:C:T	9	5461379	-0.0284407747638088	0.167884037368364	0.86547631340813
chr9:11397008:T:G	9	11397008	0.18404170821837	0.22184707983393	0.406771679724003
chr9:11517950:T:C	9	11517950	0.412870199912398	0.246609983405506	0.0940946728908885
chr9:11955148:T:G	9	11955148	0.0547613306151039	0.12190509228545	0.653278138293136
chr9:12389360:A:G	9	12389360	0.225467047911985	0.136524853604008	0.0986421216511856
chr9:12615226:G:C	9	12615226	0.100147455581417	0.137333245485048	0.465861281554631
chr9:13582959:T:A	9	13582959	-0.125586942821393	0.264587717496708	0.635035430533128
chr9:13820455:C:G	9	13820455	0.287276680077208	0.162647251651477	0.07735291396252
chr9:14098421:G:A	9	14098421	-0.103035416132066	0.139050845401744	0.458698935902497
chr9:18952915:A:G	9	18952915	-0.103536203654211	0.131308958987227	0.430408352943831
chr9:21476808:G:A	9	21476808	0.138841674738874	0.243402331468643	0.568392542321641
chr9:29651949:A:G	9	29651949	0.0744826899586124	0.126773448366472	0.556850531258877
chr9:32058643:A:T	9	32058643	0.00131806655766708	0.141873517990134	0.99258741276746
chr9:37013405:C:T	9	37013405	0.0418782068615169	0.113437724475669	0.711998373462192
chr9:37992585:C:T	9	37992585	-0.002503682952543	0.159977816793943	0.987513466122107
chr9:72294932:G:A	9	72294932	0.478076531909554	0.242590486025305	0.0487565676939439
chr9:73616570:C:T	9	73616570	0.0385242062248458	0.184739335689406	0.834812994754089
chr9:76464251:C:G	9	76464251	-0.372321516539577	0.253592259777248	0.142052730496053
chr9:79067117:C:T	9	79067117	0.336171688243616	0.277273143574915	0.225351395667214
chr9:82773489:T:C	9	82773489	0.136641650843234	0.238876090854155	0.567309136090843
chr9:89995415:A:G	9	89995415	-0.153224637092278	0.205139026754891	0.455105392683933
chr9:91844381:C:T	9	91844381	0.0788956338114913	0.171724332521172	0.645924055594718
chr9:94568472:C:A	9	94568472	-0.254150353377428	0.171341966731769	0.137996560399804
chr9:95559980:C:T	9	95559980	-0.0326587978515631	0.168189160935276	0.846035749829268
chr9:96162075:C:T	9	96162075	0.153961394432825	0.146581871685149	0.29355996672638
chr9:97240484:A:G	9	97240484	0.0135267048664371	0.268133217974768	0.959765623489928
chr9:100192956:A:G	9	100192956	0.0910371270821048	0.138474264143007	0.510904505951177
chr9:100529836:G:C	9	100529836	-0.191059308324821	0.147352528683629	0.194764134128033
chr9:101460357:C:T	9	101460357	0.0410986799365075	0.158321430300174	0.795179954109952
chr9:103293239:C:G	9	103293239	0.19938018723169	0.206331684853534	0.333889527710271
chr9:105684376:G:T	9	105684376	0.19455299013612	0.17455593040508	0.2650391855958
chr9:106822394:G:C	9	106822394	0.0222006952693118	0.227277519332854	0.922185603536469
chr9:107904127:G:A	9	107904127	0.092442369860861	0.127755080527121	0.469317140496764
chr9:117420412:T:C	9	117420412	-0.0680146071591847	0.135571509611185	0.615886967234513
chr9:117972207:C:A	9	117972207	-0.0011557572259088	0.128592193505192	0.992828892592627
chr9:118511323:G:A	9	118511323	0.275829976744592	0.173861205083918	0.112627007865609
chr9:121356498:A:G	9	121356498	0.039797054480538	0.178577788530446	0.823647918382952
chr9:124044726:T:G	9	124044726	0.0602230135271831	0.143682429523865	0.675114022253326
chr9:125005426:C:T	9	125005426	-0.596159265001807	0.211947113933465	0.00491162060400285
chr9:129533341:A:G	9	129533341	0.0475797533378054	0.118333514635546	0.687623821763742
chr9:136630984:C:T	9	136630984	0.20713060446564	0.119231497490667	0.0823494375547833
chr10:2050300:A:G	10	2050300	0.0202314256900518	0.119000123172726	0.865000853060755
chr10:3113976:C:T	10	3113976	-0.00139840502245581	0.13245443168716	0.991576385663901
chr10:4591592:T:C	10	4591592	0.251886899980542	0.139289619156416	0.0705492337695663
chr10:7462546:C:T	10	7462546	0.00253603872493631	0.129432948723313	0.984367684562944
chr10:7849544:T:G	10	7849544	-0.336455036901052	0.21078407648099	0.1104425656548
chr10:9367893:G:A	10	9367893	-0.121188016021573	0.11938830784086	0.310070359354651
chr10:10628189:C:T	10	10628189	0.288133525990749	0.135028761249348	0.0328536037973841
chr10:14014383:T:C	10	14014383	0.190709060558292	0.124747158238244	0.12632276919944
chr10:16341555:C:T	10	16341555	0.0746271575422295	0.173369487770418	0.66686723350377
chr10:18075702:C:T	10	18075702	0.361425657848778	0.147825468443642	0.0144872825903329
chr10:20923823:C:G	10	20923823	-0.158311741310269	0.268324921512612	0.555190555516466
chr10:26220185:A:C	10	26220185	-0.118601855575719	0.420386206294671	0.777846939971903
chr10:27289376:T:C	10	27289376	0.132924322700572	0.153675176851401	0.387055594316039
chr10:27674317:A:G	10	27674317	-0.163039879315133	0.128556959281505	0.204715585403914
chr10:28771902:G:A	10	28771902	-0.040841383476304	0.158642097189997	0.796836393306229
chr10:28891836:C:T	10	28891836	-0.126385170149732	0.158546991437432	0.425365986640276
chr10:30622484:G:A	10	30622484	-0.0648455350329474	0.163340763925848	0.691370838653786
chr10:35177843:G:T	10	35177843	0.106556258708794	0.124401221806716	0.391691885786467
chr10:43613180:G:A	10	43613180	-0.221258920361268	0.191826347698022	0.248732530575625
chr10:44139011:T:C	10	44139011	0.0322865731550771	0.243551397729315	0.894536822615724
chr10:45036473:A:G	10	45036473	0.123637009986901	0.137956355428033	0.370143926474869
chr10:51560095:T:G	10	51560095	0.289599979684016	0.154907825007312	0.0615534623477363
chr10:54072488:A:G	10	54072488	-0.0109954599260237	0.112402180730056	0.922073257596841
chr10:54082016:C:T	10	54082016	0.0165841447723563	0.140037436940815	0.905729722504625
chr10:55299918:G:C	10	55299918	-0.179469387882797	0.167461866251978	0.283853443713633
chr10:56747004:T:C	10	56747004	0.123580403415906	0.163032785235867	0.448445283082477
chr10:57761967:T:C	10	57761967	-0.0666227282200876	0.159961021633969	0.677048911520302
chr10:61894829:G:A	10	61894829	-0.0346716124474892	0.207609000636944	0.867366602533865
chr10:62473064:C:G	10	62473064	0.17219075699482	0.241530439660763	0.475898142382862
chr10:65713195:A:G	10	65713195	-0.251187228316205	0.276827051378984	0.364206075953564
chr10:69232402:C:A	10	69232402	0.107025221456095	0.114296448128304	0.349076160540434
chr10:79437519:C:T	10	79437519	0.032575648056182	0.161958031954791	0.840591956399599
chr10:81546102:G:A	10	81546102	0.302699958602843	0.158307175483539	0.0558627140383965
chr10:82354363:C:G	10	82354363	0.229737854509744	0.179295577997776	0.200075720665065
chr10:84591955:C:T	10	84591955	-0.391882690950237	0.219700948063069	0.0744708648356182
chr10:84989741:G:A	10	84989741	-0.112576851333874	0.111091074441089	0.310881360636316
chr10:86779196:C:A	10	86779196	0.131880600155761	0.18278348416857	0.470594146624118
chr10:91053424:A:C	10	91053424	0.112286523655455	0.133946682449257	0.401866344970528
chr10:93612452:G:A	10	93612452	-0.399499984865471	0.239087008846012	0.0947335806222711
chr10:93671121:T:C	10	93671121	-0.136809268067493	0.128419890156583	0.286727655413477
chr10:101249704:C:T	10	101249704	0.141817214592698	0.140761091503083	0.313693141969375
chr10:102352980:T:C	10	102352980	0.211336470902698	0.123511123638334	0.0870677542034575
chr10:104637359:T:C	10	104637359	-0.407963534502736	0.194507620827234	0.0359567029839087
chr10:108480456:T:C	10	108480456	0.173970326502766	0.129155721464861	0.177986293060355
chr10:109264424:C:T	10	109264424	-0.167261985418013	0.201775388052426	0.407131922491896
chr10:111352001:T:G	10	111352001	0.0959238710229809	0.189418762578802	0.6125676870137
chr10:118828443:C:T	10	118828443	0.192980682698511	0.111495554314045	0.0834807575140275
chr10:120152982:A:G	10	120152982	-0.110039760885026	0.140047369654303	0.432024256446076
chr10:121580593:A:G	10	121580593	-0.0587651015175573	0.160477223690047	0.7142235501418
chr10:121611573:C:G	10	121611573	0.0590106098476842	0.143236051338752	0.680352949467925
chr10:121734173:T:C	10	121734173	-0.140229314599615	0.133724153932444	0.294341022846081
chr10:121910644:T:A	10	121910644	-0.263391040369563	0.175647219345607	0.133732110693402
chr10:122561189:A:G	10	122561189	0.117787989753425	0.135325353986796	0.384078610531946
chr10:123750431:C:G	10	123750431	-0.281292922030368	0.2027658007211	0.16535642630166
chr10:127533155:T:C	10	127533155	0.220077918561946	0.1313741378686	0.0938950531032967
chr10:129953349:A:G	10	129953349	0.271866353176693	0.169469177670403	0.108664905957939
chr10:130263340:C:T	10	130263340	-0.0945895336582283	0.258311829237318	0.714228142158134
chr10:130662147:G:T	10	130662147	0.0678726077096656	0.195067041312777	0.727881465971104
chr10:131485315:A:G	10	131485315	-0.204238377167447	0.198734830393115	0.304094301597476
chr10:131819683:A:G	10	131819683	-0.239599992727214	0.102785648660584	0.0197499506367869
chr10:131953941:A:C	10	131953941	0.0378373091351282	0.155770148662833	0.808079185211428
chr11:388357:C:T	11	388357	0.0129337676078178	0.143703701089712	0.928284812057028
chr11:2257707:C:T	11	2257707	-0.0992110040091844	0.140970536059598	0.481575268805908
chr11:3623903:G:A	11	3623903	-0.0536970736554495	0.246652523357485	0.827660275365497
chr11:5806222:C:T	11	5806222	-0.0954189652043271	0.142775023969709	0.503931310897868
chr11:9789492:C:A	11	9789492	0.0863020828495993	0.141005381189851	0.540505900297077
chr11:14569664:T:G	11	14569664	0.101385817410207	0.154489198995174	0.511653786150247
chr11:21819583:A:G	11	21819583	-0.19974926724825	0.228776578882932	0.382598005577388
chr11:36019710:C:A	11	36019710	0.0997164628744057	0.150918194520751	0.508784273148532
chr11:39635569:C:T	11	39635569	0.0494967820674053	0.173321236458721	0.775201134489664
chr11:40512905:C:G	11	40512905	0.156647430114777	0.161859179202704	0.333143904338678
chr11:41632790:A:T	11	41632790	0.0352040967824524	0.202196565938513	0.861780364282128
chr11:42744986:A:G	11	42744986	0.105918756516023	0.105368720291794	0.314790874222515
chr11:43201079:C:T	11	43201079	0.00181574946227368	0.245603038887256	0.994101273048233
chr11:43982585:G:A	11	43982585	-0.36170519913594	0.24573177285956	0.141034032729509
chr11:44330300:A:G	11	44330300	0.139946012355539	0.174597231586896	0.422821260025615
chr11:49875094:A:G	11	49875094	-0.0262714990421911	0.112027911207906	0.814590223836925
chr11:50253126:G:T	11	50253126	0.0955439699216415	0.135388443163357	0.480373133287458
chr11:55906271:G:A	11	55906271	-0.0622136098620166	0.123138978739934	0.613396710661332
chr11:56124264:C:A	11	56124264	-0.256352822808944	0.363412678033553	0.480558742332286
chr11:57305789:G:A	11	57305789	0.0943279996854652	0.140807055605224	0.502915413327096
chr11:58998793:A:C	11	58998793	0.381169685631814	0.14529848656266	0.00870681909851978
chr11:60456695:C:T	11	60456695	-0.0672749598585314	0.209631113142376	0.748270500069433
chr11:62505064:A:G	11	62505064	-0.548009944278801	0.294545020797479	0.0628105316765105
chr11:63184971:C:T	11	63184971	-0.157765616891681	0.145630418500676	0.27866253569267
chr11:65009160:T:C	11	65009160	0.0779001307625694	0.265688907870467	0.769368872788659
chr11:70801858:T:C	11	70801858	-0.206906817126881	0.142020121612642	0.145148453377664
chr11:71334794:T:G	11	71334794	-0.204462252368171	0.192947129380034	0.28929011423142
chr11:72713691:C:T	11	72713691	-0.0707790258954701	0.257850231689288	0.783702974439608
chr11:77208574:G:A	11	77208574	0.0258351582582585	0.133542895358269	0.846599024452605
chr11:77376654:A:G	11	77376654	0.218800928871704	0.14418509489595	0.129140410613361
chr11:77897055:A:G	11	77897055	0.0192675657941251	0.138853980096575	0.889638736316892
chr11:79339250:G:A	11	79339250	0.171129823429677	0.224059888981334	0.44500537621866
chr11:81783030:C:T	11	81783030	0.108730497979528	0.124422090035293	0.382181322754164
chr11:83962252:C:T	11	83962252	-0.189934889719048	0.157353286144612	0.227408959299917
chr11:86328783:G:T	11	86328783	-0.0828906424294567	0.139243674097017	0.551648316020286
chr11:86644523:C:T	11	86644523	-0.296100980727566	0.254499848654093	0.24464198312549
chr11:93046218:A:C	11	93046218	0.0122842860897494	0.149815447174389	0.93464979511507
chr11:99371984:G:C	11	99371984	-0.0251561489350277	0.143248784768553	0.860599084973022
chr11:100626548:G:A	11	100626548	-0.137977494906883	0.18749717538712	0.461796999091906
chr11:104129521:G:A	11	104129521	-0.042277770035428	0.163734484762716	0.796245365139851
chr11:108728662:A:G	11	108728662	0.139031186957736	0.161247213434553	0.388564368924246
chr11:110338613:G:A	11	110338613	-0.144070387920436	0.348512034441456	0.679323006126004
chr11:110396347:G:A	11	110396347	-0.050259465087932	0.121819065377358	0.679918236245902
chr11:113789228:G:C	11	113789228	0.203319385039188	0.27658818306215	0.462279889690741
chr11:113800784:C:T	11	113800784	0.126597358348372	0.160212708895479	0.429420904873777
chr11:115616504:A:T	11	115616504	0.0344246791669163	0.16843938747057	0.838061024667244
chr11:119630310:G:A	11	119630310	0.069172131309301	0.142195720987709	0.62664304865035
chr11:123267436:G:A	11	123267436	0.193988358014644	0.149533292095948	0.194530702720596
chr11:125907492:T:C	11	125907492	-0.114909814498537	0.116457504077756	0.323784697261511
chr11:126829359:G:A	11	126829359	-0.0228171889737597	0.11604065527894	0.84411631720164
chr11:130038952:T:C	11	130038952	-0.531361495879692	0.468578269850729	0.256800153858764
chr11:130290657:C:T	11	130290657	-0.136504430135839	0.263904487797429	0.604982092105234
chr11:131355535:G:A	11	131355535	0.10997361924212	0.178924990709952	0.538795582292255
chr11:133238417:A:G	11	133238417	-0.148899451914987	0.136729871402907	0.276151879750628
chr11:133300920:A:C	11	133300920	-0.139609601873648	0.265439046019178	0.598917880781386
chr11:133409278:A:G	11	133409278	0.255082989747889	0.246458472507456	0.300671809048355
chr11:134309503:C:T	11	134309503	0.0699840576551835	0.135195031563315	0.604700685215042
chr12:5192681:C:T	12	5192681	0.139205725586402	0.12414303877495	0.26214600838458
chr12:5448727:G:A	12	5448727	0.259094934926681	0.152624508938875	0.0895838167366609
chr12:6639294:C:T	12	6639294	0.226516928704047	0.169264399372344	0.180817176194048
chr12:19523028:C:A	12	19523028	-0.183250049624869	0.158336148834008	0.247130146950295
chr12:19758400:A:T	12	19758400	0.187494422831129	0.214998555293249	0.383168585720962
chr12:20003679:T:A	12	20003679	-0.208107620519428	0.270543396556459	0.441762216981256
chr12:21333090:G:A	12	21333090	-0.11549871793834	0.113126893710584	0.307270523334468
chr12:25518059:A:T	12	25518059	-0.0319045046015135	0.123531566282987	0.796198493964341
chr12:28965843:C:T	12	28965843	0.0651496535238472	0.122330414603999	0.594330455116925
chr12:32086665:A:C	12	32086665	-0.0760788710439193	0.116256835258954	0.512851929107276
chr12:44631613:C:T	12	44631613	-0.290131903161649	0.213599252942242	0.174368454023535
chr12:48567461:T:G	12	48567461	0.0393397439495115	0.146680945582146	0.788545824465899
chr12:51039498:T:C	12	51039498	0.00160681882646371	0.242730439974471	0.994718229117544
chr12:52880890:G:T	12	52880890	0.0465309720040603	0.155114451194277	0.764193694977155
chr12:53646626:C:G	12	53646626	0.0481976958891495	0.150039410975394	0.748033392642622
chr12:53680144:C:A	12	53680144	0.0960642681382491	0.115707072279332	0.40640491900083
chr12:54366280:G:A	12	54366280	-0.111923663659244	0.112691683079692	0.320619917580367
chr12:55599330:T:C	12	55599330	0.0685363632138727	0.231518323850358	0.767207191372307
chr12:56675083:C:T	12	56675083	0.243864830840442	0.131225393635834	0.0631170344468545
chr12:57436134:C:T	12	57436134	0.00496271945728073	0.143783871141888	0.972466375029705
chr12:58724212:C:T	12	58724212	0.123070947296281	0.172252415254696	0.474930269524333
chr12:59048769:A:C	12	59048769	-0.0836940544902565	0.151871814461596	0.581576420317138
chr12:59161225:G:A	12	59161225	0.0460419034861259	0.269954765125048	0.864574358444249
chr12:59226687:C:T	12	59226687	0.116033632570819	0.164075925656418	0.479445463151269
chr12:63113400:T:C	12	63113400	0.034740471603802	0.148298136952134	0.814782351928138
chr12:64271340:C:T	12	64271340	0.113476129782673	0.131787175920521	0.389207237752371
chr12:64756705:C:T	12	64756705	0.0706929101999711	0.156788017425643	0.652074526828178
chr12:67050802:C:T	12	67050802	0.125908760893543	0.131696971174302	0.33904746658314
chr12:71564908:A:G	12	71564908	0.0545852754903531	0.135824929502165	0.687772598022252
chr12:73909094:G:A	12	73909094	-0.0142572277924501	0.0954725604214161	0.881290679227606
chr12:81126959:G:A	12	81126959	-0.014906656115903	0.120974557611549	0.901931768416429
chr12:83608380:A:G	12	83608380	0.175741386878426	0.138902751146157	0.205795446949108
chr12:90727178:A:C	12	90727178	0.0269813174735553	0.112864261966156	0.811059147198261
chr12:92596791:C:T	12	92596791	0.214487503381017	0.13632826655209	0.115645563860075
chr12:95914573:A:T	12	95914573	-0.00112167641769257	0.142855569076123	0.99373521728412
chr12:101611098:G:C	12	101611098	-0.0221660929688497	0.141183736198103	0.87524347273513
chr12:105967464:T:C	12	105967464	0.0268329815686556	0.12162106608129	0.825382295874161
chr12:109533295:C:T	12	109533295	0.0162321005015078	0.135471662488655	0.904626405567557
chr12:112209515:G:A	12	112209515	0.177217013334442	0.170718278424335	0.299238857607945
chr12:120976632:C:A	12	120976632	0.269732645061473	0.211065185961481	0.201263897978099
chr12:125875525:T:C	12	125875525	0.221493762618188	0.156158334552745	0.156076293612422
chr12:126449337:A:G	12	126449337	-0.0903558880773236	0.112448224525702	0.42166658256636
chr12:131091094:G:A	12	131091094	-0.0538330208192705	0.144053679080282	0.708626693997684
chr12:132776953:G:A	12	132776953	0.0143400613472418	0.166143814387419	0.931219086321959
chr13:19545220:A:G	13	19545220	-0.0332850100203732	0.15153374469454	0.826140545680308
chr13:22977365:T:G	13	22977365	-0.240528001832895	0.161057416306937	0.135324624995102
chr13:24330599:T:C	13	24330599	0.00588039243360705	0.141483368232981	0.966847524734635
chr13:24623185:A:C	13	24623185	-0.039526665645739	0.201504792206496	0.844486933150108
chr13:25202506:T:G	13	25202506	-0.320419578776942	0.225646247471556	0.155605220186996
chr13:26234118:A:T	13	26234118	-0.200468288525513	0.157201091364144	0.202226178339782
chr13:26494236:G:A	13	26494236	-0.0508840083529031	0.213044962822043	0.811228380263429
chr13:27255876:A:G	13	27255876	-0.133056627065594	0.207908889072178	0.522188428037389
chr13:42909938:A:G	13	42909938	-0.0298016987579366	0.131774008519179	0.821078815583885
chr13:45470952:C:T	13	45470952	0.0848524802919875	0.214264081030154	0.692091586049762
chr13:45708351:G:A	13	45708351	0.0165098374714891	0.208504288645607	0.936887667429563
chr13:45809177:C:G	13	45809177	-0.0708096121425746	0.152654570843353	0.642751512253292
chr13:50558767:A:T	13	50558767	0.14480248443959	0.169505325212727	0.392958117102495
chr13:58710908:G:A	13	58710908	0.0072486777917324	0.121926573734075	0.952592755183947
chr13:58934154:C:T	13	58934154	0.135867921328325	0.130919386664127	0.299363952767097
chr13:70397215:T:C	13	70397215	-0.183472037837075	0.17738116499383	0.300978287566892
chr13:70990050:T:C	13	70990050	0.257113177393293	0.220509599416666	0.243616307483164
chr13:75832713:T:C	13	75832713	0.0988064808136937	0.148246105595745	0.505089617918633
chr13:86776101:G:A	13	86776101	-0.161096070939255	0.124610415821342	0.196081002873678
chr13:91472230:T:C	13	91472230	-0.00932559924781579	0.121670291920923	0.938904784266779
chr13:93235990:C:T	13	93235990	0.0219538766553566	0.16514993338485	0.89424636558948
chr13:96765286:G:A	13	96765286	-0.0750685808004544	0.114864009171159	0.513406212084451
chr13:102180181:A:G	13	102180181	0.137920882610933	0.121329467762917	0.255644154434789
chr13:104405113:C:T	13	104405113	0.18761497876221	0.228610378609824	0.411831025058305
chr13:106009559:G:C	13	106009559	0.230450825686197	0.140117536207901	0.100032408639492
chr13:106084136:A:G	13	106084136	0.0245399992815447	0.120277219463618	0.838331106632191
chr13:112716578:T:C	13	112716578	0.0532691503562483	0.164911218363051	0.74668226032638
chr14:21167555:A:G	14	21167555	0.0451050684052536	0.157031387123891	0.773931618791237
chr14:26929954:A:G	14	26929954	-0.131291529178758	0.135000692030221	0.330789503255816
chr14:27823594:G:A	14	27823594	0.0142848165842873	0.18061350189718	0.936960620313113
chr14:34182794:A:C	14	34182794	-0.0429980188545793	0.330072110987248	0.896353952937776
chr14:38216062:T:A	14	38216062	0.282428253800752	0.123261957957209	0.0219469456829738
chr14:38962987:G:A	14	38962987	0.0672893622418716	0.19206584801633	0.7260795914775
chr14:39925237:C:T	14	39925237	0.0829220711145394	0.171742729459324	0.629218394967908
chr14:44446011:A:G	14	44446011	-0.339981823567105	0.291838001984539	0.244032098618126
chr14:48685878:C:A	14	48685878	0.0086512435172277	0.188172729594175	0.963330166311055
chr14:51426205:T:C	14	51426205	-0.311696050979379	0.212451589721429	0.142338198006842
chr14:52881822:T:G	14	52881822	-0.289279061555281	0.202520029130834	0.153177537658563
chr14:53358297:A:G	14	53358297	-0.100888061793416	0.168217131307358	0.548673505016867
chr14:56254615:G:A	14	56254615	0.00453707535393416	0.128282159807559	0.971786351228433
chr14:57978070:T:C	14	57978070	0.108529818790746	0.128552700866393	0.39853319180474
chr14:62445185:T:C	14	62445185	-0.173605409397199	0.126723802196516	0.170702173691782
chr14:67518615:G:A	14	67518615	0.0688694728498931	0.112255371423188	0.539541057391462
chr14:68863518:T:G	14	68863518	0.130194007030616	0.143720595161614	0.364997919059277
chr14:77734277:G:A	14	77734277	0.225610104510356	0.165035965838567	0.171614025779442
chr14:81022028:G:A	14	81022028	0.210318086138568	0.207214289221317	0.310115989602027
chr14:81884763:T:G	14	81884763	0.0534511475702303	0.19835476479526	0.787566127917233
chr14:82929256:T:A	14	82929256	0.459491207795141	0.318799680522899	0.149495316205039
chr14:84531019:T:G	14	84531019	0.108712302018369	0.129098308188049	0.399737978548068
chr14:84812257:C:T	14	84812257	0.12825410482205	0.287165193151148	0.655148481260796
chr14:90804831:C:G	14	90804831	-0.0695379180668948	0.146853205671135	0.635842293326338
chr14:91397629:G:T	14	91397629	0.171545482764764	0.189582953369684	0.365541093035031
chr14:91532430:A:C	14	91532430	-0.0197475427069134	0.243093324600235	0.935255535012013
chr14:91961156:T:C	14	91961156	-0.05004365477728	0.114428060306488	0.661866774666106
chr14:92998270:C:G	14	92998270	-0.069518993869963	0.194197584072049	0.720357730765345
chr14:93757265:G:A	14	93757265	0.146386304933001	0.238999208318611	0.54020896334101
chr14:93769225:C:T	14	93769225	0.339018831874744	0.229646255813553	0.139872646861022
chr14:98340169:A:G	14	98340169	0.0138853672533462	0.145257382473393	0.923845037207736
chr14:100721312:C:T	14	100721312	-0.0090132680056357	0.144963517463456	0.950422584945175
chr14:102093442:A:G	14	102093442	-0.465607005090847	0.243265875546553	0.055622194106166
chr15:24165057:A:G	15	24165057	0.0586164008273451	0.164807083966853	0.72209014445436
chr15:26353849:A:G	15	26353849	-0.0362108101828413	0.100397648122369	0.718343246326953
chr15:28182824:G:A	15	28182824	-0.0301920572456571	0.33857740907947	0.928944202241577
chr15:33665926:A:G	15	33665926	0.548254845672181	0.229402386758953	0.0168517444070801
chr15:34880184:A:T	15	34880184	0.151050047738383	0.139807093630954	0.279956251802056
chr15:37080410:C:T	15	37080410	0.0507205674977994	0.174312790688221	0.771070864348442
chr15:37762539:C:G	15	37762539	-0.249568808842502	0.292619797497022	0.393727301887225
chr15:52558833:C:G	15	52558833	-0.022859533805646	0.311430777028256	0.941486502301488
chr15:55712443:A:G	15	55712443	-0.486974489557473	0.419260908388082	0.245435768806427
chr15:57522102:A:T	15	57522102	-0.0694003123032724	0.106895904627049	0.516188005629088
chr15:57590535:T:C	15	57590535	-0.29981325705533	0.256401001226852	0.242277181206903
chr15:58439508:G:A	15	58439508	-0.13133889626893	0.202327415061929	0.516247639959134
chr15:69786285:T:C	15	69786285	0.0571638219936479	0.178331304840245	0.748552614249051
chr15:71331250:T:C	15	71331250	0.290799466075784	0.162798317278786	0.0740578225266725
chr15:74245092:G:C	15	74245092	-0.6711279324864	0.423800065127452	0.11328576830318
chr15:76807237:T:C	15	76807237	-0.0179173269487701	0.168866936009076	0.915500450333678
chr15:77734259:G:A	15	77734259	0.0536495485185559	0.123491301313157	0.6639690292429
chr15:79750604:G:T	15	79750604	0.00737510906719728	0.118199876488716	0.950248089509524
chr15:81697597:G:A	15	81697597	-0.292075437354848	0.125279340550313	0.0197326211787853
chr15:87989871:C:T	15	87989871	0.201939287429707	0.165702301743022	0.22296290757361
chr15:88891382:T:C	15	88891382	-0.0566591390102844	0.0972243693869799	0.560050267182398
chr15:89804552:C:T	15	89804552	-0.0286666264146411	0.209591483897487	0.891209583325207
chr15:94791129:A:G	15	94791129	-0.314033244584097	0.248242558464357	0.20586207442571
chr15:97043895:A:G	15	97043895	-0.245877955452818	0.262701379448243	0.349293837133681
chr15:98725394:C:T	15	98725394	-0.719274439023912	0.301657459105012	0.0171066277696489
chr15:100978492:T:G	15	100978492	-0.264205629916745	0.145321566610575	0.0690525414095509
chr16:2671727:C:T	16	2671727	0.0618510114608721	0.138243822352601	0.654582488166257
chr16:4957642:T:C	16	4957642	-0.0934342047958558	0.103289738433693	0.365686019873477
chr16:5603936:C:T	16	5603936	-0.356785807392638	0.251464446855623	0.15594799706249
chr16:5884026:G:T	16	5884026	-0.105667684340236	0.13515801357907	0.434327122822393
chr16:6848656:G:A	16	6848656	-0.0580798771000962	0.154676876233581	0.707294847442101
chr16:7909855:G:A	16	7909855	-0.139199524701536	0.10464522620967	0.183450984093237
chr16:8273542:C:G	16	8273542	0.0528538338909455	0.16575249521995	0.749823558208383
chr16:12394716:C:T	16	12394716	-0.0114306874157812	0.133172190032688	0.931598463735619
chr16:13985277:C:A	16	13985277	0.0937316458914002	0.50171240505614	0.851799054750683
chr16:17779668:G:A	16	17779668	0.112885418372848	0.128801535610269	0.380796785612526
chr16:29740733:G:C	16	29740733	-0.108077052668566	0.210840590209277	0.608230601932854
chr16:31127124:G:A	16	31127124	0.0118181846441534	0.147276658308601	0.936042567043098
chr16:56688556:C:T	16	56688556	0.0779228598262543	0.128858562033265	0.545367582991094
chr16:60324635:A:C	16	60324635	0.232777888718983	0.148291313169782	0.1164770508962
chr16:60499572:C:T	16	60499572	-0.185162948637155	0.177925204495885	0.298024749068506
chr16:62273123:C:T	16	62273123	0.156365795073062	0.135649469306857	0.249025514863132
chr16:65972427:C:T	16	65972427	-0.0372919703467746	0.11906457966302	0.75412269524009
chr16:69246420:T:C	16	69246420	0.0614296840427262	0.167712877125421	0.714156990894915
chr16:71908403:G:A	16	71908403	-0.255836552957173	0.144615622763594	0.0768805861250941
chr16:72103328:C:A	16	72103328	-0.0112292720435384	0.134920019090704	0.933669372885618
chr16:74837740:A:C	16	74837740	0.31053960101806	0.206310399570061	0.132271185706178
chr16:79886631:C:T	16	79886631	-0.00884202300600735	0.137410250064296	0.948693434104227
chr16:81396153:C:A	16	81396153	0.101860435441921	0.119917656574772	0.395647722848667
chr16:82294878:C:G	16	82294878	-0.0413809380845349	0.141730909229254	0.770310831944318
chr16:82421890:A:G	16	82421890	0.139928474398974	0.123353184495404	0.256638281388421
chr16:83827178:T:C	16	83827178	-0.0587248068374103	0.11062120172639	0.595513068752107
chr16:84032337:C:T	16	84032337	-0.205488978310946	0.211704372430391	0.331727000309985
chr16:89303022:G:A	16	89303022	-0.115515003451872	0.204176463577007	0.571556517234416
chr16:89331863:A:T	16	89331863	-0.0544159148625571	0.126238721011026	0.666427901760494
chr16:89337630:T:C	16	89337630	-0.145963510878584	0.143666325450567	0.309634278219709
chr16:89479873:T:G	16	89479873	-0.171690826901732	0.135581215770124	0.205394258736602
chr16:90035976:C:A	16	90035976	-0.203327602050633	0.17331254301525	0.240721796477866
chr17:2489248:C:G	17	2489248	-0.246640441220346	0.154787453227771	0.111067424962756
chr17:4018176:C:A	17	4018176	-0.30263463364904	0.326655653801713	0.354205008783679
chr17:4147521:T:C	17	4147521	-0.132684439664231	0.28558269254347	0.642211108621878
chr17:6949267:T:C	17	6949267	0.168283690777665	0.168299807102455	0.317356852128769
chr17:7929448:A:G	17	7929448	-0.00134243977424163	0.11837725451314	0.990951901897183
chr17:10308301:C:T	17	10308301	0.327458212911136	0.168091267843239	0.0514032735261578
chr17:12174148:T:C	17	12174148	0.231198511582808	0.170046624404346	0.173950726943065
chr17:14402381:C:T	17	14402381	-0.224146295696046	0.244616331910775	0.359500241949062
chr17:15219976:C:T	17	15219976	-0.0463210110451083	0.118555064490216	0.696009350350081
chr17:16482403:T:A	17	16482403	0.0276120230041831	0.150844824137483	0.85475942188832
chr17:18684803:A:G	17	18684803	-0.0964697891387458	0.133771516716899	0.470815116062496
chr17:20040710:T:C	17	20040710	-0.0387083433874845	0.144941746822814	0.789421899786514
chr17:21275023:A:C	17	21275023	-0.275805160376261	0.182256842019546	0.130209210368216
chr17:30609729:C:T	17	30609729	0.0230804924272165	0.200347087979713	0.908284589369487
chr17:31554254:C:T	17	31554254	-0.105738614137062	0.147296765895993	0.472842953049704
chr17:33472425:T:G	17	33472425	-0.14272092900338	0.157753833280569	0.36562086093194
chr17:44156671:T:A	17	44156671	-0.0931664209295903	0.137790251993342	0.49894752402531
chr17:45754773:C:T	17	45754773	-0.0157976110170376	0.13036971216983	0.903552053813297
chr17:48779278:C:T	17	48779278	-0.0787286978020733	0.139542157727173	0.572622843850075
chr17:52703044:C:G	17	52703044	0.247836490798242	0.15574403509055	0.111540621314007
chr17:53282498:G:T	17	53282498	-0.0416442556293683	0.158546409497596	0.792810434250251
chr17:58411807:C:T	17	58411807	0.298676550877729	0.144651549421097	0.038941907172255
chr17:61409438:A:G	17	61409438	-0.0990409083022326	0.112320589880997	0.377901285786346
chr17:61905160:C:T	17	61905160	0.0617061852832407	0.232905710072508	0.791055199056212
chr17:66262233:G:T	17	66262233	-0.078319433613616	0.114025781002342	0.492172692857588
chr17:66751216:C:T	17	66751216	0.213299572141263	0.125219830880556	0.0884930701174922
chr17:66971178:A:G	17	66971178	0.0813328211625574	0.165358618232307	0.62282032150405
chr17:68771033:G:A	17	68771033	0.0305708646728857	0.17023486441056	0.857481902524768
chr17:69081332:C:T	17	69081332	0.0227007314026888	0.167104581450373	0.891941878440546
chr17:69213412:T:C	17	69213412	-0.00738708589016435	0.131040664550924	0.955045088076903
chr17:72829246:G:A	17	72829246	-0.115452915868393	0.148303094516464	0.436278451966626
chr17:73506492:C:T	17	73506492	0.100913678073417	0.142911102787528	0.48010790139509
chr17:75360149:C:G	17	75360149	-0.0856545321867511	0.195818997922349	0.661809055396212
chr17:77625920:A:T	17	77625920	0.131657238765065	0.120905073253751	0.276184473450033
chr18:1137045:A:T	18	1137045	-0.0966564070620312	0.122271940096712	0.429233729048594
chr18:4080016:T:A	18	4080016	0.20273845889641	0.173140529768262	0.241619907402693
chr18:8920896:G:C	18	8920896	-0.265192011583392	0.188991080251895	0.160557637018805
chr18:9609299:C:T	18	9609299	0.0222040177492013	0.114846106956696	0.846694942235143
chr18:10572326:C:T	18	10572326	0.0372216385136695	0.118487747900578	0.753415368217897
chr18:11017906:C:T	18	11017906	0.00552457694582795	0.109432124114782	0.959736658576088
chr18:12120157:A:G	18	12120157	0.326501917874459	0.285152973344798	0.252206595696932
chr18:14686017:A:G	18	14686017	-0.0756981638118346	0.143366520300448	0.59749623227338
chr18:14895123:C:T	18	14895123	-0.0165646580002444	0.101206637444559	0.869989631441853
chr18:30059135:A:G	18	30059135	-0.124478156412928	0.112011528504815	0.266440219819035
chr18:32490781:T:C	18	32490781	0.155480298511846	0.140440260262919	0.268254123532698
chr18:36255061:C:A	18	36255061	-0.240608278550683	0.155187836909228	0.121037723531624
chr18:42762909:A:C	18	42762909	-0.181430732271489	0.187813228972291	0.33403578036986
chr18:43928870:G:A	18	43928870	-0.446072481195897	0.189742682544157	0.0187263663608535
chr18:44831686:A:G	18	44831686	0.178751341339083	0.243041089100681	0.462048515750493
chr18:45461168:C:T	18	45461168	-0.0642695553232544	0.146529960812949	0.660943906502675
chr18:47992191:T:C	18	47992191	-0.128805124670496	0.177178477765235	0.467238501898238
chr18:49146783:T:G	18	49146783	0.0554027385012583	0.216923902838316	0.798412840303975
chr18:49872731:C:G	18	49872731	-0.23295100140395	0.159260226811699	0.143547651019924
chr18:50485733:T:C	18	50485733	-0.138149087289789	0.163573238009432	0.398350836248819
chr18:58120958:C:T	18	58120958	0.332022758914451	0.160619254994178	0.0387208043096889
chr18:59256389:C:T	18	59256389	0.168042780252145	0.140522491061506	0.231757990529262
chr18:62622293:T:A	18	62622293	-0.379473949867266	0.193597228667954	0.0499816755734777
chr18:62998306:G:A	18	62998306	0.148090979006315	0.129899482440701	0.254268440504529
chr18:66103927:C:T	18	66103927	0.0414069470654138	0.107303619111966	0.699581218910059
chr18:66206557:C:T	18	66206557	-0.231094771193669	0.156529221614628	0.139845064348147
chr18:68001558:G:A	18	68001558	0.0161351803120401	0.146832686636296	0.91249803724891
chr18:69946690:A:G	18	69946690	-0.00733144132497882	0.3085964741696	0.981046142425835
chr18:71730181:C:T	18	71730181	-0.193116923010323	0.115287708668211	0.0939171956150257
chr18:72912108:T:C	18	72912108	0.236100713730665	0.12484974130007	0.0586138102407645
chr18:73248491:G:A	18	73248491	-0.0784352882984265	0.162038129283871	0.628347179636751
chr18:77734991:G:A	18	77734991	0.0096102960675664	0.500685068627608	0.984686110037383
chr19:2907557:G:A	19	2907557	0.480818060642424	0.143881940515782	0.000832507859879983
chr19:16021187:G:A	19	16021187	0.187241191442118	0.218624926138066	0.391749238224269
chr19:17584922:G:A	19	17584922	0.0675440812412321	0.127628764655369	0.596650744163271
chr19:18704666:C:T	19	18704666	-0.0820448677965038	0.19657519949019	0.676406764912287
chr19:18737022:C:T	19	18737022	-0.435163023613757	0.242560083694908	0.0728064351519078
chr19:18805179:A:G	19	18805179	0.238057648766736	0.131439498661039	0.0701164572644306
chr19:21560366:G:T	19	21560366	0.0999652301365667	0.130406011054285	0.443337700255269
chr19:21659434:G:C	19	21659434	0.304012956542473	0.142010637033036	0.0322921102252445
chr19:33474662:T:C	19	33474662	-0.115197865712631	0.132498050268225	0.384611625752364
chr19:37956680:C:T	19	37956680	0.114794030770957	0.138024103431879	0.405580820645867
chr19:38120117:A:T	19	38120117	0.383926661106271	0.200112641090476	0.0550409581845012
chr19:44380983:T:C	19	44380983	0.0385577229175587	0.209760820416657	0.854156577268472
chr19:44819986:A:G	19	44819986	0.0634790001452469	0.118168523974263	0.591136081421326
chr19:48685001:C:T	19	48685001	-0.231408094391088	0.239295363764951	0.333524234573359
chr19:51210487:G:T	19	51210487	-0.0209109473210949	0.347749704547713	0.952050361556246
chr19:51552139:T:A	19	51552139	-0.158785836409617	0.135952958745283	0.242828185349471
chr19:52714810:C:T	19	52714810	0.142686856957707	0.152394209815562	0.349118213472188
chr19:53330671:T:C	19	53330671	-0.0249019799152151	0.123367924317488	0.840032949848377
chr19:54944544:G:A	19	54944544	-0.184353680878387	0.15286374110152	0.227817467451534
chr19:57195010:G:C	19	57195010	0.123989137035819	0.172305445463815	0.471777965776235
chr20:1709120:A:G	20	1709120	0.109007605357856	0.164756667635324	0.508209732785911
chr20:1735934:T:G	20	1735934	-0.0533361557724007	0.194260507564576	0.783654337322294
chr20:1906500:G:T	20	1906500	0.191060826488204	0.117321413636073	0.103413664412067
chr20:3649460:G:A	20	3649460	-0.0418478346425414	0.106177593359343	0.693484647510868
chr20:5407753:C:T	20	5407753	0.111823412601524	0.141185890760897	0.42834338403073
chr20:5860313:T:C	20	5860313	0.171312541299657	0.118212278383933	0.147283373124938
chr20:7000966:A:C	20	7000966	0.279694253817562	0.172314091877976	0.104554074487189
chr20:12129436:G:A	20	12129436	-0.123504461329778	0.161351636411218	0.444011556480055
chr20:13244402:C:A	20	13244402	-0.724050685101508	0.382223299657723	0.0581834349620101
chr20:31347432:T:C	20	31347432	-0.250731857506857	0.17194965418982	0.144793642176738
chr20:37593342:C:T	20	37593342	0.0519324730425132	0.151632205872962	0.731982372508366
chr20:38200488:G:A	20	38200488	-0.0223409127345142	0.105977640995231	0.833037256312344
chr20:38350608:A:G	20	38350608	0.0253672743781241	0.198180303571004	0.898148192285443
chr20:45729681:A:G	20	45729681	-0.0744646300501093	0.105666082938066	0.480986693275176
chr20:48501317:C:T	20	48501317	-0.0564174061589989	0.14657125994921	0.700300747854226
chr20:49036824:T:G	20	49036824	0.169543148795228	0.113461790584802	0.135103683727841
chr20:50371082:C:T	20	50371082	-0.510116764890079	0.254668784313289	0.0451708867538119
chr20:52513956:G:A	20	52513956	-0.113662495308269	0.17669910749998	0.520058977525478
chr20:54253971:A:G	20	54253971	0.0220725860138676	0.11633051556857	0.849512645695588
chr20:58480201:T:G	20	58480201	-0.0735154758391262	0.0985211152879353	0.455552618489714
chr20:60073360:C:T	20	60073360	0.0969735164030366	0.0920691286289565	0.292217934665339
chr21:14869783:A:G	21	14869783	0.412594408158368	0.22018936916718	0.0609557620380878
chr21:15297615:T:C	21	15297615	-0.408096991524224	0.157846153654459	0.00972633200428608
chr21:15686888:A:G	21	15686888	0.307102407644516	0.17119724167548	0.0728368940794043
chr21:18805376:C:A	21	18805376	0.259028437318533	0.27942512795228	0.353924037520415
chr21:22007486:G:T	21	22007486	0.258894776497402	0.183860851936625	0.159100960436356
chr21:24026351:C:T	21	24026351	0.126774127800401	0.137768785707407	0.35747094242265
chr21:26647335:G:C	21	26647335	-0.0362793340407198	0.175247503150906	0.83599603974008
chr21:28043199:C:G	21	28043199	0.209253463330734	0.147853166788936	0.156986746756484
chr21:29538421:G:A	21	29538421	-0.102074908811915	0.175609401320008	0.561064512782845
chr21:31885030:A:G	21	31885030	-0.0498747273310866	0.106212142163574	0.638657608395124
chr21:35502622:A:T	21	35502622	0.219404856999006	0.128582569672907	0.0879458438201457
chr21:36306638:T:G	21	36306638	0.0797462400636628	0.159497154403911	0.617085395233179
chr21:41442549:G:A	21	41442549	0.262522063541472	0.119663639629783	0.0282474042523726
chr21:42627184:G:A	21	42627184	0.134919619003758	0.214034753424172	0.528457021988289
chr22:20147688:T:C	22	20147688	0.055531572614967	0.132707688903852	0.675617914778438
chr22:23891985:A:G	22	23891985	-0.0954531154397744	0.123528828740608	0.439688496308176
chr22:24245985:G:T	22	24245985	0.0955234245039466	0.151101696494982	0.527269463417345
chr22:28624303:G:A	22	28624303	-0.257879980934112	0.271792667361016	0.342716543323762
chr22:30376697:C:T	22	30376697	0.231560475601631	0.230173335992111	0.314402822729508
chr22:30662128:G:A	22	30662128	-0.117818738054692	0.145468580002482	0.417982893606034
chr22:36298345:C:A	22	36298345	-0.142365587124372	0.412673581318673	0.730106755769646
chr22:36977479:G:A	22	36977479	-0.0446753257958225	0.206402995688287	0.828639271097975
chr22:42350572:C:T	22	42350572	0.129489736265689	0.267662429435149	0.628541994112992
chr22:42475109:T:G	22	42475109	-0.00860646151459145	0.147520551131236	0.953477198594672
chr22:44719519:A:G	22	44719519	-0.268060275149259	0.186177932792432	0.149922034114828
chr22:44805054:T:C	22	44805054	-0.128150249198697	0.199843279669639	0.521357843632621
chr22:45210278:T:C	22	45210278	-0.0150948116346614	0.131856465851533	0.908858000658974
chr22:47062473:C:T	22	47062473	-0.227590948693271	0.200433358094767	0.256168241551007
chr22:48785864:A:G	22	48785864	0.376259713192638	0.221975216199244	0.0900654037611262
chr22:49668266:A:G	22	49668266	-0.189933468791558	0.120189828161548	0.114042972910004
chr22:49926053:G:A	22	49926053	-0.338754163647316	0.250750987644933	0.176708745435354
