SNP	CHR	POS	est	stderr	pval
chr1:1837340:C:T	1	1837340	0.154559366736808	0.133293991283993	0.246237205020367
chr1:2261200:G:C	1	2261200	0.164645469140422	0.13279606625456	0.215035710011077
chr1:14678191:A:C	1	14678191	0.334319152847189	0.133156265807897	0.0120482521484655
chr1:14985097:C:T	1	14985097	0.0223857948202474	0.179068682491271	0.900513781951676
chr1:20215506:G:C	1	20215506	0.0648395697025245	0.155385561105878	0.676472284712435
chr1:22009627:T:C	1	22009627	0.0637639622420959	0.134660195266736	0.635844001669227
chr1:22126221:C:T	1	22126221	-0.112335043057253	0.126485737972393	0.374473954144521
chr1:23180575:A:G	1	23180575	-0.166800054361002	0.119305495536064	0.162085453252596
chr1:26058659:G:C	1	26058659	-0.199096195975019	0.19691831118137	0.311987790676195
chr1:26181362:A:G	1	26181362	0.121701550831779	0.130737011009134	0.351911359538153
chr1:28670719:C:T	1	28670719	0.155843846796441	0.119530098084299	0.192300342007449
chr1:29753056:A:C	1	29753056	0.0251760334720973	0.107405133914818	0.81467250664258
chr1:29908726:A:G	1	29908726	0.150648956102752	0.143450974540826	0.293636607410208
chr1:31886486:G:T	1	31886486	-0.130945492570434	0.12190831249754	0.282763990811345
chr1:39880059:T:C	1	39880059	0.261176364895991	0.135538426806704	0.0539853157956448
chr1:41175014:G:A	1	41175014	0.0852198048871862	0.177074959797008	0.630328873879591
chr1:43202709:G:A	1	43202709	0.129270255879175	0.149186940106605	0.386216863085558
chr1:47498869:G:A	1	47498869	-0.0377854963885896	0.155560530115084	0.80808364432367
chr1:54900240:G:A	1	54900240	0.0340194374570866	0.091407188926077	0.709762827837613
chr1:65351414:T:A	1	65351414	-0.0777961602856172	0.13155998134232	0.554295276569529
chr1:66254178:T:A	1	66254178	-0.630092824390678	0.348538157740267	0.0706351578023908
chr1:73302339:T:C	1	73302339	-0.0579554658099937	0.104406993475112	0.578831872108177
chr1:73563666:T:C	1	73563666	-0.21854614571422	0.187554369309282	0.243921227540064
chr1:76062379:T:C	1	76062379	0.0243128223369622	0.124730355247828	0.845453182321219
chr1:86928231:G:T	1	86928231	-0.223624055062666	0.164060473342858	0.172864012349773
chr1:88611347:G:A	1	88611347	0.0809337847254054	0.131521038168704	0.538311987870903
chr1:91057167:C:A	1	91057167	0.152830002175262	0.143458257038719	0.286727828567434
chr1:91093925:G:A	1	91093925	0.160446321348343	0.118755220134056	0.176673803140979
chr1:92475800:A:G	1	92475800	0.0800895889080213	0.116437669667395	0.491558399893485
chr1:94752415:G:A	1	94752415	0.169174736215367	0.117372245495433	0.14948522643454
chr1:95614324:G:A	1	95614324	0.191159384827108	0.18765905278875	0.308367915996029
chr1:99691102:T:C	1	99691102	0.00342229780138698	0.134995400871813	0.979774821191595
chr1:104937367:T:A	1	104937367	-0.30362218663994	0.150971181819003	0.0443120672623213
chr1:153704237:C:A	1	153704237	-0.16714689203721	0.127268214415424	0.189067200612354
chr1:157334223:T:C	1	157334223	0.106388260388747	0.147245980505468	0.469974438924363
chr1:159540226:C:T	1	159540226	-0.0935307851301745	0.123767239981516	0.449829656429957
chr1:165647351:T:C	1	165647351	-0.00523704842948267	0.100881063180918	0.958597938363664
chr1:168863629:G:A	1	168863629	0.29875975821004	0.162637115334497	0.0662140914818197
chr1:171350391:G:A	1	171350391	-0.167643675811736	0.119446879531118	0.160467840899549
chr1:173013575:C:G	1	173013575	-0.0248417895996943	0.123455303280133	0.840525834905207
chr1:178947344:C:A	1	178947344	-0.0186928062921417	0.165014122923974	0.90980854187985
chr1:185127444:C:G	1	185127444	-0.25863628219073	0.201149332959596	0.198515525735305
chr1:186638909:G:T	1	186638909	-0.215066864698768	0.243369605939288	0.376855642309526
chr1:188272062:T:C	1	188272062	0.132693183201713	0.127580908039891	0.298306986361719
chr1:193365737:C:T	1	193365737	-0.167147845880802	0.156362856488946	0.285081334119517
chr1:195033388:T:C	1	195033388	0.0741168611258275	0.148486559833273	0.617674689190159
chr1:195907914:A:G	1	195907914	-0.160026786214122	0.132015360443058	0.225442306882123
chr1:196692375:G:C	1	196692375	0.180480357914815	0.127381262666935	0.156526291945812
chr1:197559019:A:G	1	197559019	-0.21150147258802	0.17776309753714	0.234127355772626
chr1:199160726:G:A	1	199160726	0.250050310869996	0.172976033505272	0.148295662063247
chr1:204277152:T:C	1	204277152	-0.0389721586033031	0.149364480046517	0.794154312329039
chr1:207498131:C:T	1	207498131	0.0963065111622125	0.159640279121437	0.546327753782206
chr1:210496535:G:A	1	210496535	0.0917640206630932	0.159999112571129	0.566287036302503
chr1:212937214:T:G	1	212937214	0.167856079968232	0.122220034706646	0.169630357676543
chr1:219750864:A:G	1	219750864	0.00557970046074505	0.124405185069243	0.964226051384695
chr1:221920463:G:A	1	221920463	0.302518533390028	0.144400906538399	0.0361718332933053
chr1:234456961:G:A	1	234456961	-0.121847810377031	0.182959214347061	0.505421673308126
chr1:237308322:A:G	1	237308322	-0.197423670062744	0.11902641857712	0.0971854917065136
chr1:244583991:C:T	1	244583991	-0.0766230347808806	0.18327023577478	0.675882983944816
chr1:247190028:T:C	1	247190028	-0.146674439600674	0.132355373855142	0.26778127631541
chr1:247897239:C:T	1	247897239	0.0235030687984789	0.202087441876572	0.907413611845144
chr2:3248328:A:G	2	3248328	-0.105488380725916	0.092364418723251	0.253417053793492
chr2:6804400:G:A	2	6804400	0.192786561899277	0.141418146004014	0.172807578541278
chr2:9411790:A:C	2	9411790	0.0997595502268772	0.20636601589805	0.628804117783929
chr2:12096367:C:T	2	12096367	-0.266481959189181	0.185091056260191	0.149942559482204
chr2:13545005:C:T	2	13545005	0.182190615805524	0.11997400212624	0.128867207943772
chr2:16009716:A:G	2	16009716	0.124773452675533	0.124280926019547	0.315396442908833
chr2:16367899:A:T	2	16367899	0.0375733318656502	0.153558479534036	0.806700972146876
chr2:17630111:A:C	2	17630111	0.130736734944707	0.125472131397703	0.297430989673587
chr2:17928966:C:G	2	17928966	-0.0801571118101854	0.14906311049389	0.590756954680609
chr2:18261494:A:T	2	18261494	-0.0308795687939755	0.121181053262152	0.798860770936828
chr2:19530615:T:C	2	19530615	-0.248760090363593	0.124332289282499	0.0454173761051394
chr2:19562158:T:C	2	19562158	-0.0744836520097393	0.142721606810612	0.601753397168511
chr2:27383116:G:A	2	27383116	0.186058417212523	0.119756153086365	0.120269380625828
chr2:37762298:C:T	2	37762298	0.0632151056824083	0.127789494980623	0.620824925817272
chr2:42010994:T:A	2	42010994	0.0163066808308042	0.193888806255991	0.93297433212103
chr2:45824390:C:G	2	45824390	0.316527959304568	0.153356933103164	0.0390181804668397
chr2:49789441:T:C	2	49789441	-0.151970081639784	0.189017563252005	0.421397094827393
chr2:49994518:G:A	2	49994518	0.0698962634320748	0.142046837770096	0.622673462466755
chr2:51284042:G:A	2	51284042	-0.0712991746185813	0.191061090262486	0.709018387497101
chr2:51344078:G:A	2	51344078	0.311655679568668	0.172992103158123	0.0716146354976929
chr2:57278002:C:A	2	57278002	0.105088103216717	0.125113788316383	0.400941903775095
chr2:57368273:A:G	2	57368273	-0.0861997909250084	0.20853542647711	0.679344327033206
chr2:60373837:A:G	2	60373837	0.102172174019962	0.128194934147392	0.425447354900014
chr2:61147014:T:C	2	61147014	0.040427269025445	0.137020315930012	0.767958891166756
chr2:61693274:A:G	2	61693274	-0.287420128006287	0.19416872823914	0.138803974854785
chr2:65295480:C:T	2	65295480	0.0411525384793992	0.128471072227462	0.748721724143549
chr2:66031496:T:C	2	66031496	0.0602315424309188	0.094993543111998	0.526042102349317
chr2:69165635:T:C	2	69165635	-0.33323714723998	0.236957290100015	0.159629911691615
chr2:76651386:C:A	2	76651386	-0.172403518502649	0.137399886202854	0.209566855907592
chr2:79784490:C:G	2	79784490	0.0569673703491996	0.172029715104163	0.74053237023303
chr2:82619301:T:C	2	82619301	0.101616523811971	0.162938816266406	0.532858550606423
chr2:85744328:G:A	2	85744328	-0.474539529089032	0.182248603439943	0.00921956317535444
chr2:85757440:T:A	2	85757440	-0.0052624730001192	0.109147626826002	0.961545478690565
chr2:99811694:T:C	2	99811694	-0.0321139872618839	0.141670118640906	0.820671456009136
chr2:101228073:A:C	2	101228073	-0.134796522381168	0.169151243571236	0.425509466708055
chr2:106861882:T:C	2	106861882	-0.0630658338890505	0.152366516911737	0.678940938735944
chr2:108083619:T:C	2	108083619	0.0690438754050817	0.126373242860412	0.584826165795319
chr2:118004610:C:T	2	118004610	0.0301597023410649	0.153673995088302	0.844408480657772
chr2:119455921:A:G	2	119455921	-0.199880283455622	0.145276820221934	0.168865583185696
chr2:120644763:G:A	2	120644763	-0.253127183406516	0.1084894351469	0.0196378281569218
chr2:120916837:A:G	2	120916837	-0.401859343552324	0.157574061229866	0.0107633755639401
chr2:122628686:C:A	2	122628686	0.0389643354217098	0.178004426020418	0.826731593803151
chr2:122629789:A:C	2	122629789	-0.189028324334426	0.221521998927802	0.393483943691796
chr2:127192867:G:A	2	127192867	0.223088356754317	0.125944225055823	0.0765064055105317
chr2:130915743:C:T	2	130915743	-0.0628340663522148	0.147962416592861	0.671082839619605
chr2:136507185:G:C	2	136507185	-0.340153121945682	0.124887720293062	0.00645606903257501
chr2:141023592:C:T	2	141023592	-0.0132009772329949	0.159244164061466	0.933932871428202
chr2:143017176:T:C	2	143017176	0.247290848548996	0.174961522987259	0.157537756019458
chr2:143920023:G:T	2	143920023	-0.173321905426925	0.177231048418146	0.328102398403409
chr2:144729333:C:T	2	144729333	-0.0704043811971999	0.120389233013288	0.558677971793584
chr2:148561010:G:C	2	148561010	-0.288807246982292	0.222856030177678	0.194997388821171
chr2:154835349:G:T	2	154835349	-0.0802347497823067	0.171258812804346	0.639427087761064
chr2:167086954:T:G	2	167086954	-0.0225204385115575	0.119152079866351	0.850088242468696
chr2:167657344:C:T	2	167657344	0.207434568194854	0.122161927226382	0.0895021756712221
chr2:168647356:T:G	2	168647356	-0.0405954611250708	0.149011427579174	0.785289974187931
chr2:171274449:C:A	2	171274449	-0.437247148876945	0.253916456689469	0.0850673707921303
chr2:177787584:G:A	2	177787584	-0.0253818641595294	0.144345098720947	0.860418435448804
chr2:179648558:C:T	2	179648558	-0.195343497108956	0.236613370285544	0.409041830596037
chr2:183527028:C:T	2	183527028	-0.0290130837152734	0.1574049368795	0.853761399612651
chr2:184516924:T:A	2	184516924	-0.241546739621293	0.158806507218822	0.128256610341574
chr2:197010424:G:A	2	197010424	0.159338610069672	0.20883759780613	0.445476181165437
chr2:209101337:G:A	2	209101337	-0.0639158178842084	0.15972951897022	0.689045804503767
chr2:209103516:A:G	2	209103516	-0.0971340081890449	0.159175010824221	0.541706790878323
chr2:210957182:G:A	2	210957182	0.272965011420428	0.154194352012945	0.0766828471074141
chr2:214802180:T:C	2	214802180	0.116229171702007	0.135207707551288	0.389990707608759
chr2:215209936:A:G	2	215209936	0.142409228219433	0.150815808153605	0.345037162825263
chr2:220997842:C:T	2	220997842	0.241150639541021	0.121822034212916	0.0477561178444014
chr2:228947684:G:A	2	228947684	0.0804303989879973	0.148528886393355	0.588153686494993
chr2:233152507:T:C	2	233152507	-0.0311041214039246	0.145488268840379	0.830709835037184
chr2:235620294:A:T	2	235620294	0.107880501102403	0.123174292278887	0.381119100564155
chr2:237288548:A:G	2	237288548	0.404932064722558	0.181504174416318	0.0256824970241957
chr2:237513585:T:C	2	237513585	-0.111643767672543	0.161467928600533	0.489295365185717
chr2:237920759:T:G	2	237920759	0.267519222277343	0.166578390350118	0.108281392398173
chr2:240429648:C:T	2	240429648	-0.275716134338457	0.144222018834111	0.0559085437397223
chr3:10127208:T:G	3	10127208	-0.175162224983637	0.191086871168784	0.359319368941758
chr3:14082905:A:G	3	14082905	0.117542696476715	0.139637238944233	0.399915673534429
chr3:16798495:T:G	3	16798495	-0.0635073226240368	0.152796386073462	0.677678085204357
chr3:18882818:T:C	3	18882818	0.120094732349105	0.124572087756733	0.335016789414055
chr3:22245167:A:G	3	22245167	0.0826380949892685	0.159689726767868	0.604813019065103
chr3:24009496:G:A	3	24009496	0.00443831850425468	0.1065288128502	0.966767285891949
chr3:24010534:C:T	3	24010534	0.101572170654704	0.132785303293454	0.444310050777849
chr3:33111016:C:A	3	33111016	0.00142005669373302	0.191202796437971	0.994074192866449
chr3:33421913:A:G	3	33421913	-0.204883211646423	0.144124350974605	0.15515039738772
chr3:34471110:A:G	3	34471110	-0.0678517049533572	0.139353039465763	0.626325587946865
chr3:35230331:G:A	3	35230331	-0.143851552172309	0.143482576584085	0.316067618362502
chr3:41413926:T:C	3	41413926	-0.194409015410794	0.139766858252317	0.164239929818821
chr3:42098050:T:C	3	42098050	-0.0805858476714888	0.163766505246854	0.622664405614897
chr3:46489654:A:G	3	46489654	-0.0385765503948874	0.108526060033696	0.722245854454952
chr3:56959175:A:G	3	56959175	-0.0673427758271127	0.161568955379214	0.676820920952652
chr3:64441608:G:A	3	64441608	0.0502526204657446	0.10961721271233	0.646638289597693
chr3:66995763:G:T	3	66995763	-0.150021807814636	0.16089771501299	0.351127345744811
chr3:68498445:T:C	3	68498445	0.286989240234865	0.151072889469458	0.0574759143904227
chr3:68824246:G:A	3	68824246	0.0573077776710862	0.126832558928844	0.651385647202504
chr3:69021248:A:C	3	69021248	-0.0874199562477265	0.180897955789829	0.628914237666482
chr3:69617754:T:G	3	69617754	-0.136279052990876	0.138603249186888	0.325493612833065
chr3:74191731:G:A	3	74191731	0.242781328213784	0.151501006150202	0.109043678892071
chr3:74732240:G:A	3	74732240	-0.0547598771516993	0.120956577059163	0.650747901749243
chr3:75709324:A:T	3	75709324	0.167632507936011	0.13359465522343	0.209556986498245
chr3:84465702:T:C	3	84465702	-0.16608769155012	0.171880088484561	0.333894196525661
chr3:84817748:G:A	3	84817748	0.0242982250515062	0.153333916186426	0.874089544977073
chr3:85705423:A:G	3	85705423	0.27581778442323	0.155958072882618	0.0769709987501319
chr3:88069353:C:T	3	88069353	-0.233652599437655	0.237348543371108	0.32490501799645
chr3:93986190:G:A	3	93986190	0.0142525280063023	0.205731087241419	0.944768763691631
chr3:101022648:G:A	3	101022648	-0.0413821113576522	0.176015149352735	0.814126930813488
chr3:106664728:C:T	3	106664728	-0.13212033004868	0.138422654123075	0.339845570884798
chr3:110774699:C:T	3	110774699	0.163506313237854	0.159268953981571	0.304606472853754
chr3:113428518:G:A	3	113428518	0.11887657785877	0.1216531982193	0.328482059107727
chr3:121058963:T:G	3	121058963	0.178602620391852	0.195208594484586	0.36022724720613
chr3:122312606:G:A	3	122312606	0.284672411216068	0.171539005916038	0.0970110537854816
chr3:124193435:A:C	3	124193435	-0.177644519323944	0.128060431533077	0.165382954797383
chr3:126773646:G:T	3	126773646	-0.00572184500164622	0.144258795154002	0.968361201040361
chr3:131209978:G:T	3	131209978	-0.209678938985318	0.16763169290463	0.210996096661082
chr3:133982842:C:T	3	133982842	0.195813259144549	0.129637057139032	0.130922804217342
chr3:146265901:G:T	3	146265901	-0.153644949604138	0.182442446966534	0.399700797707049
chr3:149679065:C:A	3	149679065	0.0620049019008625	0.130465680310278	0.634602853034534
chr3:152663712:G:C	3	152663712	-0.0499784236852651	0.117812315933107	0.671404862385224
chr3:159417151:A:G	3	159417151	-0.248459658673352	0.14180688204713	0.0797568317356927
chr3:164899350:G:A	3	164899350	0.200828320913457	0.138018216941043	0.145645563377927
chr3:168053836:T:C	3	168053836	0.0889188970143047	0.131110527947761	0.497646164441682
chr3:171028381:G:A	3	171028381	-0.328887675766766	0.262706202241303	0.210598285126158
chr3:174497130:T:C	3	174497130	0.0729942843505952	0.131053040448102	0.577539207310259
chr3:176663180:T:G	3	176663180	0.0335046485107742	0.156123695618581	0.830076679671096
chr3:196706550:C:T	3	196706550	-0.0573819834046177	0.135203058047803	0.671264383063486
chr4:332191:G:A	4	332191	-0.000908850890948781	0.132857144278628	0.994541863427068
chr4:8816874:T:C	4	8816874	-0.0630629474373474	0.116890593102092	0.589539108791789
chr4:9851274:C:G	4	9851274	0.0189184428618929	0.113264940203721	0.867347833975912
chr4:10725805:A:G	4	10725805	-0.167252528575396	0.229621663388176	0.466379133403467
chr4:13219910:C:T	4	13219910	0.0149795904201819	0.120094853052612	0.900736255488747
chr4:18747099:A:G	4	18747099	-0.23275782645714	0.120194631899588	0.052805554184437
chr4:20840555:C:T	4	20840555	0.172361350572145	0.125367366775174	0.169177887975119
chr4:21137718:C:T	4	21137718	0.0446752112088505	0.112681316474783	0.691755391649378
chr4:26851610:T:C	4	26851610	-0.0307209820495751	0.202107962621925	0.879184704488276
chr4:32302160:A:T	4	32302160	-0.0350776624372626	0.160354209525198	0.82684392760885
chr4:40603484:A:G	4	40603484	0.181358625312559	0.122431702907889	0.138525465453862
chr4:44018406:T:G	4	44018406	0.15839296662189	0.15708907782289	0.313310311923359
chr4:44680448:T:C	4	44680448	-0.198903121914438	0.139208489907265	0.153057529980136
chr4:55337032:C:T	4	55337032	0.103057546678257	0.118782071204887	0.385603103665819
chr4:55659669:G:A	4	55659669	-0.455163213225773	0.234952426278877	0.0527139457319343
chr4:56719096:C:T	4	56719096	-0.0287432858202754	0.155438029751428	0.853293371508858
chr4:61158247:C:G	4	61158247	0.25786782916621	0.133089625575287	0.0526781245743235
chr4:67708732:C:T	4	67708732	0.0444074619637902	0.140397934151792	0.751776998360623
chr4:67911021:C:T	4	67911021	0.174074616388449	0.131217686037404	0.184637923128878
chr4:90022599:G:T	4	90022599	0.189411807108051	0.11702911221043	0.105554539072462
chr4:95433170:T:C	4	95433170	-0.0409524515108768	0.189335624566728	0.828757383895395
chr4:97398054:G:A	4	97398054	-0.214607647189471	0.126969839859103	0.0909848425406181
chr4:98823404:T:C	4	98823404	-0.177845046754005	0.19135871387336	0.352691958106858
chr4:99262681:C:G	4	99262681	0.0126277552277693	0.123446095028515	0.918523572358731
chr4:99355957:G:T	4	99355957	0.0595414218910628	0.141995128230389	0.67498215461516
chr4:101085120:T:C	4	101085120	-0.378731742274652	0.164063856338557	0.0209746175377974
chr4:102399971:C:T	4	102399971	-0.0330378559612008	0.119006279562524	0.781308382943927
chr4:102884286:T:C	4	102884286	0.199596538689466	0.130091230750307	0.124960471604464
chr4:105992845:C:T	4	105992845	-0.0682561927209662	0.124403836687113	0.583234477664419
chr4:108791253:G:A	4	108791253	-0.0941709339665882	0.0971436021575218	0.332346032083001
chr4:110957298:T:A	4	110957298	-0.201783114903149	0.195040912243766	0.300870636729108
chr4:113348012:C:T	4	113348012	-0.289240820050493	0.15667579034709	0.064876164054312
chr4:115522695:G:A	4	115522695	-0.216290195044212	0.134192574058321	0.107007732417548
chr4:120770744:A:C	4	120770744	-0.118809998600448	0.149183424655439	0.425798334978084
chr4:123964831:A:G	4	123964831	-0.114008881770441	0.137676290265928	0.407617382962047
chr4:126268710:T:G	4	126268710	0.0435768088327868	0.173963845951032	0.802205747707823
chr4:134350906:C:T	4	134350906	-0.213391127918055	0.136395166628577	0.11769866226295
chr4:138952375:G:A	4	138952375	0.103134781922085	0.119927564972094	0.389802482341276
chr4:141618953:G:A	4	141618953	-0.115940766584959	0.148093057198469	0.43369094480973
chr4:149616644:T:G	4	149616644	0.108174890675404	0.149026190424466	0.467913327368358
chr4:171974219:A:G	4	171974219	0.173497936308143	0.146279143749609	0.235592949911723
chr4:176312841:C:T	4	176312841	-0.0965254893244501	0.192030342248671	0.615205104001221
chr4:179329624:T:G	4	179329624	0.0828848363843608	0.121412653383834	0.494815076693676
chr4:183032183:A:G	4	183032183	-0.00856464673677946	0.176377022036001	0.961270948328539
chr4:184991673:A:G	4	184991673	0.0341143995206943	0.121584251174598	0.779030726047594
chr4:189912372:C:T	4	189912372	-0.0647562004788856	0.135418537389207	0.632512824161307
chr5:5313703:A:G	5	5313703	0.0520995458799449	0.136818083467353	0.703355891528702
chr5:7364955:T:A	5	7364955	0.0390344849115134	0.166167797307565	0.814278552137857
chr5:8067079:G:C	5	8067079	0.053365400678402	0.107359458981205	0.619138149666941
chr5:13911296:G:T	5	13911296	-0.343193322524353	0.171664441549459	0.0455856028097428
chr5:15621966:C:G	5	15621966	0.115334392838471	0.124395770396074	0.353845093646977
chr5:17902851:T:C	5	17902851	-0.286543502459553	0.178501653317432	0.108434209214253
chr5:20732163:G:T	5	20732163	-0.137441431771721	0.171513692810597	0.422932649429859
chr5:21913130:A:C	5	21913130	-0.109521684764902	0.180587741759388	0.544200356036222
chr5:23787194:A:C	5	23787194	-0.0254565044548664	0.121289064378629	0.833759043807492
chr5:23895775:T:G	5	23895775	-0.0156629307806711	0.136526559185305	0.908663554672205
chr5:33466391:T:A	5	33466391	0.0423142505746302	0.119883987763146	0.724118439256384
chr5:33624899:A:G	5	33624899	-0.32331365191837	0.271166693686414	0.233141317388837
chr5:39550509:T:G	5	39550509	-0.189011198447349	0.0983449067495745	0.054615626137605
chr5:39634108:G:A	5	39634108	0.26699379128496	0.136591176201349	0.0506193381671219
chr5:39978357:G:A	5	39978357	0.030889060891542	0.116239617867238	0.790442470965084
chr5:44011742:G:T	5	44011742	-0.393811976272928	0.26525485591871	0.137635209795413
chr5:54814079:C:T	5	54814079	-0.51481611619139	0.213933039576433	0.0161090369973975
chr5:66989845:C:A	5	66989845	0.0803704770659996	0.136309470312083	0.555446979014633
chr5:66992139:G:A	5	66992139	0.194301589523475	0.152427482656852	0.202410156622077
chr5:73076502:T:C	5	73076502	0.182268369704069	0.124365696905069	0.1427616655558
chr5:76998986:C:A	5	76998986	-0.124184091273144	0.104358252625013	0.234054788481649
chr5:80530472:T:A	5	80530472	-0.214750180209762	0.222741337973	0.33498396295116
chr5:81710558:G:T	5	81710558	0.252814054701231	0.143073729931469	0.077224981400832
chr5:84879932:A:G	5	84879932	-0.063118325374219	0.138895115655862	0.649518234615736
chr5:85476293:A:G	5	85476293	0.030488143437166	0.142302016045589	0.830352454818601
chr5:85809583:T:C	5	85809583	0.115501717886708	0.130708345581635	0.376879856792213
chr5:92192959:A:T	5	92192959	-0.0633584872270101	0.126748959409424	0.617163923538064
chr5:94648523:C:G	5	94648523	-0.147363136164075	0.122632388587499	0.229493071980989
chr5:98024666:G:A	5	98024666	0.0319199360796827	0.134588023832021	0.812526670007394
chr5:101328324:T:C	5	101328324	-0.194279085171624	0.173915410713617	0.263956044843377
chr5:101825779:A:C	5	101825779	0.0848869664457972	0.167561883405665	0.612435021200365
chr5:106773905:G:A	5	106773905	0.051388672682987	0.132148733095999	0.697372344328419
chr5:114915760:G:T	5	114915760	0.0606243817352708	0.126751673037165	0.632441993523956
chr5:115102683:A:G	5	115102683	-0.167634877670865	0.135560144048984	0.216232322239616
chr5:117238479:G:A	5	117238479	0.194456604663158	0.163434200675024	0.234118773021255
chr5:121740415:G:T	5	121740415	-0.0720156173044385	0.144870150244904	0.619115294769727
chr5:137227416:A:T	5	137227416	0.325852612968935	0.197806220226366	0.099489723613893
chr5:137406489:C:T	5	137406489	-0.335523719030785	0.170538866046036	0.0491333628757653
chr5:140638650:G:A	5	140638650	-0.102375016995943	0.110205395482423	0.352916339988979
chr5:142682003:T:C	5	142682003	-0.364724020170585	0.177666396561979	0.0400862768067547
chr5:144183699:A:G	5	144183699	0.061095973900221	0.184433314702531	0.740445669744295
chr5:145690757:G:T	5	145690757	-0.442875897644632	0.319688572118634	0.165949932416902
chr5:147282093:C:T	5	147282093	-0.182560183759171	0.237248320600429	0.441602544913932
chr5:148033208:G:T	5	148033208	-0.209144102741183	0.231466736798172	0.366228718156934
chr5:151763317:T:C	5	151763317	-0.147073156385614	0.144464933118546	0.308652118746277
chr5:153541577:C:T	5	153541577	0.0700897578672225	0.169555306933186	0.679332610250087
chr5:168245100:T:C	5	168245100	0.0727759717473728	0.121740010906643	0.549974524120837
chr5:169455657:C:T	5	169455657	0.26036321849981	0.144099041651093	0.070787980976149
chr5:169808985:G:C	5	169808985	-0.0468414758881035	0.177282668572971	0.791611056169764
chr5:172672695:T:C	5	172672695	-0.126183378661192	0.20920031170608	0.546395518166976
chr5:173346700:A:C	5	173346700	0.148980201606292	0.148553452003598	0.315922285771522
chr6:3041612:C:A	6	3041612	0.0205532315516411	0.14936186730621	0.890551059596962
chr6:3673174:A:G	6	3673174	-0.0675187580857076	0.165560727354471	0.68340679484316
chr6:3786319:G:C	6	3786319	-0.117135284362766	0.135098783723402	0.385923196281809
chr6:6090729:G:T	6	6090729	0.233923797470058	0.147337625682168	0.112360566696492
chr6:6354181:A:T	6	6354181	-0.242759654236786	0.160491497871764	0.1303809544082
chr6:6456261:T:C	6	6456261	0.0506678041911138	0.156560532123002	0.746217596183364
chr6:7642514:C:G	6	7642514	-0.282514928418787	0.157599797618625	0.073035351781395
chr6:21494280:T:C	6	21494280	-0.222068789052217	0.217710549430708	0.307719684794379
chr6:23344439:T:A	6	23344439	-0.271795160429627	0.167954750950139	0.105605672723124
chr6:26287827:G:A	6	26287827	0.192884437916846	0.135318056995907	0.154037168500452
chr6:31108549:A:G	6	31108549	-0.171857654150385	0.109190885690173	0.115506082454609
chr6:32660000:G:C	6	32660000	0.323503024354803	0.149212630382883	0.030153566552897
chr6:33148933:A:G	6	33148933	-0.110342440333842	0.136824195324128	0.419981034070098
chr6:37400014:G:T	6	37400014	-0.0508740494988923	0.180662315606451	0.778252186749774
chr6:39124093:C:T	6	39124093	-0.241753269808963	0.169636943530736	0.154122058237279
chr6:45195864:C:T	6	45195864	0.00205245776712129	0.134770718619842	0.987849281501028
chr6:46738257:G:A	6	46738257	-0.145776144586823	0.171748969739439	0.396006786329302
chr6:47717919:C:A	6	47717919	0.360677348653299	0.129726608582018	0.00543106883133815
chr6:48859012:C:A	6	48859012	0.0898577753971838	0.193541970035295	0.642446745689922
chr6:49860743:T:G	6	49860743	-0.0185162955249642	0.159477343571174	0.907568438885179
chr6:53292416:C:G	6	53292416	0.152913319170226	0.127260596081572	0.229527719250691
chr6:69504128:A:G	6	69504128	0.0201618645924514	0.143350996899959	0.888148943757259
chr6:81137001:T:C	6	81137001	-0.0664539108337459	0.132413781322377	0.615762122873025
chr6:84758749:C:T	6	84758749	0.00494786109792616	0.167434442585655	0.976425116530734
chr6:87387916:G:T	6	87387916	0.215614857089837	0.133419250326891	0.10607916463712
chr6:88566465:G:A	6	88566465	-0.0575483517789081	0.100314193767799	0.566183655599865
chr6:93273487:T:C	6	93273487	0.0849574507389976	0.219043551109578	0.698122279448073
chr6:97788153:C:A	6	97788153	0.197316002331652	0.145474342837291	0.174983729639672
chr6:104918249:A:G	6	104918249	-0.193678006826766	0.141389374431885	0.170743066472874
chr6:107129138:A:G	6	107129138	0.231020538731214	0.111120385666541	0.0376163108080806
chr6:112187089:T:C	6	112187089	0.131441379353425	0.11337880051697	0.246329120639624
chr6:118046853:T:C	6	118046853	0.00401548285880056	0.14233990077203	0.977494245465941
chr6:123103197:T:C	6	123103197	-0.494863032302111	0.320933642376442	0.12308619680948
chr6:127784009:G:A	6	127784009	0.134160099061217	0.127238638708711	0.291700978954156
chr6:129527930:G:A	6	129527930	0.0133657457616107	0.205344011595975	0.948102714439786
chr6:137254996:T:C	6	137254996	-0.0673692899024322	0.121257632359897	0.578492511575815
chr6:151547601:G:A	6	151547601	-0.318784142391048	0.126564901306842	0.0117775422222067
chr6:152638179:C:T	6	152638179	-0.0897433821844413	0.140920850907234	0.524232084636445
chr6:153842833:G:A	6	153842833	-0.100749897172316	0.138299857484236	0.466314422444793
chr6:160701242:A:G	6	160701242	-0.0579617757802615	0.160441642756094	0.717902167353105
chr6:160909689:G:C	6	160909689	0.170033845754776	0.248327186213128	0.493522519944922
chr6:162760256:C:T	6	162760256	0.115041484639623	0.16812507227013	0.493810164332627
chr6:163629327:G:A	6	163629327	-0.0626950939913908	0.122359456236767	0.608381907100906
chr7:6986920:C:A	7	6986920	0.0965789714484158	0.168223160719827	0.565891867855982
chr7:7863676:G:A	7	7863676	0.295112436037529	0.155722298813144	0.0580765114241234
chr7:8111839:A:G	7	8111839	0.0267829831501576	0.133935846109653	0.841505024733369
chr7:9602661:C:A	7	9602661	0.16653108107315	0.118907886315093	0.161362167942384
chr7:11334355:C:A	7	11334355	-0.16947909855612	0.182818010090861	0.353907213441636
chr7:12476280:G:A	7	12476280	-0.228608018498198	0.147296194702778	0.120655199147486
chr7:20850990:A:T	7	20850990	0.0481386821940915	0.112128930931974	0.667693676341188
chr7:22822020:C:A	7	22822020	-0.0992317658563656	0.109534524323277	0.364967326413855
chr7:24140802:T:C	7	24140802	0.187702664471288	0.126347762962026	0.137384058904918
chr7:24278575:A:G	7	24278575	-0.0194903246551838	0.205285817706662	0.924360592067903
chr7:24620726:T:A	7	24620726	0.0569634288504907	0.109210904823402	0.601955106782977
chr7:24740434:C:T	7	24740434	-0.135221900030256	0.132415984724631	0.307164355559215
chr7:28505993:C:T	7	28505993	0.0164021311021441	0.136386875644275	0.904275763963823
chr7:36413989:G:A	7	36413989	0.147318193409152	0.202363684568102	0.466621357377624
chr7:43755241:C:T	7	43755241	-0.0133424806798118	0.129636708398534	0.91802480728807
chr7:44689517:A:G	7	44689517	0.15667383570117	0.119850560572467	0.191130112798122
chr7:46192346:C:G	7	46192346	-0.185036068154122	0.121757248273064	0.128583132973675
chr7:48301675:T:C	7	48301675	-0.0679259928484423	0.124235207587457	0.584548324054426
chr7:51890159:C:T	7	51890159	-0.287202885695319	0.148375872103077	0.0529113016995159
chr7:53046603:C:G	7	53046603	0.119877325609996	0.197532321273445	0.543934212503209
chr7:55663907:C:A	7	55663907	0.024995109201738	0.121783376787299	0.837382765447975
chr7:56122201:A:G	7	56122201	-0.100387097181524	0.128368170667028	0.434199979807152
chr7:62910214:G:T	7	62910214	-0.169686183556661	0.173956605619619	0.329336486099995
chr7:67766433:G:A	7	67766433	0.0918402756121894	0.121085024469103	0.44816513341134
chr7:68433432:T:C	7	68433432	0.162115338477786	0.112410339973485	0.149253120662845
chr7:71020152:T:G	7	71020152	0.340308708138533	0.153112885469943	0.0262427803012245
chr7:71553830:T:C	7	71553830	-0.171337459608936	0.116592466791738	0.141685994953861
chr7:78390279:T:G	7	78390279	-0.0114800366738591	0.144447702857553	0.936654510273259
chr7:83524616:A:T	7	83524616	0.112505246481211	0.158608902860553	0.478122870815994
chr7:84786535:C:A	7	84786535	0.102062498841429	0.193199539006476	0.597308436281858
chr7:86620755:G:A	7	86620755	0.0813386122376143	0.147088191310948	0.580268799068137
chr7:89207269:G:A	7	89207269	0.370534524826665	0.160816501783348	0.0212179998690883
chr7:91097147:A:G	7	91097147	0.220043809019339	0.124819883832757	0.0779189304255443
chr7:103095283:G:A	7	103095283	-0.29700625480476	0.283547985287806	0.294885712091163
chr7:113434486:A:C	7	113434486	-0.118449801665206	0.114921628405216	0.302681201208459
chr7:113749820:G:A	7	113749820	0.147525377784486	0.124441870279997	0.235821273525138
chr7:117145973:C:G	7	117145973	0.154651723757174	0.134158556413496	0.249011641761762
chr7:119808046:G:A	7	119808046	-0.129833178933045	0.155448404065975	0.403595433811257
chr7:122582926:C:G	7	122582926	0.0491425076317911	0.168939845092549	0.771137278201638
chr7:124802410:A:T	7	124802410	-0.104503462432814	0.115058309251089	0.363738104750647
chr7:129047886:A:G	7	129047886	-0.0605888446132468	0.238992814600142	0.799868392304778
chr7:131384702:T:A	7	131384702	0.0389562483448651	0.123583728300914	0.752593481615886
chr7:136870573:G:A	7	136870573	-0.276293838277045	0.183136846853446	0.131382058591897
chr7:142873374:T:C	7	142873374	-0.536627463521474	0.204618961886411	0.00872694477043234
chr7:145116884:A:G	7	145116884	0.162482393552106	0.112332010764877	0.148051633829029
chr7:149242006:T:C	7	149242006	-0.223579548661968	0.130707367475474	0.0871669561538102
chr7:153502245:G:A	7	153502245	-0.0926757815757157	0.143738643702186	0.519087896218057
chr7:153952270:G:A	7	153952270	0.0747201793733552	0.142772453282589	0.600729659766312
chr7:154426289:T:C	7	154426289	-0.147928705269849	0.195958370294799	0.450309807879876
chr7:156975524:A:T	7	156975524	0.0160951730552281	0.192271495446222	0.933286484451796
chr7:157677820:C:T	7	157677820	-0.197696872738324	0.185400175101438	0.286276676498848
chr8:276778:A:T	8	276778	0.0171590736656225	0.142088470639718	0.90387851375269
chr8:1102873:G:T	8	1102873	0.250550676020504	0.138945604453671	0.0713523339208068
chr8:8710521:T:C	8	8710521	-0.0369117988850734	0.112274725435902	0.742334674502227
chr8:9029509:T:C	8	9029509	0.231581384443774	0.153831541834707	0.132215621362287
chr8:9109096:A:G	8	9109096	-0.0757560349445564	0.184824251950984	0.681892903430131
chr8:13032868:C:A	8	13032868	-0.00361290747928321	0.175193080035267	0.983546845669162
chr8:20741226:C:T	8	20741226	0.177833274125345	0.149446300176706	0.234066967255335
chr8:23115837:G:A	8	23115837	0.122157488488655	0.154560964385055	0.429322524045368
chr8:25783762:T:C	8	25783762	0.0417822846683551	0.111706727321415	0.708377884367016
chr8:27022227:G:T	8	27022227	-0.0312626795522817	0.149501872966408	0.834360577958105
chr8:28150898:A:G	8	28150898	-0.0178097171208702	0.134547168345329	0.894693356248201
chr8:28528484:G:T	8	28528484	-0.100001249190405	0.14225348660671	0.482068681453457
chr8:41788192:C:T	8	41788192	0.153916053534069	0.150559534657607	0.306641946227783
chr8:42055528:T:G	8	42055528	-0.245545413107786	0.228186228844801	0.281893878257191
chr8:53142705:G:A	8	53142705	0.225493564930798	0.126493271425389	0.0746428643417256
chr8:61304314:G:C	8	61304314	-0.0144021738587146	0.118954978600333	0.903633629299271
chr8:61926940:A:T	8	61926940	0.21643430728494	0.111276841134502	0.0517740575841302
chr8:63445672:G:A	8	63445672	0.0414484243839926	0.137494594022048	0.763067606553351
chr8:65343369:C:A	8	65343369	-0.112241307574138	0.147388304267912	0.446337763081235
chr8:65418628:G:T	8	65418628	-0.135023067669728	0.116454649188277	0.246273769282715
chr8:71273350:T:A	8	71273350	-0.158326548523449	0.205808451562308	0.441720697034749
chr8:72033005:T:C	8	72033005	-0.302171007878148	0.201176120855239	0.133091364997961
chr8:72065200:T:A	8	72065200	-0.168879249672241	0.125267019779819	0.17760881544058
chr8:73211475:T:C	8	73211475	0.0789173348438492	0.142377993544957	0.57938694445947
chr8:86323708:T:C	8	86323708	0.0138568777550869	0.12184493395768	0.90945538640555
chr8:89525432:A:G	8	89525432	-0.100667314766075	0.112791173725857	0.37211932974429
chr8:92001032:A:G	8	92001032	0.0470595821292854	0.153421338095739	0.759045642743249
chr8:92645879:A:G	8	92645879	-0.222838280960029	0.249481656635472	0.371747362686829
chr8:95906161:G:A	8	95906161	-0.0449665475757128	0.137828248186616	0.744234766575816
chr8:96365126:C:T	8	96365126	0.298699048669167	0.132587077915266	0.0242684893453294
chr8:98002322:C:T	8	98002322	0.12676948515552	0.132316922971925	0.338025134461339
chr8:106920372:G:A	8	106920372	-0.0878149941641195	0.16397993818559	0.592288402118243
chr8:108142424:A:G	8	108142424	0.00528333452210119	0.109228973681873	0.961421885392797
chr8:109421925:C:T	8	109421925	0.0945583696133102	0.142583378139069	0.507215616289247
chr8:116252872:C:T	8	116252872	-0.107311647533397	0.141391135500205	0.44787042924685
chr8:121384602:C:T	8	121384602	-0.272296616773954	0.14213454205477	0.0553948033430758
chr8:127029052:C:T	8	127029052	-0.0359795022707183	0.143021014744724	0.801375040775013
chr8:128437247:A:G	8	128437247	0.058009759464698	0.155064843832579	0.708329912042696
chr8:131315237:G:A	8	131315237	-0.0262658901552514	0.136990859455094	0.8479500875237
chr8:135895676:A:T	8	135895676	-0.346768520278605	0.307802159503402	0.259913552915749
chr8:141605122:C:T	8	141605122	0.268185297837504	0.142959137408878	0.060661085438279
chr9:733358:A:C	9	733358	0.105683295321675	0.138156516042785	0.444299299883606
chr9:5461379:C:T	9	5461379	0.0323609596170967	0.154588048496459	0.834185365121779
chr9:11397008:T:G	9	11397008	0.00439705319865583	0.202258261928585	0.982655519259739
chr9:11955148:T:G	9	11955148	-0.0366434300737175	0.1259003795942	0.771012322585667
chr9:12389360:A:G	9	12389360	0.104079908231892	0.133316071297973	0.434978733946019
chr9:12615226:G:C	9	12615226	0.0636942327954897	0.117386985171422	0.587404918415384
chr9:14098421:G:A	9	14098421	-0.313141567337668	0.154412149313025	0.0425643934009801
chr9:18952915:A:G	9	18952915	-0.107746378727071	0.121836657231952	0.376506725217376
chr9:29651949:A:G	9	29651949	-0.0213517731872612	0.127138426888895	0.866629579514973
chr9:32058643:A:T	9	32058643	-0.120970250471852	0.137982015469609	0.380644025392949
chr9:37013405:C:T	9	37013405	0.219207218920135	0.131824399921283	0.0963378850685932
chr9:37992585:C:T	9	37992585	0.0939772907947947	0.132748929740957	0.47898713348717
chr9:89995415:A:G	9	89995415	-0.111452721859981	0.187547077817044	0.552334678536512
chr9:91844381:C:T	9	91844381	-0.0845762500132224	0.176242056459211	0.631307833258775
chr9:94568472:C:A	9	94568472	-0.289474057782192	0.159430288113497	0.0694197892821713
chr9:96162075:C:T	9	96162075	0.155400709934118	0.120278351938581	0.196354037258177
chr9:100192956:A:G	9	100192956	-0.0157133861935714	0.16669263269846	0.92489815085015
chr9:100529836:G:C	9	100529836	0.141187660684307	0.142593718419604	0.322105981234478
chr9:101460357:C:T	9	101460357	0.109525441473688	0.143072061970943	0.443958148326186
chr9:107904127:G:A	9	107904127	0.166488161524502	0.124577353220613	0.181410734461477
chr9:117420412:T:C	9	117420412	0.0584122260518519	0.109820346301409	0.594802927545716
chr9:117972207:C:A	9	117972207	0.0237378023855068	0.121383144614547	0.844953831867302
chr9:121356498:A:G	9	121356498	-0.0107582820324044	0.208385753079615	0.958826093424076
chr9:124044726:T:G	9	124044726	-0.329500073228253	0.146607162352387	0.0246078833852899
chr9:125005426:C:T	9	125005426	-0.161434351344327	0.156597754301697	0.302594525739082
chr9:129533341:A:G	9	129533341	0.0447007968095236	0.116035579971581	0.700064398726179
chr9:136630984:C:T	9	136630984	0.0143116404336715	0.118668260127316	0.904006211708151
chr10:2050300:A:G	10	2050300	0.0256208665059599	0.125153729743983	0.837794670931569
chr10:3113976:C:T	10	3113976	-0.297717457694106	0.146240100780388	0.0417691644172493
chr10:4591592:T:C	10	4591592	0.272521553303597	0.160023101943457	0.0885654831184006
chr10:7462546:C:T	10	7462546	-0.048715741075544	0.119729801305625	0.684095638061548
chr10:7849544:T:G	10	7849544	-0.568418370085968	0.194205266036059	0.00342364740203538
chr10:9367893:G:A	10	9367893	-0.143296861524283	0.112641178770646	0.203318611682896
chr10:10628189:C:T	10	10628189	0.208014202497308	0.135178631685193	0.123850737933174
chr10:14014383:T:C	10	14014383	0.0122381134364741	0.166248144214586	0.941317901689287
chr10:16341555:C:T	10	16341555	-0.287351504332286	0.191011601196227	0.132486957137325
chr10:18075702:C:T	10	18075702	-0.0689417698593384	0.1445575558228	0.633422142212759
chr10:27289376:T:C	10	27289376	0.0408710436631801	0.152147011688919	0.788215476494121
chr10:27674317:A:G	10	27674317	0.0210050320874094	0.128118303624675	0.86977028281036
chr10:28771902:G:A	10	28771902	-0.141432489699787	0.147009856310554	0.336018825385707
chr10:28891836:C:T	10	28891836	-0.0664624643991893	0.120545490588347	0.581395428401393
chr10:30622484:G:A	10	30622484	-0.125823937722573	0.170106030853215	0.459494511777192
chr10:35177843:G:T	10	35177843	-0.0460840599883393	0.184102868633266	0.802342285443265
chr10:45036473:A:G	10	45036473	-0.0214950968926298	0.12597027960844	0.864509787748191
chr10:51560095:T:G	10	51560095	0.0571827125191062	0.135508376163428	0.673034832802673
chr10:54072488:A:G	10	54072488	-0.0571341145207727	0.113383820856648	0.614331606001194
chr10:54082016:C:T	10	54082016	0.135317875735426	0.120876399373814	0.262938366914974
chr10:55299918:G:C	10	55299918	-0.0661131239071626	0.153055162197889	0.665773258468254
chr10:56747004:T:C	10	56747004	0.00729950538021693	0.162136076623006	0.96409068304787
chr10:57761967:T:C	10	57761967	-0.231304845843989	0.161469247422925	0.15200051437026
chr10:69232402:C:A	10	69232402	-0.0578663670004757	0.124127794565424	0.641083943849725
chr10:79437519:C:T	10	79437519	0.1158151773439	0.164164312499527	0.480509534624334
chr10:82354363:C:G	10	82354363	-0.0617185111325345	0.269966328670568	0.819167707462032
chr10:84591955:C:T	10	84591955	0.0571921849433918	0.169121824397209	0.735233934286429
chr10:84989741:G:A	10	84989741	-0.0198084894782076	0.134896160478488	0.883256337924952
chr10:91053424:A:C	10	91053424	0.351602204571988	0.134403213882165	0.00889599722017365
chr10:93612452:G:A	10	93612452	-0.117655204254043	0.196585043089903	0.549509562208521
chr10:93671121:T:C	10	93671121	0.125307823212882	0.130472828630033	0.336847311350109
chr10:101249704:C:T	10	101249704	-0.0234581805397676	0.162488070061735	0.885209384607233
chr10:102352980:T:C	10	102352980	0.0716528416190864	0.115175296218622	0.533863042873592
chr10:104637359:T:C	10	104637359	-0.269121769065623	0.235004178488672	0.252135158417099
chr10:108480456:T:C	10	108480456	0.204797619303772	0.131825165622815	0.120290647188895
chr10:109264424:C:T	10	109264424	0.0107332230322529	0.170549836523699	0.949819809232362
chr10:111352001:T:G	10	111352001	-0.0819456440107575	0.181855687179025	0.652272034291255
chr10:118828443:C:T	10	118828443	-0.10737663422345	0.107119499919541	0.316150228037684
chr10:120152982:A:G	10	120152982	-0.104810447861957	0.163528933744325	0.52156876607088
chr10:121580593:A:G	10	121580593	-0.0732492815129932	0.187476746727062	0.696010652889597
chr10:121611573:C:G	10	121611573	-0.153713825724103	0.150716172669239	0.307780921036442
chr10:121734173:T:C	10	121734173	0.0684081077410655	0.143187948244535	0.632827826856988
chr10:121910644:T:A	10	121910644	0.0900979843567862	0.148515579993393	0.544078706635547
chr10:122561189:A:G	10	122561189	0.0118388431346492	0.131225680213033	0.928114436602946
chr10:123750431:C:G	10	123750431	-0.21327180389139	0.1715422309629	0.213771588481138
chr10:127533155:T:C	10	127533155	-0.176813952118036	0.128082016267712	0.167440608341513
chr10:129953349:A:G	10	129953349	0.0560578194199855	0.150310250757196	0.709187581844976
chr10:131819683:A:G	10	131819683	0.104264984956506	0.118751517691733	0.379938452295753
chr10:131953941:A:C	10	131953941	-0.161419109252174	0.16030168157705	0.313948816422581
chr11:388357:C:T	11	388357	-0.161988805486096	0.185059120266224	0.381391419108797
chr11:2257707:C:T	11	2257707	-0.314607698198606	0.15651486307162	0.0444225181187002
chr11:3623903:G:A	11	3623903	-0.552975711629598	0.261249072269036	0.0342886325660786
chr11:5806222:C:T	11	5806222	-0.196374280824596	0.145852295138788	0.1781763119725
chr11:9789492:C:A	11	9789492	0.0147578904636086	0.155836682901169	0.924552319810006
chr11:14569664:T:G	11	14569664	-0.0707170670728564	0.189568070469262	0.709116341181046
chr11:36019710:C:A	11	36019710	0.072913237553986	0.123307744511019	0.554311996261908
chr11:39635569:C:T	11	39635569	0.0098518194252448	0.161970270130886	0.951498689489159
chr11:40512905:C:G	11	40512905	-0.0669108721565464	0.161900762715618	0.679399106007798
chr11:41632790:A:T	11	41632790	-0.488604544884542	0.234508940068517	0.0372036649894617
chr11:42744986:A:G	11	42744986	-0.020791551747362	0.0995879019363274	0.834623202297323
chr11:43201079:C:T	11	43201079	-0.22462217130501	0.202166505517839	0.266536022688977
chr11:44330300:A:G	11	44330300	0.11202361712063	0.144732962981866	0.438929550081218
chr11:49875094:A:G	11	49875094	0.0517425814921996	0.117867908664506	0.660670329747756
chr11:50253126:G:T	11	50253126	-0.192285631004854	0.166164621804929	0.247190828220317
chr11:55906271:G:A	11	55906271	0.10968148509694	0.128688048314286	0.394044753682511
chr11:57305789:G:A	11	57305789	-0.215912810245074	0.149241888461753	0.147972384238909
chr11:58998793:A:C	11	58998793	-0.00463560939202727	0.141104056598435	0.973792277549917
chr11:63184971:C:T	11	63184971	0.0205593763872696	0.120817561049536	0.864877407313677
chr11:70801858:T:C	11	70801858	-0.151184448854183	0.103065736679807	0.142410336048564
chr11:71334794:T:G	11	71334794	0.0742563420575492	0.128120121010359	0.562195344124079
chr11:77208574:G:A	11	77208574	0.109318440772615	0.127650283821525	0.39178203257874
chr11:77376654:A:G	11	77376654	0.0659248167411973	0.143426162820679	0.645772564366006
chr11:81783030:C:T	11	81783030	-0.0741981257018402	0.18341997713743	0.685826058650043
chr11:83962252:C:T	11	83962252	-0.126505458087866	0.17132982808672	0.460287324525346
chr11:86328783:G:T	11	86328783	-0.0851248712106176	0.137227955780994	0.535048925593073
chr11:93046218:A:C	11	93046218	-0.0933976182245385	0.122618484605856	0.446243366967771
chr11:104129521:G:A	11	104129521	-0.221921182711822	0.141496885516784	0.116791985565091
chr11:108728662:A:G	11	108728662	0.23369196351256	0.161801517111631	0.148651074108781
chr11:110396347:G:A	11	110396347	-0.000109155914993863	0.128519464323489	0.999322329817656
chr11:113800784:C:T	11	113800784	-0.0655767586800527	0.208726215189197	0.753387401377655
chr11:115616504:A:T	11	115616504	-0.105567819872368	0.16486431399359	0.521957080750847
chr11:119630310:G:A	11	119630310	-0.0823962766342797	0.14229930204757	0.562565555840812
chr11:123267436:G:A	11	123267436	-0.0869559260616767	0.145233750341361	0.549352384754789
chr11:125907492:T:C	11	125907492	-0.111644972117314	0.136637946637739	0.413879204151565
chr11:126829359:G:A	11	126829359	0.244875616461489	0.124395911528641	0.0490084435558191
chr11:130290657:C:T	11	130290657	-0.191815206745254	0.193410978783155	0.321319825415336
chr11:131355535:G:A	11	131355535	-0.144342958128424	0.175131509828809	0.409827329292981
chr11:133238417:A:G	11	133238417	-0.0454741216329154	0.123795417975035	0.713370765898789
chr11:134309503:C:T	11	134309503	0.219897187808089	0.124674994252853	0.0777718272731491
chr12:5192681:C:T	12	5192681	-0.0639742442374112	0.117451992427242	0.585970735137817
chr12:5448727:G:A	12	5448727	-0.0907056296308784	0.150872790276639	0.547702775963084
chr12:6639294:C:T	12	6639294	0.360530296406113	0.182508980546575	0.0482214952814489
chr12:19523028:C:A	12	19523028	0.0228678003491015	0.132995429748378	0.863481352653274
chr12:20003679:T:A	12	20003679	0.0389014989496136	0.21992296203214	0.859597200229031
chr12:21333090:G:A	12	21333090	0.0897928100409534	0.115030347658241	0.435037174662602
chr12:25518059:A:T	12	25518059	-0.016182399231818	0.141537738917653	0.908974020214682
chr12:28965843:C:T	12	28965843	0.184220262031053	0.126683021168351	0.145895650710139
chr12:32086665:A:C	12	32086665	0.0164333338197888	0.119099459062746	0.890256287349641
chr12:48567461:T:G	12	48567461	-0.00051094067573649	0.157014510515901	0.997403609667446
chr12:52880890:G:T	12	52880890	-0.103056208428269	0.170022478722422	0.54442654328503
chr12:53646626:C:G	12	53646626	-0.385790558802976	0.276145826805592	0.162397412798013
chr12:53680144:C:A	12	53680144	-0.169845591822073	0.176556546353338	0.336054741569427
chr12:54366280:G:A	12	54366280	0.0518936376728829	0.0999929433547411	0.60377957058539
chr12:55599330:T:C	12	55599330	0.321589398158156	0.200145126249271	0.108102404392251
chr12:56675083:C:T	12	56675083	0.415727952150408	0.157774014645457	0.00841476159336418
chr12:57436134:C:T	12	57436134	0.0701364869448328	0.158314642328212	0.657751569627958
chr12:58724212:C:T	12	58724212	0.388902018225812	0.180526681146747	0.0312195229950913
chr12:59048769:A:C	12	59048769	-0.0598115388937229	0.186818146819075	0.748847689006551
chr12:59226687:C:T	12	59226687	-0.124274664800249	0.139322323800048	0.372396194929959
chr12:63113400:T:C	12	63113400	0.220323558034981	0.16387996570568	0.178812502442228
chr12:64271340:C:T	12	64271340	0.0883982087595358	0.140161410692003	0.52824413168852
chr12:64756705:C:T	12	64756705	0.24218792884758	0.134981487267321	0.0727763534164305
chr12:67050802:C:T	12	67050802	-0.391374935387957	0.232605241325985	0.0924580847461868
chr12:71564908:A:G	12	71564908	-0.33259989108059	0.308898880197201	0.281602063395699
chr12:73909094:G:A	12	73909094	0.213617510009527	0.117386760118227	0.0687932522215307
chr12:81126959:G:A	12	81126959	0.181690613695297	0.123556566274888	0.141424889677046
chr12:83608380:A:G	12	83608380	0.194615962393415	0.165055210799892	0.238359894383808
chr12:90727178:A:C	12	90727178	0.101449561560757	0.129233749777698	0.43244872334271
chr12:92596791:C:T	12	92596791	-0.0793422588119719	0.139408341506664	0.569264078125193
chr12:95914573:A:T	12	95914573	-0.181556745233843	0.125427451051633	0.147755798818802
chr12:105967464:T:C	12	105967464	-0.107741045401043	0.115814367343849	0.352220517786487
chr12:109533295:C:T	12	109533295	-0.131454299798432	0.160498814168158	0.412765899196923
chr12:112209515:G:A	12	112209515	0.2978663062565	0.149078092286363	0.045710640517073
chr12:125875525:T:C	12	125875525	0.0487299653058388	0.158684828161796	0.758777548269457
chr12:126449337:A:G	12	126449337	-0.128810333544807	0.0963109474719622	0.181078310019534
chr12:131091094:G:A	12	131091094	0.255608750264945	0.154086216892232	0.0971423211040598
chr12:132776953:G:A	12	132776953	0.24815167416093	0.176631638409237	0.160047842138763
chr13:19545220:A:G	13	19545220	-0.361868181788106	0.260907474901345	0.165454018310658
chr13:22977365:T:G	13	22977365	0.145137469572234	0.160938401813861	0.367152493567731
chr13:24330599:T:C	13	24330599	0.0757310396780508	0.147443729987536	0.607512993338225
chr13:24623185:A:C	13	24623185	-0.0616717871287453	0.170654815686947	0.717812988707194
chr13:26234118:A:T	13	26234118	0.0697761273670633	0.14001609446943	0.618241867991635
chr13:26494236:G:A	13	26494236	0.33048125061503	0.179438458532897	0.0655113438166687
chr13:42909938:A:G	13	42909938	-0.160119734201255	0.1771667180599	0.366112075571081
chr13:45708351:G:A	13	45708351	-0.0604276474648906	0.195066816028019	0.756728849594537
chr13:45809177:C:G	13	45809177	-0.000886581284922776	0.144787122038367	0.995114309279941
chr13:50558767:A:T	13	50558767	0.23358076789883	0.184260256700204	0.204916659520802
chr13:58710908:G:A	13	58710908	0.17326518324704	0.108964291278819	0.111810065970902
chr13:58934154:C:T	13	58934154	0.197540104422055	0.122179449108589	0.105920803583669
chr13:70397215:T:C	13	70397215	-0.123776574186071	0.14628082975421	0.397465066640385
chr13:75832713:T:C	13	75832713	-0.0292597064911675	0.226387173226785	0.897162754377234
chr13:86776101:G:A	13	86776101	-0.0950520710685638	0.131923265337133	0.471210862231416
chr13:91472230:T:C	13	91472230	0.140620040068963	0.138030990739884	0.308318337488704
chr13:93235990:C:T	13	93235990	0.0555262012844092	0.136732980591147	0.684674833118013
chr13:96765286:G:A	13	96765286	0.188380314531853	0.116654797607658	0.106342598091993
chr13:102180181:A:G	13	102180181	-0.183033055016589	0.119957229639537	0.127054875157317
chr13:106009559:G:C	13	106009559	0.0427782171386101	0.165674390134885	0.79624748244609
chr13:106084136:A:G	13	106084136	0.1134581829468	0.12257415213105	0.354638846426898
chr13:112716578:T:C	13	112716578	0.129503687919638	0.222005922139493	0.559668219789799
chr14:26929954:A:G	14	26929954	-0.169510952550928	0.143613846803982	0.237871148029958
chr14:27823594:G:A	14	27823594	-0.0686984667311393	0.257332081201859	0.78949668475379
chr14:38216062:T:A	14	38216062	0.212312860283822	0.137163176295067	0.121649921478837
chr14:39925237:C:T	14	39925237	0.0749683244051504	0.173921575189259	0.666434400547438
chr14:44446011:A:G	14	44446011	-0.148981636422206	0.218829232041829	0.495990255598864
chr14:51426205:T:C	14	51426205	-0.035506980418746	0.163534930353636	0.82811351112116
chr14:52881822:T:G	14	52881822	0.0283820680029531	0.184516590257868	0.877752834304319
chr14:53358297:A:G	14	53358297	-0.0385043986625205	0.146612236740391	0.79283773635294
chr14:56254615:G:A	14	56254615	0.0669959745720407	0.127536689232257	0.599369470683492
chr14:57978070:T:C	14	57978070	0.0582487686604604	0.147523973015506	0.692958955645519
chr14:62445185:T:C	14	62445185	-0.0486860255218601	0.110641298036911	0.659911876294257
chr14:67518615:G:A	14	67518615	0.05837194062155	0.120688705648001	0.628629295370281
chr14:68863518:T:G	14	68863518	0.0495843606281557	0.135916759534649	0.715250122468912
chr14:77734277:G:A	14	77734277	0.117499538628305	0.198993005964286	0.554875126653828
chr14:84531019:T:G	14	84531019	0.139383290593409	0.13665217512512	0.307735152213144
chr14:90804831:C:G	14	90804831	-0.167756832070506	0.120517504419897	0.163931278038162
chr14:91397629:G:T	14	91397629	0.421924898025146	0.172038190456905	0.0141864546607398
chr14:91961156:T:C	14	91961156	0.0750834160489518	0.125459395983467	0.5495277990364
chr14:98340169:A:G	14	98340169	0.284490049045788	0.157514813336097	0.0709001978740472
chr14:100721312:C:T	14	100721312	-0.149941601018259	0.147238018325017	0.308505959799372
chr14:102093442:A:G	14	102093442	0.0487105614624564	0.211951812658082	0.818232391286175
chr15:24165057:A:G	15	24165057	0.0704653163769172	0.207899946572842	0.734655986755899
chr15:26353849:A:G	15	26353849	-0.117025711926432	0.116829757545527	0.316499490865129
chr15:34880184:A:T	15	34880184	-0.274935150118945	0.20064823531275	0.170613687561586
chr15:37080410:C:T	15	37080410	-0.0470795632975295	0.152300468902714	0.757228036637135
chr15:57522102:A:T	15	57522102	-0.0159775165949796	0.122974670513427	0.896625555515416
chr15:69786285:T:C	15	69786285	0.00918434252266312	0.155045829245203	0.952763890661561
chr15:71331250:T:C	15	71331250	-0.162085217494487	0.177559982688066	0.361322659934594
chr15:76807237:T:C	15	76807237	0.0608941777920989	0.163743940422472	0.709977280063765
chr15:77734259:G:A	15	77734259	0.0176096183061627	0.112387413917126	0.875491732312562
chr15:79750604:G:T	15	79750604	0.00664398854165912	0.101845711191657	0.947986241164267
chr15:81697597:G:A	15	81697597	0.0513150551269279	0.122055995912885	0.674177024513192
chr15:87989871:C:T	15	87989871	0.337925318618657	0.166463684029045	0.0423540723746458
chr15:88891382:T:C	15	88891382	-0.14470403199371	0.114760612882514	0.207337420457608
chr15:94791129:A:G	15	94791129	-0.391051683225465	0.261455138277542	0.134738598231339
chr15:100978492:T:G	15	100978492	0.0812400607083501	0.135939534891539	0.550094125598494
chr16:2671727:C:T	16	2671727	0.299464809384553	0.147908302623634	0.0429017430154512
chr16:4957642:T:C	16	4957642	0.0508765439666161	0.101394999886028	0.615832267822364
chr16:5884026:G:T	16	5884026	0.00794895822957744	0.120098634059495	0.947229013283967
chr16:6848656:G:A	16	6848656	-0.112210268356887	0.121315058003515	0.354992321834211
chr16:7909855:G:A	16	7909855	-0.227701841669463	0.112370578824717	0.0427291866860162
chr16:8273542:C:G	16	8273542	-0.104811557212515	0.149235507714147	0.482477637007601
chr16:12394716:C:T	16	12394716	-0.0906171035074618	0.162655005182943	0.577450706510489
chr16:17779668:G:A	16	17779668	0.128164707271642	0.130940943060495	0.327679895930044
chr16:29740733:G:C	16	29740733	-0.119766500088846	0.18809472960538	0.524297463061254
chr16:31127124:G:A	16	31127124	0.0354441046988147	0.137826228916414	0.797051275282553
chr16:56688556:C:T	16	56688556	0.109591310518102	0.124657371184305	0.379325244805918
chr16:60324635:A:C	16	60324635	0.0752603351521166	0.125558999154318	0.548904737725427
chr16:60499572:C:T	16	60499572	-0.220159195444686	0.182241771805272	0.227023760866121
chr16:62273123:C:T	16	62273123	0.156045317684246	0.13747582150222	0.256344048943496
chr16:65972427:C:T	16	65972427	0.0224192387838502	0.133627388534078	0.866760857927766
chr16:69246420:T:C	16	69246420	0.225082896802036	0.140855801373216	0.110050361883155
chr16:71908403:G:A	16	71908403	-0.0345458275319005	0.130998956137062	0.792002843385073
chr16:72103328:C:A	16	72103328	-0.0566626118278399	0.163653578244688	0.729166043656276
chr16:74837740:A:C	16	74837740	0.0138880798665232	0.183182735215815	0.939565931286517
chr16:79886631:C:T	16	79886631	0.074176934058907	0.173490315858032	0.668973950297068
chr16:81396153:C:A	16	81396153	0.0671968863788367	0.145318879688577	0.643787412253457
chr16:82294878:C:G	16	82294878	-0.137513387148846	0.156836306864192	0.380597657753906
chr16:82421890:A:G	16	82421890	0.0799827899597477	0.13237736072987	0.545708729453872
chr16:83827178:T:C	16	83827178	0.165333440391161	0.142480480369315	0.245888583159944
chr16:89303022:G:A	16	89303022	-0.136062100250216	0.180207377853327	0.450230570008257
chr16:89331863:A:T	16	89331863	0.228012253592758	0.120490856646741	0.0584428370950499
chr16:89337630:T:C	16	89337630	0.184749466785584	0.129296295089335	0.153037444653695
chr16:89479873:T:G	16	89479873	-0.169047909144759	0.131433858536369	0.198379429099151
chr16:90035976:C:A	16	90035976	-0.304979970772977	0.150674774610436	0.0429604374808252
chr17:2489248:C:G	17	2489248	-0.389908180410417	0.136837826764614	0.00437992806504972
chr17:6949267:T:C	17	6949267	0.304194495947838	0.163290587330043	0.0624759397167035
chr17:7929448:A:G	17	7929448	-0.0283679793407076	0.106586126948297	0.790123098782793
chr17:12174148:T:C	17	12174148	0.0199363500679405	0.168633051089952	0.905890755568733
chr17:15219976:C:T	17	15219976	0.160682857630754	0.130086229392003	0.216755086532561
chr17:16482403:T:A	17	16482403	-0.469506937577871	0.191388472482118	0.0141606529423438
chr17:18684803:A:G	17	18684803	-0.00164188300580274	0.112295582791784	0.988334479466738
chr17:20040710:T:C	17	20040710	0.150666347470111	0.150415537713666	0.316504234495978
chr17:21275023:A:C	17	21275023	-0.0686036050688878	0.153230942938882	0.654359773465066
chr17:31554254:C:T	17	31554254	-0.133723213875523	0.148818474584971	0.368883902653232
chr17:33472425:T:G	17	33472425	0.0161243305549823	0.151575078523039	0.915282045216596
chr17:44156671:T:A	17	44156671	-0.269285705994667	0.146449688611231	0.0659506180317372
chr17:45754773:C:T	17	45754773	0.0823762252020504	0.126966393551705	0.516465472887633
chr17:48779278:C:T	17	48779278	-0.171536709260084	0.122921950465907	0.162867254025782
chr17:52703044:C:G	17	52703044	0.150355388675964	0.190019979072266	0.42879173233893
chr17:53282498:G:T	17	53282498	0.15483721801906	0.13178275033618	0.240017526922951
chr17:58411807:C:T	17	58411807	0.305069217973054	0.138969694068652	0.0281477345565859
chr17:61409438:A:G	17	61409438	-0.168738787924929	0.126186386760759	0.18115128065192
chr17:66262233:G:T	17	66262233	-0.201393411963497	0.142342690127248	0.157112775497299
chr17:66751216:C:T	17	66751216	-0.0658303506555303	0.124539948982423	0.597091129948892
chr17:66971178:A:G	17	66971178	-0.0787227275556544	0.171095867914093	0.645438073037423
chr17:68771033:G:A	17	68771033	-0.0436965049798532	0.150619030179462	0.771729962005237
chr17:69081332:C:T	17	69081332	-0.324016531995819	0.223690863172441	0.147476870327051
chr17:69213412:T:C	17	69213412	-0.00583661757264508	0.119124794267529	0.960922623115862
chr17:72829246:G:A	17	72829246	0.0433015831258585	0.159048315506241	0.785426515303919
chr17:73506492:C:T	17	73506492	0.128905633593214	0.141305513413516	0.36163832418503
chr17:77625920:A:T	17	77625920	0.13719885950927	0.11482053313694	0.232126768335475
chr18:1137045:A:T	18	1137045	-0.188282093600311	0.123340686324703	0.126880274026228
chr18:4080016:T:A	18	4080016	-0.116524509569117	0.171130734603202	0.495928879902326
chr18:8920896:G:C	18	8920896	0.0795452536120725	0.134795984267696	0.555112949547367
chr18:9609299:C:T	18	9609299	0.0784483124441876	0.131144486613306	0.54971829117956
chr18:10572326:C:T	18	10572326	-0.104108299787119	0.102159766493738	0.3081681250548
chr18:11017906:C:T	18	11017906	-0.151796257980151	0.1149781086387	0.186761984530102
chr18:14686017:A:G	18	14686017	0.0898988139269455	0.133342930640963	0.50018888879476
chr18:14895123:C:T	18	14895123	0.0660825665109622	0.0957832909333619	0.490246083912832
chr18:30059135:A:G	18	30059135	-0.0643127512965762	0.124333843176633	0.604975640763072
chr18:32490781:T:C	18	32490781	0.114443700053481	0.12327725659399	0.353229163115573
chr18:36255061:C:A	18	36255061	-0.0892836141920296	0.117475621535865	0.447243686820281
chr18:42762909:A:C	18	42762909	-0.380816320555262	0.179866622409354	0.0342416003948848
chr18:43928870:G:A	18	43928870	0.236212878957282	0.156299281397107	0.1307156593245
chr18:45461168:C:T	18	45461168	0.146122087363425	0.147556342327201	0.322037303622515
chr18:49146783:T:G	18	49146783	-0.397163343893208	0.242267260811098	0.101138232075664
chr18:49872731:C:G	18	49872731	0.123344114009124	0.133968241928212	0.357208816105493
chr18:50485733:T:C	18	50485733	0.0633710664738469	0.189712002300966	0.738350690599503
chr18:58120958:C:T	18	58120958	-0.0464866171369551	0.227243471262862	0.837910089747197
chr18:59256389:C:T	18	59256389	0.111127308590095	0.136650182385921	0.416089219334534
chr18:62622293:T:A	18	62622293	-0.490998502150048	0.190786820395657	0.0100662503055116
chr18:62998306:G:A	18	62998306	0.289428054783655	0.139870014240392	0.0385212732034851
chr18:66103927:C:T	18	66103927	0.102263091195198	0.0988823280236619	0.301047459815954
chr18:66206557:C:T	18	66206557	-0.0319833760496554	0.160124921704088	0.841683810459353
chr18:68001558:G:A	18	68001558	0.131552867429385	0.128542146945352	0.306108338673946
chr18:71730181:C:T	18	71730181	0.0998347464257664	0.117099144385822	0.393900036863862
chr18:72912108:T:C	18	72912108	0.267917858673532	0.130693967168514	0.0403679955189913
chr18:73248491:G:A	18	73248491	-0.151065625682053	0.162924415623519	0.353815987925678
chr19:2907557:G:A	19	2907557	0.175934998655355	0.122743594378408	0.151756751420213
chr19:17584922:G:A	19	17584922	0.0245845752080551	0.126811484724896	0.846279942741656
chr19:18737022:C:T	19	18737022	-0.261713700542494	0.186037982091601	0.159493929392382
chr19:18805179:A:G	19	18805179	0.305265165420406	0.118381714782598	0.00991868466179335
chr19:21560366:G:T	19	21560366	0.0544567928618306	0.142830958510567	0.703004816800205
chr19:21659434:G:C	19	21659434	-0.331512344016113	0.231966677156628	0.15296463418579
chr19:33474662:T:C	19	33474662	-0.192493937954142	0.129740468361558	0.137892607436517
chr19:37956680:C:T	19	37956680	0.0300716961981152	0.188525913928164	0.873267382585348
chr19:38120117:A:T	19	38120117	0.346148909130606	0.166639246287782	0.0377798559571718
chr19:44380983:T:C	19	44380983	-0.201611023592271	0.214734735722542	0.347790266643338
chr19:44819986:A:G	19	44819986	-0.0797487737183101	0.114237042513526	0.485115236483046
chr19:48685001:C:T	19	48685001	-0.27109083276667	0.281003076936516	0.334682321492141
chr19:51552139:T:A	19	51552139	-0.188563294713277	0.202271228483165	0.351217706875888
chr19:52714810:C:T	19	52714810	0.041086207927278	0.156354426030518	0.792723149698893
chr19:53330671:T:C	19	53330671	0.0686816416901713	0.123632987710899	0.578533257898715
chr19:54944544:G:A	19	54944544	0.295117900750411	0.163568190783758	0.0711921313802324
chr19:57195010:G:C	19	57195010	-0.373715441207282	0.222755684252763	0.0934072316702015
chr20:1709120:A:G	20	1709120	0.33210691811079	0.130035761943795	0.0106503648035782
chr20:1735934:T:G	20	1735934	-0.376517752435394	0.149267719406911	0.0116546302420344
chr20:1906500:G:T	20	1906500	0.0247285960958291	0.161223829104766	0.87809819928968
chr20:3649460:G:A	20	3649460	-0.188970258487958	0.105624380988605	0.0736022513249527
chr20:5407753:C:T	20	5407753	0.127079660830297	0.132914828689186	0.339022501096843
chr20:5860313:T:C	20	5860313	-0.0190252440571421	0.116845898687772	0.870657500056426
chr20:7000966:A:C	20	7000966	-0.079645801744613	0.148696278833654	0.592216085670644
chr20:12129436:G:A	20	12129436	0.105819329070119	0.159598351129165	0.507307992616909
chr20:31347432:T:C	20	31347432	-0.120624256178346	0.150607389324804	0.423178783846406
chr20:37593342:C:T	20	37593342	0.285262718114964	0.162266799586527	0.0787499374061172
chr20:38200488:G:A	20	38200488	0.00940614415029527	0.0939913005996404	0.92028508058783
chr20:38350608:A:G	20	38350608	-0.33471216636391	0.203647894949186	0.10026242039316
chr20:45729681:A:G	20	45729681	0.0604780891888078	0.112319864581156	0.590269745264747
chr20:48501317:C:T	20	48501317	0.120424898291712	0.122263575861556	0.324643049957438
chr20:49036824:T:G	20	49036824	0.0942718130187981	0.105636424060355	0.372169095405879
chr20:50371082:C:T	20	50371082	-0.571274404291274	0.239736103486664	0.0171754499623195
chr20:54253971:A:G	20	54253971	0.181482849863524	0.128541325233425	0.157990054775105
chr20:58480201:T:G	20	58480201	0.173890842158277	0.0987318634735039	0.0781972165775501
chr20:60073360:C:T	20	60073360	-0.0610045575354538	0.103885472045011	0.557049946092606
chr21:15297615:T:C	21	15297615	0.0293599303617969	0.128493394426666	0.819262457844145
chr21:24026351:C:T	21	24026351	0.0528494949014139	0.15714805349293	0.736641749401644
chr21:26647335:G:C	21	26647335	-0.121471578718676	0.145679341004281	0.404377662485541
chr21:28043199:C:G	21	28043199	-0.067374461357326	0.167793107833645	0.68802778486048
chr21:31885030:A:G	21	31885030	0.0205236926843269	0.109141719979626	0.850840384640308
chr21:35502622:A:T	21	35502622	0.107256881290543	0.131283858250114	0.413937268541684
chr21:36306638:T:G	21	36306638	-0.208595480613951	0.199427020808896	0.295573032124995
chr21:41442549:G:A	21	41442549	-0.0388353648547957	0.16534726600694	0.814308449594062
chr22:20147688:T:C	22	20147688	-0.194206029767847	0.141726714843061	0.170597869218078
chr22:23891985:A:G	22	23891985	-0.043520437685673	0.108346239146935	0.687920086490067
chr22:24245985:G:T	22	24245985	0.195356478081848	0.147656319837398	0.185819236901456
chr22:30662128:G:A	22	30662128	-0.282774921966628	0.147961324165379	0.0559864904557087
chr22:36977479:G:A	22	36977479	-0.424729385169647	0.210621281375371	0.0437419794985651
chr22:42475109:T:G	22	42475109	0.0459048778982381	0.112818042918493	0.684086538622721
chr22:44719519:A:G	22	44719519	0.117001640052334	0.127366518336235	0.358293508665297
chr22:45210278:T:C	22	45210278	0.0410911416876553	0.128820916657311	0.749742587233177
chr22:49668266:A:G	22	49668266	0.082230234584543	0.112664396355781	0.465470348104029
chr22:49926053:G:A	22	49926053	-0.10092390782954	0.205391649195586	0.623162667483795
