SNP	CHR	POS	est	stderr	pval
chr1:1837340:C:T	1	1837340	0.0446844343909193	0.057420429744195	0.436452595391555
chr1:2261200:G:C	1	2261200	-0.00732671404169002	0.0316885247045871	0.817151410442434
chr1:14678191:A:C	1	14678191	0.0652203271020655	0.0306527036163064	0.0333604232342224
chr1:14985097:C:T	1	14985097	-0.00547032405393343	0.0603780415744746	0.927809464790381
chr1:20215506:G:C	1	20215506	0.032660733430481	0.0425252879836246	0.442468852103858
chr1:22009627:T:C	1	22009627	-0.0387346198837935	0.0463267298279409	0.403088435700858
chr1:22126221:C:T	1	22126221	-0.0354105385036417	0.0360384415545506	0.325815741046547
chr1:23180575:A:G	1	23180575	-0.0247160732898758	0.0343544660397113	0.471868132919424
chr1:26058659:G:C	1	26058659	0.0935895786232681	0.0466863894244546	0.0450011462953129
chr1:26181362:A:G	1	26181362	0.014686318752897	0.0377154592457348	0.69698186202496
chr1:28670719:C:T	1	28670719	0.0176816652012259	0.0301334236486122	0.557352030801136
chr1:29753056:A:C	1	29753056	-0.0643327728675371	0.0317679903586296	0.0428589855486058
chr1:29908726:A:G	1	29908726	0.0276558074670554	0.0366007931252479	0.44988498923548
chr1:31886486:G:T	1	31886486	-0.0371814251623767	0.0405498099068445	0.359178185503108
chr1:39880059:T:C	1	39880059	0.0228673342749557	0.0327089663329307	0.484480064249427
chr1:41175014:G:A	1	41175014	0.0963594329303872	0.0527507652264172	0.067746000239802
chr1:43202709:G:A	1	43202709	-0.0353926917729097	0.0381494238931849	0.353543198747761
chr1:47498869:G:A	1	47498869	-0.0222218011702882	0.0412416873034643	0.590011811371128
chr1:54900240:G:A	1	54900240	-0.0210192972910796	0.032375798918853	0.516190574662638
chr1:65351414:T:A	1	65351414	0.0106891084255102	0.0336878822253309	0.751017252203812
chr1:66254178:T:A	1	66254178	0.0486854985047315	0.0426026586014796	0.253129629690589
chr1:73302339:T:C	1	73302339	0.0369095955141871	0.0343264848364413	0.282262258534056
chr1:73563666:T:C	1	73563666	-0.070651546562939	0.0614510315086344	0.250258767512923
chr1:76062379:T:C	1	76062379	-0.0403224391009191	0.0332537270818598	0.225294641216095
chr1:86928231:G:T	1	86928231	-0.0140251601825098	0.0332522589026825	0.673185112976324
chr1:88611347:G:A	1	88611347	0.0157995275364719	0.0439759340811704	0.719388119009269
chr1:91057167:C:A	1	91057167	0.0188052912077097	0.0449283387029181	0.675536332721011
chr1:91093925:G:A	1	91093925	-0.0111964608556224	0.0348891460531316	0.748274577164514
chr1:92475800:A:G	1	92475800	-0.00501154219425386	0.0335956455271217	0.881417618538288
chr1:94752415:G:A	1	94752415	0.0171835401962083	0.0295704868416412	0.561170089210615
chr1:95614324:G:A	1	95614324	-0.00199008447323854	0.0434082825934467	0.963433208558289
chr1:99691102:T:C	1	99691102	0.00118695244527095	0.0342387947158484	0.97234536497832
chr1:104937367:T:A	1	104937367	0.00968286102627715	0.0389780716242738	0.80381088039424
chr1:153704237:C:A	1	153704237	0.0173328827478247	0.0435851134864269	0.690866846070144
chr1:157334223:T:C	1	157334223	0.0246592675417386	0.0464391446677774	0.595417559686829
chr1:159540226:C:T	1	159540226	0.0345173413250128	0.0339056792792809	0.308658896868393
chr1:165647351:T:C	1	165647351	-0.0367574830962093	0.0369028855941328	0.319221060941261
chr1:168863629:G:A	1	168863629	-0.00338214563794863	0.0485688874128711	0.944483340109395
chr1:171350391:G:A	1	171350391	-0.0266838053309635	0.0331461683665761	0.420799836621542
chr1:173013575:C:G	1	173013575	-0.0250541959105673	0.033937909211762	0.460370878822711
chr1:178947344:C:A	1	178947344	0.0315179620408938	0.0428559098814741	0.462071402674371
chr1:185127444:C:G	1	185127444	0.00107299658538439	0.0401831605993526	0.978696905209327
chr1:186638909:G:T	1	186638909	-0.0717589022026237	0.041607264533573	0.0845865215204715
chr1:188272062:T:C	1	188272062	0.030985997312808	0.0353701491138046	0.381003188011026
chr1:193365737:C:T	1	193365737	-0.0621191599398651	0.0373828028347292	0.0965721014933367
chr1:195033388:T:C	1	195033388	0.0120236963663822	0.0428400789520813	0.77896761376118
chr1:195907914:A:G	1	195907914	-0.00495070088504704	0.0328098602566005	0.880061982399282
chr1:196692375:G:C	1	196692375	-0.0277349183529129	0.029405380725469	0.345582730777007
chr1:197559019:A:G	1	197559019	-0.0399174160012667	0.0395332770482983	0.31263096686476
chr1:199160726:G:A	1	199160726	-0.0160722009545063	0.054073316164083	0.766291072165097
chr1:204277152:T:C	1	204277152	0.0305474460054722	0.040034407725901	0.445445625623043
chr1:207498131:C:T	1	207498131	-0.0357314368349809	0.040262736472662	0.374833047224362
chr1:210496535:G:A	1	210496535	0.00626657998312686	0.0403858953486547	0.876689238590359
chr1:212937214:T:G	1	212937214	0.0113050104979684	0.0337881994778555	0.737938479260346
chr1:219750864:A:G	1	219750864	0.0683157576966247	0.0331395348548706	0.0392593708632254
chr1:221920463:G:A	1	221920463	0.0107142936430992	0.0456243029658748	0.814334922037114
chr1:234456961:G:A	1	234456961	-0.0112957783976619	0.0427940414618007	0.79181320430076
chr1:237308322:A:G	1	237308322	-0.0134234976112525	0.0288917565486547	0.642208325330221
chr1:244583991:C:T	1	244583991	-0.0247682954159599	0.045830129674759	0.588895732794606
chr1:247190028:T:C	1	247190028	0.0564108815796848	0.0379391132320051	0.137046696120006
chr1:247897239:C:T	1	247897239	-0.0030145898357665	0.0446308927365962	0.946147907010115
chr2:3248328:A:G	2	3248328	0.0277123652641149	0.0404942376208792	0.493752095811651
chr2:6804400:G:A	2	6804400	0.021442623706949	0.0392483194898296	0.584837553951861
chr2:9411790:A:C	2	9411790	-0.0694320878039	0.0377921750722492	0.0661791895659429
chr2:12096367:C:T	2	12096367	-0.00431297366932646	0.0436861116733725	0.921355486484813
chr2:13545005:C:T	2	13545005	0.0327751813270258	0.0319562205565677	0.305067159628128
chr2:16009716:A:G	2	16009716	-0.0388794400903999	0.0350081068378263	0.266747492697092
chr2:16367899:A:T	2	16367899	-0.0266413199945776	0.0394286549659005	0.499241156569842
chr2:17630111:A:C	2	17630111	-0.0168040194086338	0.0346956866856272	0.628154603173081
chr2:17928966:C:G	2	17928966	0.011637496002762	0.039666409087056	0.769228533597694
chr2:18261494:A:T	2	18261494	0.0543776659209235	0.0440313942914167	0.216839852866316
chr2:19530615:T:C	2	19530615	-0.0323671968733542	0.0399218725295252	0.417501502381223
chr2:19562158:T:C	2	19562158	-0.00395019247460139	0.046136064998039	0.931768109903777
chr2:27383116:G:A	2	27383116	-0.0428061409206733	0.0316110487593138	0.175688131096924
chr2:37762298:C:T	2	37762298	-0.00862330517436292	0.0368251104136578	0.814853656158313
chr2:42010994:T:A	2	42010994	-0.0135751307136566	0.0385072964228384	0.724437834865099
chr2:45824390:C:G	2	45824390	0.0425372105882807	0.0393365275690511	0.279534032961817
chr2:49789441:T:C	2	49789441	0.0434855105458153	0.0394233516600387	0.270010051168752
chr2:49994518:G:A	2	49994518	0.0586350005835784	0.0329276335600864	0.0749576832335587
chr2:51284042:G:A	2	51284042	0.0135280072172154	0.0449082823146789	0.763234270229796
chr2:51344078:G:A	2	51344078	0.00968906269518006	0.0401370282770367	0.809245420347209
chr2:57278002:C:A	2	57278002	0.0305410351208348	0.0421301958014845	0.468500912669418
chr2:57368273:A:G	2	57368273	0.0355539858850714	0.0419633056164162	0.3968481509249
chr2:60373837:A:G	2	60373837	-0.0574329281362721	0.0492521206402626	0.243573768314815
chr2:61147014:T:C	2	61147014	0.0332008536075002	0.0314836296376869	0.291634204983092
chr2:61693274:A:G	2	61693274	-0.0259692689653995	0.0346254260961664	0.453251236513438
chr2:65295480:C:T	2	65295480	0.00704147425398468	0.0339589498837996	0.835734550628381
chr2:66031496:T:C	2	66031496	0.0246524464293266	0.0361649539409346	0.495449700059159
chr2:69165635:T:C	2	69165635	0.0546030037523574	0.0430179855417834	0.204331809687211
chr2:76651386:C:A	2	76651386	-0.00560190633892199	0.0316227897760423	0.85939232892306
chr2:79784490:C:G	2	79784490	-0.020602383413491	0.0413531260522866	0.618338719326702
chr2:82619301:T:C	2	82619301	-0.0804096012648928	0.0407020410665875	0.0482038612686626
chr2:85744328:G:A	2	85744328	-0.0965526297553596	0.0484009973730738	0.0460594672607062
chr2:85757440:T:A	2	85757440	-0.0134818884056398	0.0340191786615381	0.691881821285902
chr2:99811694:T:C	2	99811694	0.0465340407327175	0.0353223478758895	0.187700980197741
chr2:101228073:A:C	2	101228073	0.0146140170060216	0.0349445656955498	0.675796719275195
chr2:106861882:T:C	2	106861882	0.0105732029138162	0.0368778289329393	0.774335198557609
chr2:108083619:T:C	2	108083619	0.0520114108539159	0.0337518835512333	0.123318528847364
chr2:118004610:C:T	2	118004610	-0.0244367720386726	0.0353494364645104	0.489382246518897
chr2:119455921:A:G	2	119455921	-0.0139320636320974	0.0346051609153855	0.687241960094241
chr2:120644763:G:A	2	120644763	0.0123512474654923	0.029634118892445	0.676830954759595
chr2:120916837:A:G	2	120916837	-0.00934126903973034	0.0363059955201885	0.796952797048291
chr2:122628686:C:A	2	122628686	-0.0434974065599632	0.0432135222024776	0.3141417739952
chr2:122629789:A:C	2	122629789	-0.0621858688724283	0.0458608370960373	0.17510906315358
chr2:127192867:G:A	2	127192867	0.0606170533186755	0.0354707353641253	0.0874636579804474
chr2:130915743:C:T	2	130915743	0.0156788828948768	0.0336813287790954	0.641568668004897
chr2:136507185:G:C	2	136507185	-0.0190403697237969	0.030473776999123	0.532094708698544
chr2:141023592:C:T	2	141023592	0.0732397544177191	0.0423021150263559	0.0833894110464193
chr2:143017176:T:C	2	143017176	-0.00239326968130826	0.0600040983684373	0.968184727238979
chr2:143920023:G:T	2	143920023	-5.29319936612507e-06	0.0452494661722495	0.999906664931123
chr2:144729333:C:T	2	144729333	0.0439167517591701	0.0342603369528332	0.199893848704934
chr2:148561010:G:C	2	148561010	0.0877568827653974	0.0479081182120622	0.066984981937142
chr2:154835349:G:T	2	154835349	-0.0134518545307841	0.0371171430195275	0.717041023193047
chr2:167086954:T:G	2	167086954	-0.018016304246946	0.0291076516101645	0.535946507922362
chr2:167657344:C:T	2	167657344	-0.0210772686874896	0.0557138399921619	0.705198106041256
chr2:168647356:T:G	2	168647356	-0.0450073872575681	0.0309112389588143	0.145387045192269
chr2:171274449:C:A	2	171274449	-0.0360245483561593	0.0434786511080543	0.407355029076203
chr2:177787584:G:A	2	177787584	0.0208620968162222	0.0385749077372948	0.588631384287706
chr2:179648558:C:T	2	179648558	-0.010831476837775	0.0502719387687965	0.829410479753665
chr2:183527028:C:T	2	183527028	-0.0306469846342676	0.0382666588630934	0.423201378492798
chr2:184516924:T:A	2	184516924	-0.0917566794692423	0.0441543550557183	0.0377011627735647
chr2:197010424:G:A	2	197010424	0.130549664392459	0.0520511961067968	0.0121381917852452
chr2:209101337:G:A	2	209101337	-0.0463526642686567	0.0330371335004978	0.16060270473884
chr2:209103516:A:G	2	209103516	-0.0307940751531946	0.0351803671441835	0.381399873877275
chr2:210957182:G:A	2	210957182	-0.0610443867561149	0.0422523900479288	0.148526482491101
chr2:214802180:T:C	2	214802180	0.0735696088745054	0.0298097397102878	0.0135880872272841
chr2:215209936:A:G	2	215209936	0.0252273817376323	0.0403684998632548	0.532018706912302
chr2:220997842:C:T	2	220997842	0.0437209386081742	0.0312648023489879	0.161990688879552
chr2:228947684:G:A	2	228947684	0.00903754145042572	0.0396785978331729	0.819826084353518
chr2:233152507:T:C	2	233152507	0.0172080377487397	0.0337922638168884	0.610590949862023
chr2:235620294:A:T	2	235620294	0.0309439120631945	0.0326986475684639	0.34397716358189
chr2:237288548:A:G	2	237288548	0.0411946988617855	0.0393470445547853	0.295118998916849
chr2:237513585:T:C	2	237513585	0.0236033503940182	0.0357965248600998	0.509654690247959
chr2:237920759:T:G	2	237920759	0.0434766034905495	0.0335062925702613	0.194436743105934
chr2:240429648:C:T	2	240429648	-0.00626404567990034	0.0333690808085129	0.851096108246552
chr3:10127208:T:G	3	10127208	-0.0567013563407601	0.0536100845999117	0.290209505544039
chr3:14082905:A:G	3	14082905	0.04863086757234	0.0370077768033832	0.188822118550403
chr3:16798495:T:G	3	16798495	0.0310042675849506	0.0394192306140021	0.431559128545013
chr3:18882818:T:C	3	18882818	0.0481698818592123	0.0323437235255575	0.136405340818862
chr3:22245167:A:G	3	22245167	0.0215159625433707	0.0340612566800812	0.527593161039107
chr3:24009496:G:A	3	24009496	0.0173214797771412	0.0354637283347976	0.625246675581375
chr3:24010534:C:T	3	24010534	-0.018089950627309	0.0441243315273103	0.681822993134189
chr3:33111016:C:A	3	33111016	0.0330729240099002	0.0523955242949061	0.527898918051401
chr3:33421913:A:G	3	33421913	0.0249122600241776	0.0319678109754012	0.435807713740751
chr3:34471110:A:G	3	34471110	-0.0651014945315688	0.0302614712360044	0.0314525505304726
chr3:35230331:G:A	3	35230331	-0.0799026128002964	0.0363856650203505	0.0280925484519589
chr3:41413926:T:C	3	41413926	-0.01121597204162	0.0355304350350999	0.752251298794347
chr3:42098050:T:C	3	42098050	0.00687204025693353	0.0412921873168557	0.867822730150418
chr3:46489654:A:G	3	46489654	-0.0220464433288253	0.0311206558791246	0.478685507569994
chr3:56959175:A:G	3	56959175	-0.0509724452222408	0.0558651308052876	0.361547829303965
chr3:64441608:G:A	3	64441608	-0.00580547417086893	0.0349408381061456	0.868037692248061
chr3:66995763:G:T	3	66995763	-0.000961446236259498	0.0365740775743019	0.979027912230578
chr3:68498445:T:C	3	68498445	-0.0306171691837883	0.0323202696195046	0.343483128848364
chr3:68824246:G:A	3	68824246	0.0035982762391354	0.0355738922402184	0.919431899645126
chr3:69021248:A:C	3	69021248	0.0132505152186561	0.0366154632260807	0.717439432794237
chr3:69617754:T:G	3	69617754	-0.0283085354915365	0.0335410548330162	0.398671317996028
chr3:74191731:G:A	3	74191731	-0.0391575932527353	0.0425120671215703	0.357001557600616
chr3:74732240:G:A	3	74732240	0.0570513558901447	0.032877075138511	0.0826889342333209
chr3:75709324:A:T	3	75709324	0.0205925277858771	0.0392260048952884	0.599603124605884
chr3:84465702:T:C	3	84465702	-0.0668206842869312	0.0405605519762488	0.0994696216392941
chr3:84817748:G:A	3	84817748	-0.0237972556973216	0.0368327149555114	0.518220950030894
chr3:85705423:A:G	3	85705423	0.0436132287323505	0.0353737531568638	0.217603281813634
chr3:88069353:C:T	3	88069353	-0.0985818439760458	0.0365909084243391	0.00705658057504377
chr3:93986190:G:A	3	93986190	-0.0226474217060645	0.0461070576037877	0.623290597305497
chr3:101022648:G:A	3	101022648	0.0147885298065623	0.0432958436380149	0.732675064925024
chr3:106664728:C:T	3	106664728	0.0186560534513873	0.0292322761361008	0.523343167206945
chr3:110774699:C:T	3	110774699	0.0592186360055228	0.0371915183055694	0.111325879540365
chr3:113428518:G:A	3	113428518	-0.0235363823566704	0.0352286290336067	0.504067310444916
chr3:121058963:T:G	3	121058963	0.0522855285909051	0.0509779969110757	0.30505708925077
chr3:122312606:G:A	3	122312606	-0.0100135665562587	0.0570925164287481	0.860771682450516
chr3:124193435:A:C	3	124193435	-0.00531547775256395	0.0318672347510065	0.867526850869803
chr3:126773646:G:T	3	126773646	-0.0376398098112634	0.0391648080177047	0.336520980854867
chr3:131209978:G:T	3	131209978	-0.0601978766468738	0.0455744071635304	0.186544645095235
chr3:133982842:C:T	3	133982842	-0.0214438238964335	0.0305885833058657	0.483277982236847
chr3:146265901:G:T	3	146265901	-0.0297231230421173	0.0342652014115602	0.38569910741886
chr3:149679065:C:A	3	149679065	-0.0298934687673051	0.0286989602458089	0.297586958309164
chr3:152663712:G:C	3	152663712	0.0565239734366555	0.035345248306459	0.109777098282063
chr3:159417151:A:G	3	159417151	0.000338813688073916	0.0364037962860357	0.992574117660382
chr3:164899350:G:A	3	164899350	0.0866961958536843	0.0442778345564071	0.0502294938268011
chr3:168053836:T:C	3	168053836	-0.0767962554059795	0.0400773126445177	0.0553392975957517
chr3:171028381:G:A	3	171028381	-0.0128147051159632	0.0343115506184227	0.708790638235025
chr3:174497130:T:C	3	174497130	0.0583882914823559	0.0339978076436847	0.0859036593089358
chr3:176663180:T:G	3	176663180	0.0229971504432239	0.0421002293034318	0.584895730223733
chr3:196706550:C:T	3	196706550	-0.0230370440042609	0.0315777644544374	0.465675248372021
chr4:332191:G:A	4	332191	0.0503070972844351	0.0354385027704182	0.155735683589031
chr4:8816874:T:C	4	8816874	0.0304873369140101	0.033583277992755	0.363977019861326
chr4:9851274:C:G	4	9851274	-0.00105368580495176	0.0331132846744605	0.974615089180559
chr4:10725805:A:G	4	10725805	-0.0706088597721859	0.0346546916127752	0.0416001768344183
chr4:13219910:C:T	4	13219910	-0.0604830565770512	0.0347076442267369	0.0813958765337294
chr4:18747099:A:G	4	18747099	-0.0230838508480216	0.0398157471234561	0.562071845984915
chr4:20840555:C:T	4	20840555	0.0314990160063229	0.035496946528808	0.374878356462584
chr4:21137718:C:T	4	21137718	0.0488541223301271	0.0388031162572085	0.208021033229505
chr4:26851610:T:C	4	26851610	0.0122206114451096	0.0488715828430881	0.80254437558002
chr4:32302160:A:T	4	32302160	-0.0162899549452114	0.0399766338665511	0.683650407456693
chr4:40603484:A:G	4	40603484	-0.0258975775248044	0.039069813302641	0.507424138893795
chr4:44018406:T:G	4	44018406	-0.0405347251748731	0.0424402905145742	0.339527084843822
chr4:44680448:T:C	4	44680448	-0.0331355278960936	0.029944648625222	0.268484534247281
chr4:55337032:C:T	4	55337032	0.0140832012878556	0.0311676546462639	0.651374815212799
chr4:55659669:G:A	4	55659669	-0.00355050880352222	0.0408326339875137	0.930709089514312
chr4:56719096:C:T	4	56719096	-0.0133438345720709	0.0384897723011131	0.728827826937736
chr4:61158247:C:G	4	61158247	0.00666294786306493	0.0363681733156722	0.854634654282573
chr4:67708732:C:T	4	67708732	0.0182275957272324	0.0379838742081819	0.631314704527536
chr4:67911021:C:T	4	67911021	-0.00863697200500621	0.0341754950885042	0.800481405843023
chr4:90022599:G:T	4	90022599	-0.0450806162305376	0.0319266136441834	0.157947768393887
chr4:95433170:T:C	4	95433170	0.00704857627553575	0.0556128718712078	0.899143326476259
chr4:97398054:G:A	4	97398054	-0.021537658343429	0.0335520419345922	0.520926451686883
chr4:98823404:T:C	4	98823404	0.0169805597860935	0.0365865030800696	0.642561147236917
chr4:99262681:C:G	4	99262681	-0.0376599075545744	0.0370838552296447	0.309851454239449
chr4:99355957:G:T	4	99355957	-0.0109317908768948	0.0363012232465956	0.76330688938262
chr4:101085120:T:C	4	101085120	0.0385756772251225	0.0405573000738397	0.341533226134298
chr4:102399971:C:T	4	102399971	-0.00532663010564173	0.0382477649575465	0.889239607539946
chr4:102884286:T:C	4	102884286	0.0401423484437404	0.0336371361258729	0.232715196650069
chr4:105992845:C:T	4	105992845	0.0295180981072694	0.0379853113864728	0.437104237090047
chr4:108791253:G:A	4	108791253	0.025666013760379	0.0305914920307907	0.401473859816081
chr4:110957298:T:A	4	110957298	0.0105610476900172	0.0338910013807758	0.755330816561527
chr4:113348012:C:T	4	113348012	0.00171638736979295	0.0349600180252321	0.960843011651131
chr4:115522695:G:A	4	115522695	-0.00472694069455086	0.0316289135659525	0.881198571325121
chr4:120770744:A:C	4	120770744	0.0294121894635975	0.0356062807266586	0.408781762719978
chr4:123964831:A:G	4	123964831	0.0370671816135724	0.0406659039533769	0.362029263874029
chr4:126268710:T:G	4	126268710	0.000259051647797449	0.0397310752998819	0.994797728372953
chr4:134350906:C:T	4	134350906	0.00417570888594546	0.0313333800161642	0.893982140875339
chr4:138952375:G:A	4	138952375	0.0207822701475564	0.0269148620219163	0.440026483814661
chr4:141618953:G:A	4	141618953	-0.0729316548485459	0.054912787357554	0.184133151840073
chr4:149616644:T:G	4	149616644	-0.0456630870801721	0.0454575487268266	0.315127291733122
chr4:171974219:A:G	4	171974219	-0.0290994114698984	0.0373175454537326	0.43552139209777
chr4:176312841:C:T	4	176312841	-0.0254807947394351	0.0452501491817499	0.573360234759035
chr4:179329624:T:G	4	179329624	-0.0163067936892116	0.0332091510314286	0.623403008951634
chr4:183032183:A:G	4	183032183	-0.00302468367035854	0.0363175683905428	0.933625474746095
chr4:184991673:A:G	4	184991673	0.0026614954788904	0.0313519812931133	0.93234818803623
chr4:189912372:C:T	4	189912372	0.010712608048437	0.0341030932709354	0.75342668440595
chr5:5313703:A:G	5	5313703	0.0762405117847707	0.0408861638804377	0.0622231855173596
chr5:7364955:T:A	5	7364955	0.00131384482053201	0.0512515138093601	0.979548278409325
chr5:8067079:G:C	5	8067079	0.0758701668472994	0.0329707436714111	0.0213839422252075
chr5:13911296:G:T	5	13911296	0.0167190036349049	0.0376308902324607	0.656833402511628
chr5:15621966:C:G	5	15621966	0.0520126275929463	0.0339534938673747	0.125552417502656
chr5:17902851:T:C	5	17902851	-0.0304556623213478	0.047976278660783	0.525554504076962
chr5:20732163:G:T	5	20732163	-0.0127638256351376	0.0345558467163741	0.711853411022912
chr5:21913130:A:C	5	21913130	0.00277348792785511	0.0362674817465813	0.939042688727728
chr5:23787194:A:C	5	23787194	0.0200135067989261	0.0287944388220713	0.487025445459969
chr5:23895775:T:G	5	23895775	-0.0106818209609543	0.0330795581855345	0.746761094351299
chr5:33466391:T:A	5	33466391	0.00737287137512147	0.0296940887387657	0.803906750642191
chr5:33624899:A:G	5	33624899	0.0632819693162971	0.0570639840529585	0.267445218788299
chr5:39550509:T:G	5	39550509	-0.0099929453546637	0.0267024541823012	0.708230812248408
chr5:39634108:G:A	5	39634108	-0.00292761024419796	0.0367872339795922	0.936569526009772
chr5:39978357:G:A	5	39978357	-0.0214665818030404	0.033074228759775	0.516310873198805
chr5:44011742:G:T	5	44011742	-0.0445681540871914	0.0535709935287287	0.40543963302188
chr5:54814079:C:T	5	54814079	-0.0746075583162304	0.0351040963223019	0.0335596347384208
chr5:66989845:C:A	5	66989845	0.0182973975578513	0.0334811321347982	0.584723132409418
chr5:66992139:G:A	5	66992139	0.0381734504439891	0.0347867285294292	0.272485483531911
chr5:73076502:T:C	5	73076502	0.000302654237933062	0.0337331463479707	0.992841465142994
chr5:76998986:C:A	5	76998986	0.000599930715960551	0.0327967884133486	0.985405620936062
chr5:80530472:T:A	5	80530472	0.0381357795919225	0.0448360040868948	0.395012975022141
chr5:81710558:G:T	5	81710558	0.00461467250903857	0.0359511532657271	0.897864470347658
chr5:84879932:A:G	5	84879932	0.00262340028039215	0.0291811087203909	0.928366174458804
chr5:85476293:A:G	5	85476293	-0.0939060744468474	0.039452713552072	0.0173023801879393
chr5:85809583:T:C	5	85809583	0.0089943149070316	0.0330763555167146	0.785679061954437
chr5:92192959:A:T	5	92192959	-0.0274212526909072	0.0318048887054971	0.388593425664928
chr5:94648523:C:G	5	94648523	0.0102826510054199	0.0396037836005518	0.795142946712439
chr5:98024666:G:A	5	98024666	0.0552349786256904	0.0427048435399295	0.195868427667815
chr5:101328324:T:C	5	101328324	-0.0757014017464172	0.0453708338170322	0.0952157883188731
chr5:101825779:A:C	5	101825779	0.0235304567461029	0.033783850581781	0.486115668032888
chr5:106773905:G:A	5	106773905	-0.0132135126987115	0.0330905789500156	0.689662270028302
chr5:114915760:G:T	5	114915760	0.0357587602685165	0.040508405087818	0.3773718186242
chr5:115102683:A:G	5	115102683	-0.00960795941166114	0.0387372964897277	0.804112238589891
chr5:117238479:G:A	5	117238479	0.0231860398425404	0.0396637716310391	0.558840464798444
chr5:121740415:G:T	5	121740415	0.0122675435230623	0.0261580500903439	0.639085538801111
chr5:137227416:A:T	5	137227416	0.00417483555650553	0.051815533947468	0.935783035135455
chr5:137406489:C:T	5	137406489	-0.00657946210554955	0.0417234809588926	0.874699449050112
chr5:140638650:G:A	5	140638650	-0.030377762988218	0.0345005178526433	0.378587610255717
chr5:142682003:T:C	5	142682003	0.0011544796937927	0.0276415695792617	0.966685184659229
chr5:144183699:A:G	5	144183699	0.01727480762944	0.0382983478401294	0.651947155415202
chr5:145690757:G:T	5	145690757	0.00697773426656205	0.0540586063527416	0.897296552256577
chr5:147282093:C:T	5	147282093	0.0384064974032247	0.0459003144502105	0.402740343174877
chr5:148033208:G:T	5	148033208	-0.134710998790745	0.0564903001740773	0.0170942219244915
chr5:151763317:T:C	5	151763317	0.0067200270868396	0.0390815256020526	0.863477667228223
chr5:153541577:C:T	5	153541577	0.0272522545294019	0.0452791077431741	0.547258940953395
chr5:168245100:T:C	5	168245100	0.0306111946164442	0.0303923650334145	0.313838601079683
chr5:169455657:C:T	5	169455657	0.00884946832267332	0.03571288939338	0.804293177659218
chr5:169808985:G:C	5	169808985	0.0269470278705121	0.0481408876351627	0.575647619967168
chr5:172672695:T:C	5	172672695	-0.0422310430401625	0.0371056171154022	0.255065898643287
chr5:173346700:A:C	5	173346700	0.0384912063995697	0.0558381892817056	0.490612610436615
chr6:3041612:C:A	6	3041612	-0.0154690810126372	0.0347651365826242	0.656348955521982
chr6:3673174:A:G	6	3673174	-0.0279317292382931	0.0553133150744007	0.61357781789304
chr6:3786319:G:C	6	3786319	-0.0181331096229841	0.0355755789728333	0.61025698468765
chr6:6090729:G:T	6	6090729	-0.0150757483247768	0.0440004376326996	0.731878909695281
chr6:6354181:A:T	6	6354181	0.00552184154282675	0.0409684278507777	0.892783564325511
chr6:6456261:T:C	6	6456261	0.0309967973990602	0.0394457541290838	0.431979856690522
chr6:7642514:C:G	6	7642514	0.0213930076747112	0.0339949975531009	0.529153524054222
chr6:21494280:T:C	6	21494280	-0.068961107905677	0.0514934580107641	0.180498816438083
chr6:23344439:T:A	6	23344439	-0.0310592795387359	0.0384036402400195	0.41865393564229
chr6:26287827:G:A	6	26287827	-0.014261481905133	0.0396486927952265	0.719074376100893
chr6:31108549:A:G	6	31108549	0.0267539110758854	0.0310156274629995	0.388360430353486
chr6:32660000:G:C	6	32660000	-0.0583347494906163	0.0566181147229572	0.302860032923147
chr6:33148933:A:G	6	33148933	0.0623459204598558	0.0315608842719797	0.0482207979712761
chr6:37400014:G:T	6	37400014	0.00498585020377493	0.0371684435047019	0.8932902703542
chr6:39124093:C:T	6	39124093	0.035784962068138	0.0331296140474632	0.280075262474003
chr6:45195864:C:T	6	45195864	0.0499281024936788	0.0349207639670463	0.152787631384507
chr6:46738257:G:A	6	46738257	0.0195457918757338	0.0459302796786182	0.670433220155126
chr6:47717919:C:A	6	47717919	-0.0157511877209023	0.0341254892391238	0.644392115672227
chr6:48859012:C:A	6	48859012	-0.0141932348428706	0.0368362302046493	0.700010428577072
chr6:49860743:T:G	6	49860743	-0.0186033473859942	0.0438339707363049	0.671270624005803
chr6:53292416:C:G	6	53292416	0.0477976246181752	0.0352242540280394	0.174796438570838
chr6:69504128:A:G	6	69504128	0.0451758885634998	0.0426390790306062	0.289374431559788
chr6:81137001:T:C	6	81137001	-0.00686754647319774	0.0355665715392967	0.84688854634291
chr6:84758749:C:T	6	84758749	-0.00429518092166477	0.0403896164973186	0.915309667201599
chr6:87387916:G:T	6	87387916	-0.0103837684989309	0.0333192649058891	0.755310646206491
chr6:88566465:G:A	6	88566465	0.0777286849345827	0.0276089321658537	0.00487248081717218
chr6:93273487:T:C	6	93273487	0.0299381267000853	0.0567035793173065	0.59751602178999
chr6:97788153:C:A	6	97788153	-0.0442360799671681	0.0440177718333066	0.314916330070159
chr6:104918249:A:G	6	104918249	0.00231879656380242	0.0327463121175656	0.943548238889481
chr6:107129138:A:G	6	107129138	-0.037831628603462	0.0332946479657543	0.255844600596503
chr6:112187089:T:C	6	112187089	0.0661934254609212	0.0315304161568618	0.0357859294836647
chr6:118046853:T:C	6	118046853	-0.0214016165644638	0.0345941324846092	0.536147783922699
chr6:123103197:T:C	6	123103197	-0.0927485547828786	0.0442387985532486	0.0360340268933831
chr6:127784009:G:A	6	127784009	-0.0713291909324862	0.0360408309311262	0.0478023047457332
chr6:129527930:G:A	6	129527930	-0.0954063097273396	0.0366611620379881	0.00925789513105013
chr6:137254996:T:C	6	137254996	0.0181309049728411	0.0365493590619454	0.61984764141297
chr6:151547601:G:A	6	151547601	-0.0186905420892357	0.0294653584517297	0.525870325713467
chr6:152638179:C:T	6	152638179	0.0613604267887202	0.0385069190404696	0.111050098203793
chr6:153842833:G:A	6	153842833	0.00415121907216566	0.0393882418438424	0.91606449208005
chr6:160701242:A:G	6	160701242	0.0524158787576597	0.0471857747565085	0.266636926917645
chr6:160909689:G:C	6	160909689	-0.120064324824835	0.0581592540883509	0.038979218968807
chr6:162760256:C:T	6	162760256	-0.0951949051009508	0.0412124837419605	0.0208961247114601
chr6:163629327:G:A	6	163629327	-0.0264436610027462	0.0282094419521067	0.34855046921421
chr7:6986920:C:A	7	6986920	0.0370388254896851	0.0514302751546011	0.471416930253155
chr7:7863676:G:A	7	7863676	-0.0827250210933824	0.0472961776164987	0.0802763778586434
chr7:8111839:A:G	7	8111839	0.0200816693379728	0.0334855864028707	0.548698958917433
chr7:9602661:C:A	7	9602661	-0.041582357445295	0.0404682938726383	0.304171298673314
chr7:11334355:C:A	7	11334355	0.0180188181537356	0.0442900542174713	0.684127952302064
chr7:12476280:G:A	7	12476280	-0.048504771755615	0.0412537553026315	0.239688310216185
chr7:20850990:A:T	7	20850990	-0.011473158148304	0.0320284067044933	0.720180029311698
chr7:22822020:C:A	7	22822020	0.0450129132045801	0.0294980408611424	0.127019127661242
chr7:24140802:T:C	7	24140802	0.0245438752448694	0.0292907271278662	0.402064337760894
chr7:24278575:A:G	7	24278575	0.0325286777831264	0.0526455862366375	0.536654156070082
chr7:24620726:T:A	7	24620726	0.0646165608642683	0.027584110987394	0.0191535808794813
chr7:24740434:C:T	7	24740434	-0.0634587016773543	0.0314459655744866	0.0435888001299805
chr7:28505993:C:T	7	28505993	0.0419549042357005	0.0368722406123608	0.255185101810259
chr7:36413989:G:A	7	36413989	-0.0541757428978966	0.054222632695484	0.317729184106387
chr7:43755241:C:T	7	43755241	0.0222567015653987	0.0341170150143184	0.514166586812675
chr7:44689517:A:G	7	44689517	0.00704068572494508	0.0384042960932654	0.85453856301913
chr7:46192346:C:G	7	46192346	0.00702265431325066	0.029664987758814	0.81286464448896
chr7:48301675:T:C	7	48301675	0.0634571398735122	0.030595164543809	0.0380709074684167
chr7:51890159:C:T	7	51890159	-0.00639067069061693	0.0340475555404074	0.851113107808537
chr7:53046603:C:G	7	53046603	0.0502745552529769	0.0509254301557047	0.323535260253936
chr7:55663907:C:A	7	55663907	-0.0195181311672156	0.0327532116179962	0.551231990262926
chr7:56122201:A:G	7	56122201	-0.0104473520388385	0.0332058138572144	0.753047015990077
chr7:62910214:G:T	7	62910214	-0.016931073846469	0.0376170724112189	0.652645437304782
chr7:67766433:G:A	7	67766433	-0.0882662963094404	0.0412468470213279	0.0323585999568057
chr7:68433432:T:C	7	68433432	0.0330494467549664	0.0315617340398913	0.295036582754388
chr7:71020152:T:G	7	71020152	0.00617641613343916	0.0414824382482988	0.8816386078196
chr7:71553830:T:C	7	71553830	-0.0598237215305317	0.0401572075306529	0.136293115923928
chr7:78390279:T:G	7	78390279	-0.0236216085472322	0.0344082279381619	0.492391267681543
chr7:83524616:A:T	7	83524616	9.69678413142998e-05	0.0330740528050252	0.997660733231118
chr7:84786535:C:A	7	84786535	0.0291202869532392	0.0383458450274207	0.447606260718667
chr7:86620755:G:A	7	86620755	0.0671481992539034	0.038970935807963	0.0848826001803997
chr7:89207269:G:A	7	89207269	-0.0212825027377763	0.0390072627905679	0.585338453911437
chr7:91097147:A:G	7	91097147	-0.00326716624234988	0.039495042911289	0.934071437671565
chr7:103095283:G:A	7	103095283	-0.0121671024000479	0.0452770300488416	0.788140759562633
chr7:113434486:A:C	7	113434486	0.0100685105532241	0.0321667020613649	0.754272801600419
chr7:113749820:G:A	7	113749820	-0.00041217564909231	0.0307569207341551	0.98930781314733
chr7:117145973:C:G	7	117145973	0.0667911863877508	0.0332990788078514	0.0448779300713179
chr7:119808046:G:A	7	119808046	0.0176045010656368	0.0512468947419674	0.731204834774563
chr7:122582926:C:G	7	122582926	0.0337102235292275	0.0469979981735658	0.473207916327661
chr7:124802410:A:T	7	124802410	0.0615687914900462	0.0318567323364139	0.0532759321251841
chr7:129047886:A:G	7	129047886	-0.0299840470768836	0.0557326700824486	0.590578651855796
chr7:131384702:T:A	7	131384702	-0.0166503824623126	0.037185134561117	0.654319298266183
chr7:136870573:G:A	7	136870573	-0.0139801881802743	0.0457283739989599	0.759816017773876
chr7:142873374:T:C	7	142873374	-0.000923948456333836	0.0371604876685004	0.980163654883785
chr7:145116884:A:G	7	145116884	0.0233237838626847	0.0343418934431178	0.497033841325342
chr7:149242006:T:C	7	149242006	-0.0477554806358308	0.0355543357458956	0.179217265806462
chr7:153502245:G:A	7	153502245	0.00565700926254471	0.0369241658512199	0.878235708561661
chr7:153952270:G:A	7	153952270	0.0322711704133633	0.0366389214331344	0.378431865523374
chr7:154426289:T:C	7	154426289	0.0101577103637665	0.0509306898433985	0.841917136258384
chr7:156975524:A:T	7	156975524	-0.0282997056692271	0.0449104042718392	0.528604979118602
chr7:157677820:C:T	7	157677820	-0.0167721279682341	0.041401478351679	0.685397098744962
chr8:276778:A:T	8	276778	0.00125143047095835	0.0347292188628849	0.971255299016822
chr8:1102873:G:T	8	1102873	0.0398295254402701	0.0399178646759652	0.318382667473034
chr8:8710521:T:C	8	8710521	0.0298144404862616	0.0298224009271613	0.31743970274125
chr8:9029509:T:C	8	9029509	-0.0024719432407051	0.0373346498173413	0.947210292580736
chr8:9109096:A:G	8	9109096	-0.0155397470304839	0.0323224750008817	0.630678418867601
chr8:13032868:C:A	8	13032868	-0.0445299497201875	0.0515320991988275	0.387521630478486
chr8:20741226:C:T	8	20741226	0.0531952726292727	0.0352820679550432	0.131627705816634
chr8:23115837:G:A	8	23115837	-0.0195980227153926	0.0553142033075703	0.723111351787244
chr8:25783762:T:C	8	25783762	0.0172415589834344	0.0398349333077546	0.665141837228816
chr8:27022227:G:T	8	27022227	0.00994133569497001	0.0344010062157889	0.77259372581956
chr8:28150898:A:G	8	28150898	-0.0342662842980557	0.0312386960037227	0.272677290415407
chr8:28528484:G:T	8	28528484	0.0244026631372313	0.0338266551123762	0.470661371175527
chr8:41788192:C:T	8	41788192	0.0958541702806559	0.0380927721732301	0.011858245939513
chr8:42055528:T:G	8	42055528	-0.00371611109179155	0.042686328489581	0.930626811780837
chr8:53142705:G:A	8	53142705	0.00894487924642488	0.034792460616502	0.797107398973548
chr8:61304314:G:C	8	61304314	0.0352308656527655	0.0345119784644279	0.307334951575517
chr8:61926940:A:T	8	61926940	-0.000685645145551877	0.0318693690456646	0.982835446936995
chr8:63445672:G:A	8	63445672	-0.00696471054936687	0.0398038651033559	0.861098700149904
chr8:65343369:C:A	8	65343369	0.0265946509900208	0.0328611744055811	0.418340811755571
chr8:65418628:G:T	8	65418628	-0.00739848953384228	0.0307096452657439	0.809619094598694
chr8:71273350:T:A	8	71273350	0.0663572356404825	0.0478169415213932	0.165217803200154
chr8:72033005:T:C	8	72033005	0.108557607736436	0.0485186800768018	0.0252576341119372
chr8:72065200:T:A	8	72065200	-0.0387255883846959	0.0326083213335691	0.234991690965688
chr8:73211475:T:C	8	73211475	0.0107338694819605	0.0383812008986482	0.779734714420775
chr8:86323708:T:C	8	86323708	-0.0396400782247823	0.0297631460031014	0.182909128163285
chr8:89525432:A:G	8	89525432	0.0439296519252837	0.0384604551809953	0.253369599180749
chr8:92001032:A:G	8	92001032	-0.0260421200389177	0.0491970472760511	0.596567426534281
chr8:92645879:A:G	8	92645879	-0.0968467879132668	0.0424212037277114	0.0224315072830077
chr8:95906161:G:A	8	95906161	0.0291150213858266	0.0290322558327926	0.315932847470938
chr8:96365126:C:T	8	96365126	-0.0462849048397173	0.0304276261264542	0.128222847947007
chr8:98002322:C:T	8	98002322	0.0273238878794592	0.033754720884833	0.418237119270758
chr8:106920372:G:A	8	106920372	-0.103471838752752	0.0452987440288808	0.022359199081591
chr8:108142424:A:G	8	108142424	0.0307021667043881	0.0353167799871664	0.384663091841909
chr8:109421925:C:T	8	109421925	-0.0224423162800761	0.036101825026761	0.534179017750696
chr8:116252872:C:T	8	116252872	-0.0398967488413048	0.0298448143350353	0.18128572983799
chr8:121384602:C:T	8	121384602	-0.0258835123907885	0.0362099133091321	0.474721262365088
chr8:127029052:C:T	8	127029052	-0.0597817563589199	0.0354430081184696	0.0916608644823902
chr8:128437247:A:G	8	128437247	-0.0675348568610333	0.0363920155226888	0.0634877346496261
chr8:131315237:G:A	8	131315237	0.00265751976771082	0.0332518531723115	0.93630012569087
chr8:135895676:A:T	8	135895676	0.0671103697269782	0.0393254171082108	0.0879077159587632
chr8:141605122:C:T	8	141605122	0.0269800799974345	0.0350087807251078	0.440904879126026
chr9:733358:A:C	9	733358	0.00679772503670313	0.035093919774601	0.846410060499445
chr9:5461379:C:T	9	5461379	0.0675488014807614	0.0380985421017079	0.0762283313743043
chr9:11397008:T:G	9	11397008	-0.003665636655933	0.0548596879546393	0.946726273868438
chr9:11955148:T:G	9	11955148	-0.0187254554800951	0.0424628108095727	0.659223978103134
chr9:12389360:A:G	9	12389360	-0.0124240286447068	0.0370397155041079	0.737304876982321
chr9:12615226:G:C	9	12615226	-0.0261984847744825	0.0316558798597104	0.407895661595895
chr9:14098421:G:A	9	14098421	-0.0223184251416031	0.0314860691788016	0.478426928660187
chr9:18952915:A:G	9	18952915	-0.0283031659483696	0.0268561694950506	0.291938098646345
chr9:29651949:A:G	9	29651949	0.0422381223790671	0.0361649193511152	0.242834688198867
chr9:32058643:A:T	9	32058643	-0.0312752823950586	0.0401019869406828	0.435453514207462
chr9:37013405:C:T	9	37013405	-0.0361694190453527	0.0307474970665935	0.239460228296476
chr9:37992585:C:T	9	37992585	-0.00347810491728893	0.0356285677324727	0.922233058966318
chr9:89995415:A:G	9	89995415	-0.0486048470289612	0.0500399042285392	0.331388084328235
chr9:91844381:C:T	9	91844381	-0.0921198923346163	0.0414538251497526	0.0262678336856171
chr9:94568472:C:A	9	94568472	0.0416613383905223	0.0362040575448769	0.249840565516261
chr9:96162075:C:T	9	96162075	-0.0613180934527728	0.0364064814511833	0.0921308325576579
chr9:100192956:A:G	9	100192956	-0.0477982114603186	0.0362648114340264	0.187492663495569
chr9:100529836:G:C	9	100529836	0.0357971435928624	0.0364758062394136	0.326398399974025
chr9:101460357:C:T	9	101460357	-0.0369198213037315	0.0449533615797339	0.41148015263908
chr9:107904127:G:A	9	107904127	0.00129363877488101	0.0315371162564814	0.967280298760672
chr9:117420412:T:C	9	117420412	0.00510634891048798	0.0333489932870574	0.878304801436355
chr9:117972207:C:A	9	117972207	-0.0117435344819591	0.0339786138464532	0.729631720772319
chr9:121356498:A:G	9	121356498	0.0759208376577206	0.0514266697361419	0.139865225824962
chr9:124044726:T:G	9	124044726	-0.0633674691282764	0.0405997646878271	0.11857468894103
chr9:125005426:C:T	9	125005426	0.0213022832405934	0.0427270533206049	0.618084714381753
chr9:129533341:A:G	9	129533341	-0.0869301386567583	0.035523342360999	0.014399999370196
chr9:136630984:C:T	9	136630984	-0.040522876923981	0.0327150772490025	0.215471218907021
chr10:2050300:A:G	10	2050300	0.0503171803898294	0.0333686323686878	0.13157536936924
chr10:3113976:C:T	10	3113976	0.0264961822394061	0.0324847810722932	0.414700862185038
chr10:4591592:T:C	10	4591592	0.0406000113849505	0.0451488606510342	0.368520711112611
chr10:7462546:C:T	10	7462546	-0.0232858170624077	0.036047895535792	0.518299539106465
chr10:7849544:T:G	10	7849544	-0.000242399469494544	0.0440160585125218	0.995606016913004
chr10:9367893:G:A	10	9367893	-0.0171024712384036	0.0390447087568488	0.661369781953428
chr10:10628189:C:T	10	10628189	0.0527519527842717	0.0394846122973043	0.181545045295743
chr10:14014383:T:C	10	14014383	-0.0566992229899045	0.0334150804136757	0.0897315665734735
chr10:16341555:C:T	10	16341555	-0.0396492609924509	0.0465800534936804	0.394654453726274
chr10:18075702:C:T	10	18075702	0.0665014515092805	0.0454666524095609	0.143565267480233
chr10:27289376:T:C	10	27289376	0.0299863977271878	0.0288483695932855	0.298596145755506
chr10:27674317:A:G	10	27674317	0.217983488185048	0.039364102972673	3.06607641498147e-08
chr10:28771902:G:A	10	28771902	-0.0199843713115129	0.038440585002057	0.60314939217349
chr10:28891836:C:T	10	28891836	-0.0425581447987474	0.0337193365367688	0.206902453821602
chr10:30622484:G:A	10	30622484	-0.0231486633506252	0.0394454318135956	0.557302550961959
chr10:35177843:G:T	10	35177843	-0.068688191418752	0.0412274620831424	0.0956977645726753
chr10:45036473:A:G	10	45036473	-0.0368124935211903	0.035392694439862	0.298286198027051
chr10:51560095:T:G	10	51560095	-0.0301425497161875	0.033829514357549	0.372921995630719
chr10:54072488:A:G	10	54072488	-0.00948244720688766	0.0324848827018336	0.770360495653223
chr10:54082016:C:T	10	54082016	0.0734297148280667	0.0307567624249775	0.0169664871539549
chr10:55299918:G:C	10	55299918	-0.0428658133883138	0.0314156212504549	0.172418281592473
chr10:56747004:T:C	10	56747004	0.0806681382222535	0.052009830992514	0.12089758152854
chr10:57761967:T:C	10	57761967	0.00136412604900874	0.0391703175565087	0.972218883747518
chr10:69232402:C:A	10	69232402	0.0441734866685393	0.0321334730118365	0.16922831934799
chr10:79437519:C:T	10	79437519	-0.00655740823572598	0.0371393406678043	0.859852191513875
chr10:82354363:C:G	10	82354363	-0.124028607873439	0.044873921517702	0.00571088925030705
chr10:84591955:C:T	10	84591955	-0.0199158883232965	0.0456305462733397	0.662503331144553
chr10:84989741:G:A	10	84989741	0.0159846218642945	0.0406740852998103	0.6943248138428
chr10:91053424:A:C	10	91053424	-0.0286871994273095	0.0312129215441321	0.358053268765138
chr10:93612452:G:A	10	93612452	-0.0188989174594381	0.0514610285697414	0.713434652023926
chr10:93671121:T:C	10	93671121	0.0279386715770045	0.0317711400587363	0.379199257237258
chr10:101249704:C:T	10	101249704	0.043552370201402	0.045342206164886	0.336790526602451
chr10:102352980:T:C	10	102352980	-0.0289759307359443	0.0372109993115214	0.436160801478882
chr10:104637359:T:C	10	104637359	0.0339044022941651	0.0470307996713033	0.470972366718487
chr10:108480456:T:C	10	108480456	0.0499386513970378	0.0358298606430149	0.163386509262433
chr10:109264424:C:T	10	109264424	-0.0793533194249806	0.0553853498429146	0.151929504287731
chr10:111352001:T:G	10	111352001	-0.0659359815502519	0.0515805899849809	0.201140159896177
chr10:118828443:C:T	10	118828443	-0.0380433289656698	0.036126478780445	0.292313757566209
chr10:120152982:A:G	10	120152982	0.049151396811428	0.0400187009639251	0.219367882207788
chr10:121580593:A:G	10	121580593	-0.0266804154617588	0.0345151387664513	0.439518725068857
chr10:121611573:C:G	10	121611573	0.019438837893719	0.039776943443124	0.625056851703532
chr10:121734173:T:C	10	121734173	-0.00540937304688012	0.0343219708817254	0.874766712736261
chr10:121910644:T:A	10	121910644	0.0671111267566179	0.0400128378043483	0.093495586073306
chr10:122561189:A:G	10	122561189	-0.0466315029658701	0.0378443686495763	0.217877620955932
chr10:123750431:C:G	10	123750431	-0.0993821710528051	0.0381010111836092	0.00909701197755886
chr10:127533155:T:C	10	127533155	-0.0259401121154689	0.0308890232772419	0.40102942267326
chr10:129953349:A:G	10	129953349	-0.0963287670799661	0.0424110202869999	0.0231279435898556
chr10:131819683:A:G	10	131819683	0.00383817397803272	0.0344733720843781	0.91134883654617
chr10:131953941:A:C	10	131953941	-0.00620874892293421	0.0414385981533259	0.880898668321291
chr11:388357:C:T	11	388357	-0.0317525105196077	0.0359513503790513	0.377124046447999
chr11:2257707:C:T	11	2257707	0.0110222208656282	0.0386154399406739	0.77531044456606
chr11:3623903:G:A	11	3623903	-0.0384632540052735	0.0424563405252778	0.364963161751442
chr11:5806222:C:T	11	5806222	-0.0670131496151224	0.0323539599603069	0.0383354102028717
chr11:9789492:C:A	11	9789492	0.0658552192626867	0.0383272293975639	0.0857536064762821
chr11:14569664:T:G	11	14569664	-0.0346207246131983	0.0458910660919776	0.4506024743486
chr11:36019710:C:A	11	36019710	0.00162069814874219	0.0328849609905981	0.960693073618629
chr11:39635569:C:T	11	39635569	-0.123685286784221	0.0679417826191492	0.0686890065910111
chr11:40512905:C:G	11	40512905	0.0623248749703151	0.0410816126813424	0.129241681775278
chr11:41632790:A:T	11	41632790	-0.035394520683354	0.0484732903375325	0.465276464819026
chr11:42744986:A:G	11	42744986	-0.0202201978801184	0.0315060571140228	0.521011079277336
chr11:43201079:C:T	11	43201079	-0.056502918472116	0.0463022986606042	0.222349341329746
chr11:44330300:A:G	11	44330300	-0.0450912475657645	0.0359354101036141	0.20955647574081
chr11:49875094:A:G	11	49875094	-0.0117118086334348	0.0337542943656401	0.728612051421493
chr11:50253126:G:T	11	50253126	0.0168182412146253	0.0399514137745548	0.673778915805854
chr11:55906271:G:A	11	55906271	0.00367888030405873	0.0353564043259771	0.917128627398905
chr11:57305789:G:A	11	57305789	0.012691027150207	0.0377141757920221	0.736489713394696
chr11:58998793:A:C	11	58998793	0.0577809885245125	0.0426707240136217	0.175700281354836
chr11:63184971:C:T	11	63184971	-0.034202721786598	0.0319680547138064	0.284662914248466
chr11:70801858:T:C	11	70801858	-0.00438497039074888	0.0307694577467735	0.886676796935802
chr11:71334794:T:G	11	71334794	-0.0661855959898567	0.0431791362079317	0.125321624502905
chr11:77208574:G:A	11	77208574	0.080245282894385	0.0334155714148745	0.0163309633441786
chr11:77376654:A:G	11	77376654	-0.00978933411333382	0.0350643389886422	0.780105116630265
chr11:81783030:C:T	11	81783030	-0.0558874430166754	0.0364100889688868	0.124797615193301
chr11:83962252:C:T	11	83962252	-0.0531103164964146	0.0501812732653881	0.289887133276074
chr11:86328783:G:T	11	86328783	-0.00145438397895293	0.0450071872136525	0.974221259599594
chr11:93046218:A:C	11	93046218	-0.0374182902245984	0.0341202874737895	0.272790871590373
chr11:104129521:G:A	11	104129521	-0.0805183288567533	0.0542458287814296	0.137723263410362
chr11:108728662:A:G	11	108728662	-0.00436767873792802	0.0488965645747136	0.928823738380935
chr11:110396347:G:A	11	110396347	-0.0402843515345394	0.0381364814565447	0.290821760856097
chr11:113800784:C:T	11	113800784	-0.0320842132353261	0.0444001735847115	0.469916701960633
chr11:115616504:A:T	11	115616504	-0.0332451227041998	0.0502545854515246	0.508269844105973
chr11:119630310:G:A	11	119630310	0.0537083128735788	0.0334886729026991	0.108763548527866
chr11:123267436:G:A	11	123267436	-0.0213153982676556	0.0396153660251083	0.590536420698277
chr11:125907492:T:C	11	125907492	-0.00855121019941615	0.0320842489183967	0.789835970143733
chr11:126829359:G:A	11	126829359	0.0402181924630086	0.0410299258901309	0.326979476646111
chr11:130290657:C:T	11	130290657	0.0605493976507829	0.0600693245592921	0.313458310403032
chr11:131355535:G:A	11	131355535	-0.0568870576984506	0.0334844533212683	0.0893362263595349
chr11:133238417:A:G	11	133238417	-0.00561071155776813	0.0312023740078996	0.857296381240176
chr11:134309503:C:T	11	134309503	0.0101366931077493	0.039143786634983	0.795665746146264
chr12:5192681:C:T	12	5192681	-0.0290583950487591	0.0424608238012891	0.493749270347965
chr12:5448727:G:A	12	5448727	-0.017741194270067	0.0385946944213873	0.645746203623593
chr12:6639294:C:T	12	6639294	0.0682540353992149	0.0498060803585172	0.170563432179991
chr12:19523028:C:A	12	19523028	0.00415134718240997	0.0345814059583767	0.90444698991527
chr12:20003679:T:A	12	20003679	-0.0334578859925056	0.0407843094896008	0.412009935095338
chr12:21333090:G:A	12	21333090	-0.0209183037595251	0.0360614839169034	0.561865192364262
chr12:25518059:A:T	12	25518059	0.0721242374153571	0.0369455724004679	0.0509173842958383
chr12:28965843:C:T	12	28965843	0.0180383410402689	0.030785742440125	0.557921443471906
chr12:32086665:A:C	12	32086665	0.0269947851337768	0.0288424239442518	0.349303958228654
chr12:48567461:T:G	12	48567461	-0.0225789494347875	0.04899100384705	0.644885059111492
chr12:52880890:G:T	12	52880890	0.0660390380198499	0.0423152940403842	0.118608171221428
chr12:53646626:C:G	12	53646626	-0.0712263520076556	0.0470263388195662	0.129872335369077
chr12:53680144:C:A	12	53680144	-0.0174250061225874	0.0341851590302891	0.61024462907139
chr12:54366280:G:A	12	54366280	0.0118473206654	0.0345522178205012	0.731687514291251
chr12:55599330:T:C	12	55599330	-0.0165013527897639	0.0526607836987046	0.754013378889595
chr12:56675083:C:T	12	56675083	0.00199810208455578	0.0363158867593709	0.956122486463251
chr12:57436134:C:T	12	57436134	0.0477888785381703	0.0372773413302347	0.199848979948382
chr12:58724212:C:T	12	58724212	0.0337598393538055	0.0430233014337846	0.432636915546514
chr12:59048769:A:C	12	59048769	-0.000597819318787885	0.0329961503860157	0.985544837672687
chr12:59226687:C:T	12	59226687	-0.0440086976010996	0.0424156204467055	0.299475536496504
chr12:63113400:T:C	12	63113400	0.0120244283786859	0.0422374249905479	0.775884267378581
chr12:64271340:C:T	12	64271340	-0.0458954816188612	0.0341127657357306	0.178494518988164
chr12:64756705:C:T	12	64756705	0.00138824342348922	0.0324123305143011	0.965836476154242
chr12:67050802:C:T	12	67050802	-0.0743352061999952	0.0436529984730461	0.0885931510782814
chr12:71564908:A:G	12	71564908	-0.0356617922388739	0.0387440293741236	0.357339667163248
chr12:73909094:G:A	12	73909094	0.0182589790906251	0.0340961652151952	0.592294372451114
chr12:81126959:G:A	12	81126959	0.0514056367310276	0.0336073754407334	0.126117278367607
chr12:83608380:A:G	12	83608380	0.0183192808640321	0.0371055650522898	0.621513051227865
chr12:90727178:A:C	12	90727178	0.0302295656545665	0.0325272917785188	0.352702522054228
chr12:92596791:C:T	12	92596791	-0.0182272973994562	0.0442013870566853	0.680068722357913
chr12:95914573:A:T	12	95914573	-0.0272054260893532	0.0381788153344648	0.476106244877662
chr12:105967464:T:C	12	105967464	0.0390784324689952	0.0282516297738579	0.166595106583527
chr12:109533295:C:T	12	109533295	-0.014723494345387	0.038747955744433	0.703959377789247
chr12:112209515:G:A	12	112209515	-0.0541971392699964	0.0440020087609573	0.218062315658706
chr12:125875525:T:C	12	125875525	0.0137504400881295	0.0455657252682973	0.762826211026453
chr12:126449337:A:G	12	126449337	0.00517232531728871	0.0300708928939624	0.863434084820329
chr12:131091094:G:A	12	131091094	0.0235135961153284	0.0400461060682107	0.557094166601416
chr12:132776953:G:A	12	132776953	-0.00821482528468208	0.0574919883885571	0.886379871628588
chr13:19545220:A:G	13	19545220	-0.0430183473006922	0.0415782218380445	0.300838685866065
chr13:22977365:T:G	13	22977365	-0.0354982613789617	0.0493432187167492	0.471885136467999
chr13:24330599:T:C	13	24330599	0.0696480692674897	0.0359153178667701	0.0524733130803559
chr13:24623185:A:C	13	24623185	0.0477503354064839	0.037399402442521	0.201684400816902
chr13:26234118:A:T	13	26234118	-0.00888614267069954	0.0416429435373705	0.831023623481464
chr13:26494236:G:A	13	26494236	0.0537189063653355	0.0388035090959322	0.166241305903124
chr13:42909938:A:G	13	42909938	-0.0122447764036425	0.0372493638743459	0.742363977089093
chr13:45708351:G:A	13	45708351	-0.023292053567442	0.054801542391266	0.670818077617184
chr13:45809177:C:G	13	45809177	0.0104498304896784	0.0307452550889753	0.733943636202461
chr13:50558767:A:T	13	50558767	-0.0733835948329024	0.0500952494116711	0.142953301483088
chr13:58710908:G:A	13	58710908	0.00622712794889149	0.0308127672099329	0.839841904576963
chr13:58934154:C:T	13	58934154	-0.0441617565940753	0.0298375168696988	0.138853287811697
chr13:70397215:T:C	13	70397215	0.0339128215192738	0.0358103767982228	0.343633162678036
chr13:75832713:T:C	13	75832713	0.010323181517395	0.0433236156025581	0.811663388303042
chr13:86776101:G:A	13	86776101	-0.0442733503904836	0.0386750002140239	0.252311191128282
chr13:91472230:T:C	13	91472230	0.00660124021580199	0.0342886618740581	0.847335199417427
chr13:93235990:C:T	13	93235990	0.0307580172791347	0.0334699625247025	0.358109297743177
chr13:96765286:G:A	13	96765286	-0.0338523903067688	0.0380497098802422	0.373633156593122
chr13:102180181:A:G	13	102180181	-0.0412404268623618	0.041260601975838	0.317547197591612
chr13:106009559:G:C	13	106009559	-0.00293320274178983	0.035377787367538	0.933922419502365
chr13:106084136:A:G	13	106084136	0.0161556033507139	0.0318054187132916	0.611487506334797
chr13:112716578:T:C	13	112716578	0.0272912068678149	0.0517251293112155	0.597763187403221
chr14:26929954:A:G	14	26929954	0.0874048478386588	0.0325737965595785	0.00729023777647575
chr14:27823594:G:A	14	27823594	-0.0576083369609419	0.0419121921514858	0.169286296718669
chr14:38216062:T:A	14	38216062	-0.0143736694008926	0.036378728174106	0.692760286837623
chr14:39925237:C:T	14	39925237	0.0241844830541491	0.0476012682130725	0.611408574047399
chr14:44446011:A:G	14	44446011	0.0401182519185766	0.0446366227779042	0.368772861658709
chr14:51426205:T:C	14	51426205	0.00601309712116921	0.0366275932282625	0.869598496221816
chr14:52881822:T:G	14	52881822	0.0622262167051095	0.0475801757254807	0.190935001477214
chr14:53358297:A:G	14	53358297	0.00610333506062859	0.0390724599652918	0.875871002939954
chr14:56254615:G:A	14	56254615	-0.0243180620439403	0.0357457356031507	0.496310307568101
chr14:57978070:T:C	14	57978070	-0.034204825745914	0.0309425533340353	0.268973324265123
chr14:62445185:T:C	14	62445185	0.0175838886315301	0.0311700271724927	0.572666946265862
chr14:67518615:G:A	14	67518615	0.00677554351405386	0.0279261381508257	0.808296904526588
chr14:68863518:T:G	14	68863518	0.0348065792061205	0.034126358206494	0.307760511287427
chr14:77734277:G:A	14	77734277	0.0658901586778542	0.0516242570510346	0.201834983502894
chr14:84531019:T:G	14	84531019	-0.00550341754800654	0.0404540048345897	0.891788589944159
chr14:90804831:C:G	14	90804831	-0.0172906155996105	0.0447215729868575	0.699031571671956
chr14:91397629:G:T	14	91397629	-0.000763600298069844	0.0486554140009585	0.987478477138629
chr14:91961156:T:C	14	91961156	0.038500127554822	0.0329752754122416	0.242990228799707
chr14:98340169:A:G	14	98340169	0.0114957957668249	0.0431512255954252	0.789925646090779
chr14:100721312:C:T	14	100721312	-0.0295458109586052	0.0397578692358277	0.457394670878635
chr14:102093442:A:G	14	102093442	0.0596557149763505	0.0569203474563871	0.294612780034965
chr15:24165057:A:G	15	24165057	-0.0545833604167142	0.0574401499975132	0.341977651171371
chr15:26353849:A:G	15	26353849	0.0509782565229252	0.0313502279869164	0.1039307532603
chr15:34880184:A:T	15	34880184	-0.0773985022935229	0.0406212000215401	0.0567317157297238
chr15:37080410:C:T	15	37080410	-0.00297096136492306	0.0314704849808257	0.924787690714568
chr15:57522102:A:T	15	57522102	0.00874993431663896	0.0339134930237565	0.796401147079753
chr15:69786285:T:C	15	69786285	0.0279068149282411	0.0466499571368419	0.549694899084027
chr15:71331250:T:C	15	71331250	-0.009573830957131	0.0466273315250949	0.837316971218323
chr15:76807237:T:C	15	76807237	0.063077211875223	0.0444373089869281	0.155763447462105
chr15:77734259:G:A	15	77734259	0.0821789296774784	0.0324492448934526	0.0113240255067175
chr15:79750604:G:T	15	79750604	-0.00631540594141539	0.0320642084217533	0.843857877125158
chr15:81697597:G:A	15	81697597	0.00472359987453752	0.0373680378437049	0.899409373455478
chr15:87989871:C:T	15	87989871	0.0513856209602311	0.0443905454431835	0.247035351964007
chr15:88891382:T:C	15	88891382	0.00790836749056443	0.0328134588530224	0.809547465919954
chr15:94791129:A:G	15	94791129	-0.00859693874146247	0.0441982305546708	0.845777613008028
chr15:100978492:T:G	15	100978492	0.0535579390368095	0.0407284459895421	0.188509633794884
chr16:2671727:C:T	16	2671727	-0.100935604930037	0.0417471395319321	0.0156153031253831
chr16:4957642:T:C	16	4957642	0.0304944603186397	0.0309400925503592	0.324330943752811
chr16:5884026:G:T	16	5884026	0.00576325275447894	0.0329487048372354	0.861145707091265
chr16:6848656:G:A	16	6848656	0.0410571663935775	0.0360392542247751	0.254605305988516
chr16:7909855:G:A	16	7909855	-0.0237258727444192	0.0305125587286735	0.436818253164069
chr16:8273542:C:G	16	8273542	-0.036647052432494	0.0564554457529809	0.516252876356654
chr16:12394716:C:T	16	12394716	-0.0453203282559749	0.0432577099374302	0.294785098720203
chr16:17779668:G:A	16	17779668	0.0306724591051749	0.0311338192469956	0.32453498356753
chr16:29740733:G:C	16	29740733	-0.00360482477605654	0.0483491388628025	0.940566232897667
chr16:31127124:G:A	16	31127124	0.0337569814486274	0.0357769665234385	0.345405016211491
chr16:56688556:C:T	16	56688556	-0.0101174692182464	0.0336724327166094	0.76382063872905
chr16:60324635:A:C	16	60324635	0.010600268856188	0.0365695364658	0.771918678205449
chr16:60499572:C:T	16	60499572	0.0216121172158836	0.0360566453583344	0.548910540864385
chr16:62273123:C:T	16	62273123	-0.0194979654248917	0.0301979571428924	0.51849201129517
chr16:65972427:C:T	16	65972427	0.0480457717796641	0.0334558017388971	0.150974781870523
chr16:69246420:T:C	16	69246420	-0.0819527336669688	0.0386984828721921	0.0341983883500202
chr16:71908403:G:A	16	71908403	-0.0570344513395534	0.0383243705513339	0.136697310539937
chr16:72103328:C:A	16	72103328	-0.0286003706578033	0.0322004922459209	0.374434958485189
chr16:74837740:A:C	16	74837740	-0.0968809397983519	0.0566030407895824	0.0869730956161628
chr16:79886631:C:T	16	79886631	0.0246443621464233	0.0423044266353144	0.560197571647124
chr16:81396153:C:A	16	81396153	0.0589338985514753	0.0315133889690147	0.0614668051687238
chr16:82294878:C:G	16	82294878	-0.0181883803791861	0.0371684343405471	0.624593794169434
chr16:82421890:A:G	16	82421890	-0.0384074485537535	0.0390541768212746	0.325390819600137
chr16:83827178:T:C	16	83827178	-0.0240529830596892	0.031706503259727	0.448083763478148
chr16:89303022:G:A	16	89303022	-0.0319952660253674	0.0436956188688119	0.46402787485825
chr16:89331863:A:T	16	89331863	0.0582829673455472	0.0321140338843183	0.069543072918634
chr16:89337630:T:C	16	89337630	0.0595958758029945	0.0314342785398492	0.0579748378313988
chr16:89479873:T:G	16	89479873	0.00344976695510479	0.034337778334791	0.919974658282125
chr16:90035976:C:A	16	90035976	0.0489805539967721	0.0412761815364147	0.235364049296912
chr17:2489248:C:G	17	2489248	0.0543025939207148	0.0361568748446042	0.133133055479323
chr17:6949267:T:C	17	6949267	0.0413733652860569	0.0346689122497119	0.232718565385744
chr17:7929448:A:G	17	7929448	-0.00907723426632884	0.0343778280658439	0.791746573987356
chr17:12174148:T:C	17	12174148	-0.0584838318824095	0.0423459588495766	0.167249463477554
chr17:15219976:C:T	17	15219976	0.00417057957834431	0.0310381352670692	0.893110376413453
chr17:16482403:T:A	17	16482403	0.00392344332603223	0.0366002772170622	0.914632621475941
chr17:18684803:A:G	17	18684803	-0.00372802736343251	0.0336084654953463	0.911675624295519
chr17:20040710:T:C	17	20040710	-0.0288984740882316	0.0404614861210429	0.475090059515496
chr17:21275023:A:C	17	21275023	0.0347662957063236	0.0406551591465733	0.392467617242214
chr17:31554254:C:T	17	31554254	0.0411109256518181	0.0464788706820265	0.376422130520874
chr17:33472425:T:G	17	33472425	-0.0157721557940234	0.0391557633699759	0.687091334426756
chr17:44156671:T:A	17	44156671	-0.0271266721329419	0.0317513460689229	0.392912667709008
chr17:45754773:C:T	17	45754773	-0.0103917200042232	0.0379872151056511	0.784424042836442
chr17:48779278:C:T	17	48779278	0.0289333179272934	0.0372403928045346	0.437197859609576
chr17:52703044:C:G	17	52703044	-0.0442392824268689	0.0495684611233483	0.372131144175518
chr17:53282498:G:T	17	53282498	-0.0355650772265215	0.0322469876487312	0.270072283871567
chr17:58411807:C:T	17	58411807	0.0482048973483748	0.0380902279043232	0.205676028972234
chr17:61409438:A:G	17	61409438	0.00235557132519459	0.0317433517239834	0.940845865923662
chr17:66262233:G:T	17	66262233	-0.0208966498613833	0.0283644624991373	0.461293005257196
chr17:66751216:C:T	17	66751216	0.0116915827314221	0.0308272682243971	0.704494005603589
chr17:66971178:A:G	17	66971178	0.0942270944572238	0.0532648542238992	0.0768889641757285
chr17:68771033:G:A	17	68771033	0.0332210769741435	0.0343245314790646	0.333118136209505
chr17:69081332:C:T	17	69081332	-0.00414739511269405	0.0425578466224029	0.922366558439398
chr17:69213412:T:C	17	69213412	-0.00403311403843776	0.032894926435881	0.902419134571117
chr17:72829246:G:A	17	72829246	-0.00694010503298325	0.0390617275080518	0.858981987916411
chr17:73506492:C:T	17	73506492	0.063970859615816	0.0389817749570873	0.100788006587659
chr17:77625920:A:T	17	77625920	-0.0210464093621287	0.0362587396464378	0.561610750428351
chr18:1137045:A:T	18	1137045	-0.0555653622045493	0.0289639436244013	0.05505623088821
chr18:4080016:T:A	18	4080016	0.0390404269191649	0.0494017450997613	0.429373532781019
chr18:8920896:G:C	18	8920896	-0.0478676218409712	0.0549574027478379	0.38375689474146
chr18:9609299:C:T	18	9609299	0.059974023263113	0.0346649999218769	0.0836118593852985
chr18:10572326:C:T	18	10572326	-0.0214491862841862	0.0328426914661892	0.513699182918425
chr18:11017906:C:T	18	11017906	-0.0031977609857899	0.0339009718214138	0.924849777139807
chr18:14686017:A:G	18	14686017	-0.0278176321972652	0.0305083782301703	0.361872406650155
chr18:14895123:C:T	18	14895123	-0.0336590749067408	0.0320568056867652	0.293726303132781
chr18:30059135:A:G	18	30059135	0.027394678621677	0.0346625183789691	0.429337589621729
chr18:32490781:T:C	18	32490781	0.0131862255698971	0.0345744755934085	0.702916748649522
chr18:36255061:C:A	18	36255061	0.00869356023684196	0.031806084870678	0.784599482419708
chr18:42762909:A:C	18	42762909	-0.075912460600944	0.0335081818899114	0.0234826094104529
chr18:43928870:G:A	18	43928870	0.0376442096126146	0.0580910296291943	0.516971340066422
chr18:45461168:C:T	18	45461168	-0.0240188117007572	0.0439455891991437	0.584682456113225
chr18:49146783:T:G	18	49146783	-0.0453619755309017	0.0375431652490515	0.226946545244493
chr18:49872731:C:G	18	49872731	0.0248446708306961	0.0396209927908881	0.530621045857221
chr18:50485733:T:C	18	50485733	0.0978517057515191	0.0509020191395969	0.0545612155639622
chr18:58120958:C:T	18	58120958	0.0929927768814899	0.0612599393319822	0.129013621003679
chr18:59256389:C:T	18	59256389	-0.0259695484496773	0.0356811009025454	0.466721556359853
chr18:62622293:T:A	18	62622293	0.020469569296298	0.039158945061924	0.601161910446092
chr18:62998306:G:A	18	62998306	0.0206166637075753	0.0330223729346368	0.53241475091844
chr18:66103927:C:T	18	66103927	0.0131755038538744	0.0295874038274643	0.65609727936454
chr18:66206557:C:T	18	66206557	0.0894663177581615	0.0436213476146259	0.0402693270831925
chr18:68001558:G:A	18	68001558	-0.0350978033155369	0.0353105630906638	0.320235226691836
chr18:71730181:C:T	18	71730181	-0.000309287289286811	0.031780538514627	0.992235132909654
chr18:72912108:T:C	18	72912108	-0.014362879015444	0.0332623903030218	0.665882870520893
chr18:73248491:G:A	18	73248491	0.0623547081003136	0.0402075020555595	0.12094417189624
chr19:2907557:G:A	19	2907557	-0.032792544398736	0.0307693935365266	0.286535739397095
chr19:17584922:G:A	19	17584922	0.0153626104168159	0.0318405675324722	0.629461135067378
chr19:18737022:C:T	19	18737022	-0.0126795255804432	0.0415953321213286	0.760495256357077
chr19:18805179:A:G	19	18805179	0.0758944286494864	0.0355079626087114	0.0325661365851521
chr19:21560366:G:T	19	21560366	-0.00438380317197211	0.0379654663382258	0.908074043120361
chr19:21659434:G:C	19	21659434	-0.00905312604871292	0.047565370287301	0.849050396431711
chr19:33474662:T:C	19	33474662	-0.0661516612955985	0.0329648173512785	0.044777859560722
chr19:37956680:C:T	19	37956680	-0.106142313424791	0.0426837760470489	0.0128929256101931
chr19:38120117:A:T	19	38120117	0.00513566849401669	0.0470276943360346	0.913039740554597
chr19:44380983:T:C	19	44380983	-0.0943588427652495	0.0569052124259779	0.0972819997972907
chr19:44819986:A:G	19	44819986	-0.00313198559499907	0.0366765914649694	0.931947626722603
chr19:48685001:C:T	19	48685001	-0.0660647754236572	0.043404983782279	0.127995283792813
chr19:51552139:T:A	19	51552139	-0.0245163607004332	0.0454769497661213	0.589821844572712
chr19:52714810:C:T	19	52714810	-0.00511154664067309	0.0416199429608984	0.902253722508724
chr19:53330671:T:C	19	53330671	-0.0103379027896505	0.0334542101450059	0.757308978674064
chr19:54944544:G:A	19	54944544	0.0288610336683218	0.0446225506866325	0.517773462964376
chr19:57195010:G:C	19	57195010	-0.00668704112825939	0.0422835555036901	0.87434052472247
chr20:1709120:A:G	20	1709120	0.0499842217619823	0.0380581663570028	0.189060356136962
chr20:1735934:T:G	20	1735934	-0.0241943248139606	0.0344852591909512	0.482938293811549
chr20:1906500:G:T	20	1906500	-0.0386701037875678	0.0348321009162191	0.266918970906504
chr20:3649460:G:A	20	3649460	0.0162412151665797	0.0368615038228618	0.659501884253081
chr20:5407753:C:T	20	5407753	0.0221958669161001	0.0374389377658386	0.55327809817317
chr20:5860313:T:C	20	5860313	0.0462658321082166	0.0354195552720108	0.19147678753949
chr20:7000966:A:C	20	7000966	-0.0421298915958259	0.0436631455420663	0.334602674478922
chr20:12129436:G:A	20	12129436	-0.0251171278319759	0.0510028448209145	0.622390494301498
chr20:31347432:T:C	20	31347432	0.0309907878624517	0.0293188565221864	0.290499811396797
chr20:37593342:C:T	20	37593342	-0.0270482955064972	0.0445339522122352	0.543609729224823
chr20:38200488:G:A	20	38200488	0.0484677096596049	0.0336356572812059	0.149595370919665
chr20:38350608:A:G	20	38350608	-0.028821238248389	0.0423724850182314	0.496385692420513
chr20:45729681:A:G	20	45729681	-0.0369517729403749	0.0286424719124027	0.197014486333891
chr20:48501317:C:T	20	48501317	0.0206677287294007	0.0329661287048752	0.530699679508979
chr20:49036824:T:G	20	49036824	0.00573812250555534	0.0329827843343763	0.861886477382958
chr20:50371082:C:T	20	50371082	-0.0476802613575324	0.0401337324482864	0.234819792302101
chr20:54253971:A:G	20	54253971	-0.0495566315147683	0.0305706941070426	0.105006860972409
chr20:58480201:T:G	20	58480201	-0.0174110663499597	0.0333244677874884	0.601342467512436
chr20:60073360:C:T	20	60073360	0.0477145839417821	0.0316672677089199	0.131875330497872
chr21:15297615:T:C	21	15297615	0.0295979484758154	0.0415410686310297	0.476156149098687
chr21:24026351:C:T	21	24026351	-0.0730481284394057	0.0454228838046434	0.107795978240191
chr21:26647335:G:C	21	26647335	-0.0412065731319885	0.0340258958921191	0.225881739848519
chr21:28043199:C:G	21	28043199	-0.0947444138253001	0.0378085148861646	0.0122139643178606
chr21:31885030:A:G	21	31885030	0.0117598552436812	0.0383285995280939	0.758982879891197
chr21:35502622:A:T	21	35502622	0.0058392452982087	0.0368005822347629	0.873926800273517
chr21:36306638:T:G	21	36306638	-0.0523095094608522	0.0369181595978094	0.156510826956065
chr21:41442549:G:A	21	41442549	-0.0609040776739599	0.0313815133172758	0.0522870395615395
chr22:20147688:T:C	22	20147688	-0.00807359228072934	0.0395785829668981	0.838362159674472
chr22:23891985:A:G	22	23891985	-0.0210613874969822	0.0410164484149851	0.607611137747441
chr22:24245985:G:T	22	24245985	0.1153386307088	0.0398786186290667	0.00382502736621426
chr22:30662128:G:A	22	30662128	0.0122358407375791	0.0330106068649686	0.710887871245915
chr22:36977479:G:A	22	36977479	0.0755227225891424	0.0492504922772708	0.125167240928125
chr22:42475109:T:G	22	42475109	-0.0652349292379516	0.0385351816129164	0.0904808257635572
chr22:44719519:A:G	22	44719519	-0.0127689314418617	0.0426398756136824	0.764589189959359
chr22:45210278:T:C	22	45210278	-0.0299605341027809	0.0330140197814515	0.364137467775025
chr22:49668266:A:G	22	49668266	0.0647349447234939	0.034636972293717	0.0616290666167116
chr22:49926053:G:A	22	49926053	0.0795658097831051	0.052541635169495	0.129940062711717
