SNP	CHR	POS	est	stderr	pval
chr1:1837340:C:T	1	1837340	-0.117996261597259	0.239962140935071	0.622911176006542
chr1:2261200:G:C	1	2261200	-0.204859708128882	0.157211356679064	0.192545858228999
chr1:14678191:A:C	1	14678191	0.00739493850865239	0.149384753703682	0.960518739635721
chr1:14985097:C:T	1	14985097	0.331532139690716	0.158096269767974	0.0359911889980451
chr1:20215506:G:C	1	20215506	-0.265259235355356	0.238835395554309	0.266724975737472
chr1:22009627:T:C	1	22009627	0.251369169644138	0.192389743747929	0.191361436522309
chr1:22126221:C:T	1	22126221	-0.243422049795925	0.196853024963234	0.2162476977512
chr1:23180575:A:G	1	23180575	0.220298054371148	0.20988247235661	0.293890198195192
chr1:26058659:G:C	1	26058659	0.0445376704826304	0.241658271462109	0.853777948205867
chr1:26181362:A:G	1	26181362	-0.28232183569792	0.2864395011283	0.324317332716572
chr1:28670719:C:T	1	28670719	-0.381883540917572	0.205387218990021	0.0629797405508038
chr1:29753056:A:C	1	29753056	0.114777230543819	0.180329930722674	0.524460591049701
chr1:29908726:A:G	1	29908726	-0.357211925804527	0.241071108630514	0.138401516054001
chr1:31886486:G:T	1	31886486	0.14281466398598	0.194994670387949	0.463922683288403
chr1:39880059:T:C	1	39880059	-0.0903621027752397	0.16473931323374	0.58333783925154
chr1:41175014:G:A	1	41175014	0.042975242901964	0.219180508104389	0.844553517677332
chr1:43202709:G:A	1	43202709	-0.269001512618284	0.300689699768458	0.370992936150889
chr1:47498869:G:A	1	47498869	-0.328688733940866	0.367111204649447	0.370606254805951
chr1:54900240:G:A	1	54900240	0.0531277422891536	0.209712564104435	0.800008578689595
chr1:65351414:T:A	1	65351414	-0.0414250410755894	0.142668960135876	0.771542547532615
chr1:66254178:T:A	1	66254178	0.450354779079481	0.175623322517666	0.0103377539151882
chr1:73302339:T:C	1	73302339	-0.298932607345543	0.202821093375401	0.140515690385647
chr1:73563666:T:C	1	73563666	0.183159503110635	0.180164685577933	0.309332967018051
chr1:76062379:T:C	1	76062379	0.0965831181471951	0.148749215764239	0.516143389424379
chr1:86928231:G:T	1	86928231	0.27406431978251	0.183224136740862	0.13470911610868
chr1:88611347:G:A	1	88611347	-0.305896492800433	0.302601097147795	0.312068970470482
chr1:91057167:C:A	1	91057167	-0.0532284525418166	0.234860986206034	0.820705147446997
chr1:91093925:G:A	1	91093925	0.0253305285324073	0.182070592592673	0.889351558349239
chr1:92475800:A:G	1	92475800	-0.191301679273487	0.207457942899199	0.356464575536577
chr1:94752415:G:A	1	94752415	0.00893650880520092	0.196943204860129	0.96380755408075
chr1:95614324:G:A	1	95614324	0.0771265174834563	0.219360471050927	0.725140399320561
chr1:99691102:T:C	1	99691102	-0.31965115381365	0.249431636021972	0.200011750009798
chr1:104937367:T:A	1	104937367	0.205989950890127	0.191772327925292	0.282760821083022
chr1:153704237:C:A	1	153704237	-0.542152974477938	0.272496278355934	0.0466372903078976
chr1:157334223:T:C	1	157334223	-0.145043959691215	0.259019377008389	0.575497585466788
chr1:159540226:C:T	1	159540226	0.167948016635705	0.198847953872135	0.398331302559872
chr1:165647351:T:C	1	165647351	0.220066400428931	0.188970672973824	0.244199900201034
chr1:168863629:G:A	1	168863629	-0.447722642947567	0.274504979890102	0.102886460241045
chr1:171350391:G:A	1	171350391	0.0192063969917299	0.181684687264323	0.915810224399868
chr1:173013575:C:G	1	173013575	0.0932085004072108	0.253434625181078	0.713036359316745
chr1:178947344:C:A	1	178947344	0.137186305799931	0.230786766582595	0.552225335878345
chr1:185127444:C:G	1	185127444	-0.0289627715720412	0.23711915671551	0.902784677540151
chr1:186638909:G:T	1	186638909	-0.0269731577713273	0.294169593398315	0.926942323123157
chr1:188272062:T:C	1	188272062	0.228725222224057	0.159322491484842	0.151112882590297
chr1:193365737:C:T	1	193365737	0.38171382585239	0.203354720737672	0.0605066269472261
chr1:195033388:T:C	1	195033388	-0.318114618853441	0.291408234326567	0.274988750816622
chr1:195907914:A:G	1	195907914	0.0660260842974548	0.1571003183009	0.674281092883946
chr1:196692375:G:C	1	196692375	-0.144919831637322	0.218980353041933	0.50810340450026
chr1:197559019:A:G	1	197559019	0.166980617431698	0.149522507868502	0.264097351917831
chr1:199160726:G:A	1	199160726	0.342198437630013	0.239142892766193	0.152448242808305
chr1:204277152:T:C	1	204277152	-0.155433266119051	0.224083040051266	0.487907144926748
chr1:207498131:C:T	1	207498131	0.39614382180658	0.193860191723888	0.0410078034940187
chr1:210496535:G:A	1	210496535	0.0670402248866187	0.215360822039275	0.755578211233085
chr1:212937214:T:G	1	212937214	-0.307785766629798	0.200246877853021	0.124285586467927
chr1:219750864:A:G	1	219750864	-0.220325167155514	0.204949250773412	0.28236441197361
chr1:221920463:G:A	1	221920463	-0.188716941234532	0.241579599739462	0.434697147388578
chr1:234456961:G:A	1	234456961	0.141085599845231	0.228707067163424	0.537311617580363
chr1:237308322:A:G	1	237308322	0.140496911260452	0.131331417030478	0.284714274270857
chr1:244583991:C:T	1	244583991	-0.277889764266789	0.304660486792302	0.361700642651348
chr1:247190028:T:C	1	247190028	-0.145965865497172	0.211039327748512	0.489155622534248
chr1:247897239:C:T	1	247897239	0.544478632003165	0.256162341838151	0.0335431002342985
chr2:3248328:A:G	2	3248328	-0.00838469550933412	0.192136639124237	0.965191978280957
chr2:6804400:G:A	2	6804400	0.173418414051605	0.18475277585838	0.347909858186614
chr2:9411790:A:C	2	9411790	0.141912074193033	0.209719906554245	0.498612616201274
chr2:12096367:C:T	2	12096367	-0.0545324453866011	0.24113004266601	0.821081898914351
chr2:13545005:C:T	2	13545005	0.167914499911711	0.154174959797368	0.276102493668235
chr2:16009716:A:G	2	16009716	-0.104387482566085	0.173496559125147	0.54739456066653
chr2:16367899:A:T	2	16367899	-0.283952650375321	0.229207133146474	0.215402033376485
chr2:17630111:A:C	2	17630111	0.127020311640244	0.169302740841772	0.453100841262887
chr2:17928966:C:G	2	17928966	0.20535241618967	0.220328811870774	0.351322537705979
chr2:18261494:A:T	2	18261494	0.0106283818943453	0.235762675339579	0.964042865078321
chr2:19530615:T:C	2	19530615	0.226116268787357	0.17163779978412	0.187703348605625
chr2:19562158:T:C	2	19562158	0.0235147647885742	0.220182838234989	0.914950394267483
chr2:27383116:G:A	2	27383116	0.0406631702118255	0.130119538902628	0.754655807755463
chr2:37762298:C:T	2	37762298	-0.0955920790339408	0.263813788383973	0.717092897944602
chr2:42010994:T:A	2	42010994	0.141418199096767	0.194977531472893	0.468264874108198
chr2:45824390:C:G	2	45824390	0.183838716546867	0.202335982118391	0.363571111009429
chr2:49789441:T:C	2	49789441	-0.408792222495987	0.261438937322757	0.117905872264091
chr2:49994518:G:A	2	49994518	0.0453604858455183	0.208836202384522	0.828047772895218
chr2:51284042:G:A	2	51284042	0.31748841247469	0.17447598023618	0.0688095317309865
chr2:51344078:G:A	2	51344078	-0.493992632869101	0.306512679192567	0.107037077104242
chr2:57278002:C:A	2	57278002	0.196477263924788	0.166329864713456	0.237503158130427
chr2:57368273:A:G	2	57368273	-0.349958070162026	0.301899815961968	0.246380336176426
chr2:60373837:A:G	2	60373837	0.141668471396272	0.201432550941389	0.481865846468268
chr2:61147014:T:C	2	61147014	-0.0539584317236449	0.198593215035138	0.78585016430357
chr2:61693274:A:G	2	61693274	-0.0877682004495754	0.185164826623489	0.635499627513833
chr2:65295480:C:T	2	65295480	0.142684319749751	0.192830963625905	0.459333328905151
chr2:66031496:T:C	2	66031496	-0.0958247219806754	0.116947458378672	0.412568112962933
chr2:69165635:T:C	2	69165635	0.108386912230771	0.238859726213391	0.649995781798443
chr2:76651386:C:A	2	76651386	-0.0502572470354909	0.213580526456518	0.813969539105619
chr2:79784490:C:G	2	79784490	0.414604317817171	0.176569116786927	0.0188687731585135
chr2:82619301:T:C	2	82619301	0.414660911802478	0.188627422124381	0.0279272625839548
chr2:85744328:G:A	2	85744328	0.054099100981592	0.209203266591718	0.795947069224632
chr2:85757440:T:A	2	85757440	0.441076948322991	0.187821613789167	0.0188551587105654
chr2:99811694:T:C	2	99811694	-0.0807509894664012	0.195456754031293	0.67950409661946
chr2:101228073:A:C	2	101228073	-0.0520844031484995	0.107751241246752	0.628828527930772
chr2:106861882:T:C	2	106861882	-0.0384905865656645	0.203120837790172	0.849704088732677
chr2:108083619:T:C	2	108083619	-0.21809162723821	0.216269716682387	0.313250835207001
chr2:118004610:C:T	2	118004610	-0.195954671642929	0.204692323886102	0.338409174926067
chr2:119455921:A:G	2	119455921	0.276885313150101	0.180229162420144	0.124465838404124
chr2:120644763:G:A	2	120644763	0.183334596341257	0.143595109056942	0.201691652177804
chr2:120916837:A:G	2	120916837	0.119627859337654	0.16467899140185	0.467574834918291
chr2:122628686:C:A	2	122628686	0.083510571460418	0.220061622871776	0.704326099650278
chr2:122629789:A:C	2	122629789	-0.0263561024397188	0.253697264347645	0.917258226931609
chr2:127192867:G:A	2	127192867	-0.28581747785273	0.167012546208588	0.0870159062078854
chr2:130915743:C:T	2	130915743	0.271271213470455	0.197628354575556	0.169866448274029
chr2:136507185:G:C	2	136507185	-0.187330649245013	0.177324315423569	0.290772005010652
chr2:141023592:C:T	2	141023592	-0.323412539907867	0.258040013308381	0.210081053101659
chr2:143017176:T:C	2	143017176	0.1028958966239	0.245408058851151	0.67500792122709
chr2:143920023:G:T	2	143920023	-0.0868149871957739	0.282618777051889	0.758705960418795
chr2:144729333:C:T	2	144729333	0.203982377108551	0.194279384381043	0.293744089509201
chr2:148561010:G:C	2	148561010	0.0158521775929448	0.273902673641611	0.9538480213209
chr2:154835349:G:T	2	154835349	-0.351099034804477	0.317166677606332	0.268300031701564
chr2:167086954:T:G	2	167086954	0.122133369954579	0.177853263440829	0.49226636083516
chr2:167657344:C:T	2	167657344	-0.310343216039142	0.350285648467923	0.375632708706124
chr2:168647356:T:G	2	168647356	0.0942806558213356	0.133407744055814	0.479746392298099
chr2:171274449:C:A	2	171274449	0.148896392389542	0.250743851563817	0.552633368529819
chr2:177787584:G:A	2	177787584	-0.298680565828833	0.238179776869792	0.209837235610879
chr2:179648558:C:T	2	179648558	0.260999112055412	0.196714576067057	0.184577857108982
chr2:183527028:C:T	2	183527028	0.12598429488274	0.189383935074967	0.505901977672417
chr2:184516924:T:A	2	184516924	0.420066109460082	0.187173289658415	0.0248154774952776
chr2:197010424:G:A	2	197010424	0.138296820363456	0.276639878219791	0.617133922757395
chr2:209101337:G:A	2	209101337	0.359244642763962	0.185443337152987	0.0527183898250299
chr2:209103516:A:G	2	209103516	0.190502876196085	0.181157229902024	0.292988344326115
chr2:210957182:G:A	2	210957182	0.0136478333943438	0.190289218429997	0.942823523888285
chr2:214802180:T:C	2	214802180	-0.101864841404399	0.293981096512511	0.728965983657081
chr2:215209936:A:G	2	215209936	0.288681195620402	0.200712008501189	0.150353030250321
chr2:220997842:C:T	2	220997842	-0.0783977320066238	0.177957673137288	0.659544995564901
chr2:228947684:G:A	2	228947684	0.096213848756816	0.162502752896099	0.553800237805676
chr2:233152507:T:C	2	233152507	-0.224465961312979	0.275025600055647	0.414406411298914
chr2:235620294:A:T	2	235620294	0.220179813176013	0.163017234169448	0.176806424271131
chr2:237288548:A:G	2	237288548	-0.163149814706402	0.226213436903781	0.470773734079079
chr2:237513585:T:C	2	237513585	-0.161841317680917	0.225515799279642	0.472973381563485
chr2:237920759:T:G	2	237920759	-0.173143977041486	0.193214480331074	0.370186971286033
chr2:240429648:C:T	2	240429648	0.147696967170679	0.214723549151549	0.491549082239623
chr3:10127208:T:G	3	10127208	0.22246995010589	0.229500728217144	0.332363159366183
chr3:14082905:A:G	3	14082905	-0.321018347989159	0.188797853432063	0.0890691753669544
chr3:16798495:T:G	3	16798495	-0.30435834489071	0.223260196861038	0.172805312457279
chr3:18882818:T:C	3	18882818	-0.260043408085493	0.232609603748906	0.263592936243956
chr3:22245167:A:G	3	22245167	0.0383383028170789	0.256860614653328	0.881350665817645
chr3:24009496:G:A	3	24009496	0.0475265626714643	0.19777480378651	0.810092688559366
chr3:24010534:C:T	3	24010534	0.32410040624612	0.191510544247078	0.0905817107437099
chr3:33111016:C:A	3	33111016	-0.050635644241643	0.270119055620262	0.851302519539149
chr3:33421913:A:G	3	33421913	0.061700359481898	0.168089282683164	0.713567574187131
chr3:34471110:A:G	3	34471110	-0.116430037844659	0.21226362664066	0.583337508900285
chr3:35230331:G:A	3	35230331	0.208515034650256	0.17103555202113	0.222793829713461
chr3:41413926:T:C	3	41413926	0.290640276442121	0.168907596257762	0.0853042277862137
chr3:42098050:T:C	3	42098050	0.125504863322903	0.190151260911504	0.509236850326935
chr3:46489654:A:G	3	46489654	-0.130014343702986	0.197341998595291	0.510006519560706
chr3:56959175:A:G	3	56959175	0.112664156436572	0.261368610138949	0.666428629515947
chr3:64441608:G:A	3	64441608	-0.153545752902834	0.177355621531574	0.386626891880938
chr3:66995763:G:T	3	66995763	-0.273299388821823	0.215553651374732	0.204835463148442
chr3:68498445:T:C	3	68498445	-0.243512488327242	0.248319532475214	0.326769463237368
chr3:68824246:G:A	3	68824246	-0.0843668079388858	0.248963818352371	0.734706337377622
chr3:69021248:A:C	3	69021248	-0.0869543334696707	0.266213129828386	0.743944514213673
chr3:69617754:T:G	3	69617754	-0.0760124583997156	0.202927118485498	0.707972782234799
chr3:74191731:G:A	3	74191731	-0.197427962913634	0.222902455906147	0.375771330769977
chr3:74732240:G:A	3	74732240	-0.00365512101048994	0.13825533316756	0.978908409073605
chr3:75709324:A:T	3	75709324	-0.0695687122385463	0.214629500444519	0.745836609078919
chr3:84465702:T:C	3	84465702	0.0982362303280372	0.181673705836657	0.588694428342204
chr3:84817748:G:A	3	84817748	-0.49247171462301	0.309257071295647	0.111287047849063
chr3:85705423:A:G	3	85705423	-0.333556658460299	0.266771617869421	0.211173409880156
chr3:88069353:C:T	3	88069353	0.087514112215754	0.186912288266598	0.639634767002341
chr3:93986190:G:A	3	93986190	0.119282511619414	0.232609739602016	0.608090516535387
chr3:101022648:G:A	3	101022648	0.0689959723998953	0.196290348049788	0.725213597060506
chr3:106664728:C:T	3	106664728	0.200216727943186	0.158796037691165	0.207365746108728
chr3:110774699:C:T	3	110774699	0.296152388731998	0.203892394902483	0.14636442099423
chr3:113428518:G:A	3	113428518	-0.178196862419827	0.233239083816397	0.444861615529718
chr3:121058963:T:G	3	121058963	-0.796084667087095	0.427925473912438	0.0628381676005645
chr3:122312606:G:A	3	122312606	-0.476491672089931	0.338241768999533	0.158914718982016
chr3:124193435:A:C	3	124193435	-0.25340568363156	0.229439044712808	0.269394711079944
chr3:126773646:G:T	3	126773646	0.124015497335894	0.178894687126526	0.488164054886766
chr3:131209978:G:T	3	131209978	0.1158487914362	0.242532590026444	0.632890238847363
chr3:133982842:C:T	3	133982842	0.199903190982585	0.164959130870921	0.225575680810428
chr3:146265901:G:T	3	146265901	0.0755561418579598	0.156708978945363	0.62970434428721
chr3:149679065:C:A	3	149679065	-0.25981444742608	0.203818617422876	0.202403536872022
chr3:152663712:G:C	3	152663712	-0.189231318192657	0.18214961572864	0.298861250215035
chr3:159417151:A:G	3	159417151	0.452441891796679	0.238352614070992	0.0576692105953549
chr3:164899350:G:A	3	164899350	0.354910850616112	0.277352051185204	0.200671684096309
chr3:168053836:T:C	3	168053836	0.102527122015255	0.188959533176564	0.587413696784204
chr3:171028381:G:A	3	171028381	0.230756745762575	0.168753362811436	0.171493655430387
chr3:174497130:T:C	3	174497130	-0.169794356442078	0.158061929021504	0.282721054251101
chr3:176663180:T:G	3	176663180	0.141730259752797	0.226654040758421	0.531764081528084
chr3:196706550:C:T	3	196706550	-0.175735822557304	0.188933463499425	0.352295175319847
chr4:332191:G:A	4	332191	-0.0244307507653031	0.152763364555045	0.872939795465336
chr4:8816874:T:C	4	8816874	-0.165689376730409	0.186784245639163	0.375045030716162
chr4:9851274:C:G	4	9851274	-0.152120262499292	0.20799032438749	0.464546199985108
chr4:10725805:A:G	4	10725805	0.365264685604623	0.167250625868522	0.0289669412200072
chr4:13219910:C:T	4	13219910	0.139842036114538	0.173513482816449	0.420275519116399
chr4:18747099:A:G	4	18747099	0.309192788231452	0.203810256539521	0.129251040092846
chr4:20840555:C:T	4	20840555	-0.216569144255336	0.230811238232157	0.348092575983725
chr4:21137718:C:T	4	21137718	0.189840998445906	0.159700507309356	0.234545402920635
chr4:26851610:T:C	4	26851610	-0.20515577475066	0.258488974980584	0.427385699695839
chr4:32302160:A:T	4	32302160	0.400579228428333	0.249356001095829	0.10817394502261
chr4:40603484:A:G	4	40603484	0.118260047901912	0.220853893909223	0.592326733362194
chr4:44018406:T:G	4	44018406	-0.104996770129091	0.260806506189959	0.68725359470548
chr4:44680448:T:C	4	44680448	-0.188789562440491	0.176786095341094	0.28556641047639
chr4:55337032:C:T	4	55337032	-0.210671459705595	0.184976190841687	0.25474018419192
chr4:55659669:G:A	4	55659669	0.168315730596119	0.202998779099081	0.407021504561058
chr4:56719096:C:T	4	56719096	0.20065506009929	0.179644230621182	0.264012284638359
chr4:61158247:C:G	4	61158247	-0.163555963737125	0.223654527025514	0.464603007477386
chr4:67708732:C:T	4	67708732	-0.585728475686437	0.260766251931872	0.0246923491670106
chr4:67911021:C:T	4	67911021	0.13525295813269	0.177450804624671	0.445940797950357
chr4:90022599:G:T	4	90022599	0.0900721607509842	0.141431379893396	0.524215246681465
chr4:95433170:T:C	4	95433170	-0.309311985837728	0.359177998031456	0.389146460553201
chr4:97398054:G:A	4	97398054	0.143206385690425	0.150323168436734	0.340763998039832
chr4:98823404:T:C	4	98823404	-0.0469961393682545	0.219382352298451	0.83037531600893
chr4:99262681:C:G	4	99262681	0.152725515860878	0.169772561730699	0.368339054530644
chr4:99355957:G:T	4	99355957	-0.0660990693790389	0.154919928239162	0.669622602840455
chr4:101085120:T:C	4	101085120	0.237426179947955	0.195336099364051	0.224184910694073
chr4:102399971:C:T	4	102399971	-0.367701751712929	0.250761200634091	0.142555061388557
chr4:102884286:T:C	4	102884286	-0.0883216921880659	0.153862058491366	0.565946380089039
chr4:105992845:C:T	4	105992845	0.0609315480719611	0.0987155434881871	0.537073990474937
chr4:108791253:G:A	4	108791253	0.0809562098190814	0.143127826687178	0.571650948550686
chr4:110957298:T:A	4	110957298	0.195696190583194	0.196057637259429	0.318203511923612
chr4:113348012:C:T	4	113348012	0.0946259251771801	0.2244726510873	0.673355202432156
chr4:115522695:G:A	4	115522695	-0.239071630292732	0.157319099893731	0.128596310695665
chr4:120770744:A:C	4	120770744	0.0452259682533386	0.183769304255812	0.805603380478806
chr4:123964831:A:G	4	123964831	-0.030731726551088	0.193606280055638	0.873879152498553
chr4:126268710:T:G	4	126268710	-0.101086888162382	0.20443453169121	0.620973786527846
chr4:134350906:C:T	4	134350906	0.0583425225792616	0.147787750082055	0.69301087664183
chr4:138952375:G:A	4	138952375	-0.0454247087801144	0.184949991688058	0.805987741768937
chr4:141618953:G:A	4	141618953	-0.188610429943093	0.322420678141086	0.558559534702746
chr4:149616644:T:G	4	149616644	-0.0916494802175435	0.221300739503991	0.678771606655079
chr4:171974219:A:G	4	171974219	-0.0132316239470055	0.236263242410624	0.955338831973484
chr4:176312841:C:T	4	176312841	-0.0671191852852724	0.185791677028248	0.717904754638845
chr4:179329624:T:G	4	179329624	0.12593969496506	0.204119233091044	0.537240774439582
chr4:183032183:A:G	4	183032183	-0.315827454515397	0.261619702302362	0.227354909867074
chr4:184991673:A:G	4	184991673	-0.329275304184485	0.199751261805236	0.0992651501547654
chr4:189912372:C:T	4	189912372	0.0221682640098366	0.210462138220324	0.916112876820155
chr5:5313703:A:G	5	5313703	0.260236516016925	0.199381783104993	0.191818927426372
chr5:7364955:T:A	5	7364955	0.0738042827808705	0.238065845350595	0.756548592155832
chr5:8067079:G:C	5	8067079	0.349375500858542	0.21078962859347	0.0974263915630721
chr5:13911296:G:T	5	13911296	0.261925175922018	0.193048817075088	0.174850462494814
chr5:15621966:C:G	5	15621966	0.0303399655117466	0.225436701535347	0.892941520530957
chr5:17902851:T:C	5	17902851	0.0455501328676144	0.241989849824035	0.850695114136899
chr5:20732163:G:T	5	20732163	-0.0817120862548198	0.229895701869331	0.722266640241621
chr5:21913130:A:C	5	21913130	0.229326698184022	0.165549192821446	0.165976629716096
chr5:23787194:A:C	5	23787194	-0.309586035834362	0.150949166262317	0.0402738529928292
chr5:23895775:T:G	5	23895775	-0.209221461662622	0.136790369636771	0.126139468270662
chr5:33466391:T:A	5	33466391	-0.292828842862111	0.243036705174071	0.228251572606691
chr5:33624899:A:G	5	33624899	0.288150284609805	0.187646080659899	0.124635254564414
chr5:39550509:T:G	5	39550509	0.157494009779529	0.14633897127352	0.281825570866208
chr5:39634108:G:A	5	39634108	-0.151420698445784	0.188350927519283	0.421438208656916
chr5:39978357:G:A	5	39978357	0.320884648185498	0.184877409913562	0.0826236611256671
chr5:44011742:G:T	5	44011742	0.479387729913338	0.212833417803	0.0242964896680086
chr5:54814079:C:T	5	54814079	0.231766679280594	0.154435776459795	0.133424947135092
chr5:66989845:C:A	5	66989845	-0.286501277892768	0.195131560591168	0.142037212059964
chr5:66992139:G:A	5	66992139	0.135430517404618	0.185481538672334	0.465294639689925
chr5:73076502:T:C	5	73076502	-0.134241746717674	0.220256829894289	0.542207486630072
chr5:76998986:C:A	5	76998986	0.390630199877227	0.224943483932854	0.0824630248603357
chr5:80530472:T:A	5	80530472	0.427393143576917	0.190528481070293	0.0248840370783688
chr5:81710558:G:T	5	81710558	0.158421659300012	0.193382906433014	0.412665287424949
chr5:84879932:A:G	5	84879932	-0.22913944610714	0.21927349531439	0.296025828717595
chr5:85476293:A:G	5	85476293	-0.164618497846511	0.209974330479205	0.433043959029772
chr5:85809583:T:C	5	85809583	-0.201883451106817	0.243251198527369	0.406573750570393
chr5:92192959:A:T	5	92192959	-0.0770993709720567	0.182600624993954	0.672857509578275
chr5:94648523:C:G	5	94648523	0.0740442699010976	0.169130172735629	0.661535213326035
chr5:98024666:G:A	5	98024666	0.0503217970688468	0.177512252141891	0.77680621725963
chr5:101328324:T:C	5	101328324	0.141924992124105	0.161387356373035	0.379181238468203
chr5:101825779:A:C	5	101825779	-0.18014469710938	0.150741969833366	0.232066183912737
chr5:106773905:G:A	5	106773905	0.445453020649978	0.203258232204776	0.0284111473421954
chr5:114915760:G:T	5	114915760	-0.0292331095249056	0.292395634599503	0.92036184902346
chr5:115102683:A:G	5	115102683	-0.207359438209568	0.300527770156752	0.490204070835999
chr5:117238479:G:A	5	117238479	0.324386905379919	0.213138248371439	0.128020259456053
chr5:121740415:G:T	5	121740415	0.153397260521457	0.148748684292862	0.302423032070202
chr5:137227416:A:T	5	137227416	0.0536682162049067	0.281202213737515	0.848640958524339
chr5:137406489:C:T	5	137406489	0.254851778086754	0.21761821279606	0.241560266211817
chr5:140638650:G:A	5	140638650	0.358128098189604	0.185061350781246	0.0529674996152049
chr5:142682003:T:C	5	142682003	0.203594732835948	0.161736484555463	0.208100690393979
chr5:144183699:A:G	5	144183699	0.177345393746618	0.173013424718653	0.305345097263047
chr5:145690757:G:T	5	145690757	0.0971986790027014	0.245837836978344	0.692564522902508
chr5:147282093:C:T	5	147282093	-0.0634330983686343	0.256671353175793	0.80480186765247
chr5:148033208:G:T	5	148033208	0.212939988332089	0.178372118879133	0.232557631307943
chr5:151763317:T:C	5	151763317	-0.0400513194706572	0.270407654996168	0.882252333779098
chr5:153541577:C:T	5	153541577	-0.389446225525937	0.282461559871092	0.167969281730341
chr5:168245100:T:C	5	168245100	0.0711594239431782	0.121959243254433	0.559577695794952
chr5:169455657:C:T	5	169455657	0.142464732171858	0.195858934848086	0.466990513337888
chr5:169808985:G:C	5	169808985	0.278756456417817	0.171233092624863	0.103538530630896
chr5:172672695:T:C	5	172672695	0.398212396306067	0.154712996821482	0.0100565694318071
chr5:173346700:A:C	5	173346700	-0.277494526472556	0.262990241633938	0.291356078923283
chr6:3041612:C:A	6	3041612	-0.1499166290541	0.173417645069339	0.387322542330771
chr6:3673174:A:G	6	3673174	0.230329791363071	0.208021899836882	0.268190961074336
chr6:3786319:G:C	6	3786319	0.258845355979575	0.159958511772658	0.105618839917094
chr6:6090729:G:T	6	6090729	0.00789286111478936	0.217952898422422	0.971112034435461
chr6:6354181:A:T	6	6354181	-0.0609741987110002	0.215957160576035	0.777679785168808
chr6:6456261:T:C	6	6456261	0.0709697504337787	0.186789075229963	0.703985546057379
chr6:7642514:C:G	6	7642514	-0.249301547302997	0.231953916471344	0.282469149687586
chr6:21494280:T:C	6	21494280	0.580034744489734	0.207618839402568	0.00521010409168121
chr6:23344439:T:A	6	23344439	0.709443343174744	0.220860432652118	0.00131732063258971
chr6:26287827:G:A	6	26287827	-0.0767154052576194	0.191232897496079	0.688300726561131
chr6:31108549:A:G	6	31108549	0.0989555564142869	0.190656299445045	0.603742683721965
chr6:32660000:G:C	6	32660000	0.352272962435667	0.20869051039889	0.0914081191280105
chr6:33148933:A:G	6	33148933	-0.107737221489189	0.204953081727341	0.599119087892718
chr6:37400014:G:T	6	37400014	0.177032355310004	0.184540976090933	0.337401639777803
chr6:39124093:C:T	6	39124093	0.101354322952059	0.144866075903254	0.484151200029901
chr6:45195864:C:T	6	45195864	-0.154606542377786	0.178363488898448	0.386048314005241
chr6:46738257:G:A	6	46738257	-0.836944306782161	0.3994175415246	0.0361343843157289
chr6:47717919:C:A	6	47717919	0.0413278989394432	0.148557358991356	0.780862753175656
chr6:48859012:C:A	6	48859012	0.0237292629325446	0.148059332763336	0.87266948760885
chr6:49860743:T:G	6	49860743	-0.153028534019769	0.340725083084508	0.653340680138458
chr6:53292416:C:G	6	53292416	-0.14914752803926	0.193057720370227	0.439786334298995
chr6:69504128:A:G	6	69504128	0.0889201226760592	0.209928918817001	0.671877594563709
chr6:81137001:T:C	6	81137001	0.0395025366229827	0.198514313844816	0.842269884085591
chr6:84758749:C:T	6	84758749	0.305217578004227	0.168893295667673	0.0707369943987852
chr6:87387916:G:T	6	87387916	-0.316634298786233	0.172417686151246	0.06629298261454
chr6:88566465:G:A	6	88566465	-0.331194123311333	0.18805869724675	0.0782179232670241
chr6:93273487:T:C	6	93273487	-0.274529716156341	0.330489435978124	0.406156562387988
chr6:97788153:C:A	6	97788153	-0.0433049027913458	0.262186800595128	0.868811651605037
chr6:104918249:A:G	6	104918249	-0.236132120192462	0.128495049479161	0.0661103326479916
chr6:107129138:A:G	6	107129138	0.13351814453679	0.160148323603112	0.404441304527646
chr6:112187089:T:C	6	112187089	-0.21227562568898	0.148381299202816	0.152542299637099
chr6:118046853:T:C	6	118046853	-0.0204523745764922	0.196386240245279	0.917055372862942
chr6:123103197:T:C	6	123103197	0.334927472617125	0.161964643957142	0.0386489713604327
chr6:127784009:G:A	6	127784009	0.286138044532379	0.149488861271644	0.055606170173169
chr6:129527930:G:A	6	129527930	0.219661915877367	0.200080417387801	0.272262071421143
chr6:137254996:T:C	6	137254996	0.150802404654172	0.1861961506845	0.417991038900468
chr6:151547601:G:A	6	151547601	0.249031880870351	0.143765166289457	0.0832356565533442
chr6:152638179:C:T	6	152638179	-0.434255153486844	0.280637247330675	0.121769331309474
chr6:153842833:G:A	6	153842833	0.0490969722079187	0.182053546564808	0.787403186697017
chr6:160701242:A:G	6	160701242	0.2118016969388	0.170593153787823	0.214398815951528
chr6:160909689:G:C	6	160909689	-0.592220134757991	0.439278299141113	0.177604948180894
chr6:162760256:C:T	6	162760256	0.348508238427064	0.171554536709548	0.0422071367319552
chr6:163629327:G:A	6	163629327	0.165735654035282	0.146825388563035	0.258984639787477
chr7:6986920:C:A	7	6986920	-0.0588712848282416	0.261493090697671	0.82187414113286
chr7:7863676:G:A	7	7863676	-0.246160156722678	0.250002797746296	0.324806040753187
chr7:8111839:A:G	7	8111839	-0.19340136929884	0.157379296150487	0.219114180536075
chr7:9602661:C:A	7	9602661	0.0286144997464936	0.175347064675062	0.870370580501286
chr7:11334355:C:A	7	11334355	0.229613008452668	0.222061319588807	0.301132786435834
chr7:12476280:G:A	7	12476280	0.453586446573589	0.171203816404517	0.0080636148078268
chr7:20850990:A:T	7	20850990	-0.062954791932982	0.184017683376956	0.732266058093792
chr7:22822020:C:A	7	22822020	0.115510500687684	0.142645958415487	0.418072043505088
chr7:24140802:T:C	7	24140802	-0.0303713373764732	0.181944178442925	0.867427741264583
chr7:24278575:A:G	7	24278575	0.320446971546413	0.204960334784617	0.117944796520729
chr7:24620726:T:A	7	24620726	0.173708259413067	0.152975120262575	0.256152166813519
chr7:24740434:C:T	7	24740434	-0.207180371243538	0.171100965974244	0.225946700263653
chr7:28505993:C:T	7	28505993	0.215283883599104	0.219460424007494	0.32660800443481
chr7:36413989:G:A	7	36413989	-0.0300494049533498	0.312503328717349	0.923395824672719
chr7:43755241:C:T	7	43755241	-0.18652595363799	0.246064910474174	0.448429691443811
chr7:44689517:A:G	7	44689517	-0.233790564162967	0.302266630335246	0.439251335202236
chr7:46192346:C:G	7	46192346	0.0456228933214091	0.194212055935934	0.81427643268808
chr7:48301675:T:C	7	48301675	0.0862773801699261	0.215672890001495	0.689128430793273
chr7:51890159:C:T	7	51890159	-0.19290226143904	0.207057277962447	0.351524054514841
chr7:53046603:C:G	7	53046603	0.0724016301175017	0.255889607146788	0.777222158233964
chr7:55663907:C:A	7	55663907	-0.0380069728779301	0.270661243454178	0.888326051891162
chr7:56122201:A:G	7	56122201	0.172582035258784	0.208775313974003	0.408441112025507
chr7:62910214:G:T	7	62910214	-0.00873695430402468	0.200501386001417	0.965242756826549
chr7:67766433:G:A	7	67766433	-0.0983686647917083	0.160226229488993	0.539257560614516
chr7:68433432:T:C	7	68433432	-0.215406695566297	0.147143276547501	0.14321448921832
chr7:71020152:T:G	7	71020152	-0.499364138872451	0.340197780261459	0.142141117295723
chr7:71553830:T:C	7	71553830	0.0431192712320116	0.246455877745156	0.861113133717767
chr7:78390279:T:G	7	78390279	-0.112040089432429	0.17887496181546	0.531078955815992
chr7:83524616:A:T	7	83524616	-0.0229761045984769	0.184155098537849	0.900709623741309
chr7:84786535:C:A	7	84786535	-0.356037982221281	0.205060268797777	0.0825178380831428
chr7:86620755:G:A	7	86620755	0.143707130994008	0.205818339448382	0.485037645889394
chr7:89207269:G:A	7	89207269	0.224504353598193	0.207126613426625	0.278409530757661
chr7:91097147:A:G	7	91097147	-0.104155759578418	0.220623172003475	0.636856835691104
chr7:103095283:G:A	7	103095283	-0.226443159337446	0.251146107008504	0.367248593505251
chr7:113434486:A:C	7	113434486	0.308038065186842	0.192336265180094	0.109252946303195
chr7:113749820:G:A	7	113749820	-0.0110466618852404	0.169397497757007	0.948005619231134
chr7:117145973:C:G	7	117145973	-0.470898176242076	0.352124315912298	0.181122573305092
chr7:119808046:G:A	7	119808046	0.123841834212301	0.22705232315178	0.585455735814007
chr7:122582926:C:G	7	122582926	0.327510911998878	0.209002810054227	0.117110767706371
chr7:124802410:A:T	7	124802410	-0.058944942960552	0.121399373019683	0.627289306998913
chr7:129047886:A:G	7	129047886	0.263200733429268	0.254823960782173	0.301663437434853
chr7:131384702:T:A	7	131384702	-0.0829117387091087	0.194430421106439	0.669791643958084
chr7:136870573:G:A	7	136870573	-0.200961897047073	0.293013475014754	0.492810704775099
chr7:142873374:T:C	7	142873374	0.479420724286382	0.181665840920552	0.00831448107680055
chr7:145116884:A:G	7	145116884	0.104336722407008	0.164787659513709	0.526630083503547
chr7:149242006:T:C	7	149242006	-0.185446487791376	0.225992060499938	0.411880695658123
chr7:153502245:G:A	7	153502245	-0.13696127156119	0.233023498127338	0.556695181454259
chr7:153952270:G:A	7	153952270	-0.141701084303265	0.255246066830905	0.578788768759062
chr7:154426289:T:C	7	154426289	-0.229217990521892	0.282485082220593	0.417116500180468
chr7:156975524:A:T	7	156975524	-0.13926128363642	0.280799887312446	0.619933257282433
chr7:157677820:C:T	7	157677820	0.195193675096736	0.146690803859501	0.183305196518405
chr8:276778:A:T	8	276778	-0.30223097406042	0.236769852811485	0.201787395849387
chr8:1102873:G:T	8	1102873	-0.423120518098124	0.275247424206863	0.124235288558926
chr8:8710521:T:C	8	8710521	-0.193423861557341	0.193467255660965	0.317419066597861
chr8:9029509:T:C	8	9029509	0.185627633981537	0.175573432384779	0.29039069063064
chr8:9109096:A:G	8	9109096	0.149988887353333	0.230012910582361	0.514343763979607
chr8:13032868:C:A	8	13032868	0.228731578624296	0.164576295305537	0.164583262971077
chr8:20741226:C:T	8	20741226	0.383781336825187	0.168741441684319	0.0229434419949077
chr8:23115837:G:A	8	23115837	-0.305242846346212	0.280796178350047	0.277009424172669
chr8:25783762:T:C	8	25783762	-0.0211408126993018	0.163245774300639	0.896959674598937
chr8:27022227:G:T	8	27022227	-0.222797056019367	0.173274844187933	0.198512343684369
chr8:28150898:A:G	8	28150898	0.218070289799126	0.163438263321491	0.182116351506222
chr8:28528484:G:T	8	28528484	0.18963401081187	0.153991722673502	0.218152412043272
chr8:41788192:C:T	8	41788192	-0.190186121676104	0.233986163255042	0.416327421969605
chr8:42055528:T:G	8	42055528	-0.287427470466645	0.301602547474138	0.340589662944915
chr8:53142705:G:A	8	53142705	-0.105897721742955	0.153068772612862	0.489043467480993
chr8:61304314:G:C	8	61304314	0.00895216898377736	0.141105911665361	0.949413822596654
chr8:61926940:A:T	8	61926940	-0.430337066807938	0.209221214141681	0.0397004670878492
chr8:63445672:G:A	8	63445672	0.00195973801914695	0.312722387818288	0.994999927938626
chr8:65343369:C:A	8	65343369	-0.296692776698386	0.260381956817125	0.254514621361821
chr8:65418628:G:T	8	65418628	0.0459750748960715	0.229058435174797	0.840922757815969
chr8:71273350:T:A	8	71273350	-0.037278922388623	0.274715781084041	0.892058473921755
chr8:72033005:T:C	8	72033005	-0.0653652704547693	0.283507150067659	0.817657024115191
chr8:72065200:T:A	8	72065200	0.0860286944979263	0.199607796225236	0.666476623712542
chr8:73211475:T:C	8	73211475	0.405504397611687	0.217200839459761	0.0619077408268333
chr8:86323708:T:C	8	86323708	-0.0936240003379179	0.220892886052036	0.671679996412714
chr8:89525432:A:G	8	89525432	-0.136058247244307	0.232803659022824	0.558928722640683
chr8:92001032:A:G	8	92001032	0.351520756953132	0.199010810440987	0.0773388229327248
chr8:92645879:A:G	8	92645879	0.0741916393336568	0.237959942084211	0.755206164105444
chr8:95906161:G:A	8	95906161	-0.132544099232164	0.164709051565931	0.420983268696057
chr8:96365126:C:T	8	96365126	-0.206131555336309	0.185197664785502	0.265693229766326
chr8:98002322:C:T	8	98002322	-0.198125702079832	0.199805247271497	0.321395574063318
chr8:106920372:G:A	8	106920372	0.0921974564802633	0.24439612265697	0.705990807967404
chr8:108142424:A:G	8	108142424	-0.424811652568111	0.226128924692855	0.0602955933793109
chr8:109421925:C:T	8	109421925	-0.073490920724073	0.172183002273788	0.669511403904072
chr8:116252872:C:T	8	116252872	0.0857805670657227	0.186537577136552	0.645619034062483
chr8:121384602:C:T	8	121384602	0.0199233871840083	0.172042762512068	0.907807202592804
chr8:127029052:C:T	8	127029052	0.128645466801175	0.175740289931368	0.464156153058369
chr8:128437247:A:G	8	128437247	-0.140269260976204	0.138516472141316	0.311225452170009
chr8:131315237:G:A	8	131315237	-0.0976614195625409	0.167328572920387	0.559455419205728
chr8:135895676:A:T	8	135895676	0.13208696562613	0.194640563744977	0.497378711916096
chr8:141605122:C:T	8	141605122	0.137574651693837	0.181339733237371	0.448057786544945
chr9:733358:A:C	9	733358	0.021830954429876	0.248541796599108	0.93000690555796
chr9:5461379:C:T	9	5461379	0.280060547984658	0.16012134069936	0.0802820347288601
chr9:11397008:T:G	9	11397008	-0.626087868009704	0.595457395594798	0.293056441674865
chr9:11955148:T:G	9	11955148	0.124195774041451	0.181518393617852	0.493845789622373
chr9:12389360:A:G	9	12389360	0.0118651356163665	0.175624805171539	0.946136243478771
chr9:12615226:G:C	9	12615226	0.184291826938226	0.195941251474177	0.346937391561125
chr9:14098421:G:A	9	14098421	-0.0416843273040014	0.197158228071026	0.832555061051713
chr9:18952915:A:G	9	18952915	0.00271997240894947	0.172611045787542	0.987427605399604
chr9:29651949:A:G	9	29651949	-0.185217214824943	0.185897424705826	0.319084518463237
chr9:32058643:A:T	9	32058643	-0.117490628389992	0.18249363470068	0.519700775546876
chr9:37013405:C:T	9	37013405	0.100640846158931	0.117924207749347	0.39341717933066
chr9:37992585:C:T	9	37992585	-0.225440937383912	0.218642011847596	0.302495731479305
chr9:89995415:A:G	9	89995415	0.120469509939489	0.24771838156521	0.626742857829885
chr9:91844381:C:T	9	91844381	-0.331301945595354	0.388650441956539	0.393968838124347
chr9:94568472:C:A	9	94568472	0.0416065635019586	0.140346390702814	0.766881679927782
chr9:96162075:C:T	9	96162075	0.0303912023727966	0.150336061875237	0.839795469486254
chr9:100192956:A:G	9	100192956	0.090395832348789	0.186107282131308	0.627166451082945
chr9:100529836:G:C	9	100529836	0.234640817869435	0.211244722724962	0.266674461216593
chr9:101460357:C:T	9	101460357	0.479352027946093	0.173592618611201	0.00575608696142682
chr9:107904127:G:A	9	107904127	-0.21293733788513	0.134345505755059	0.1129668225798
chr9:117420412:T:C	9	117420412	0.337791290021791	0.169038540957003	0.0456831368686044
chr9:117972207:C:A	9	117972207	-0.0132525211105719	0.193470914500728	0.945388593265507
chr9:121356498:A:G	9	121356498	-0.135472129280229	0.288184911271028	0.638292492511622
chr9:124044726:T:G	9	124044726	0.278895311017916	0.175758151064944	0.112555013879756
chr9:125005426:C:T	9	125005426	0.0496312857688127	0.186099730493813	0.78970641144474
chr9:129533341:A:G	9	129533341	0.158069677384875	0.160809880553881	0.32562713433294
chr9:136630984:C:T	9	136630984	0.0631206614700366	0.192296206865709	0.742724880568932
chr10:2050300:A:G	10	2050300	0.135516484499605	0.174993742718324	0.438689790085844
chr10:3113976:C:T	10	3113976	0.207321496857007	0.17066330641199	0.2244430241336
chr10:4591592:T:C	10	4591592	-0.32560558082961	0.286376012921907	0.255544045730112
chr10:7462546:C:T	10	7462546	-0.24517995444713	0.181728484651541	0.177287077994878
chr10:7849544:T:G	10	7849544	0.32234522899543	0.204425181256521	0.114832991226019
chr10:9367893:G:A	10	9367893	-0.133289357006957	0.141018152795345	0.34456040279209
chr10:10628189:C:T	10	10628189	0.0426350417307429	0.172059880997038	0.804295436309741
chr10:14014383:T:C	10	14014383	-0.0946549118735271	0.214820963019065	0.659486438920675
chr10:16341555:C:T	10	16341555	0.542098255004955	0.212581720518157	0.0107701310871188
chr10:18075702:C:T	10	18075702	0.0140021725818936	0.240299943526102	0.95353391189982
chr10:27289376:T:C	10	27289376	0.194076224567407	0.154316506645309	0.208518198166228
chr10:27674317:A:G	10	27674317	-0.187874696602253	0.125809038895743	0.1353502346479
chr10:28771902:G:A	10	28771902	-0.445077399466988	0.311594028285085	0.153180000162453
chr10:28891836:C:T	10	28891836	0.32941102270084	0.174416927611717	0.0589399015143869
chr10:30622484:G:A	10	30622484	0.0437272183397459	0.202203508627672	0.828790145766145
chr10:35177843:G:T	10	35177843	0.051306102034941	0.134435876006276	0.702728441597104
chr10:45036473:A:G	10	45036473	-0.0427762325548989	0.175701254741346	0.807649045986139
chr10:51560095:T:G	10	51560095	0.0996994000528922	0.227267416101883	0.66088790449643
chr10:54072488:A:G	10	54072488	-0.0961883411719969	0.21074275740906	0.648084125198538
chr10:54082016:C:T	10	54082016	0.0280575823641486	0.244285701673184	0.908559573227284
chr10:55299918:G:C	10	55299918	0.309550216554785	0.161686215423825	0.0555547539887632
chr10:56747004:T:C	10	56747004	-0.135663636225458	0.265292380625429	0.609089169823107
chr10:57761967:T:C	10	57761967	-0.0897906821422233	0.237497936508046	0.705379102657104
chr10:69232402:C:A	10	69232402	-0.354626828287699	0.185879881699782	0.0564134607502462
chr10:79437519:C:T	10	79437519	0.34396819715274	0.167237921235285	0.0397093576166252
chr10:82354363:C:G	10	82354363	0.162443510280345	0.207112532817199	0.432849510315475
chr10:84591955:C:T	10	84591955	-0.142812330038472	0.244768632053558	0.559584710772803
chr10:84989741:G:A	10	84989741	-0.133862562117442	0.173272168232971	0.439784820857395
chr10:91053424:A:C	10	91053424	-0.141117849723182	0.14138206777142	0.318215753815179
chr10:93612452:G:A	10	93612452	-0.618956410392835	0.376493162116394	0.10017529608774
chr10:93671121:T:C	10	93671121	-0.37476943526277	0.176865810673931	0.0340948715845107
chr10:101249704:C:T	10	101249704	0.197977482675446	0.200474331374578	0.323375389397847
chr10:102352980:T:C	10	102352980	0.409993379467056	0.188003246241044	0.0291998263234922
chr10:104637359:T:C	10	104637359	0.00741139884307586	0.247166751735232	0.976078681154715
chr10:108480456:T:C	10	108480456	-0.329385277020525	0.216646935015218	0.128415950309967
chr10:109264424:C:T	10	109264424	0.204531665318218	0.17977549410012	0.255243250863457
chr10:111352001:T:G	10	111352001	0.0847963129117416	0.206724782823785	0.681667022148621
chr10:118828443:C:T	10	118828443	0.450389529744697	0.172984149285373	0.00922379079744351
chr10:120152982:A:G	10	120152982	-0.186888828124867	0.224434643753833	0.405008665471402
chr10:121580593:A:G	10	121580593	-0.14811470732475	0.223010788020792	0.506588306635309
chr10:121611573:C:G	10	121611573	-0.0497145029200568	0.172267158858364	0.772895488572966
chr10:121734173:T:C	10	121734173	-0.117608761816212	0.301414869349918	0.696396806398658
chr10:121910644:T:A	10	121910644	-0.459349351331898	0.36139764178094	0.203715902446365
chr10:122561189:A:G	10	122561189	0.230261945536585	0.186210438947139	0.216247355538221
chr10:123750431:C:G	10	123750431	-0.0374556791307944	0.200939734665418	0.852129092112684
chr10:127533155:T:C	10	127533155	0.296303559315685	0.167195107082389	0.0763609760243225
chr10:129953349:A:G	10	129953349	-0.0745471997001925	0.231992621256597	0.747957022970036
chr10:131819683:A:G	10	131819683	0.163797174782792	0.148777555771048	0.270916883842213
chr10:131953941:A:C	10	131953941	-0.0919439361966619	0.191210847188766	0.630622366431187
chr11:388357:C:T	11	388357	0.112638653924849	0.176438475838847	0.523212110251279
chr11:2257707:C:T	11	2257707	0.191695383898401	0.225404320860043	0.395074259246291
chr11:3623903:G:A	11	3623903	0.318716110925447	0.187288597543058	0.0888045060612092
chr11:5806222:C:T	11	5806222	0.0925863706618104	0.144553284578184	0.521847625604751
chr11:9789492:C:A	11	9789492	-0.0266294144481058	0.252931412703073	0.916151137453105
chr11:14569664:T:G	11	14569664	-0.477612002572718	0.297273834332128	0.108133385151989
chr11:36019710:C:A	11	36019710	-0.188499660981996	0.215758973126735	0.382304257210602
chr11:39635569:C:T	11	39635569	-0.190333242855757	0.232401920337678	0.412796061448384
chr11:40512905:C:G	11	40512905	0.0930794667628639	0.20618543184962	0.65167555113729
chr11:41632790:A:T	11	41632790	0.147255009461817	0.246621660470716	0.550448154263771
chr11:42744986:A:G	11	42744986	0.129332261533327	0.194207325340988	0.505443411368495
chr11:43201079:C:T	11	43201079	0.141989703901303	0.24015612448146	0.554360191679133
chr11:44330300:A:G	11	44330300	-0.389581030817282	0.341695907966369	0.254228152329757
chr11:49875094:A:G	11	49875094	-0.0625538296796819	0.192599679679899	0.745342451079213
chr11:50253126:G:T	11	50253126	-0.0841043924710219	0.161995807801741	0.603637768575364
chr11:55906271:G:A	11	55906271	-0.275866289452776	0.174322891845748	0.113535062608402
chr11:57305789:G:A	11	57305789	0.256029219498615	0.166559353427488	0.124252892695865
chr11:58998793:A:C	11	58998793	0.00569237044129424	0.213355703700398	0.978714814610867
chr11:63184971:C:T	11	63184971	-0.24963797729899	0.191393184015233	0.192124464176879
chr11:70801858:T:C	11	70801858	0.272145224150606	0.155966488837312	0.0810030612420293
chr11:71334794:T:G	11	71334794	-0.540090437318146	0.450520124195118	0.230599755168359
chr11:77208574:G:A	11	77208574	-0.187725408810362	0.225597544077689	0.405338260713688
chr11:77376654:A:G	11	77376654	0.392130559399573	0.183878893823308	0.0329618264263751
chr11:81783030:C:T	11	81783030	0.252879454859987	0.188300291945712	0.179285451242499
chr11:83962252:C:T	11	83962252	0.0880459941078449	0.30469863399845	0.772611292498257
chr11:86328783:G:T	11	86328783	-0.205883919673344	0.323440815867339	0.524422699623313
chr11:93046218:A:C	11	93046218	0.237720675232748	0.183271514913304	0.194598295963333
chr11:104129521:G:A	11	104129521	-0.100269786123241	0.278253736075182	0.718582584805756
chr11:108728662:A:G	11	108728662	-0.129059374537742	0.296280790392456	0.663128287893675
chr11:110396347:G:A	11	110396347	-0.0369625859742292	0.26821480880315	0.890390866234003
chr11:113800784:C:T	11	113800784	-0.0764206927111536	0.250761686259742	0.760553318762127
chr11:115616504:A:T	11	115616504	-0.0178137152851313	0.21388366715531	0.933623387811345
chr11:119630310:G:A	11	119630310	0.249614331454017	0.195896180148009	0.20258636200769
chr11:123267436:G:A	11	123267436	0.237713998441882	0.189349265413859	0.209324141300874
chr11:125907492:T:C	11	125907492	-0.144852404225735	0.201755165711426	0.472781139436155
chr11:126829359:G:A	11	126829359	0.0699873574227236	0.172637315998747	0.685182704175739
chr11:130290657:C:T	11	130290657	0.0492479963908565	0.322974764131586	0.878806399535429
chr11:131355535:G:A	11	131355535	0.353755967708549	0.200837293913451	0.0781697496631438
chr11:133238417:A:G	11	133238417	0.0633780804582905	0.197671147827016	0.748495476703854
chr11:134309503:C:T	11	134309503	-0.100959846047261	0.228917399649997	0.659189996934362
chr12:5192681:C:T	12	5192681	-0.0941542614967196	0.157122867888354	0.549013046941165
chr12:5448727:G:A	12	5448727	0.0730590547063671	0.236391902946691	0.757276615825599
chr12:6639294:C:T	12	6639294	0.177769325872985	0.247131962102506	0.471937885995136
chr12:19523028:C:A	12	19523028	0.0213030373197413	0.14228495029017	0.880984782152655
chr12:20003679:T:A	12	20003679	0.212546092747044	0.144938858661727	0.142524787577969
chr12:21333090:G:A	12	21333090	0.0741859091117908	0.173731575249534	0.669368735555856
chr12:25518059:A:T	12	25518059	-0.156031796891923	0.21611817996848	0.470310206755612
chr12:28965843:C:T	12	28965843	-0.101691825700513	0.189391664351739	0.591309550553612
chr12:32086665:A:C	12	32086665	-0.00849298283726357	0.214387246631373	0.968399949324603
chr12:48567461:T:G	12	48567461	0.0912337374885858	0.207113367424015	0.659573966437897
chr12:52880890:G:T	12	52880890	-0.118350921393976	0.328214198895119	0.718405593675822
chr12:53646626:C:G	12	53646626	-0.0731763196664171	0.210611482094313	0.728255557406941
chr12:53680144:C:A	12	53680144	-0.27848094072409	0.233914935536992	0.233841181164621
chr12:54366280:G:A	12	54366280	0.122763913894131	0.178510354844961	0.491633453413865
chr12:55599330:T:C	12	55599330	0.300027966905007	0.253504781383001	0.236603143605289
chr12:56675083:C:T	12	56675083	0.107514573914023	0.152033072119678	0.479455336950782
chr12:57436134:C:T	12	57436134	-0.17627188189896	0.203254402236485	0.385806389252512
chr12:58724212:C:T	12	58724212	-0.26449430470568	0.40045399732668	0.50894192633678
chr12:59048769:A:C	12	59048769	0.118828753272145	0.195514531741195	0.543337021966823
chr12:59226687:C:T	12	59226687	-0.18881557217481	0.235589429644492	0.422865225174955
chr12:63113400:T:C	12	63113400	0.323687315382075	0.163183900379573	0.0473033682514564
chr12:64271340:C:T	12	64271340	-0.111823460167316	0.250960992608034	0.655899908546735
chr12:64756705:C:T	12	64756705	-0.313807970550772	0.158082071319348	0.0471338740085353
chr12:67050802:C:T	12	67050802	0.234478438815661	0.175521358964288	0.181582975298692
chr12:71564908:A:G	12	71564908	0.298165334429245	0.143195793990803	0.0373222592252523
chr12:73909094:G:A	12	73909094	-0.0269386254288294	0.152277258776429	0.859582923625034
chr12:81126959:G:A	12	81126959	-0.318202574711708	0.229302834490884	0.165229702992876
chr12:83608380:A:G	12	83608380	0.0781558792712216	0.161970329488223	0.629428018183464
chr12:90727178:A:C	12	90727178	-0.000273511712718083	0.138774888826666	0.998427448702448
chr12:92596791:C:T	12	92596791	0.113590034927566	0.164564992635695	0.490040619495625
chr12:95914573:A:T	12	95914573	-0.0606420184847107	0.311318060265282	0.845556411855656
chr12:105967464:T:C	12	105967464	-0.0631914433118822	0.13107276628817	0.629728066762838
chr12:109533295:C:T	12	109533295	-0.103680891154752	0.229456266427411	0.651373664556809
chr12:112209515:G:A	12	112209515	-0.116837617145716	0.291960984550288	0.689022253313263
chr12:125875525:T:C	12	125875525	0.284880206421219	0.163855157749131	0.0821033964410312
chr12:126449337:A:G	12	126449337	-0.0799703350913768	0.208933312364018	0.701901198864058
chr12:131091094:G:A	12	131091094	-0.556396863884157	0.334171404531346	0.0959118750177412
chr12:132776953:G:A	12	132776953	0.0467804774081666	0.261285711488533	0.857906643377605
chr13:19545220:A:G	13	19545220	0.00559594740384181	0.228383225588817	0.980451833543754
chr13:22977365:T:G	13	22977365	-0.289525410534356	0.365256168640273	0.427973618189189
chr13:24330599:T:C	13	24330599	-0.23998205242325	0.274139864963337	0.381356270759447
chr13:24623185:A:C	13	24623185	-0.027281887720474	0.191947046189668	0.8869754537364
chr13:26234118:A:T	13	26234118	0.00539709679570454	0.17473718042668	0.975359705379592
chr13:26494236:G:A	13	26494236	0.0169491769066654	0.246770991482508	0.945241289341671
chr13:42909938:A:G	13	42909938	0.0546472963399179	0.231073069141248	0.813049691866727
chr13:45708351:G:A	13	45708351	0.27070935203133	0.237872327594245	0.255101799479438
chr13:45809177:C:G	13	45809177	0.0186302989866756	0.205736609414871	0.927846883730653
chr13:50558767:A:T	13	50558767	0.189751290946445	0.277386852630745	0.493932633921186
chr13:58710908:G:A	13	58710908	-0.224345107714117	0.193083675390592	0.24527359334039
chr13:58934154:C:T	13	58934154	-0.273083155351017	0.254910963478283	0.284039779028928
chr13:70397215:T:C	13	70397215	-0.17207840279075	0.20343426331866	0.397626744068631
chr13:75832713:T:C	13	75832713	-0.22871121751896	0.258957282469263	0.377127917787273
chr13:86776101:G:A	13	86776101	-0.322708219135893	0.164976532044557	0.0504550708584622
chr13:91472230:T:C	13	91472230	0.149305885329201	0.145617891722436	0.305209149204118
chr13:93235990:C:T	13	93235990	0.030309025314355	0.226203635876692	0.893410481471805
chr13:96765286:G:A	13	96765286	0.0115027749899249	0.242407340866314	0.962152782304502
chr13:102180181:A:G	13	102180181	0.177286759236535	0.164800367327989	0.282031576212193
chr13:106009559:G:C	13	106009559	0.199735398969179	0.17659621975078	0.25804299735626
chr13:106084136:A:G	13	106084136	0.0544450789041553	0.2279805372794	0.811249355103428
chr13:112716578:T:C	13	112716578	0.25988372496696	0.210738169874618	0.217498652895804
chr14:26929954:A:G	14	26929954	-0.185076665136074	0.207860959944994	0.373258201455487
chr14:27823594:G:A	14	27823594	-0.288949537268611	0.345363299717351	0.402787162332105
chr14:38216062:T:A	14	38216062	0.0460095992329345	0.159278346033996	0.772686322931211
chr14:39925237:C:T	14	39925237	0.0266270621888248	0.311958050934039	0.93197946613924
chr14:44446011:A:G	14	44446011	-0.0795649179352202	0.260865160553702	0.760363104353871
chr14:51426205:T:C	14	51426205	-0.0226828813143655	0.188176568419483	0.904055067900182
chr14:52881822:T:G	14	52881822	0.174646527646214	0.176582847850654	0.322646265060663
chr14:53358297:A:G	14	53358297	0.162486458258147	0.177519839589718	0.360026622896928
chr14:56254615:G:A	14	56254615	-0.256403728422081	0.196010218668965	0.190834615785546
chr14:57978070:T:C	14	57978070	0.210786705186425	0.142297837861796	0.138524930247925
chr14:62445185:T:C	14	62445185	0.0471123425768221	0.200715730963532	0.814424724750922
chr14:67518615:G:A	14	67518615	0.203285123157758	0.168957313543426	0.228908819063
chr14:68863518:T:G	14	68863518	-0.211816169659914	0.194906667110298	0.277144250270646
chr14:77734277:G:A	14	77734277	-0.0756539062355796	0.258422722255689	0.769711313383464
chr14:84531019:T:G	14	84531019	-0.183607207419029	0.28026173170515	0.512385576408934
chr14:90804831:C:G	14	90804831	-0.0233209423330098	0.210608183522656	0.911829332987897
chr14:91397629:G:T	14	91397629	-0.0763515500934523	0.298656442334919	0.798221027387871
chr14:91961156:T:C	14	91961156	-0.435945611973482	0.22578885937665	0.0535119095866878
chr14:98340169:A:G	14	98340169	-0.191661344795313	0.2044499393814	0.348527762688164
chr14:100721312:C:T	14	100721312	0.199915339022165	0.214016377402344	0.350245947362008
chr14:102093442:A:G	14	102093442	-0.626112045790995	0.432096005629593	0.147334393973956
chr15:24165057:A:G	15	24165057	-0.338909654836185	0.320833312462481	0.290812062493837
chr15:26353849:A:G	15	26353849	0.270864893329778	0.156540715011403	0.0835738444237413
chr15:34880184:A:T	15	34880184	0.420433238244889	0.188621053770798	0.0258149950165926
chr15:37080410:C:T	15	37080410	-0.0177440850172551	0.140114703601541	0.899225568254868
chr15:57522102:A:T	15	57522102	-0.180826989484903	0.202777131533154	0.37252567152358
chr15:69786285:T:C	15	69786285	-0.0260856004939463	0.235103271369925	0.911652985592032
chr15:71331250:T:C	15	71331250	0.112328271220953	0.266585593834518	0.67349286572658
chr15:76807237:T:C	15	76807237	-0.112443533460755	0.226574509036264	0.619699564647785
chr15:77734259:G:A	15	77734259	-0.172766170322173	0.234358265659459	0.461007850424265
chr15:79750604:G:T	15	79750604	0.235776984681251	0.156906385804437	0.132926685002821
chr15:81697597:G:A	15	81697597	-0.0672477048759898	0.148804117602211	0.651325899013985
chr15:87989871:C:T	15	87989871	-0.407444675881678	0.257356175764558	0.113377322178475
chr15:88891382:T:C	15	88891382	0.102780898543045	0.198239776452688	0.604132069256856
chr15:94791129:A:G	15	94791129	-0.0908868647653335	0.203322036406646	0.654868261283256
chr15:100978492:T:G	15	100978492	-0.311609617770754	0.205919969049902	0.130214657969326
chr16:2671727:C:T	16	2671727	0.281596159428455	0.167056053774638	0.0918653987754479
chr16:4957642:T:C	16	4957642	-0.250257177760177	0.18184921278808	0.168766034829459
chr16:5884026:G:T	16	5884026	-0.052081546142841	0.215879671919635	0.80935929538329
chr16:6848656:G:A	16	6848656	-0.116513944031568	0.197206860425847	0.554640398298464
chr16:7909855:G:A	16	7909855	-0.0122128331044665	0.16947000556918	0.942550287017697
chr16:8273542:C:G	16	8273542	0.186978612520518	0.263460619677959	0.477888754339378
chr16:12394716:C:T	16	12394716	-0.0563435994186036	0.231402359204718	0.807627708825672
chr16:17779668:G:A	16	17779668	-0.288361292560597	0.210460970314976	0.170642760578472
chr16:29740733:G:C	16	29740733	0.305834964295	0.186836497489581	0.101648791635671
chr16:31127124:G:A	16	31127124	0.110343371745137	0.178201844478959	0.535781693074129
chr16:56688556:C:T	16	56688556	-0.229336319060367	0.163680923176794	0.16117873254623
chr16:60324635:A:C	16	60324635	0.0808464129533307	0.156211070856941	0.604775074994203
chr16:60499572:C:T	16	60499572	0.17839675950335	0.18506388264657	0.335058993001138
chr16:62273123:C:T	16	62273123	0.229936732074577	0.123043380664736	0.061658266517871
chr16:65972427:C:T	16	65972427	0.119198137017876	0.201197879121145	0.55355443870016
chr16:69246420:T:C	16	69246420	0.378938729617556	0.189774538362348	0.0458486708450231
chr16:71908403:G:A	16	71908403	-0.0501138544627648	0.2681232475284	0.851734303315787
chr16:72103328:C:A	16	72103328	0.0146185388112496	0.125294785871308	0.907119058859458
chr16:74837740:A:C	16	74837740	0.16156969033538	0.322375357834894	0.616240937343996
chr16:79886631:C:T	16	79886631	-0.193847234086849	0.219533762421688	0.377238924920096
chr16:81396153:C:A	16	81396153	0.269652280503277	0.176709443337546	0.127018785881497
chr16:82294878:C:G	16	82294878	0.0598381111411306	0.204601786466266	0.76993392013341
chr16:82421890:A:G	16	82421890	-0.0522030710817495	0.173022408082334	0.762871027933202
chr16:83827178:T:C	16	83827178	-0.135505683580939	0.216520618217952	0.531424679631512
chr16:89303022:G:A	16	89303022	-0.258199575312871	0.343759958385542	0.452589901404527
chr16:89331863:A:T	16	89331863	-0.178087989124478	0.236990185875115	0.452377530198661
chr16:89337630:T:C	16	89337630	-0.14048917824251	0.22247907272581	0.527732323975707
chr16:89479873:T:G	16	89479873	-0.0344219705316722	0.204450357463781	0.866297348760307
chr16:90035976:C:A	16	90035976	0.0955579510180218	0.200588601326933	0.633798165380065
chr17:2489248:C:G	17	2489248	0.396872018652478	0.168534873350176	0.0185308727679264
chr17:6949267:T:C	17	6949267	-0.276217377954395	0.246851236478177	0.263155962453892
chr17:7929448:A:G	17	7929448	-0.213866403087807	0.187687717383588	0.254502999037791
chr17:12174148:T:C	17	12174148	0.35153257008684	0.186995754782233	0.0601222541505004
chr17:15219976:C:T	17	15219976	-0.234864350942558	0.183376052694604	0.200271007990381
chr17:16482403:T:A	17	16482403	0.285540750913706	0.18949642206387	0.131851724890092
chr17:18684803:A:G	17	18684803	-0.146943666540322	0.214310335076626	0.492928589235219
chr17:20040710:T:C	17	20040710	0.0651836986245923	0.204058035892177	0.749395113457187
chr17:21275023:A:C	17	21275023	-0.212801527482681	0.175811102789106	0.226125946563831
chr17:31554254:C:T	17	31554254	0.192734754442119	0.14785271017089	0.192383933531208
chr17:33472425:T:G	17	33472425	-0.422094799719946	0.260161680019542	0.104710746448673
chr17:44156671:T:A	17	44156671	-0.157091860201177	0.130817796730262	0.22981144185514
chr17:45754773:C:T	17	45754773	-0.0208143464886675	0.177225185548139	0.906506824253105
chr17:48779278:C:T	17	48779278	0.0762096572895894	0.185550603602796	0.681276621391585
chr17:52703044:C:G	17	52703044	-0.201296701464841	0.271286599253938	0.45808276879413
chr17:53282498:G:T	17	53282498	0.325314757842011	0.211932335936433	0.124785424982885
chr17:58411807:C:T	17	58411807	0.398232861714258	0.182839196321276	0.0294023347662163
chr17:61409438:A:G	17	61409438	-0.0925319834423602	0.187473119632299	0.621606592254672
chr17:66262233:G:T	17	66262233	0.252472029659825	0.1668909648509	0.130331415771956
chr17:66751216:C:T	17	66751216	-0.00518439420205897	0.154361767582144	0.973207286992677
chr17:66971178:A:G	17	66971178	-0.158502230399019	0.271848765646166	0.559857641701041
chr17:68771033:G:A	17	68771033	0.410345798483762	0.215012686115641	0.0563301742584634
chr17:69081332:C:T	17	69081332	0.180902652344102	0.220171265311769	0.411278884692624
chr17:69213412:T:C	17	69213412	0.0312969712960633	0.195107347411093	0.872558913346015
chr17:72829246:G:A	17	72829246	-0.246362005626481	0.296378351926561	0.405837177224088
chr17:73506492:C:T	17	73506492	0.0728650803603549	0.203861632128377	0.720774264191336
chr17:77625920:A:T	17	77625920	-0.049049631570018	0.207681004023052	0.813294746648384
chr18:1137045:A:T	18	1137045	0.113347188061752	0.169392874592031	0.503407531702208
chr18:4080016:T:A	18	4080016	-0.0503002820517399	0.25282263145499	0.842298083577312
chr18:8920896:G:C	18	8920896	-0.112643781909694	0.37499480273262	0.76388153500823
chr18:9609299:C:T	18	9609299	0.186273930260751	0.206923524849081	0.36801029521445
chr18:10572326:C:T	18	10572326	0.215238440749723	0.228602143660588	0.346427353029648
chr18:11017906:C:T	18	11017906	-0.00254376664551161	0.175520466079615	0.988436897815141
chr18:14686017:A:G	18	14686017	-0.277991701673202	0.255308016530113	0.27622078485855
chr18:14895123:C:T	18	14895123	-0.49383726690038	0.236172555227869	0.0365278916904301
chr18:30059135:A:G	18	30059135	-0.0261068172102418	0.194475648330083	0.893211145217428
chr18:32490781:T:C	18	32490781	-0.00470823762054438	0.268978022353326	0.98603440442504
chr18:36255061:C:A	18	36255061	-0.145246454124276	0.0947274847622938	0.125199870237518
chr18:42762909:A:C	18	42762909	0.0147642465269199	0.178900075749338	0.934226937608553
chr18:43928870:G:A	18	43928870	-0.26209701601365	0.34684392295991	0.449851451820438
chr18:45461168:C:T	18	45461168	-0.0566170496869085	0.241586184070613	0.814709006652965
chr18:49146783:T:G	18	49146783	0.45166829284835	0.179725625455654	0.0119675739600088
chr18:49872731:C:G	18	49872731	0.210037978123635	0.159770855752453	0.188637611953834
chr18:50485733:T:C	18	50485733	-0.213194525424153	0.307322383239619	0.487860185040978
chr18:58120958:C:T	18	58120958	0.369696010300999	0.174599327781263	0.0342262086912147
chr18:59256389:C:T	18	59256389	-0.24170490706581	0.228307768095468	0.289745461203857
chr18:62622293:T:A	18	62622293	0.101508634401584	0.186545016470906	0.58633765190598
chr18:62998306:G:A	18	62998306	-0.36105522072205	0.196639556575689	0.066338859665071
chr18:66103927:C:T	18	66103927	-0.0444637870772832	0.168598214277459	0.791990810755221
chr18:66206557:C:T	18	66206557	0.199480909461869	0.20210549255445	0.323635875245426
chr18:68001558:G:A	18	68001558	-0.256860147298501	0.234936047905162	0.2742535723662
chr18:71730181:C:T	18	71730181	-0.0813086265394169	0.218996929443896	0.710430874800411
chr18:72912108:T:C	18	72912108	0.0760517241808904	0.185807191374453	0.682316195304168
chr18:73248491:G:A	18	73248491	0.241144756135325	0.154033768198679	0.117458276591481
chr19:2907557:G:A	19	2907557	0.231228850146474	0.149509030914607	0.121962662229869
chr19:17584922:G:A	19	17584922	0.229213104460762	0.169851504499018	0.177179256661248
chr19:18737022:C:T	19	18737022	-0.054511498739723	0.302171617681676	0.85683923260606
chr19:18805179:A:G	19	18805179	-0.0494553393710385	0.198305997331568	0.803059873621805
chr19:21560366:G:T	19	21560366	0.0223602365737648	0.169874461400294	0.895278532908782
chr19:21659434:G:C	19	21659434	0.386064607045819	0.175819615896327	0.028106304656474
chr19:33474662:T:C	19	33474662	0.0388614689582842	0.133736632560226	0.771370966494123
chr19:37956680:C:T	19	37956680	-0.23094976684485	0.189379986709301	0.222652727196871
chr19:38120117:A:T	19	38120117	0.0728441239149529	0.21355004351782	0.733020531597529
chr19:44380983:T:C	19	44380983	0.11082259842095	0.276574172758017	0.688642801497055
chr19:44819986:A:G	19	44819986	-0.00332036969682231	0.182610314013281	0.985493011402975
chr19:48685001:C:T	19	48685001	0.323694143477558	0.159701711180222	0.0426760064246605
chr19:51552139:T:A	19	51552139	0.208667276283986	0.154811747089682	0.177697774199876
chr19:52714810:C:T	19	52714810	0.0411774452921156	0.211349944190291	0.845525533166784
chr19:53330671:T:C	19	53330671	-0.281205984392637	0.253197775917851	0.26673285082372
chr19:54944544:G:A	19	54944544	-0.734926722044418	0.351746292328125	0.036674794947396
chr19:57195010:G:C	19	57195010	0.348390966217203	0.157199019239719	0.0266749775328132
chr20:1709120:A:G	20	1709120	-0.208815740361147	0.246486451342861	0.396900794470596
chr20:1735934:T:G	20	1735934	0.537704545000101	0.266457712078487	0.0435940435106593
chr20:1906500:G:T	20	1906500	0.133738719431501	0.169452543481754	0.429971767941466
chr20:3649460:G:A	20	3649460	0.103856328078559	0.169035606012375	0.538947706885896
chr20:5407753:C:T	20	5407753	0.0751521213589784	0.28068128143188	0.788892560143349
chr20:5860313:T:C	20	5860313	0.155022305482824	0.176959745296231	0.38101292683917
chr20:7000966:A:C	20	7000966	0.310877563863652	0.173863514497571	0.0737671000123242
chr20:12129436:G:A	20	12129436	0.0702347002306436	0.244269364014769	0.773706753992779
chr20:31347432:T:C	20	31347432	0.0664698237235113	0.233779918936425	0.776160187597508
chr20:37593342:C:T	20	37593342	-0.131170277030815	0.321661016763772	0.683427556834661
chr20:38200488:G:A	20	38200488	-0.0502955258399845	0.169113861083594	0.766156342879082
chr20:38350608:A:G	20	38350608	0.0958609063241501	0.187116425521906	0.60843672148375
chr20:45729681:A:G	20	45729681	-6.37782024260815e-05	0.131993696521146	0.999614469157296
chr20:48501317:C:T	20	48501317	-0.337656104787334	0.170934255091059	0.0482276970536065
chr20:49036824:T:G	20	49036824	-0.322980991496273	0.229956125146204	0.160160159474733
chr20:50371082:C:T	20	50371082	0.282212559055994	0.170331754926357	0.0975517156992178
chr20:54253971:A:G	20	54253971	0.257070692548111	0.182692299970367	0.159390666985178
chr20:58480201:T:G	20	58480201	-0.443372490431085	0.192068495667338	0.0209764433261206
chr20:60073360:C:T	20	60073360	0.236667082751946	0.135927422466719	0.0816610907730198
chr21:15297615:T:C	21	15297615	-0.137825040429243	0.213970885584987	0.519491217192341
chr21:24026351:C:T	21	24026351	0.242374430470425	0.191040445041361	0.204545434452294
chr21:26647335:G:C	21	26647335	0.167040729778328	0.188233277900011	0.374856381301594
chr21:28043199:C:G	21	28043199	0.412187664550153	0.177466147641823	0.0201991994327387
chr21:31885030:A:G	21	31885030	0.074240664035561	0.15746456298797	0.637301300011386
chr21:35502622:A:T	21	35502622	-0.0545237935793125	0.221329928579322	0.805414225667975
chr21:36306638:T:G	21	36306638	-0.0954448751057555	0.180848031950534	0.597663935795403
chr21:41442549:G:A	21	41442549	0.383806696321025	0.168698346839657	0.0228995450799646
chr22:20147688:T:C	22	20147688	0.00842766477264895	0.250452303368384	0.973156426457012
chr22:23891985:A:G	22	23891985	-0.139242205645407	0.155670628747665	0.371072197538961
chr22:24245985:G:T	22	24245985	0.122736628247988	0.258502094401987	0.634929991237049
chr22:30662128:G:A	22	30662128	0.181146786989902	0.177133316351754	0.306469618901608
chr22:36977479:G:A	22	36977479	0.416897304177974	0.174344927123368	0.0167924274870712
chr22:42475109:T:G	22	42475109	0.132165557866614	0.168442241413241	0.432668021590557
chr22:44719519:A:G	22	44719519	0.0780931798678021	0.208613953733835	0.708149120927138
chr22:45210278:T:C	22	45210278	0.12873088668392	0.158148973782912	0.415653564923805
chr22:49668266:A:G	22	49668266	-0.0194191193925538	0.167308268382113	0.907598728785118
chr22:49926053:G:A	22	49926053	-0.125678305191244	0.269415729988403	0.64086862530096
