SNP	CHR	POS	est	stderr	pval
chr1:1837340:C:T	1	1837340	-0.0401995229690584	0.217489341433712	0.853358885601676
chr1:2261200:G:C	1	2261200	-0.0919861632550317	0.223271116286248	0.680344467810205
chr1:14678191:A:C	1	14678191	-0.112876828692308	0.0974260589218608	0.246623467987762
chr1:14985097:C:T	1	14985097	-0.12975023645367	0.24839442477272	0.601422714309502
chr1:15065941:C:T	1	15065941	0.395530457747443	0.229744168126202	0.0851397167049986
chr1:20215506:G:C	1	20215506	0.248916938474252	0.231515126051611	0.282300904897997
chr1:20533654:G:C	1	20533654	0.157773477052152	0.216224015474667	0.465588247975678
chr1:22009627:T:C	1	22009627	-0.13817727072469	0.225489064372063	0.540015711317652
chr1:22126221:C:T	1	22126221	-0.461439283116748	0.320657031220204	0.150138316246058
chr1:23180575:A:G	1	23180575	0.258269461007593	0.186661589992788	0.166473607043334
chr1:26058659:G:C	1	26058659	0.524391702308012	0.231337410279509	0.0234034868657013
chr1:26181362:A:G	1	26181362	0.22431632265987	0.197160464624749	0.255231235625115
chr1:26848285:C:T	1	26848285	-1.08022229521558	0.891903296168856	0.225840663376982
chr1:28670719:C:T	1	28670719	0.189041024439937	0.174831459384183	0.279574453132198
chr1:29753056:A:C	1	29753056	0.029017489951387	0.192847328643427	0.880394830616452
chr1:29908726:A:G	1	29908726	0.113111641508559	0.281504528197939	0.687823059326395
chr1:31886486:G:T	1	31886486	0.221435720889592	0.172462452594697	0.199154267094361
chr1:37838865:C:T	1	37838865	0.493798688913887	0.213170181464747	0.0205335522767378
chr1:39880059:T:C	1	39880059	-0.0530842454162658	0.162999241215123	0.744672732802644
chr1:41175014:G:A	1	41175014	0.255416976638484	0.169144184714496	0.131029458833695
chr1:41597921:C:T	1	41597921	-0.763917776907506	0.68806239323707	0.266893500697087
chr1:42635725:A:G	1	42635725	0.504354080848732	0.207648223224182	0.0151452496950103
chr1:43202709:G:A	1	43202709	-0.234224250147314	0.227319263175329	0.302833664982955
chr1:47498869:G:A	1	47498869	-0.0353453427393255	0.212581537169741	0.867946655932402
chr1:51034150:G:A	1	51034150	0.0627129753958594	0.257875922556159	0.807857823336597
chr1:54900240:G:A	1	54900240	0.33154684844066	0.172154162856805	0.0541203827153864
chr1:55459433:C:T	1	55459433	-0.0479037964125577	0.32016113733929	0.881061256304607
chr1:56563907:C:T	1	56563907	0.314528841798496	0.204161695299916	0.123417348025833
chr1:65351414:T:A	1	65351414	0.176210938680937	0.167405711928814	0.292525216368213
chr1:66254178:T:A	1	66254178	0.23452151595594	0.169952356171955	0.167609718581676
chr1:73302339:T:C	1	73302339	0.0211294258419896	0.201538291351626	0.916502173506581
chr1:73563666:T:C	1	73563666	-0.226923251789926	0.300755382836543	0.450542428533798
chr1:76062379:T:C	1	76062379	-0.050192601886273	0.202359285711936	0.804105734367329
chr1:86928231:G:T	1	86928231	-0.00854905318679967	0.193140914215612	0.964694529642082
chr1:88611347:G:A	1	88611347	-0.00507718077635227	0.231753111648358	0.982521571757076
chr1:91057167:C:A	1	91057167	0.184821001421743	0.186134602968269	0.320737863020467
chr1:91093925:G:A	1	91093925	-0.423797128481309	0.282770575880668	0.133943338902053
chr1:92475800:A:G	1	92475800	0.289060491884732	0.179400919638213	0.107124320751731
chr1:94752415:G:A	1	94752415	-0.252976747342712	0.213630799637543	0.236342878842031
chr1:95614324:G:A	1	95614324	0.306204537952213	0.195681453044771	0.117627174536712
chr1:99691102:T:C	1	99691102	-0.344881486072644	0.249973545665244	0.167687677014957
chr1:104937367:T:A	1	104937367	0.354472601965853	0.200359615695961	0.0768635267510515
chr1:115841221:A:T	1	115841221	0.432732967930633	0.225506319683166	0.0549920001288479
chr1:153704237:C:A	1	153704237	-0.154982533502948	0.117098635167285	0.185662090018806
chr1:155857667:G:T	1	155857667	-0.0930057676725675	0.184786262297682	0.614742555462555
chr1:157334223:T:C	1	157334223	-0.45578434191806	0.303778913727784	0.133515540987482
chr1:159540226:C:T	1	159540226	0.0388027443225889	0.150330374378335	0.796317027336673
chr1:165647351:T:C	1	165647351	-0.153395925355336	0.222899486273854	0.491336733851142
chr1:167545338:A:T	1	167545338	-0.242963061476581	0.385440155078504	0.528464157381814
chr1:168863629:G:A	1	168863629	-0.400586321668544	0.302279538109251	0.185098816610721
chr1:171350391:G:A	1	171350391	0.0649723659953943	0.134558542071599	0.629198161576208
chr1:173013575:C:G	1	173013575	0.312592123242483	0.18382898729254	0.0890461891842932
chr1:178947344:C:A	1	178947344	0.280612680617724	0.165271333792205	0.0895283700169902
chr1:182872646:T:G	1	182872646	0.525734813305385	0.229489891381944	0.0219701001710954
chr1:185127444:C:G	1	185127444	-0.0479876644869481	0.229208806858404	0.834165483813307
chr1:185619557:C:T	1	185619557	-0.527866744547548	0.484310219417701	0.275741699864214
chr1:186638909:G:T	1	186638909	0.178196767280343	0.189802691143381	0.347806381811426
chr1:188272062:T:C	1	188272062	-0.045554239595805	0.146902672200035	0.756486356760471
chr1:193365737:C:T	1	193365737	0.102965681250647	0.191771077041176	0.591323038980861
chr1:193791070:G:T	1	193791070	0.461155325561437	0.231886330011536	0.0467329061941433
chr1:195033388:T:C	1	195033388	0.277374183396922	0.196454945571317	0.157980238584045
chr1:195907914:A:G	1	195907914	0.169218596477228	0.203710589698048	0.40615364036294
chr1:196692375:G:C	1	196692375	-0.135293564882962	0.150641372360854	0.36912322110835
chr1:197559019:A:G	1	197559019	-0.250271213584397	0.244426125443315	0.305876125470835
chr1:199160726:G:A	1	199160726	-0.47819400426552	0.345798332248098	0.166704850610705
chr1:204277152:T:C	1	204277152	-0.055736754754518	0.225595306483918	0.804857747382139
chr1:207498131:C:T	1	207498131	0.118580435590673	0.227699094916293	0.602522176015744
chr1:208744577:C:T	1	208744577	0.566519092181134	0.241778165026265	0.0191224176770092
chr1:210496535:G:A	1	210496535	-0.327501556233434	0.328329496881366	0.31853239010677
chr1:212937214:T:G	1	212937214	-0.217234025600479	0.217324954320426	0.317513031233034
chr1:219750864:A:G	1	219750864	-0.0854128163609224	0.247502443271317	0.730020034234195
chr1:221920463:G:A	1	221920463	-0.112739512913849	0.375321418411846	0.763886371975941
chr1:227462684:A:G	1	227462684	0.293799431325371	0.180031521677925	0.102693542690469
chr1:234456961:G:A	1	234456961	0.547846987843325	0.24055589633896	0.0227611126590388
chr1:237308322:A:G	1	237308322	0.0712273582071547	0.147853034947469	0.629987595322866
chr1:239000642:T:C	1	239000642	-0.431077711910432	0.503956628612949	0.392337198071553
chr1:242239801:C:T	1	242239801	-0.226905544349474	0.557416830566076	0.683959376216637
chr1:244583991:C:T	1	244583991	0.185561758759829	0.220802314209777	0.400685433876437
chr1:246213578:G:A	1	246213578	0.424480636239244	0.230925803092919	0.0660375166517356
chr1:247190028:T:C	1	247190028	0.277291475283506	0.206994044004988	0.180371881869033
chr1:247897239:C:T	1	247897239	0.253973926333418	0.207275960852635	0.220464586071014
chr2:3248328:A:G	2	3248328	0.0413572822249936	0.210467057193574	0.844216952999691
chr2:4505759:T:G	2	4505759	0.369065756030544	0.212366552771109	0.082233478078938
chr2:6804400:G:A	2	6804400	0.310645047699976	0.213154646873111	0.145014454817254
chr2:9411790:A:C	2	9411790	-0.0265693696414165	0.202642671937322	0.895684820505496
chr2:12096367:C:T	2	12096367	-0.247629540624678	0.280341831070183	0.377067265088941
chr2:13545005:C:T	2	13545005	-0.224438997481315	0.172688466922958	0.193712155472506
chr2:16009716:A:G	2	16009716	-0.41381972717022	0.195080129918395	0.0338981821049507
chr2:16367899:A:T	2	16367899	-0.444525927883609	0.192990943658097	0.0212590892651712
chr2:17630111:A:C	2	17630111	-0.283565295435982	0.255751227375016	0.267536152384731
chr2:17928966:C:G	2	17928966	0.0978428129690007	0.195809407517231	0.617297654322717
chr2:18261494:A:T	2	18261494	0.172301127480398	0.153726385208218	0.262360278361553
chr2:19530615:T:C	2	19530615	0.0591326990526078	0.172691736452292	0.732036605552207
chr2:19562158:T:C	2	19562158	-0.0729261142985743	0.291200981156373	0.802253099061058
chr2:27383116:G:A	2	27383116	-0.337249601178175	0.267138507399064	0.206786109540976
chr2:37762298:C:T	2	37762298	0.203073261446892	0.217168591435911	0.349739349177854
chr2:42010994:T:A	2	42010994	0.208678137998324	0.223940175598114	0.351415238349339
chr2:45824390:C:G	2	45824390	-0.101257602798091	0.347038010210829	0.77045736686706
chr2:46742820:T:C	2	46742820	-0.183159545580787	0.329421593525128	0.578208489916536
chr2:49789441:T:C	2	49789441	-0.167198708251765	0.25371948285159	0.509901921282308
chr2:49994518:G:A	2	49994518	0.1172566453826	0.200510588205654	0.558688732938444
chr2:51284042:G:A	2	51284042	-0.00231466298603045	0.291385053623724	0.993661945202145
chr2:51344078:G:A	2	51344078	0.102236957595746	0.269905107519541	0.70484490917527
chr2:57278002:C:A	2	57278002	-0.109757830881862	0.211732913104702	0.604194077383961
chr2:57368273:A:G	2	57368273	0.464840596257587	0.229312920962984	0.0426520200464285
chr2:60075157:T:C	2	60075157	0.00762174252406679	0.461133954979916	0.986812955870374
chr2:60373837:A:G	2	60373837	-0.312109520888805	0.240002828925211	0.193449862486583
chr2:61147014:T:C	2	61147014	0.129590838537576	0.150391496024805	0.388858165329372
chr2:61693274:A:G	2	61693274	0.225928238267269	0.195313809075974	0.247376629334521
chr2:65295480:C:T	2	65295480	-0.0603519605670354	0.335212401116232	0.857120416666636
chr2:66031496:T:C	2	66031496	-0.214232940228056	0.15815445544252	0.175551251949351
chr2:69165635:T:C	2	69165635	0.00381494805444341	0.254913748986367	0.988059590566135
chr2:71204755:G:A	2	71204755	0.0276960388839029	0.417114634229057	0.94706008180601
chr2:72022684:A:G	2	72022684	0.287644419961955	0.176969258079642	0.104079055055843
chr2:76651386:C:A	2	76651386	0.107529291824599	0.269867142962944	0.690296517658634
chr2:79784490:C:G	2	79784490	-0.101274024314015	0.199196082919702	0.611163223172284
chr2:82619301:T:C	2	82619301	-0.6760373207841	0.348885712979935	0.0526593179444095
chr2:83181917:T:C	2	83181917	0.299578602129094	0.228029055396348	0.188922331819084
chr2:83400799:T:A	2	83400799	-0.149012732394096	0.282540156049394	0.597913253285535
chr2:85744328:G:A	2	85744328	-0.113174654435151	0.241125253306449	0.638812021910164
chr2:85757440:T:A	2	85757440	0.0798745019347782	0.233778652473567	0.732601344853539
chr2:99811694:T:C	2	99811694	0.461576689496752	0.213234379972216	0.0304148981939172
chr2:101228073:A:C	2	101228073	-0.368184935697198	0.233211554465487	0.114391252477412
chr2:106861882:T:C	2	106861882	-0.296654445511882	0.384538745800011	0.440437120109437
chr2:108083619:T:C	2	108083619	0.0683099152645106	0.152370984551194	0.653927215301458
chr2:114129906:T:C	2	114129906	-1.30280494896499	0.898373620125435	0.147007867595317
chr2:118004610:C:T	2	118004610	0.025656419484778	0.146494474523717	0.860972968904457
chr2:119455921:A:G	2	119455921	0.0746562578272684	0.140501032165185	0.595171162244142
chr2:120644763:G:A	2	120644763	0.144373283504917	0.147267676371538	0.326915335189817
chr2:120916837:A:G	2	120916837	0.190336232384275	0.191230523396797	0.319578955582754
chr2:122628686:C:A	2	122628686	-0.347541144236499	0.238886964956121	0.145714915312123
chr2:122629789:A:C	2	122629789	-0.4173926194831	0.24297853618751	0.0858300302167411
chr2:126391403:A:G	2	126391403	0.250340381635032	0.223313696081018	0.262276943729065
chr2:127192867:G:A	2	127192867	-0.080731182340608	0.200991318819106	0.687930570432273
chr2:130915743:C:T	2	130915743	-0.185745598747282	0.145992221935306	0.203267291139736
chr2:136107122:C:T	2	136107122	0.336452167079179	0.181797550451993	0.0642131671082177
chr2:136507185:G:C	2	136507185	0.216454143663741	0.219653190085815	0.324409992549057
chr2:141023592:C:T	2	141023592	0.188440539007584	0.2245078985654	0.401273346891121
chr2:143017176:T:C	2	143017176	0.344458550797679	0.198784576734868	0.0831270761148081
chr2:143920023:G:T	2	143920023	0.084238482698953	0.261463831587326	0.747316145459279
chr2:144729333:C:T	2	144729333	0.32253472491163	0.186978641117536	0.0845307794758555
chr2:148561010:G:C	2	148561010	-0.00516788827651793	0.262572600120249	0.984297249338614
chr2:154835349:G:T	2	154835349	0.163782562747557	0.170159225335653	0.335785790873074
chr2:164974626:C:A	2	164974626	0.124759984395607	0.168759677597457	0.459739401761302
chr2:167086954:T:G	2	167086954	0.0995167247602818	0.211017228569353	0.637208944313652
chr2:167199229:C:T	2	167199229	0.167787941024533	0.193496478312138	0.385866991444601
chr2:167657344:C:T	2	167657344	-0.445350815301003	0.257355117655948	0.0835425182043131
chr2:167884398:C:T	2	167884398	0.383323537107531	0.182195129840005	0.0353856369705733
chr2:168647356:T:G	2	168647356	0.207040261729526	0.139561407891199	0.137939879407284
chr2:170041677:A:G	2	170041677	-0.602974968404617	0.491800339035249	0.220177439976131
chr2:171274449:C:A	2	171274449	0.345490529279788	0.176037806471469	0.049693509479942
chr2:177787584:G:A	2	177787584	-0.0400760395355357	0.198656848495988	0.840123898248745
chr2:179648558:C:T	2	179648558	0.327902391935032	0.196557254107808	0.0952703967792158
chr2:180833197:G:A	2	180833197	0.138753101582458	0.243060692046443	0.568096011777066
chr2:183527028:C:T	2	183527028	-0.662862839845654	0.343853580709837	0.0538865554721503
chr2:184516924:T:A	2	184516924	-0.284604834363117	0.221074152565558	0.197964406059505
chr2:191922008:C:T	2	191922008	-0.772859642034431	0.378193041360259	0.0409971727358253
chr2:195817951:G:C	2	195817951	0.161068164418324	0.219599977486306	0.463276902634677
chr2:197010424:G:A	2	197010424	0.242133382168081	0.195963303805971	0.216605151647225
chr2:209101337:G:A	2	209101337	0.252979679315173	0.216215098724442	0.241986053587181
chr2:209103516:A:G	2	209103516	0.240309107042764	0.181237778643265	0.184861972413237
chr2:210957182:G:A	2	210957182	0.0826018047084972	0.261334443690709	0.7519440703833
chr2:214802180:T:C	2	214802180	-0.236945914065171	0.263636066690995	0.368779777211642
chr2:215209936:A:G	2	215209936	-0.0312342078583885	0.16658417900472	0.851270156527859
chr2:215367000:G:A	2	215367000	-0.904014785884721	0.738917174621067	0.221166640000038
chr2:220997842:C:T	2	220997842	-0.00736440056206064	0.189972328906384	0.969077232615754
chr2:226027918:G:A	2	226027918	0.0172605806768663	0.242763401775917	0.943317831120341
chr2:228947684:G:A	2	228947684	-0.15587308558768	0.175176107879463	0.373569041134256
chr2:233152507:T:C	2	233152507	0.198492606029958	0.170195080816107	0.243507224213154
chr2:235620294:A:T	2	235620294	0.154976133626954	0.157576211739791	0.325361635763662
chr2:237288548:A:G	2	237288548	-0.159236492472084	0.199910761872143	0.42571947316368
chr2:237513585:T:C	2	237513585	0.290673811657963	0.195449121126987	0.136959458105817
chr2:237920759:T:G	2	237920759	-0.0124118055484513	0.166244039833785	0.940485111972645
chr2:240429648:C:T	2	240429648	-0.132146089265094	0.19623936079234	0.500697698186899
chr3:9841346:T:C	3	9841346	0.224759240295778	0.208442407240575	0.280908902251119
chr3:10127208:T:G	3	10127208	0.0233320029125552	0.25088679043614	0.925905045055283
chr3:14082905:A:G	3	14082905	-0.162828106487336	0.207275047994834	0.43212214016571
chr3:16798495:T:G	3	16798495	-0.067909841214444	0.214808281433733	0.751895006219838
chr3:18882818:T:C	3	18882818	0.0838172043590238	0.11850840047604	0.479399921572836
chr3:20179943:G:A	3	20179943	0.443796106837391	0.270924747331584	0.101405239966464
chr3:22245167:A:G	3	22245167	-0.070111168848879	0.243912962358127	0.773772841601503
chr3:24009496:G:A	3	24009496	0.0144415272460229	0.0873404535542776	0.868670459278042
chr3:24010534:C:T	3	24010534	0.240944866059385	0.180366695081774	0.181594651608874
chr3:33111016:C:A	3	33111016	0.231857747282345	0.197038121691156	0.239309210048787
chr3:33421913:A:G	3	33421913	0.0692219380621452	0.207665136547988	0.738881859396521
chr3:34471110:A:G	3	34471110	-0.0479765279000487	0.170267158282985	0.7781182962783
chr3:34498029:C:T	3	34498029	0.279192788185728	0.212623635796571	0.189154495710604
chr3:35230331:G:A	3	35230331	0.201738063628094	0.187557132236238	0.282102341495514
chr3:41413926:T:C	3	41413926	0.0928389580254098	0.172086751840666	0.589549291176923
chr3:42098050:T:C	3	42098050	0.217450508168082	0.184399389082722	0.238303976871025
chr3:46489654:A:G	3	46489654	-0.410816988233803	0.20223283425949	0.0422138286271332
chr3:56959175:A:G	3	56959175	0.501850048459478	0.227913606646454	0.0276701789052513
chr3:64441608:G:A	3	64441608	-0.444493509802228	0.206154090324508	0.0310740869445972
chr3:66150510:T:A	3	66150510	0.107427882932869	0.158933877694041	0.499086260075851
chr3:66995763:G:T	3	66995763	0.0336317651547371	0.248144090913964	0.892190308803141
chr3:68498445:T:C	3	68498445	-0.382764748160045	0.169786113382666	0.0241714098676801
chr3:68824246:G:A	3	68824246	0.129607065056058	0.161753791122782	0.422980346715565
chr3:69021248:A:C	3	69021248	-0.00254335405540398	0.207113382662341	0.990202217230697
chr3:69617754:T:G	3	69617754	0.0212180982089116	0.202952158946834	0.916735041905717
chr3:74191731:G:A	3	74191731	0.334573208048412	0.200179777225212	0.0946498663658204
chr3:74732240:G:A	3	74732240	-0.0144986073671169	0.162251533458658	0.928796740591797
chr3:75709324:A:T	3	75709324	0.397291608600914	0.222893705787499	0.0746797359631481
chr3:84465702:T:C	3	84465702	-0.235503705689977	0.311658918871749	0.449861679449079
chr3:84817748:G:A	3	84817748	-0.328781707956836	0.18293211320268	0.0722898963235037
chr3:85705423:A:G	3	85705423	0.0289924907854868	0.212388315930448	0.891420495086764
chr3:88069353:C:T	3	88069353	-0.0618051243737994	0.210300022729637	0.76884177549819
chr3:93986190:G:A	3	93986190	-0.303116327008506	0.273942664903214	0.268512109049617
chr3:101022648:G:A	3	101022648	0.369773639393387	0.181648315910871	0.0417848244129753
chr3:105622159:T:C	3	105622159	-0.165349106632335	0.393506356052665	0.674343557758111
chr3:106664728:C:T	3	106664728	0.25498895506297	0.179294456080101	0.154974059082607
chr3:110774699:C:T	3	110774699	0.139136919572565	0.210866800503834	0.509360863765445
chr3:113428518:G:A	3	113428518	0.0205166354228567	0.197626524433514	0.917316010767538
chr3:121058963:T:G	3	121058963	-0.251436217631957	0.237990096324335	0.290740453162945
chr3:122312606:G:A	3	122312606	0.0940902153485861	0.244265214311983	0.700091503478888
chr3:124193435:A:C	3	124193435	0.138860084963979	0.141781820878342	0.327385966632837
chr3:124804582:A:T	3	124804582	0.477415837983735	0.244935486466952	0.0512775946898945
chr3:126773646:G:T	3	126773646	-0.26558530089168	0.239372557955613	0.267211936612713
chr3:131110446:C:G	3	131110446	0.325176368972561	0.201123769377999	0.105922040638031
chr3:131209978:G:T	3	131209978	-0.289533965717819	0.412985936883662	0.483256437779197
chr3:133982842:C:T	3	133982842	-0.203388103159717	0.216858797133335	0.348304720795313
chr3:134929007:C:T	3	134929007	0.505959198848176	0.324748357885045	0.119232330376654
chr3:137777496:C:T	3	137777496	-0.572948950087211	0.503238497095194	0.254901872982496
chr3:146265901:G:T	3	146265901	-0.0529500751084014	0.172399782012334	0.758740317700261
chr3:148006706:G:A	3	148006706	0.293269962590476	0.246162599940961	0.233509598713501
chr3:149679065:C:A	3	149679065	-0.168914927428282	0.19828327908001	0.394276869754048
chr3:150888061:C:A	3	150888061	0.443712483011843	0.247637050085615	0.0731673275918225
chr3:152663712:G:C	3	152663712	0.149565711486971	0.249898949387879	0.549503181748571
chr3:159417151:A:G	3	159417151	0.25982888115234	0.229480506986126	0.257530119050361
chr3:164899350:G:A	3	164899350	-0.0018841622626981	0.282837373735904	0.994684815374437
chr3:168053836:T:C	3	168053836	-0.112104842488392	0.214515130569108	0.601255121926526
chr3:171028381:G:A	3	171028381	0.108856330993351	0.212919412872988	0.609171798604557
chr3:174497130:T:C	3	174497130	-0.101124189906046	0.238412374938967	0.671451586650961
chr3:176663180:T:G	3	176663180	0.149067563519139	0.297620083473816	0.61646594604827
chr3:196706550:C:T	3	196706550	-0.144263541321006	0.165759887799332	0.384127543626767
chr4:332191:G:A	4	332191	0.115348428236592	0.186782169239772	0.536868130613378
chr4:8816874:T:C	4	8816874	0.0528235385511799	0.144184744556068	0.714096382961414
chr4:9851274:C:G	4	9851274	0.31679479157545	0.185079910077034	0.0869584348224387
chr4:10725805:A:G	4	10725805	-0.130760035022864	0.190684557758434	0.49287705694957
chr4:13219910:C:T	4	13219910	0.0917633776560942	0.186070806771712	0.621896886064738
chr4:18747099:A:G	4	18747099	0.081481874249114	0.164211267807928	0.619752266362554
chr4:20840555:C:T	4	20840555	0.0378961232090853	0.198079233680707	0.848276458093523
chr4:21137718:C:T	4	21137718	-0.365323464284893	0.207494138234024	0.0782985501625738
chr4:26851610:T:C	4	26851610	0.175834804466543	0.247871587907337	0.478089552939644
chr4:32302160:A:T	4	32302160	0.233678889634413	0.254952390276589	0.359373814772996
chr4:34501888:A:G	4	34501888	0.0309202633938344	0.345051916743767	0.92859676642159
chr4:40603484:A:G	4	40603484	-0.151499213428342	0.23165892785423	0.513127728512944
chr4:41002348:C:T	4	41002348	0.109785396176028	0.237343511051331	0.643680445119319
chr4:44018406:T:G	4	44018406	0.294549403035546	0.246382206157661	0.231892567363155
chr4:44680448:T:C	4	44680448	0.243899606835997	0.187759850758028	0.193944732114476
chr4:55337032:C:T	4	55337032	-0.13929931609433	0.184944175968323	0.451331809577917
chr4:55659669:G:A	4	55659669	0.175409447177078	0.1968246460926	0.37282373051417
chr4:56719096:C:T	4	56719096	0.0811662299527327	0.196954253439153	0.680260985409642
chr4:58944563:C:T	4	58944563	0.370220607437141	0.21004401226056	0.0779703624766526
chr4:61158247:C:G	4	61158247	-0.195529076283366	0.23764247167333	0.410629274386301
chr4:64485722:G:A	4	64485722	-0.565026320920861	0.527581043894083	0.284180489695218
chr4:67708732:C:T	4	67708732	0.0766179458926161	0.199725161027273	0.701262416857507
chr4:67911021:C:T	4	67911021	0.00648509591377082	0.210984285627325	0.975479011482803
chr4:90022599:G:T	4	90022599	0.0582199845406847	0.212611856881877	0.784213533568845
chr4:95020597:A:T	4	95020597	0.0256210729469268	0.309469412829783	0.934018263067821
chr4:95433170:T:C	4	95433170	-0.421289687422126	0.371474854597896	0.256752541742733
chr4:97398054:G:A	4	97398054	0.229556672632452	0.213785644793545	0.28292565133338
chr4:98823404:T:C	4	98823404	0.369168311611367	0.200144931648583	0.0651095891253589
chr4:99262681:C:G	4	99262681	-0.525936597276976	0.282896062482079	0.0630106972480664
chr4:99355957:G:T	4	99355957	-0.204062484200447	0.140779397201773	0.147192553209977
chr4:101085120:T:C	4	101085120	0.424199020500762	0.227580910524734	0.0623289839650428
chr4:102399971:C:T	4	102399971	0.298494848221259	0.240838364076921	0.215197739904001
chr4:102884286:T:C	4	102884286	-0.0755458022941483	0.181419711265035	0.677106704028422
chr4:105992845:C:T	4	105992845	0.09469906904458	0.219107046953245	0.66559273143339
chr4:108791253:G:A	4	108791253	0.179152235431427	0.152075117154431	0.238776296954701
chr4:110191180:A:G	4	110191180	-1.15231164280098	0.610374688265759	0.0590426172797576
chr4:110957298:T:A	4	110957298	0.320833759315606	0.217439936107809	0.140076767712791
chr4:113348012:C:T	4	113348012	0.10963066412827	0.167744328457917	0.513396548039042
chr4:115515844:A:G	4	115515844	0.375863766402617	0.240836849296363	0.118604651384006
chr4:115522695:G:A	4	115522695	0.303880428474295	0.187444616770283	0.1049802249934
chr4:120770744:A:C	4	120770744	0.195929447992321	0.174189320813288	0.260670631378605
chr4:123964831:A:G	4	123964831	0.033779403775404	0.300835135762105	0.91059709076275
chr4:125256344:T:C	4	125256344	-0.14864119272836	0.342833261212381	0.664602893936201
chr4:126268710:T:G	4	126268710	0.376040012293877	0.158411871931772	0.0176055090341081
chr4:134094420:T:C	4	134094420	-0.953774016227575	0.5207470378855	0.0670185552070106
chr4:134350906:C:T	4	134350906	0.289261104882697	0.207719223599084	0.163753435332939
chr4:138952375:G:A	4	138952375	0.301322843727111	0.141359336083284	0.0330389970374303
chr4:141012527:T:G	4	141012527	0.377295995695219	0.254578075838395	0.13832849802682
chr4:141618953:G:A	4	141618953	-0.244294324164249	0.338589766108187	0.47059865664661
chr4:143626434:A:G	4	143626434	0.332129869205784	0.236841356421851	0.160816562219568
chr4:149616644:T:G	4	149616644	0.202386884802966	0.199790539969198	0.311062389563802
chr4:154030957:C:G	4	154030957	-0.21163906343154	0.276318973530062	0.443722106160528
chr4:168588553:A:C	4	168588553	0.393764714335308	0.199683411454162	0.0486158800248213
chr4:171334248:A:T	4	171334248	0.0128458230929066	0.321299076707297	0.968108361556943
chr4:171974219:A:G	4	171974219	-0.466461016916763	0.25196065735258	0.0641228384507796
chr4:176312841:C:T	4	176312841	-0.00922588693022051	0.172209171963096	0.957274790347657
chr4:179329624:T:G	4	179329624	0.103314541431882	0.177156079744426	0.55976963005421
chr4:183032183:A:G	4	183032183	0.113116590301987	0.189758888631005	0.551103788719748
chr4:184991673:A:G	4	184991673	-0.305996535302279	0.219357860757531	0.163026398262289
chr4:189912372:C:T	4	189912372	0.239121079393248	0.240400735502238	0.319893390300859
chr5:79496:A:G	5	79496	0.232078000215238	0.163527918441692	0.155842180400715
chr5:5313703:A:G	5	5313703	0.0137504238749364	0.164786137695032	0.933498458177395
chr5:7364955:T:A	5	7364955	0.0968990399556548	0.212441292205498	0.648302613449586
chr5:8067079:G:C	5	8067079	0.000727851018932201	0.129031260781005	0.995499245630535
chr5:13911296:G:T	5	13911296	0.484260347974456	0.191188851367784	0.0113126416287245
chr5:15621966:C:G	5	15621966	0.036865169214046	0.161144891916975	0.81904743278285
chr5:15997511:T:A	5	15997511	0.482093009659623	0.259082491029203	0.0627766185753357
chr5:17902851:T:C	5	17902851	0.099334026966733	0.394119207104217	0.801009710633638
chr5:20719353:A:C	5	20719353	-0.143655544571793	0.318749335921809	0.652216594540791
chr5:20732163:G:T	5	20732163	-0.185581628707276	0.185279875801796	0.31652298670058
chr5:21913130:A:C	5	21913130	0.0391779423504413	0.185055296078127	0.832333768309079
chr5:23682774:A:T	5	23682774	0.276432974609036	0.220008211649259	0.208946840004837
chr5:23787194:A:C	5	23787194	0.0373960782821604	0.193594888822779	0.846828447558186
chr5:23895775:T:G	5	23895775	0.102865918339256	0.200323238572904	0.607601836547709
chr5:25693600:A:G	5	25693600	0.298755690776025	0.292583106946184	0.307208552279857
chr5:33466391:T:A	5	33466391	0.37263548888804	0.177555997967039	0.0358439925853397
chr5:33624899:A:G	5	33624899	0.247846804174824	0.31528037192866	0.431799792884987
chr5:39550509:T:G	5	39550509	0.30064348515497	0.149092456482318	0.0437487365228775
chr5:39634108:G:A	5	39634108	-0.133090720740515	0.156706468496554	0.395714675339286
chr5:39978357:G:A	5	39978357	0.203963977926189	0.160922554065936	0.20498846466414
chr5:40238036:C:A	5	40238036	0.385650023326666	0.277661467027422	0.164856575873063
chr5:44011742:G:T	5	44011742	0.173747328065272	0.384381678481874	0.651256220406682
chr5:50222627:G:A	5	50222627	0.549166021541945	0.274885186609719	0.0457381912177116
chr5:54814079:C:T	5	54814079	-0.11920700631534	0.212751186269771	0.575266760290092
chr5:66989845:C:A	5	66989845	0.00249127955355825	0.124576847695626	0.984045020823522
chr5:66992139:G:A	5	66992139	0.102705079030421	0.229626882026411	0.654680554106088
chr5:73076502:T:C	5	73076502	-0.0870072267833124	0.207237795716459	0.674600541559027
chr5:76998986:C:A	5	76998986	0.241034040807799	0.158475602890651	0.128271478398221
chr5:77675144:G:C	5	77675144	-1.00215263220144	0.669969248328065	0.134700867176776
chr5:80530472:T:A	5	80530472	0.4515588739249	0.213336263114679	0.0342892954892863
chr5:81710558:G:T	5	81710558	-0.150481991090651	0.224760705195063	0.503163248975678
chr5:82792281:C:G	5	82792281	0.0863931108144204	0.2577037188869	0.737442539824402
chr5:84879932:A:G	5	84879932	-0.0591532995760956	0.198482734942519	0.765682227558628
chr5:85476293:A:G	5	85476293	0.0330822560594248	0.22683540304878	0.88404567643614
chr5:85809583:T:C	5	85809583	-0.556690449786418	0.271541957257064	0.0403538530645962
chr5:92192959:A:T	5	92192959	0.23965002877711	0.182690747195835	0.189594448074492
chr5:94648523:C:G	5	94648523	0.394332833847338	0.171839314980994	0.0217459320417656
chr5:98024666:G:A	5	98024666	0.166600900005198	0.179322195066107	0.352858508605164
chr5:101328324:T:C	5	101328324	0.0187354370524251	0.230572507001747	0.935238236068242
chr5:101825779:A:C	5	101825779	0.129845837691514	0.163227521877466	0.426328610029349
chr5:106773905:G:A	5	106773905	-0.223483287110516	0.180788162659591	0.216398701234605
chr5:110045491:C:T	5	110045491	0.248202432314312	0.176581315687454	0.159843381965371
chr5:114915760:G:T	5	114915760	-0.160915100906576	0.213236986526167	0.450470810441046
chr5:115102683:A:G	5	115102683	0.154829163701297	0.197387736607258	0.432810718914323
chr5:117238479:G:A	5	117238479	0.166674098275818	0.218446985648656	0.445465994297452
chr5:121740415:G:T	5	121740415	0.15461352815315	0.135793466754611	0.254872834299721
chr5:137227416:A:T	5	137227416	0.0756570659732416	0.27134948887929	0.780384657902371
chr5:137406489:C:T	5	137406489	0.250004877736172	0.244264394558417	0.306070977724301
chr5:140638650:G:A	5	140638650	-0.00771298846353021	0.172854182990262	0.964409118010866
chr5:142682003:T:C	5	142682003	0.141474909183355	0.148290497123939	0.340063930139434
chr5:144183699:A:G	5	144183699	0.0676188406368521	0.193894762656727	0.727284584764376
chr5:145690757:G:T	5	145690757	0.0641772195339962	0.220278873634774	0.770787227548795
chr5:147282093:C:T	5	147282093	0.59180005175739	0.252642998092523	0.0191583198934207
chr5:148033208:G:T	5	148033208	0.115518972860607	0.241208141875301	0.631996811815765
chr5:151763317:T:C	5	151763317	0.138325050912534	0.204606281785887	0.499005877708916
chr5:153541577:C:T	5	153541577	0.0516790713299232	0.264509468999462	0.845097806760116
chr5:160435085:T:G	5	160435085	0.381138575095036	0.231402309589669	0.0995411957404255
chr5:164252995:G:C	5	164252995	0.251223362317919	0.204390367336826	0.219021179492768
chr5:168245100:T:C	5	168245100	0.0276706274978731	0.152922165577181	0.856410098887617
chr5:169455657:C:T	5	169455657	-0.0124618364805306	0.160868677484199	0.938252919579329
chr5:169808985:G:C	5	169808985	0.0564435320746937	0.220844810736723	0.798275109620963
chr5:172672695:T:C	5	172672695	0.153337057732438	0.177808221661915	0.388482144274681
chr5:173346700:A:C	5	173346700	0.167518220385055	0.210247444221045	0.425586377746072
chr5:177122146:G:C	5	177122146	-0.09986015722057	0.446445193771374	0.823007535968306
chr6:1084246:G:A	6	1084246	0.515203446271513	0.317555463224392	0.104716743541486
chr6:3041612:C:A	6	3041612	-0.096545725064908	0.192428762194051	0.615863154029313
chr6:3673174:A:G	6	3673174	-0.38754443199737	0.465606383965469	0.405215102104039
chr6:3786319:G:C	6	3786319	0.31056108911497	0.179202238405047	0.083092088361152
chr6:6090729:G:T	6	6090729	0.115867662799233	0.286618074675588	0.686022973213466
chr6:6354181:A:T	6	6354181	0.165178539112298	0.222028874751985	0.456906294858996
chr6:6456261:T:C	6	6456261	0.52206374094016	0.200695839631554	0.0092879761699356
chr6:7642514:C:G	6	7642514	-0.00237588087569324	0.13732610070362	0.986196476177124
chr6:12212257:G:A	6	12212257	0.223527768710265	0.486136767322526	0.645656707251261
chr6:21494280:T:C	6	21494280	0.0272443676934285	0.280949296316644	0.922748199243145
chr6:23163726:T:C	6	23163726	0.189536928963659	0.323741231712536	0.558239726910887
chr6:23344439:T:A	6	23344439	0.246394775938608	0.238241667929411	0.301032388302386
chr6:24077828:C:T	6	24077828	-0.408071470155501	0.576649350641574	0.479156648541803
chr6:26287827:G:A	6	26287827	-0.405366184776786	0.232235036644585	0.0808979261397715
chr6:27261142:G:T	6	27261142	0.485133226391043	0.278710697994006	0.0817478110099321
chr6:31108549:A:G	6	31108549	0.223284680838553	0.132647181295952	0.0923174963768313
chr6:31845997:T:C	6	31845997	0.0820081436619795	0.146222224670925	0.574902553664162
chr6:32660000:G:C	6	32660000	0.157539819181466	0.231841400581255	0.496811306506802
chr6:33148933:A:G	6	33148933	0.106639793441908	0.141796942163933	0.452015040458792
chr6:37400014:G:T	6	37400014	0.0505144563936878	0.169614241770711	0.765840805960614
chr6:39124093:C:T	6	39124093	0.217303690212238	0.180538497730898	0.228728039252691
chr6:45195864:C:T	6	45195864	-0.391353723801095	0.26976928204154	0.146864007863425
chr6:46738257:G:A	6	46738257	0.567008296212752	0.216768621924528	0.00890368019292387
chr6:47717919:C:A	6	47717919	-0.0243857030970156	0.188622094968074	0.897133417216222
chr6:48859012:C:A	6	48859012	0.0532912154932825	0.171261607987964	0.755672538127126
chr6:49860743:T:G	6	49860743	0.219022061511957	0.215537361119672	0.309549629761534
chr6:53292416:C:G	6	53292416	-0.39409665817289	0.194786743175833	0.043050352242394
chr6:54457248:C:T	6	54457248	-0.0413025689433483	0.3162930055765	0.896104993009713
chr6:57513520:G:A	6	57513520	0.256474146873242	0.222891376295485	0.249868527220877
chr6:67461006:G:C	6	67461006	0.151342420935895	0.291375091278634	0.603476570706005
chr6:69504128:A:G	6	69504128	-0.218774665649842	0.338578364869775	0.518177903718921
chr6:81137001:T:C	6	81137001	0.255729947934777	0.188037631865502	0.173831996237216
chr6:84758749:C:T	6	84758749	-0.10851047398924	0.246024649326262	0.659172967494768
chr6:86667874:G:T	6	86667874	0.0276051541183278	0.318564457676449	0.930945868771937
chr6:87387916:G:T	6	87387916	-0.11946701750842	0.153740277673429	0.437117242410356
chr6:88566465:G:A	6	88566465	0.211863772186136	0.208730432295502	0.310100384492535
chr6:93273487:T:C	6	93273487	0.24493362050045	0.282383023520576	0.38573338341722
chr6:97788153:C:A	6	97788153	-0.189062330410417	0.250674017592281	0.450719590201859
chr6:98771646:C:T	6	98771646	0.114688091828326	0.284616880792871	0.68698056249199
chr6:104918249:A:G	6	104918249	-0.00584499642310317	0.154193215060741	0.969761861757796
chr6:107129138:A:G	6	107129138	-0.582980237992687	0.220766694977516	0.00827331449514734
chr6:112187089:T:C	6	112187089	-0.0741686881950061	0.244762925423533	0.761872669182644
chr6:118046853:T:C	6	118046853	0.459254493920634	0.236555764401018	0.0522071484884048
chr6:121081137:A:G	6	121081137	-0.0992136828221656	0.15514624899269	0.522507536655739
chr6:123103197:T:C	6	123103197	0.30500733482503	0.157340735815076	0.0525604548515578
chr6:127784009:G:A	6	127784009	-0.504202092636335	0.318776925200488	0.113723353192919
chr6:129527930:G:A	6	129527930	-0.32072177035236	0.196077877192215	0.101905393932476
chr6:137254996:T:C	6	137254996	-0.0416615205289171	0.262517690721992	0.873905349192976
chr6:138165202:C:G	6	138165202	0.216237691006347	0.243807874775981	0.375122832758563
chr6:139464917:T:A	6	139464917	-0.275685808220578	0.375075785272432	0.462331203345736
chr6:151547601:G:A	6	151547601	0.102160848908662	0.121798240148979	0.401597747893068
chr6:152638179:C:T	6	152638179	-0.239692945678191	0.27990244032989	0.391807193722116
chr6:153842833:G:A	6	153842833	-0.271909572121524	0.249367862642966	0.275539004133526
chr6:156754666:T:G	6	156754666	-0.787640209080508	0.719302047836507	0.273513915979747
chr6:160701242:A:G	6	160701242	0.311442599098598	0.183440707044988	0.0895486379515196
chr6:160909689:G:C	6	160909689	-0.264442593824164	0.408541147946824	0.517447449327793
chr6:161970870:T:G	6	161970870	-0.209628875750759	0.391903885007296	0.592719912366131
chr6:162760256:C:T	6	162760256	-0.0534039140499058	0.226711836010433	0.813775231459381
chr6:163629327:G:A	6	163629327	0.0754389129366213	0.186280166873835	0.685495483622269
chr6:167509019:C:T	6	167509019	0.00851636254064023	0.139207094432734	0.95121773116215
chr7:6986920:C:A	7	6986920	-0.442664465975856	0.362769471661055	0.222375322118212
chr7:7863676:G:A	7	7863676	-0.249006776926579	0.393630384171089	0.527001199667413
chr7:8111839:A:G	7	8111839	0.367665376314995	0.192145514791283	0.0556874458055073
chr7:9602661:C:A	7	9602661	-0.17376889364103	0.300806214729211	0.563482071174506
chr7:10804524:T:C	7	10804524	0.0254502379691137	0.26142338863392	0.922446411746428
chr7:11334355:C:A	7	11334355	0.0870546901368835	0.21986220651164	0.692141077206983
chr7:12476280:G:A	7	12476280	-0.0773173024124059	0.190100517123108	0.684215117486927
chr7:12972158:C:G	7	12972158	0.239849589734178	0.160959684432857	0.13619212323579
chr7:20850990:A:T	7	20850990	-0.3061334638232	0.173723829536156	0.078038106589402
chr7:22822020:C:A	7	22822020	0.218842722842885	0.178351522033902	0.219811200122149
chr7:24140802:T:C	7	24140802	0.173560674812247	0.160572042265377	0.279746158104459
chr7:24278575:A:G	7	24278575	-0.245186732534239	0.309623270730606	0.428426399070306
chr7:24620726:T:A	7	24620726	0.146589143271725	0.138506609048837	0.289893689276586
chr7:24740434:C:T	7	24740434	-0.196386441721698	0.151222572571408	0.19406123734785
chr7:28505993:C:T	7	28505993	0.0733041018661217	0.173334353905943	0.672363998276902
chr7:36413989:G:A	7	36413989	-0.260316033579704	0.335841158210681	0.438270804103303
chr7:41157573:G:A	7	41157573	-0.239821870735721	0.317851855089756	0.45054404848091
chr7:43755241:C:T	7	43755241	0.142340407707212	0.180595266491299	0.430595213135315
chr7:44689517:A:G	7	44689517	-0.00427603774908702	0.20154841486484	0.983073404118448
chr7:46192346:C:G	7	46192346	0.0393479021253577	0.137590386754202	0.77489453465539
chr7:46368666:G:A	7	46368666	0.498319989020497	0.258543287133612	0.0539280380648768
chr7:47748540:G:T	7	47748540	0.142233340637658	0.20441719031462	0.48655451939003
chr7:48301675:T:C	7	48301675	0.302009086108179	0.16868787061452	0.0733988468380605
chr7:51890159:C:T	7	51890159	0.0479118640592218	0.23554157160411	0.838813413108812
chr7:53046603:C:G	7	53046603	0.345177594122447	0.214793217423314	0.108049370303165
chr7:55663907:C:A	7	55663907	-0.261471444259479	0.28832518079612	0.364479238753009
chr7:56122201:A:G	7	56122201	0.0654842505529313	0.218875722420707	0.76479918113607
chr7:62910214:G:T	7	62910214	-0.0220811008035866	0.224323530823727	0.92158754185004
chr7:65406204:G:T	7	65406204	-0.266370042705764	0.40217121348168	0.507759781733002
chr7:67766433:G:A	7	67766433	-0.483434578143926	0.295499524485519	0.101841459974971
chr7:68433432:T:C	7	68433432	-0.118587142617036	0.16482407511741	0.471847025534913
chr7:71020152:T:G	7	71020152	-0.0751476942080553	0.239817576828992	0.754012053758786
chr7:71553830:T:C	7	71553830	0.170357510941348	0.199132359345875	0.392275022668061
chr7:78390279:T:G	7	78390279	0.384067973576046	0.189749679193561	0.0429622231172639
chr7:83524616:A:T	7	83524616	0.0223876428029085	0.231046871083093	0.922808555125148
chr7:84786535:C:A	7	84786535	0.424051779985043	0.228110211478149	0.0630303094687945
chr7:86620755:G:A	7	86620755	0.154550654777078	0.213521030359952	0.469176644284726
chr7:89207269:G:A	7	89207269	0.11190825733824	0.216383421961059	0.605033482467868
chr7:91097147:A:G	7	91097147	-0.0791034387224408	0.263359927487773	0.763900686209549
chr7:96212691:T:C	7	96212691	0.000112064476271824	0.275873528295327	0.999675885854199
chr7:103095283:G:A	7	103095283	0.00323526266193053	0.243061824960559	0.989380109739943
chr7:104663551:G:A	7	104663551	0.0656363276205222	0.593939657401128	0.91200484471318
chr7:113434486:A:C	7	113434486	-0.216845765403497	0.170478913093242	0.203380230580597
chr7:113749820:G:A	7	113749820	0.231246751297603	0.163848419570627	0.158142725488838
chr7:117145973:C:G	7	117145973	-0.105508998173735	0.179234227314428	0.556085715023887
chr7:119808046:G:A	7	119808046	-0.218783283469415	0.27876158843489	0.432547303565385
chr7:122582926:C:G	7	122582926	-0.152731354951485	0.309872668575752	0.622094383155965
chr7:124802410:A:T	7	124802410	-0.173858480602853	0.216869077362684	0.42274107953503
chr7:129047886:A:G	7	129047886	0.00484454056485999	0.276206027197687	0.986006149178199
chr7:131384702:T:A	7	131384702	0.136769918412351	0.170217675604544	0.421685742232903
chr7:136870573:G:A	7	136870573	0.574179199054626	0.212823527595868	0.00697758336577936
chr7:142873374:T:C	7	142873374	-0.131144123461682	0.29533086535001	0.657000430551442
chr7:143187070:C:T	7	143187070	-0.0451175050697376	0.392434175635454	0.908470217965556
chr7:145116884:A:G	7	145116884	0.0903423354407192	0.187375015144709	0.629701394967805
chr7:149242006:T:C	7	149242006	0.279015705638476	0.159878988470148	0.0809556175993084
chr7:153502245:G:A	7	153502245	-0.122609689518682	0.172434959794661	0.477053930252844
chr7:153952270:G:A	7	153952270	-0.457290888539865	0.255741020936041	0.0737596428776384
chr7:154426289:T:C	7	154426289	0.420982094244844	0.191193882604346	0.027675224420955
chr7:156975524:A:T	7	156975524	0.0484968272665113	0.216730876629855	0.822940012203823
chr7:157677820:C:T	7	157677820	0.417353976272731	0.169445875782202	0.0137759995859247
chr8:276778:A:T	8	276778	0.0590198008485194	0.125675763792548	0.638626824986084
chr8:1102873:G:T	8	1102873	0.315086984363992	0.193028486375277	0.102609119288787
chr8:8710521:T:C	8	8710521	-0.3026697360523	0.202176759394674	0.134378937844449
chr8:9029509:T:C	8	9029509	-0.0829422925441391	0.209954940311204	0.692807417345596
chr8:9109096:A:G	8	9109096	-0.0728049094166461	0.216817598233814	0.737030177341225
chr8:9827297:A:G	8	9827297	-0.0981641852798243	0.131215457503036	0.454391101714832
chr8:10675470:T:G	8	10675470	-0.181976248926623	0.346963942216412	0.59994352336585
chr8:13032868:C:A	8	13032868	-0.476370863834273	0.334830332003655	0.154816427654545
chr8:14391498:A:G	8	14391498	-0.284378176542104	0.552958160380458	0.607052634838399
chr8:16627132:C:G	8	16627132	0.0026958847419856	0.409148251273679	0.994742763185775
chr8:17129593:A:G	8	17129593	0.271696633946932	0.200987941746729	0.176437498284076
chr8:20741226:C:T	8	20741226	0.0518083005904285	0.190664249846766	0.785833245978284
chr8:23115837:G:A	8	23115837	-0.320521839925836	0.4176753439062	0.442846886291633
chr8:25783762:T:C	8	25783762	-0.140588962067896	0.269557955081951	0.601981073048329
chr8:27010051:G:C	8	27010051	-1.06890663263312	1.12393081096135	0.341582501752544
chr8:27022227:G:T	8	27022227	0.150959823958818	0.256290445716643	0.55584883714735
chr8:28150898:A:G	8	28150898	0.040634072673022	0.12432718797276	0.743795142436357
chr8:28528484:G:T	8	28528484	-0.0200988309654935	0.217107390530534	0.926240787331592
chr8:29917542:C:T	8	29917542	0.136704217383501	0.209368472817227	0.513797526137469
chr8:37085597:G:A	8	37085597	0.485310236013788	0.212138558634068	0.0221547627220066
chr8:41788192:C:T	8	41788192	-0.166804415576937	0.183160804539971	0.362453835640771
chr8:42055528:T:G	8	42055528	0.23234355679153	0.197594058990759	0.239649598396368
chr8:50763512:C:T	8	50763512	0.328194816190243	0.213670960970456	0.124542719065859
chr8:51570259:T:G	8	51570259	0.239484035886201	0.173310196286044	0.167026018761957
chr8:53142705:G:A	8	53142705	0.131212575631743	0.146892280149695	0.371719493531209
chr8:60609620:T:A	8	60609620	0.324849032785505	0.184284022469749	0.0779404917495099
chr8:61304314:G:C	8	61304314	-0.306185224724061	0.185488596511564	0.0988007306357427
chr8:61926940:A:T	8	61926940	-0.0381793105465919	0.186269180159628	0.837596752250851
chr8:63445672:G:A	8	63445672	-0.130175524353698	0.195765054681923	0.506077405486303
chr8:65343369:C:A	8	65343369	-0.265155631372428	0.168700902821683	0.116008558798075
chr8:65418628:G:T	8	65418628	-0.047686785101417	0.186556345954978	0.798247370110351
chr8:71273350:T:A	8	71273350	0.321825905186353	0.202376427854403	0.11178203720077
chr8:72033005:T:C	8	72033005	0.73368912318885	0.253225706711533	0.00376303018829838
chr8:72065200:T:A	8	72065200	-0.284767039008895	0.227594386201959	0.210860006969702
chr8:73211475:T:C	8	73211475	0.050224289851468	0.183309798104324	0.784095499967888
chr8:75992459:A:G	8	75992459	0.00133848457901105	0.490473155897453	0.997822602843665
chr8:78402394:T:A	8	78402394	-1.11783877259801	0.944475022416127	0.236588995270917
chr8:79795588:T:G	8	79795588	-0.162552209575113	0.324859236666698	0.616809386665649
chr8:86323708:T:C	8	86323708	-0.390988387019635	0.230543840568056	0.0898973534919187
chr8:89525432:A:G	8	89525432	0.0230407714725344	0.184394971747566	0.900560473390103
chr8:92001032:A:G	8	92001032	0.118511724271676	0.234473669950938	0.613251769327052
chr8:92645879:A:G	8	92645879	-0.583456015505397	0.324522606140387	0.0721944083392196
chr8:95906161:G:A	8	95906161	0.0702224729052761	0.145885651933956	0.63026574818223
chr8:96365126:C:T	8	96365126	-0.743849483580718	0.25990155843997	0.00420919553011856
chr8:97430280:G:A	8	97430280	0.26313401981018	0.325613639692278	0.419023051548042
chr8:98002322:C:T	8	98002322	0.0742424292005863	0.143867327991094	0.605820970764018
chr8:98018653:A:G	8	98018653	-0.062002622200575	0.25771144568056	0.809873426300679
chr8:104471980:T:G	8	104471980	0.209579505893937	0.193970468447147	0.279932402416936
chr8:106920372:G:A	8	106920372	-0.136209987665874	0.259271787833849	0.599335739350195
chr8:108142424:A:G	8	108142424	-0.110988961456011	0.175306389394509	0.526659081176881
chr8:109421925:C:T	8	109421925	-0.145932635524093	0.13826611481916	0.291220674362373
chr8:116252872:C:T	8	116252872	0.303497718823978	0.156479684984417	0.0524363101540777
chr8:116821900:C:T	8	116821900	0.0365493515223808	0.350957737268806	0.91705686245359
chr8:119015250:G:A	8	119015250	-0.129182242205023	0.600065360375493	0.8295487990383
chr8:121384602:C:T	8	121384602	0.190321335495323	0.162958333789197	0.242841416648186
chr8:127029052:C:T	8	127029052	-0.0396014498926587	0.201864654975003	0.844470670092846
chr8:128437247:A:G	8	128437247	-0.0891764672393826	0.267536435509937	0.738889294886692
chr8:131111695:G:T	8	131111695	0.466748345103096	0.22724856198015	0.0399842962936091
chr8:131315237:G:A	8	131315237	0.0698664844506437	0.226199293088438	0.757419379771119
chr8:135895676:A:T	8	135895676	-0.24483293830877	0.481574208612736	0.611171963709183
chr8:138585221:A:T	8	138585221	0.372246204663026	0.209309794698607	0.0753306039698168
chr8:141605122:C:T	8	141605122	-0.167506956348278	0.245107196974785	0.49435232122938
chr9:733358:A:C	9	733358	0.136888175496386	0.190934165626365	0.473411653237432
chr9:5461379:C:T	9	5461379	0.229874717902815	0.241066643787352	0.340299670261072
chr9:11397008:T:G	9	11397008	0.336535708023317	0.201673447227606	0.0951736768448862
chr9:11517950:T:C	9	11517950	0.456006734942021	0.311198408544462	0.142832332907311
chr9:11955148:T:G	9	11955148	0.130108140802365	0.160085143256675	0.41636520272459
chr9:12389360:A:G	9	12389360	0.476749833956675	0.20843498881192	0.0221793024232541
chr9:12615226:G:C	9	12615226	-0.035393924274627	0.0951454928258673	0.709894407032236
chr9:13582959:T:A	9	13582959	0.397876002459605	0.219523779146758	0.0699166023587864
chr9:13820455:C:G	9	13820455	0.0471638059877605	0.184916919838482	0.798681367344155
chr9:14098421:G:A	9	14098421	0.338081161266863	0.199707782601543	0.0904784537084522
chr9:18952915:A:G	9	18952915	-0.00455395332359918	0.122700113310745	0.970393710873244
chr9:21476808:G:A	9	21476808	-0.39172195147725	0.438227798652725	0.371387458942432
chr9:29651949:A:G	9	29651949	-0.0962660624490654	0.219175037014424	0.660502125736122
chr9:32058643:A:T	9	32058643	-0.235059739794587	0.263468414240714	0.372299531853051
chr9:37013405:C:T	9	37013405	-0.290341251469973	0.177505177511617	0.101907069657651
chr9:37992585:C:T	9	37992585	-0.0582400640679472	0.181986266027961	0.748949756982877
chr9:72294932:G:A	9	72294932	-1.09215723924573	0.719146138165068	0.128841528672059
chr9:73616570:C:T	9	73616570	-0.349299143540739	0.350068767639944	0.318375619788837
chr9:76464251:C:G	9	76464251	0.60029190556568	0.31876209943169	0.0596736430821838
chr9:79067117:C:T	9	79067117	-0.245493477650888	0.441221558384858	0.577940842789945
chr9:82773489:T:C	9	82773489	0.256194828588071	0.229007135003794	0.263259672518061
chr9:89995415:A:G	9	89995415	0.320020944515487	0.227619179016329	0.159739285937338
chr9:91844381:C:T	9	91844381	0.222108118305037	0.169378835529384	0.189753136007242
chr9:94568472:C:A	9	94568472	0.0603108172842122	0.25981843841219	0.816439546070677
chr9:95559980:C:T	9	95559980	0.20638883589692	0.148297788574978	0.164007535298353
chr9:96162075:C:T	9	96162075	-0.076044629130011	0.127622716785016	0.551272122489566
chr9:97240484:A:G	9	97240484	0.341987528306474	0.185231408270876	0.0648527480668833
chr9:100192956:A:G	9	100192956	0.0311302915040063	0.218384587077663	0.886647148446861
chr9:100529836:G:C	9	100529836	0.207179069657211	0.188353845415444	0.271355625624166
chr9:101460357:C:T	9	101460357	0.172022283663496	0.221031721918815	0.436410056225806
chr9:103293239:C:G	9	103293239	0.293243390298375	0.232251784148985	0.206729426319395
chr9:105684376:G:T	9	105684376	-0.000704739988520329	0.441592031633144	0.998726650670186
chr9:106822394:G:C	9	106822394	0.00663323661117732	0.267238887259615	0.98019744159722
chr9:107904127:G:A	9	107904127	-0.175163998582383	0.207666604995413	0.3989563569064
chr9:117420412:T:C	9	117420412	0.231105991509079	0.168391134506745	0.169927867039264
chr9:117972207:C:A	9	117972207	-0.180717375293413	0.219255775775469	0.409808398920227
chr9:118511323:G:A	9	118511323	0.314849966976524	0.204865084182144	0.1243263846733
chr9:121356498:A:G	9	121356498	0.122832593318856	0.275959014464236	0.65623901498208
chr9:124044726:T:G	9	124044726	-0.434014791810029	0.359925907295517	0.227877329188748
chr9:125005426:C:T	9	125005426	0.331417075104877	0.185377476890364	0.0738089583049961
chr9:129533341:A:G	9	129533341	0.167674612549105	0.141939521034255	0.23747949278239
chr9:136630984:C:T	9	136630984	-0.125130720053548	0.167917949070528	0.456157070370031
chr10:2050300:A:G	10	2050300	0.220782085796723	0.175433592281543	0.208213232990648
chr10:3113976:C:T	10	3113976	0.227836687419554	0.157675858656987	0.148466665271953
chr10:4591592:T:C	10	4591592	0.214392874384811	0.185438760990717	0.247624547031157
chr10:7462546:C:T	10	7462546	0.345322095858768	0.201287805179794	0.0862418871045187
chr10:7849544:T:G	10	7849544	0.176881431536339	0.220322071089188	0.42207230927042
chr10:9367893:G:A	10	9367893	0.241357315775797	0.182160666982328	0.185181289551102
chr10:10628189:C:T	10	10628189	-0.152786696558484	0.199098107842559	0.442847285282979
chr10:14014383:T:C	10	14014383	-0.203159711676497	0.215060506700425	0.344830932823412
chr10:16341555:C:T	10	16341555	0.153698951834418	0.296782281709322	0.604538837690287
chr10:18075702:C:T	10	18075702	0.165678846433532	0.239697682336012	0.489440366137764
chr10:20923823:C:G	10	20923823	0.331587783214149	0.249895059351435	0.184539078228218
chr10:26220185:A:C	10	26220185	-0.404345060952121	0.415237031490279	0.33017111449867
chr10:27289376:T:C	10	27289376	0.128657321764455	0.206049594080331	0.532365067768771
chr10:27674317:A:G	10	27674317	0.213257816421493	0.173480818243165	0.218963999698613
chr10:28771902:G:A	10	28771902	-0.172946611666023	0.191129376008754	0.365535999513334
chr10:28891836:C:T	10	28891836	-0.120802958157222	0.259066468188726	0.64100004932918
chr10:30622484:G:A	10	30622484	0.08285709207856	0.199531461664799	0.677952837050598
chr10:35177843:G:T	10	35177843	0.213989641752844	0.165516242353444	0.196058830683931
chr10:43613180:G:A	10	43613180	0.179340376661478	0.209916775234988	0.392916421913974
chr10:44139011:T:C	10	44139011	0.427194973086741	0.220112333768963	0.0522820141748709
chr10:45036473:A:G	10	45036473	0.102336618816607	0.180222253406395	0.570146576227682
chr10:51560095:T:G	10	51560095	-0.263361820556995	0.215843637153159	0.222407654217498
chr10:54072488:A:G	10	54072488	-0.41423699832295	0.220698480329812	0.0605268192007888
chr10:54082016:C:T	10	54082016	0.115384455389657	0.17223643724332	0.502909450741081
chr10:55299918:G:C	10	55299918	-0.0131833057282154	0.172052209852375	0.938922771262111
chr10:56747004:T:C	10	56747004	0.368877880112667	0.237164809380771	0.119859128334351
chr10:57761967:T:C	10	57761967	0.254093809115758	0.198498080470825	0.200516317452073
chr10:61894829:G:A	10	61894829	-0.32209088722114	0.398524355204196	0.418970398004145
chr10:62473064:C:G	10	62473064	0.135578069770573	0.208630501875014	0.515790548196499
chr10:65713195:A:G	10	65713195	-0.149974838435656	0.305256683153562	0.623209113730071
chr10:69232402:C:A	10	69232402	0.24898026964182	0.174777334743841	0.154285307247816
chr10:79437519:C:T	10	79437519	0.0325601244438784	0.197126113169116	0.868806965959705
chr10:81546102:G:A	10	81546102	-0.104286881433203	0.271704423343132	0.70110834521632
chr10:82354363:C:G	10	82354363	0.035857176272582	0.185072369231633	0.846374157832381
chr10:84591955:C:T	10	84591955	0.437770746881339	0.198322491776731	0.02728835136505
chr10:84989741:G:A	10	84989741	-0.00707022845272836	0.179120793786683	0.968514199365744
chr10:86779196:C:A	10	86779196	0.18083805384288	0.17962922243498	0.314064737424139
chr10:91053424:A:C	10	91053424	-0.0398195027815432	0.122392569931712	0.744921880296957
chr10:93612452:G:A	10	93612452	-0.130221337836105	0.293845135250891	0.657647725629564
chr10:93671121:T:C	10	93671121	0.0566861362745419	0.136843714425553	0.678698371615173
chr10:101249704:C:T	10	101249704	0.141204529544513	0.21189343566471	0.505159250195384
chr10:102352980:T:C	10	102352980	0.0625111833082399	0.184206242880314	0.734342830324694
chr10:104637359:T:C	10	104637359	0.328450566819313	0.18597604362877	0.0773806282894154
chr10:108480456:T:C	10	108480456	-0.208972926606212	0.244532021181004	0.392782000627253
chr10:109264424:C:T	10	109264424	0.260826501963443	0.286230681772958	0.362165885630217
chr10:111352001:T:G	10	111352001	-0.0540993214017075	0.243037468695466	0.823849459821403
chr10:118828443:C:T	10	118828443	-0.231816246512015	0.233845479588382	0.32152821097166
chr10:120152982:A:G	10	120152982	0.297633718252801	0.219503192395361	0.175117448070545
chr10:121580593:A:G	10	121580593	0.214022254492286	0.14697228449111	0.145335057149866
chr10:121611573:C:G	10	121611573	-0.0384968661927821	0.207574932635496	0.852868178861763
chr10:121734173:T:C	10	121734173	-0.189656283411522	0.166826181571107	0.255601150307054
chr10:121910644:T:A	10	121910644	-0.0263351543879556	0.229702277431583	0.908723277308997
chr10:122561189:A:G	10	122561189	0.0941386052956033	0.153671663913429	0.540143681637576
chr10:123750431:C:G	10	123750431	0.149831431176374	0.206812592662851	0.468771564149853
chr10:127533155:T:C	10	127533155	0.334557296899291	0.177353322001485	0.0592425984634429
chr10:129953349:A:G	10	129953349	-0.43501594156766	0.389284780339339	0.2637913580526
chr10:130263340:C:T	10	130263340	0.402722411690091	0.206007310277927	0.0505956076199311
chr10:130662147:G:T	10	130662147	0.342815166963435	0.203830218710409	0.0925947771790293
chr10:131485315:A:G	10	131485315	0.350719380748242	0.19669922670339	0.0745824472943359
chr10:131819683:A:G	10	131819683	0.239829806265748	0.164379951520064	0.144566016884198
chr10:131953941:A:C	10	131953941	-0.285876821973036	0.298045037017407	0.337471482132079
chr11:388357:C:T	11	388357	-0.167729891783711	0.167360168206052	0.316242589908086
chr11:2257707:C:T	11	2257707	0.316651827660881	0.19330790389304	0.101407146735042
chr11:3623903:G:A	11	3623903	0.333624972166828	0.18798669785718	0.0759430594242902
chr11:5806222:C:T	11	5806222	0.0858882565533068	0.151881724754197	0.571737569166318
chr11:9789492:C:A	11	9789492	0.0142030331060163	0.182584952115425	0.937996191762052
chr11:14569664:T:G	11	14569664	0.310192227462161	0.261639717041266	0.23579211301139
chr11:21819583:A:G	11	21819583	0.147622836152682	0.271694644199749	0.586895048935252
chr11:36019710:C:A	11	36019710	0.162538386907378	0.217152471604434	0.454159286155289
chr11:39635569:C:T	11	39635569	-0.279784119421614	0.287651538329919	0.33072754146247
chr11:40512905:C:G	11	40512905	0.00152420544779609	0.270751742369218	0.995508307499329
chr11:41632790:A:T	11	41632790	0.343887302233619	0.19714979111124	0.0811077449789661
chr11:42744986:A:G	11	42744986	0.291318807782599	0.148815467167346	0.0502788224080349
chr11:43201079:C:T	11	43201079	-0.74095148646922	0.508836358583141	0.14534603995417
chr11:43982585:G:A	11	43982585	0.293264868749358	0.191987344923657	0.126631292402434
chr11:44330300:A:G	11	44330300	0.0276728343355123	0.201460120652813	0.890745178891615
chr11:49875094:A:G	11	49875094	-0.351619301870148	0.210206093528443	0.0943792772082701
chr11:50253126:G:T	11	50253126	0.432452928977669	0.20811735556792	0.0377159696611263
chr11:55906271:G:A	11	55906271	-0.0241037837511662	0.173194815200458	0.889314622043751
chr11:56124264:C:A	11	56124264	-0.360338933722841	0.482786779176933	0.455442228547912
chr11:57305789:G:A	11	57305789	-0.108988516795586	0.276302037980339	0.693245688230461
chr11:58998793:A:C	11	58998793	-0.0345835520873414	0.223083807227684	0.876801661872132
chr11:60456695:C:T	11	60456695	0.361701760428298	0.252665596948967	0.152274546137797
chr11:62505064:A:G	11	62505064	0.401507614672943	0.365554919866738	0.272051246621225
chr11:63184971:C:T	11	63184971	0.250002770751059	0.210882680074325	0.235817278467654
chr11:65009160:T:C	11	65009160	0.372272972027203	0.265339953456455	0.160615695638445
chr11:70801858:T:C	11	70801858	0.248261892932968	0.151568499780358	0.101431754585658
chr11:71334794:T:G	11	71334794	0.112813329724915	0.260568725050172	0.665050815114673
chr11:72713691:C:T	11	72713691	-0.428348749586845	0.399788277635453	0.283972088008529
chr11:77208574:G:A	11	77208574	0.278536279243808	0.184779575327875	0.131708786262607
chr11:77376654:A:G	11	77376654	-0.0212201440321496	0.237297813721638	0.928744869128077
chr11:77897055:A:G	11	77897055	-0.300266083689042	0.364446806256865	0.409998937525048
chr11:79339250:G:A	11	79339250	0.0856858688473645	0.399232169765315	0.830058403314384
chr11:81783030:C:T	11	81783030	0.0571390523036691	0.193988753255305	0.768338981759706
chr11:83962252:C:T	11	83962252	0.0865396391325624	0.213405541559185	0.685097304126452
chr11:86328783:G:T	11	86328783	0.312644021793634	0.210789205351391	0.138019425891251
chr11:86644523:C:T	11	86644523	0.730356011358748	0.282079461441362	0.00962032948653369
chr11:93046218:A:C	11	93046218	-0.240330244445084	0.28808347872036	0.404146765644917
chr11:99371984:G:C	11	99371984	0.255327467347772	0.187231699545904	0.172662678951906
chr11:100626548:G:A	11	100626548	0.250927761026221	0.191388216305572	0.189826327171116
chr11:104129521:G:A	11	104129521	0.213005807700489	0.276974737975656	0.441867089150046
chr11:108728662:A:G	11	108728662	-0.111633535676042	0.299683005610989	0.709516597678786
chr11:110338613:G:A	11	110338613	0.453573713760396	0.255076050625698	0.0753726346265073
chr11:110396347:G:A	11	110396347	-0.554481475756915	0.244259916065787	0.0232047349812083
chr11:113789228:G:C	11	113789228	0.445736243495406	0.228332095285953	0.0509215713124024
chr11:113800784:C:T	11	113800784	0.389089776910784	0.19827510826731	0.0497190398901655
chr11:115616504:A:T	11	115616504	0.00785739785512706	0.195412367080074	0.967926249577514
chr11:119630310:G:A	11	119630310	-0.134240552849806	0.219537110900614	0.540887883401694
chr11:123267436:G:A	11	123267436	-0.192856275273228	0.234048459588266	0.40993872144018
chr11:125907492:T:C	11	125907492	0.034363403380819	0.238023145056746	0.885208298740095
chr11:126829359:G:A	11	126829359	-0.236815397618104	0.300850821820801	0.431192752954735
chr11:130038952:T:C	11	130038952	-0.100994356766742	0.46262402474382	0.82718942600159
chr11:130290657:C:T	11	130290657	-0.451841675976169	0.414681972311886	0.275884920783593
chr11:131355535:G:A	11	131355535	-0.182196656092335	0.256225438647852	0.47703497434009
chr11:133238417:A:G	11	133238417	0.0619968454441051	0.143328473504517	0.665341141329961
chr11:133300920:A:C	11	133300920	0.198841489796136	0.219773538404683	0.365594516269561
chr11:133409278:A:G	11	133409278	-0.0580963804399951	0.370136664667467	0.875276948505576
chr11:134309503:C:T	11	134309503	0.251116388828433	0.19128243790273	0.189248932727545
chr12:5192681:C:T	12	5192681	-0.10636093869856	0.182086834632704	0.559138187517699
chr12:5448727:G:A	12	5448727	0.109048175065824	0.164555937614411	0.507534562616707
chr12:6639294:C:T	12	6639294	0.130918282955412	0.27456706056774	0.633492333240379
chr12:19523028:C:A	12	19523028	0.23833095494611	0.165890243734468	0.150809352372044
chr12:19758400:A:T	12	19758400	0.313568852840491	0.329842724256112	0.341776124430352
chr12:20003679:T:A	12	20003679	-0.0100334059366654	0.188032546242398	0.95744512062868
chr12:21333090:G:A	12	21333090	0.205422431119094	0.216460959158231	0.342618307393153
chr12:25518059:A:T	12	25518059	0.421954528063572	0.195656782054541	0.0310364013781592
chr12:28965843:C:T	12	28965843	0.0736056071862457	0.217322841942299	0.734841424009572
chr12:32086665:A:C	12	32086665	0.141716971966594	0.147417320598375	0.336385316498783
chr12:44631613:C:T	12	44631613	0.252506062304171	0.21277960348661	0.235345035132022
chr12:48567461:T:G	12	48567461	-0.0250242391915895	0.251259786939644	0.920665798067496
chr12:51039498:T:C	12	51039498	0.218100393034021	0.284378291457166	0.443118640519967
chr12:52880890:G:T	12	52880890	0.346008576094089	0.170449330969548	0.0423586657870842
chr12:53646626:C:G	12	53646626	-0.183101847610545	0.214734725422623	0.393832026782657
chr12:53680144:C:A	12	53680144	0.110735333927135	0.172857529025596	0.521772069624358
chr12:54366280:G:A	12	54366280	0.124152600153542	0.198783887108032	0.53225943154942
chr12:55599330:T:C	12	55599330	0.184211674705496	0.17256302274987	0.285744419067858
chr12:56675083:C:T	12	56675083	-0.366146787021151	0.229330161616752	0.110356600066592
chr12:57436134:C:T	12	57436134	0.139569377639137	0.192163865925737	0.467652449564068
chr12:58724212:C:T	12	58724212	0.0654114779638445	0.224036815840506	0.770311442575927
chr12:59048769:A:C	12	59048769	0.158264968408839	0.17448706591151	0.364391039008744
chr12:59161225:G:A	12	59161225	0.263939056864483	0.204920869608289	0.197744303873907
chr12:59226687:C:T	12	59226687	-0.0717003146326569	0.227184965898152	0.752303667048843
chr12:63113400:T:C	12	63113400	0.283482665550174	0.162083012218332	0.0802915769833713
chr12:64271340:C:T	12	64271340	-0.0292534623657614	0.15236021795793	0.84774066040634
chr12:64756705:C:T	12	64756705	0.165804909448929	0.154413945764118	0.282926223350298
chr12:67050802:C:T	12	67050802	0.0598303798652952	0.182759372529975	0.743386216398995
chr12:71564908:A:G	12	71564908	0.0118288457591764	0.18301444327433	0.948465890764464
chr12:73909094:G:A	12	73909094	-0.266711973691928	0.225974859627495	0.237891744285736
chr12:81126959:G:A	12	81126959	0.172252277157887	0.175412843920716	0.326108654623745
chr12:83608380:A:G	12	83608380	0.0402709035699487	0.214081902179663	0.850790579800084
chr12:90727178:A:C	12	90727178	-0.157388876787284	0.213650222387961	0.461325425093824
chr12:92596791:C:T	12	92596791	0.13478434513136	0.177163717827099	0.446782642304052
chr12:95914573:A:T	12	95914573	-0.0229372143136331	0.208995971901659	0.91260800082371
chr12:101611098:G:C	12	101611098	-0.167430759442047	0.403750195908566	0.678369596019041
chr12:105967464:T:C	12	105967464	-0.0336291112806395	0.120477062291652	0.780142838787586
chr12:109533295:C:T	12	109533295	-0.533270725032247	0.361758642464826	0.140452949405575
chr12:112209515:G:A	12	112209515	0.349351242641507	0.204690128715687	0.0878718312357012
chr12:120976632:C:A	12	120976632	-0.330487569387812	0.385462739117556	0.391235587967652
chr12:125875525:T:C	12	125875525	0.0972719747163264	0.186256311011967	0.601497711345802
chr12:126449337:A:G	12	126449337	-0.0417026690562039	0.185630081051858	0.822247912585435
chr12:131091094:G:A	12	131091094	-0.0877781020076815	0.231459437261883	0.704511495000995
chr12:132776953:G:A	12	132776953	0.188438358972657	0.348796145659325	0.589022181157365
chr13:19545220:A:G	13	19545220	0.253826254121469	0.173875345329612	0.144340265808485
chr13:22977365:T:G	13	22977365	0.241512429859286	0.247600245527033	0.329355574779155
chr13:24330599:T:C	13	24330599	-0.509687063349607	0.279616895188552	0.0683329363026773
chr13:24623185:A:C	13	24623185	0.242615806705253	0.194491149463987	0.212236646103026
chr13:25202506:T:G	13	25202506	0.176490144759727	0.294364741771426	0.548797654447861
chr13:26234118:A:T	13	26234118	0.318561281423215	0.209628512000966	0.12859978819479
chr13:26494236:G:A	13	26494236	-0.260004957212569	0.235063553335184	0.268681101425847
chr13:27255876:A:G	13	27255876	0.407925488319419	0.206791789534046	0.048536739751746
chr13:42909938:A:G	13	42909938	-0.346375184483838	0.256778799612877	0.177361254685286
chr13:45470952:C:T	13	45470952	-0.593659388246011	0.58885648734794	0.313379424455367
chr13:45708351:G:A	13	45708351	0.288335163539332	0.270848681942347	0.287074268862013
chr13:45809177:C:G	13	45809177	-0.080804048806032	0.127333547961868	0.525698656327661
chr13:50558767:A:T	13	50558767	-0.170298012082944	0.370693517314574	0.64594421685963
chr13:58710908:G:A	13	58710908	0.0583747182582475	0.147772179926207	0.692819379428202
chr13:58934154:C:T	13	58934154	-0.21982738697545	0.189895306441212	0.247017461853219
chr13:70397215:T:C	13	70397215	-0.0756990970037218	0.217191875958116	0.727437996005586
chr13:70990050:T:C	13	70990050	-0.224131580775304	0.520372698625724	0.666676653401084
chr13:75832713:T:C	13	75832713	-0.324916132873387	0.354195788422366	0.358967211989538
chr13:86776101:G:A	13	86776101	-0.151633480748067	0.196719761171492	0.440819795183632
chr13:91472230:T:C	13	91472230	-0.201139493534762	0.190215720487706	0.290316143266431
chr13:93235990:C:T	13	93235990	0.0738568515713948	0.186053997763398	0.69139356245036
chr13:96765286:G:A	13	96765286	0.0711303291934295	0.153000313014458	0.642000806572493
chr13:102180181:A:G	13	102180181	-0.16134362786548	0.24656819476344	0.512881821308732
chr13:104405113:C:T	13	104405113	-0.872054157701751	0.69157716746257	0.207321689482604
chr13:106009559:G:C	13	106009559	-0.0572497801887655	0.188718814440478	0.761615361506499
chr13:106084136:A:G	13	106084136	-0.404120747025336	0.280088733945922	0.149068045010017
chr13:112716578:T:C	13	112716578	0.280677206983816	0.183486997417247	0.126094854133298
chr14:21167555:A:G	14	21167555	0.574917777582454	0.218942449839945	0.00864239147940071
chr14:26929954:A:G	14	26929954	0.0296681278211757	0.221331702231831	0.893367991730226
chr14:27823594:G:A	14	27823594	-0.230242108253389	0.217699447311715	0.29023119537521
chr14:34182794:A:C	14	34182794	0.32442325973804	0.254438911418847	0.202290257432837
chr14:38216062:T:A	14	38216062	-0.424876099986946	0.261071577675576	0.103645493482839
chr14:38962987:G:A	14	38962987	0.473405159248104	0.224604028605457	0.0350541542532236
chr14:39925237:C:T	14	39925237	-0.00954895798669527	0.243944134779112	0.968775552227067
chr14:44446011:A:G	14	44446011	0.411892787439004	0.221395306869181	0.0628232342903834
chr14:48685878:C:A	14	48685878	0.0274189377305315	0.338030313953013	0.935351417042247
chr14:51426205:T:C	14	51426205	-0.137944641358127	0.222132124059764	0.534597868725298
chr14:52881822:T:G	14	52881822	0.102867092653407	0.225271312822371	0.647932375265544
chr14:53358297:A:G	14	53358297	-0.262987499521564	0.13726346910001	0.0553737269882013
chr14:56254615:G:A	14	56254615	-0.117480422763719	0.164804142473625	0.475939371177723
chr14:57978070:T:C	14	57978070	-0.0345351437222304	0.201419356980999	0.863862935764239
chr14:62445185:T:C	14	62445185	0.1338777719445	0.129356830320577	0.300692549694543
chr14:67518615:G:A	14	67518615	0.0834590270005987	0.168828412771533	0.621064451490633
chr14:68863518:T:G	14	68863518	0.230383752130766	0.214149751837249	0.282013685330808
chr14:77734277:G:A	14	77734277	-0.133801714550554	0.219541251283098	0.542219265796468
chr14:81022028:G:A	14	81022028	0.274478455178077	0.174571210798242	0.115880806566633
chr14:81884763:T:G	14	81884763	-0.225407979188442	0.438111954993709	0.606903452182795
chr14:82929256:T:A	14	82929256	0.23465300052919	0.241001181034157	0.330225815892326
chr14:84531019:T:G	14	84531019	-0.553025239157738	0.333778692926723	0.0975473746939945
chr14:84812257:C:T	14	84812257	0.395087002983056	0.215756147203015	0.0670746066482865
chr14:90804831:C:G	14	90804831	0.441114574361743	0.233549398370834	0.0589263983540863
chr14:91397629:G:T	14	91397629	-0.0470989648167746	0.300887584605395	0.875612572899185
chr14:91532430:A:C	14	91532430	0.350265841176532	0.250650100031336	0.162284456568551
chr14:91961156:T:C	14	91961156	0.271750978003726	0.20476498765281	0.184463712550056
chr14:92998270:C:G	14	92998270	0.26104167776575	0.222171044542947	0.240011462424975
chr14:93757265:G:A	14	93757265	0.129357817861656	0.464659361427199	0.780710850559286
chr14:93769225:C:T	14	93769225	-0.117894282241396	0.395898832284689	0.765864278339132
chr14:98340169:A:G	14	98340169	-0.135661881189595	0.272936240626729	0.61915657566913
chr14:100721312:C:T	14	100721312	0.146981530885583	0.195740194677502	0.45271216787644
chr14:102093442:A:G	14	102093442	0.195264787129227	0.188853001425375	0.301158978290352
chr15:24165057:A:G	15	24165057	0.191865962170512	0.184747157839827	0.299022125846918
chr15:26353849:A:G	15	26353849	0.0140148649034478	0.152299276640773	0.926680660085027
chr15:28182824:G:A	15	28182824	-0.202945073256417	0.43447562345136	0.640425848529782
chr15:33665926:A:G	15	33665926	0.546612049401969	0.28492467713591	0.0550547310487312
chr15:34880184:A:T	15	34880184	-0.0877587231321258	0.20843604010795	0.673730032437908
chr15:37080410:C:T	15	37080410	-0.11255710784836	0.181720289089915	0.535654473003877
chr15:37762539:C:G	15	37762539	-0.044693308462092	0.350130999951022	0.898428025705976
chr15:52558833:C:G	15	52558833	0.262645109987959	0.223669224798623	0.240292177941021
chr15:55712443:A:G	15	55712443	-0.547152655773456	0.326302459102398	0.0935763869655184
chr15:57522102:A:T	15	57522102	0.274051436661125	0.163021168384701	0.0927476018458455
chr15:57590535:T:C	15	57590535	0.205747304253907	0.202258887743296	0.309035807362519
chr15:58439508:G:A	15	58439508	-0.0713799284924416	0.40058152273071	0.858573161119241
chr15:69786285:T:C	15	69786285	-0.130216688501259	0.227741854857712	0.567475637695783
chr15:71331250:T:C	15	71331250	-0.292445707704763	0.303170314623372	0.334732601923999
chr15:74245092:G:C	15	74245092	-0.0313873689394724	0.279134570862326	0.910470343453682
chr15:76807237:T:C	15	76807237	-0.255161615161978	0.306565263400416	0.405226107827593
chr15:77734259:G:A	15	77734259	0.0326440075870423	0.193845738661633	0.866267044927775
chr15:79750604:G:T	15	79750604	-0.0108531371149237	0.149259401361859	0.942034299427787
chr15:81697597:G:A	15	81697597	-0.404412894427487	0.296712344068023	0.172888916171112
chr15:87989871:C:T	15	87989871	0.194112072493763	0.255563766005855	0.447526858843894
chr15:88891382:T:C	15	88891382	0.12162183016493	0.201097395433562	0.54531808824557
chr15:89804552:C:T	15	89804552	-0.253847769206782	0.368081949361986	0.490414225803565
chr15:94791129:A:G	15	94791129	0.345759377068965	0.169813839707565	0.0417394764018894
chr15:97043895:A:G	15	97043895	0.00410740544106331	0.28065405467547	0.988323281472311
chr15:98725394:C:T	15	98725394	0.353002103114616	0.195796905214617	0.0714040311637754
chr15:100978492:T:G	15	100978492	0.381670705196212	0.233553541661379	0.102219102792722
chr16:2671727:C:T	16	2671727	-0.337655307678707	0.303944380628287	0.266606445116856
chr16:4957642:T:C	16	4957642	-0.181698027681306	0.139792179340017	0.193678960130891
chr16:5603936:C:T	16	5603936	0.441843302524928	0.2392944352516	0.0648280494159984
chr16:5884026:G:T	16	5884026	0.182336062351041	0.210383409022514	0.386114841272273
chr16:6848656:G:A	16	6848656	0.424070272911964	0.174803267812178	0.0152668610231681
chr16:7909855:G:A	16	7909855	0.316256514578886	0.159040303810397	0.0467530355549984
chr16:8273542:C:G	16	8273542	-0.173679040716588	0.307554613102703	0.572271307501622
chr16:12394716:C:T	16	12394716	0.0201459681576935	0.197824953627017	0.918885782282747
chr16:13985277:C:A	16	13985277	-0.666839231246335	0.670900835682673	0.320249136582872
chr16:17779668:G:A	16	17779668	0.254869057636876	0.207037531096389	0.218312284138141
chr16:29740733:G:C	16	29740733	0.0528776328496968	0.234602569598321	0.821674034606336
chr16:31127124:G:A	16	31127124	0.216181698560426	0.179450666563304	0.228324558018424
chr16:56688556:C:T	16	56688556	0.165915435023668	0.188718159894837	0.379308848284531
chr16:60324635:A:C	16	60324635	0.186061048364319	0.177761185039158	0.29524207488657
chr16:60499572:C:T	16	60499572	-0.328434216861706	0.222164237850492	0.139316871593732
chr16:62273123:C:T	16	62273123	-0.0481314301855707	0.225618257359188	0.831068582154902
chr16:65972427:C:T	16	65972427	0.0514719364694896	0.159052727377684	0.74622911084263
chr16:69246420:T:C	16	69246420	-0.259200278432079	0.306802021332372	0.398197158968627
chr16:71908403:G:A	16	71908403	-0.00371702792520284	0.184784167527498	0.983951226786969
chr16:72103328:C:A	16	72103328	0.0738738033421203	0.167654071300632	0.659479196704535
chr16:74837740:A:C	16	74837740	-0.185443310205209	0.290754225731799	0.523603286131873
chr16:79886631:C:T	16	79886631	-0.12379194001184	0.248066821849776	0.617760652519783
chr16:81396153:C:A	16	81396153	0.120664224077685	0.206806975221738	0.559581638697273
chr16:82294878:C:G	16	82294878	0.153377658863634	0.212169159692551	0.469739663283016
chr16:82421890:A:G	16	82421890	0.0542709595848161	0.197740009320239	0.78373410549126
chr16:83827178:T:C	16	83827178	-0.178843287915672	0.205060492971148	0.3831271401903
chr16:84032337:C:T	16	84032337	0.227688359282257	0.224100095052448	0.30962372848921
chr16:89303022:G:A	16	89303022	0.0223112396879717	0.216427056557385	0.917892368773978
chr16:89331863:A:T	16	89331863	0.0545545020812212	0.167711256188096	0.744962918141554
chr16:89337630:T:C	16	89337630	0.0816151318090298	0.168147191844504	0.627407458544708
chr16:89479873:T:G	16	89479873	0.132508967955945	0.136908880457863	0.333113057073991
chr16:90035976:C:A	16	90035976	0.370592831854403	0.192992415652469	0.0548268875778894
chr17:2489248:C:G	17	2489248	0.115246320859922	0.165903241688115	0.487268495710408
chr17:4018176:C:A	17	4018176	0.227175759049557	0.22640586744152	0.315667666253899
chr17:4147521:T:C	17	4147521	0.245843568046247	0.21998652766248	0.263763848715816
chr17:6949267:T:C	17	6949267	0.19063836779712	0.183179846146812	0.298006941733712
chr17:7929448:A:G	17	7929448	-0.0927016755240949	0.198675338052919	0.640786941390395
chr17:10308301:C:T	17	10308301	0.35229708275118	0.25726185969127	0.170871005045302
chr17:12174148:T:C	17	12174148	-0.185502491640451	0.309121079033014	0.54844189475344
chr17:14402381:C:T	17	14402381	-0.470001291028747	0.432423058864743	0.277080323195076
chr17:15219976:C:T	17	15219976	-0.341911858220111	0.214839059411595	0.111501810694914
chr17:16482403:T:A	17	16482403	0.321461449370815	0.183127146631687	0.0791908596446552
chr17:18684803:A:G	17	18684803	0.30721200145823	0.184679408291266	0.0962147672128707
chr17:20040710:T:C	17	20040710	-0.113806411656881	0.273211740389866	0.677007424112356
chr17:21275023:A:C	17	21275023	0.289105339799045	0.199944836622369	0.148198096061823
chr17:30609729:C:T	17	30609729	-0.193716502107064	0.362507088879758	0.593078722128659
chr17:31554254:C:T	17	31554254	0.362818928614534	0.172138852318238	0.0350560072752126
chr17:33472425:T:G	17	33472425	0.474837663507384	0.182074060694521	0.0091089741017274
chr17:44156671:T:A	17	44156671	0.0512543125277263	0.164366002963649	0.755169437465678
chr17:45754773:C:T	17	45754773	0.22780867818449	0.19484403347642	0.242329192395613
chr17:48779278:C:T	17	48779278	-0.0334074906673068	0.196137700042865	0.864753200558691
chr17:52703044:C:G	17	52703044	-0.138300823727783	0.255650315644326	0.588523751528912
chr17:53282498:G:T	17	53282498	-0.0339764037155358	0.158228631863497	0.829977981322378
chr17:58411807:C:T	17	58411807	0.256751044517415	0.15645207750016	0.10077992203239
chr17:61409438:A:G	17	61409438	0.12028585983532	0.139361657188099	0.388071389042839
chr17:61905160:C:T	17	61905160	0.267747161039022	0.220649601253181	0.224957988798117
chr17:66262233:G:T	17	66262233	-0.000184257916340936	0.161138113373438	0.999087636614715
chr17:66751216:C:T	17	66751216	-0.0708407616373096	0.204459210412993	0.728982988230114
chr17:66971178:A:G	17	66971178	0.226808135149709	0.30531183215469	0.457558140457876
chr17:68771033:G:A	17	68771033	0.0519812447950489	0.196884186983887	0.791764970426511
chr17:69081332:C:T	17	69081332	0.462696601894001	0.189975659383554	0.0148688699014198
chr17:69213412:T:C	17	69213412	-0.00167443140304808	0.146218452968804	0.990863165778207
chr17:72829246:G:A	17	72829246	0.136500037038251	0.26514527974591	0.60668422696898
chr17:73506492:C:T	17	73506492	-0.0971233821978591	0.233571062255876	0.677542151702926
chr17:75360149:C:G	17	75360149	0.262390148097641	0.170232112349375	0.123227508289964
chr17:77625920:A:T	17	77625920	-0.158414680517181	0.22309125493905	0.477648851609606
chr18:1137045:A:T	18	1137045	-0.0421102741189988	0.145495457565242	0.772254844363541
chr18:4080016:T:A	18	4080016	0.393059866219344	0.197195285501266	0.0462338768043989
chr18:8920896:G:C	18	8920896	-0.00199437216231433	0.206747889825542	0.99230340837034
chr18:9609299:C:T	18	9609299	0.323977857271637	0.173222925957378	0.0614429556690774
chr18:10572326:C:T	18	10572326	-0.141757279881433	0.26500680072635	0.592705590016458
chr18:11017906:C:T	18	11017906	0.178610796773916	0.142868988580236	0.211236754545481
chr18:12120157:A:G	18	12120157	0.0187540236408321	0.214934389939902	0.930469105440932
chr18:14686017:A:G	18	14686017	-0.187104138270516	0.174562672955525	0.283789631287748
chr18:14895123:C:T	18	14895123	-0.341300930591116	0.202805095576972	0.0923942270176602
chr18:30059135:A:G	18	30059135	0.122136609232892	0.193989556785618	0.528953677787889
chr18:32490781:T:C	18	32490781	-0.0915108383377677	0.154289880080369	0.553107679186484
chr18:36255061:C:A	18	36255061	0.364869561740471	0.190076727393241	0.054909590723771
chr18:42762909:A:C	18	42762909	-0.110745947436134	0.169043570652066	0.512382409307024
chr18:43928870:G:A	18	43928870	0.411904602178733	0.22808662325021	0.0709319273274499
chr18:44831686:A:G	18	44831686	-0.0313386984653779	0.169132792827179	0.853001194871921
chr18:45461168:C:T	18	45461168	-0.307788801203776	0.261195718791444	0.238643636855972
chr18:47992191:T:C	18	47992191	0.497343611516924	0.249828754147194	0.046509691167464
chr18:49146783:T:G	18	49146783	0.359318334463644	0.208055225494701	0.084161655722799
chr18:49872731:C:G	18	49872731	0.15836447731864	0.250301978851648	0.52693370508399
chr18:50485733:T:C	18	50485733	0.198896586261618	0.247030691916644	0.420733535097844
chr18:58120958:C:T	18	58120958	-0.247078409915831	0.304402231272264	0.416972997864925
chr18:59256389:C:T	18	59256389	0.10924590623218	0.175989502301233	0.53476254534509
chr18:62622293:T:A	18	62622293	0.524572850107244	0.182147522253484	0.00397758373976398
chr18:62998306:G:A	18	62998306	-0.302959191101541	0.144605316184353	0.0361641978810671
chr18:66103927:C:T	18	66103927	0.0193684489049963	0.136295980602444	0.88699643957443
chr18:66206557:C:T	18	66206557	0.489424497086863	0.215943526625309	0.023424045977615
chr18:68001558:G:A	18	68001558	-0.338055903086454	0.158813470322865	0.0332844747686332
chr18:69946690:A:G	18	69946690	0.13357221475023	0.370763368465168	0.718650685048561
chr18:71730181:C:T	18	71730181	0.286871968031258	0.209898892161978	0.171714648914552
chr18:72912108:T:C	18	72912108	-0.242784521600824	0.162593072158079	0.135383962956713
chr18:73248491:G:A	18	73248491	0.325363070750274	0.206428819993171	0.114990918996231
chr18:77734991:G:A	18	77734991	-0.626853154147027	0.741952127775899	0.39818338089938
chr19:2907557:G:A	19	2907557	-0.298404002474698	0.174356474415576	0.086996365925768
chr19:16021187:G:A	19	16021187	0.314705488303162	0.228966066838847	0.169297852248773
chr19:17584922:G:A	19	17584922	-0.0795800476803041	0.208190371981709	0.702278510044673
chr19:18704666:C:T	19	18704666	0.337911472850869	0.196732452658776	0.0858660635291294
chr19:18737022:C:T	19	18737022	0.414307892737176	0.184907052550607	0.0250501907714341
chr19:18805179:A:G	19	18805179	0.124874589225148	0.206330321688479	0.545034915318678
chr19:21560366:G:T	19	21560366	0.160278936596747	0.177521947117089	0.366595802661997
chr19:21659434:G:C	19	21659434	-0.0357720615814666	0.20017729454873	0.858171782282244
chr19:33474662:T:C	19	33474662	0.115979278111346	0.198753285788609	0.559533949345467
chr19:37956680:C:T	19	37956680	-0.117734499333499	0.170240996968895	0.489203963995067
chr19:38120117:A:T	19	38120117	0.137031527696838	0.241087554770457	0.569770819893973
chr19:44380983:T:C	19	44380983	-0.168026118391112	0.251600578303718	0.504242864970715
chr19:44819986:A:G	19	44819986	0.258415304992473	0.205616114353044	0.208831399175772
chr19:48685001:C:T	19	48685001	0.226001140535835	0.184589430929257	0.22082212076513
chr19:51210487:G:T	19	51210487	0.205521057915366	0.196617212443972	0.295891185970427
chr19:51552139:T:A	19	51552139	0.340336710140093	0.160066601994909	0.0334849977397051
chr19:52714810:C:T	19	52714810	0.0342635473540762	0.221977583567469	0.877329131863784
chr19:53330671:T:C	19	53330671	-0.377375011859703	0.243911274935096	0.121819486037799
chr19:54944544:G:A	19	54944544	-1.09827777192976	0.404220932660973	0.00658719310527356
chr19:57195010:G:C	19	57195010	0.240898018208973	0.148563221591113	0.104906477041776
chr20:1709120:A:G	20	1709120	-0.0698731233317217	0.215882628479954	0.746193522076971
chr20:1735934:T:G	20	1735934	-0.0251009690837948	0.205724335610876	0.902889008626581
chr20:1906500:G:T	20	1906500	0.0528897765777122	0.24542881155066	0.829377932331806
chr20:3649460:G:A	20	3649460	-0.173180478735813	0.219889616604689	0.430942910711016
chr20:5407753:C:T	20	5407753	-0.267465150712517	0.309784334077792	0.387922269295791
chr20:5860313:T:C	20	5860313	0.0911626943387866	0.203649563780075	0.654409472975784
chr20:7000966:A:C	20	7000966	0.154364521102423	0.276117853325839	0.576125532709878
chr20:12129436:G:A	20	12129436	0.0284930903534474	0.301824935075015	0.924789267003449
chr20:13244402:C:A	20	13244402	0.446231939645149	0.282810669659084	0.11460078531642
chr20:31347432:T:C	20	31347432	-0.0571708656137997	0.237505451366918	0.809776858060659
chr20:37593342:C:T	20	37593342	-0.0786678682714549	0.292265756650519	0.787802302173054
chr20:38200488:G:A	20	38200488	0.149794508314925	0.207219581092941	0.469754745998726
chr20:38350608:A:G	20	38350608	0.111202313289966	0.193095220059541	0.564687060228415
chr20:45729681:A:G	20	45729681	-0.124275718023954	0.0741055102455607	0.0935404306445307
chr20:48501317:C:T	20	48501317	-0.374849294234352	0.194561490334015	0.0540249302263027
chr20:49036824:T:G	20	49036824	-0.0148226249667115	0.212709254439333	0.944444453724101
chr20:50371082:C:T	20	50371082	0.272668725324602	0.238607818218866	0.253143028483278
chr20:52513956:G:A	20	52513956	-0.0225811906013234	0.279701465701473	0.93565414392075
chr20:54253971:A:G	20	54253971	-0.109083041218453	0.144442897022002	0.450129963097408
chr20:58480201:T:G	20	58480201	-0.229045743239306	0.256324380051042	0.371547896273393
chr20:60073360:C:T	20	60073360	0.0613279734036534	0.161709489600376	0.704503834771963
chr21:14869783:A:G	21	14869783	0.290759624260845	0.257609475658133	0.25903127450528
chr21:15297615:T:C	21	15297615	0.144310420175165	0.198755961362766	0.467796848108471
chr21:15686888:A:G	21	15686888	-0.0930358011261746	0.342286061868776	0.785770302366552
chr21:18805376:C:A	21	18805376	-0.564913277190704	0.798963786104054	0.479530792379359
chr21:22007486:G:T	21	22007486	0.0420038997583312	0.328499227865662	0.898254976068628
chr21:24026351:C:T	21	24026351	-0.255338095035695	0.316379149838375	0.419629843088812
chr21:26647335:G:C	21	26647335	-0.0451100880121418	0.164699166588912	0.784166201735592
chr21:28043199:C:G	21	28043199	-0.190567664506857	0.412859843167063	0.644382855699617
chr21:29538421:G:A	21	29538421	0.163071456260392	0.283369060516861	0.564970937934849
chr21:31885030:A:G	21	31885030	-0.0758299737178263	0.16572777180396	0.647270431778702
chr21:35502622:A:T	21	35502622	0.0975224577782945	0.179965747344703	0.587891151028839
chr21:36306638:T:G	21	36306638	0.0871938202723308	0.193731020151529	0.652655129120775
chr21:41442549:G:A	21	41442549	0.1111837191326	0.155904507409785	0.475751276810388
chr21:42627184:G:A	21	42627184	0.263363519461134	0.204139488680351	0.197010557348029
chr22:20147688:T:C	22	20147688	-0.073142575651091	0.259527515778073	0.778074055740963
chr22:23891985:A:G	22	23891985	-0.37492275612447	0.283254396500063	0.185627435610043
chr22:24245985:G:T	22	24245985	0.112149403772248	0.223248321755357	0.615419424092765
chr22:28624303:G:A	22	28624303	0.426296453866672	0.241335714995997	0.0773280378554762
chr22:30376697:C:T	22	30376697	0.205173161915613	0.185694881164537	0.269205518185897
chr22:30662128:G:A	22	30662128	0.169443214553307	0.188641279249882	0.369063060487631
chr22:36298345:C:A	22	36298345	-0.111013392527341	0.475543606513488	0.815415685058121
chr22:36977479:G:A	22	36977479	0.13430209968699	0.211340902993912	0.525117928240888
chr22:42350572:C:T	22	42350572	-0.283570028704851	0.409995149822981	0.489161928806815
chr22:42475109:T:G	22	42475109	0.0489658292632594	0.168617884403412	0.771513892742845
chr22:44719519:A:G	22	44719519	-0.164646680047266	0.194502043415662	0.397271866163728
chr22:44805054:T:C	22	44805054	-0.07151416433573	0.407264553158228	0.860611079110224
chr22:45210278:T:C	22	45210278	-0.0371464905233389	0.213911613756708	0.862137820155438
chr22:47062473:C:T	22	47062473	0.414479053414161	0.243949074534917	0.0893117878497153
chr22:48785864:A:G	22	48785864	0.597876842477002	0.273146265910505	0.02860757430022
chr22:49668266:A:G	22	49668266	0.119728506462154	0.162921954226909	0.462411006858252
chr22:49926053:G:A	22	49926053	-0.275335536233988	0.364255661237419	0.449717908187218
