SNP	CHR	POS	est	stderr	pval
chr1:1837340:C:T	1	1837340	0.124133384677539	0.138565825130479	0.370336003010978
chr1:2261200:G:C	1	2261200	0.0409186975012526	0.133819745616952	0.759776164834807
chr1:14678191:A:C	1	14678191	0.180867326246817	0.16067251568183	0.260297068766921
chr1:14985097:C:T	1	14985097	0.106736007328499	0.227238161638784	0.638562315369346
chr1:20215506:G:C	1	20215506	0.387033146969391	0.237471272947816	0.103141578079594
chr1:22009627:T:C	1	22009627	0.452232528421242	0.194424773167317	0.0200184118334916
chr1:22126221:C:T	1	22126221	0.0337959353952171	0.174425185111724	0.846366899520449
chr1:23180575:A:G	1	23180575	0.137884604285204	0.157615180078364	0.381672915094773
chr1:26058659:G:C	1	26058659	0.111237114222662	0.154384854347721	0.471205930822343
chr1:26181362:A:G	1	26181362	0.0584997064545366	0.191332018466495	0.759795232183992
chr1:28670719:C:T	1	28670719	0.0682050064217245	0.171900099341401	0.691536200027443
chr1:29753056:A:C	1	29753056	-0.262433806445814	0.152349779519198	0.084965545779273
chr1:29908726:A:G	1	29908726	-0.0633377468757031	0.169590544643962	0.708795307470925
chr1:31886486:G:T	1	31886486	0.0357738820511329	0.171010614943018	0.83429913567737
chr1:39880059:T:C	1	39880059	-0.103605819491655	0.142281214900777	0.466505625016557
chr1:41175014:G:A	1	41175014	0.0779502249573037	0.18766376512316	0.677869789960852
chr1:43202709:G:A	1	43202709	-0.203891937276099	0.352575792774377	0.563066655900373
chr1:47498869:G:A	1	47498869	0.149219225910868	0.161756545910788	0.356271658483409
chr1:54900240:G:A	1	54900240	-0.155199012559208	0.174405763649378	0.373533983291816
chr1:65351414:T:A	1	65351414	0.177496537356897	0.146621518802579	0.226057827721801
chr1:66254178:T:A	1	66254178	0.30097668631817	0.179637988465481	0.0938435521649684
chr1:73302339:T:C	1	73302339	-0.0806393443573958	0.238755011520255	0.735552099531486
chr1:73563666:T:C	1	73563666	-0.118800781007207	0.249166057861852	0.633509105584754
chr1:76062379:T:C	1	76062379	0.225599777268304	0.148241612629736	0.128049579334289
chr1:86928231:G:T	1	86928231	0.122266640108209	0.157722481720159	0.438220842862102
chr1:88611347:G:A	1	88611347	-0.0536122886689105	0.229071927360027	0.814952926305336
chr1:91057167:C:A	1	91057167	-0.106019052798695	0.225987467187663	0.638971807062866
chr1:91093925:G:A	1	91093925	0.165878131965013	0.148991935219848	0.265564015794984
chr1:92475800:A:G	1	92475800	-0.196623229294032	0.152330513562435	0.196784417276097
chr1:94752415:G:A	1	94752415	0.0839632743368212	0.166906825079811	0.61492576612643
chr1:95614324:G:A	1	95614324	-0.551469021498003	0.341170255236485	0.106006958482519
chr1:99691102:T:C	1	99691102	0.266923357173781	0.14177303015189	0.0597340793492527
chr1:104937367:T:A	1	104937367	0.0279917126832635	0.187059262723063	0.881047953731096
chr1:153704237:C:A	1	153704237	0.203332957644234	0.206685193159601	0.325223223176474
chr1:157334223:T:C	1	157334223	0.00623379567917666	0.187192711845925	0.97343416788284
chr1:159540226:C:T	1	159540226	0.184352860444205	0.159995243624701	0.249222616513427
chr1:165647351:T:C	1	165647351	0.00555517045432337	0.156353170260053	0.971657419116969
chr1:168863629:G:A	1	168863629	-0.460061763797561	0.326943121928927	0.159379514182142
chr1:171350391:G:A	1	171350391	-0.101550218851048	0.237318625320188	0.668719082578519
chr1:173013575:C:G	1	173013575	-0.188053548471247	0.162625792312396	0.247534973384789
chr1:178947344:C:A	1	178947344	-0.279879715885958	0.287199541545172	0.329801837341484
chr1:185127444:C:G	1	185127444	-0.0374198836936651	0.149116208510737	0.801857063970207
chr1:186638909:G:T	1	186638909	0.0140382971658452	0.197706423844849	0.943393162053514
chr1:188272062:T:C	1	188272062	-0.0572632978001388	0.211994496257645	0.787070314891177
chr1:193365737:C:T	1	193365737	0.241358051591286	0.178033527290698	0.175198217644543
chr1:195033388:T:C	1	195033388	0.155885152517014	0.155679827665226	0.316672662344797
chr1:195907914:A:G	1	195907914	0.035281549628211	0.167902319531396	0.833565118132688
chr1:196692375:G:C	1	196692375	0.0665779005343512	0.221061263671933	0.76328183040588
chr1:197559019:A:G	1	197559019	0.0588267005509179	0.200733625300397	0.769477416349898
chr1:199160726:G:A	1	199160726	-0.146887294857537	0.307195839055238	0.632539729861165
chr1:204277152:T:C	1	204277152	0.0308595669177997	0.209374657613328	0.88282481588684
chr1:207498131:C:T	1	207498131	-0.118250180316325	0.229029397534846	0.605637876211344
chr1:210496535:G:A	1	210496535	-0.00601544145715481	0.199529718368857	0.975948941673668
chr1:212937214:T:G	1	212937214	-0.0713774160333509	0.111723958047009	0.522905578425557
chr1:219750864:A:G	1	219750864	0.141758171357514	0.158954964680669	0.372492945081033
chr1:221920463:G:A	1	221920463	0.025116765367428	0.192377918879471	0.896123780803677
chr1:234456961:G:A	1	234456961	0.283979149836631	0.194648528824149	0.144583566648939
chr1:237308322:A:G	1	237308322	0.0342480158398618	0.140592630698869	0.807542551012189
chr1:244583991:C:T	1	244583991	0.0429079941635853	0.225929380150501	0.849373601753887
chr1:247190028:T:C	1	247190028	-0.212190824248744	0.175384994843614	0.226333637157857
chr1:247897239:C:T	1	247897239	0.196099089973274	0.227734250982387	0.3891899181513
chr2:3248328:A:G	2	3248328	0.14232266299323	0.164398805377344	0.386645967629231
chr2:6804400:G:A	2	6804400	-0.15535999735589	0.189280971804136	0.411765689411654
chr2:9411790:A:C	2	9411790	0.193305838349829	0.201940772381072	0.338445998376114
chr2:12096367:C:T	2	12096367	0.272659439175557	0.178433399735544	0.126494165575153
chr2:13545005:C:T	2	13545005	-0.00285039488020543	0.145320327369897	0.984350845575138
chr2:16009716:A:G	2	16009716	-0.0365614840663871	0.187018436901303	0.845004134199468
chr2:16367899:A:T	2	16367899	-0.405184363367361	0.265122245996856	0.126439909468385
chr2:17630111:A:C	2	17630111	-0.0139519063574463	0.165061006009049	0.932638425601572
chr2:17928966:C:G	2	17928966	0.181128394447303	0.183536271965624	0.323701153753975
chr2:18261494:A:T	2	18261494	0.218478653306678	0.148044133092656	0.140006439580846
chr2:19530615:T:C	2	19530615	0.0874131907498912	0.168428324122929	0.603765334819359
chr2:19562158:T:C	2	19562158	-0.221290121577529	0.29529699093265	0.453627258218884
chr2:27383116:G:A	2	27383116	-0.175240958063145	0.238916292962973	0.463264099995403
chr2:37762298:C:T	2	37762298	-0.131228854352867	0.180844796965748	0.468057336741038
chr2:42010994:T:A	2	42010994	-0.298553507575747	0.206885433412286	0.148996198941675
chr2:45824390:C:G	2	45824390	0.287442682122281	0.202283020114054	0.155318900062269
chr2:49789441:T:C	2	49789441	-0.217059150293392	0.229107131284829	0.343428200973586
chr2:49994518:G:A	2	49994518	-0.00745653765401317	0.195208282744196	0.969529931213823
chr2:51284042:G:A	2	51284042	-0.449895443162713	0.266162574813841	0.0909699695188779
chr2:51344078:G:A	2	51344078	-0.32194192641678	0.184771976115987	0.0814429851890597
chr2:57278002:C:A	2	57278002	-0.102923015268559	0.174450818674813	0.555202054828296
chr2:57368273:A:G	2	57368273	0.264197549829876	0.177825007108984	0.137354120443918
chr2:60373837:A:G	2	60373837	0.11609205132222	0.236204687638802	0.623080493761918
chr2:61147014:T:C	2	61147014	-0.212482159752947	0.216547167425503	0.326480283424746
chr2:61693274:A:G	2	61693274	0.0866501299530129	0.174637839640416	0.61977417997591
chr2:65295480:C:T	2	65295480	0.119594904277191	0.180869142861104	0.508469075718009
chr2:66031496:T:C	2	66031496	0.067550267616527	0.16643853751023	0.684847576793743
chr2:69165635:T:C	2	69165635	0.0608668612391537	0.283266418815717	0.829864805646744
chr2:76651386:C:A	2	76651386	0.222730434679508	0.158146670577204	0.159018902363653
chr2:79784490:C:G	2	79784490	0.13745183423219	0.222308420336595	0.536381936379336
chr2:82619301:T:C	2	82619301	0.257081737556863	0.152868742057342	0.0926240151358897
chr2:85744328:G:A	2	85744328	0.220267718717541	0.240950867182233	0.360632617636209
chr2:85757440:T:A	2	85757440	0.283302579923009	0.17147823154973	0.0985101333706322
chr2:99811694:T:C	2	99811694	-0.364496177247254	0.135591543119124	0.00718399559172478
chr2:101228073:A:C	2	101228073	0.0159768224576378	0.143131775288266	0.911122199981554
chr2:106861882:T:C	2	106861882	-0.0781204151504029	0.224581311551027	0.727953486157964
chr2:108083619:T:C	2	108083619	-0.70399033036335	0.329800961143514	0.032794391866108
chr2:118004610:C:T	2	118004610	-0.0243726155019528	0.1617170333757	0.880203306897844
chr2:119455921:A:G	2	119455921	0.119368632677986	0.147620513362495	0.418734797148405
chr2:120644763:G:A	2	120644763	-0.176526353169318	0.15943620097096	0.268211286360509
chr2:120916837:A:G	2	120916837	0.246837336732716	0.146147827408356	0.0912277485474193
chr2:122628686:C:A	2	122628686	0.149950890492262	0.175198009929465	0.392056524622826
chr2:122629789:A:C	2	122629789	0.126471295381826	0.193106876830931	0.512513462328385
chr2:127192867:G:A	2	127192867	-0.115804265385001	0.217641902511606	0.594666254964836
chr2:130915743:C:T	2	130915743	-0.300264343151461	0.288725321550065	0.298355978099605
chr2:136507185:G:C	2	136507185	-0.036544255951131	0.148920572488536	0.806151161241459
chr2:141023592:C:T	2	141023592	-0.136795234380648	0.232461189005999	0.556220332948844
chr2:143017176:T:C	2	143017176	-0.0965326442458367	0.332994930274119	0.77189868302542
chr2:143920023:G:T	2	143920023	-0.374201615759803	0.361734917248655	0.300919470856814
chr2:144729333:C:T	2	144729333	0.175525515811576	0.1669269973796	0.293024119839186
chr2:148561010:G:C	2	148561010	0.255784387631594	0.200697118243435	0.202493489695164
chr2:154835349:G:T	2	154835349	0.0987879068151927	0.176556031415158	0.575801954289697
chr2:167086954:T:G	2	167086954	0.113166388360724	0.129902821981845	0.38366576334402
chr2:167657344:C:T	2	167657344	0.107486512038382	0.203942387171101	0.598163372342842
chr2:168647356:T:G	2	168647356	-0.266210750424575	0.212525145483934	0.21034831120737
chr2:171274449:C:A	2	171274449	-0.118252892487099	0.2552462962833	0.643156973502981
chr2:177787584:G:A	2	177787584	-0.0106445716052318	0.202047438729192	0.957984064694707
chr2:179648558:C:T	2	179648558	0.0933233912071289	0.166638105148339	0.575454664268972
chr2:183527028:C:T	2	183527028	-0.0240794994180483	0.198173320424068	0.903289255678463
chr2:184516924:T:A	2	184516924	0.254333520805492	0.146635631336574	0.0828366377571514
chr2:197010424:G:A	2	197010424	0.398452494979167	0.208846158393477	0.0564072933832155
chr2:209101337:G:A	2	209101337	-0.185397988341977	0.287024451665832	0.518324048466729
chr2:209103516:A:G	2	209103516	-0.0868195059858463	0.195139037979918	0.656384067543691
chr2:210957182:G:A	2	210957182	-0.328733166164004	0.189648352935861	0.0830276778076422
chr2:214802180:T:C	2	214802180	0.0541819682179698	0.149673237839425	0.717350751697211
chr2:215209936:A:G	2	215209936	-0.165275829200987	0.259291643892136	0.52385595167525
chr2:220997842:C:T	2	220997842	-0.0716292574322486	0.195490639635099	0.714060944379893
chr2:228947684:G:A	2	228947684	-0.0355597864418041	0.176282238566838	0.840135035172236
chr2:233152507:T:C	2	233152507	0.11076282593786	0.096562200513578	0.251356018603101
chr2:235620294:A:T	2	235620294	0.079451438521012	0.145064624059384	0.583900071257832
chr2:237288548:A:G	2	237288548	-0.0193939737286803	0.196352556649495	0.921319951551304
chr2:237513585:T:C	2	237513585	-0.179981649313059	0.303290670757633	0.552893711064517
chr2:237920759:T:G	2	237920759	0.097319156247511	0.16155347139512	0.54691060783512
chr2:240429648:C:T	2	240429648	0.0416820450331652	0.0989665243505104	0.673628632747976
chr3:10127208:T:G	3	10127208	0.125693139113776	0.254031380394067	0.620745717170081
chr3:14082905:A:G	3	14082905	0.00924171234214058	0.226818751666912	0.967499248742987
chr3:16798495:T:G	3	16798495	0.0508429555806261	0.14975117500557	0.734220866583451
chr3:18882818:T:C	3	18882818	0.194326204091367	0.179014254992133	0.27768485782378
chr3:22245167:A:G	3	22245167	-0.162377177795334	0.216651111181473	0.453563768930924
chr3:24009496:G:A	3	24009496	0.00698315163545706	0.123056411381797	0.954746284085874
chr3:24010534:C:T	3	24010534	-0.0160916159634904	0.152479429187506	0.915952863265208
chr3:33111016:C:A	3	33111016	0.00047141753615018	0.281127802967476	0.998662044118235
chr3:33421913:A:G	3	33421913	0.121943617336557	0.21562942289128	0.571717393478135
chr3:34471110:A:G	3	34471110	-0.153883005381957	0.164753771016004	0.350294552681711
chr3:35230331:G:A	3	35230331	-0.101037709899235	0.162056711612321	0.532974851495878
chr3:41413926:T:C	3	41413926	0.201551419836804	0.142188807231338	0.156339289688365
chr3:42098050:T:C	3	42098050	0.155943472894535	0.204203469002234	0.445065645897129
chr3:46489654:A:G	3	46489654	0.10944359690596	0.13369657002898	0.413016439929006
chr3:56959175:A:G	3	56959175	-0.139173491788883	0.3148042911289	0.658420258513952
chr3:64441608:G:A	3	64441608	-0.174186956146073	0.216956639994884	0.422052598807572
chr3:66995763:G:T	3	66995763	0.125581085029333	0.199152163562002	0.528316119446537
chr3:68498445:T:C	3	68498445	0.000755394597067378	0.169732403757388	0.996449023973572
chr3:68824246:G:A	3	68824246	0.027841429240317	0.156938404441014	0.859191423247103
chr3:69021248:A:C	3	69021248	0.125269703429022	0.182278537127541	0.491929422254082
chr3:69617754:T:G	3	69617754	-0.0146467664829704	0.158866417760245	0.92654272497951
chr3:74191731:G:A	3	74191731	0.150722627660668	0.161557812701116	0.350854521761872
chr3:74732240:G:A	3	74732240	-0.143784029097147	0.151145872279921	0.341455596240274
chr3:75709324:A:T	3	75709324	-0.465218084009405	0.2148487066863	0.0303625172670542
chr3:84465702:T:C	3	84465702	0.0394262072307326	0.163925073995918	0.809932132940788
chr3:84817748:G:A	3	84817748	0.0822231971014862	0.156442497891967	0.599179393596624
chr3:85705423:A:G	3	85705423	-0.0911832146160164	0.148652606992327	0.539613195743343
chr3:88069353:C:T	3	88069353	0.405368916284752	0.179071958646987	0.0235912927712613
chr3:93986190:G:A	3	93986190	0.172174814884067	0.196080846808766	0.379899904698615
chr3:101022648:G:A	3	101022648	0.0120005599051008	0.227576188691146	0.957945399028917
chr3:106664728:C:T	3	106664728	0.113393028832771	0.143335416122085	0.428884087623129
chr3:110774699:C:T	3	110774699	0.0641334993725887	0.150059231816271	0.669096821983465
chr3:113428518:G:A	3	113428518	-0.287190736028731	0.140577898636726	0.0410594176620126
chr3:121058963:T:G	3	121058963	0.183932509399668	0.18309680640939	0.315106709988815
chr3:122312606:G:A	3	122312606	0.193026359891399	0.157550959282311	0.220512009406349
chr3:124193435:A:C	3	124193435	0.0223861936409195	0.220943320431612	0.919295662657287
chr3:126773646:G:T	3	126773646	-0.282112983127688	0.231333767990159	0.22265209329137
chr3:131209978:G:T	3	131209978	0.101966292204692	0.24778663883327	0.680699756748361
chr3:133982842:C:T	3	133982842	-0.137389672388978	0.15920387696746	0.388148771915867
chr3:146265901:G:T	3	146265901	-0.216962383529159	0.184149653887762	0.238722810205546
chr3:149679065:C:A	3	149679065	0.145541186726971	0.151832230798758	0.337777518674879
chr3:152663712:G:C	3	152663712	0.023656047392203	0.170737474346861	0.889804042283785
chr3:159417151:A:G	3	159417151	-0.0264856286547829	0.116979250969806	0.82088018130163
chr3:164899350:G:A	3	164899350	0.203650903664386	0.213020748498986	0.339064957931472
chr3:168053836:T:C	3	168053836	0.330969034824419	0.173767203985093	0.0568230900068921
chr3:171028381:G:A	3	171028381	0.133506594981139	0.14546869023006	0.358740028790425
chr3:174497130:T:C	3	174497130	-0.0439035003118554	0.146603413306689	0.764580542287027
chr3:176663180:T:G	3	176663180	0.352191920005448	0.167147731887786	0.0351115389845025
chr3:196706550:C:T	3	196706550	0.00266202714825526	0.139320964001656	0.984755624213411
chr4:332191:G:A	4	332191	0.230700966674915	0.195003622693589	0.236785408116113
chr4:8816874:T:C	4	8816874	0.200847803677414	0.15834958121984	0.204661464704767
chr4:9851274:C:G	4	9851274	-0.115327103173057	0.244018673290694	0.636487241700519
chr4:10725805:A:G	4	10725805	0.291537713628761	0.158733237150449	0.0662612891067648
chr4:13219910:C:T	4	13219910	0.217466204093005	0.161556589213329	0.178280489392288
chr4:18747099:A:G	4	18747099	0.262387463971598	0.193076951232876	0.17415333870152
chr4:20840555:C:T	4	20840555	0.125856397763159	0.148164176632924	0.395637180801497
chr4:21137718:C:T	4	21137718	0.0629739189925625	0.0945612343221206	0.505437212874367
chr4:26851610:T:C	4	26851610	0.176628756524085	0.176635838412568	0.317329910992592
chr4:32302160:A:T	4	32302160	0.244753629412538	0.223255483095925	0.272950167933535
chr4:40603484:A:G	4	40603484	-0.196798192122389	0.15523087859327	0.204877472462252
chr4:44018406:T:G	4	44018406	-0.124603824499554	0.205884425118981	0.545037821434131
chr4:44680448:T:C	4	44680448	-0.0957558325124623	0.182823001874861	0.600443738836948
chr4:55337032:C:T	4	55337032	-0.102380284263028	0.19899974825601	0.606920325422343
chr4:55659669:G:A	4	55659669	0.366340786794796	0.155121499586272	0.0181944118707261
chr4:56719096:C:T	4	56719096	-0.122742135019189	0.200332615990183	0.540080198561531
chr4:61158247:C:G	4	61158247	-0.374495863392421	0.249264527366211	0.132992969191432
chr4:67708732:C:T	4	67708732	-0.320382242802675	0.245726400197309	0.192296005910517
chr4:67911021:C:T	4	67911021	-0.315281142892871	0.118934836795964	0.00802840329583299
chr4:90022599:G:T	4	90022599	-0.175210451206476	0.19749879107262	0.37499978659037
chr4:95433170:T:C	4	95433170	0.354435197955455	0.19377953486951	0.0673900004924822
chr4:97398054:G:A	4	97398054	-0.00368728002423953	0.0907285681488453	0.967582271093567
chr4:98823404:T:C	4	98823404	-0.21122865000125	0.213369942650128	0.32219151362699
chr4:99262681:C:G	4	99262681	-0.369954113374964	0.314866054413114	0.240011870297362
chr4:99355957:G:T	4	99355957	-0.0542012669778523	0.168250020518776	0.747341209346265
chr4:101085120:T:C	4	101085120	-0.227285920977613	0.244332271521261	0.352250503625289
chr4:102399971:C:T	4	102399971	-0.191061542365446	0.141899232729414	0.178154435897706
chr4:102884286:T:C	4	102884286	0.130532473552866	0.14850521620337	0.379414461820699
chr4:105992845:C:T	4	105992845	0.500753407001489	0.227990028652727	0.0280645464596208
chr4:108791253:G:A	4	108791253	0.0564980320918196	0.137637494561328	0.681450710206519
chr4:110957298:T:A	4	110957298	0.303842201449348	0.202058656371564	0.132650215435882
chr4:113348012:C:T	4	113348012	0.187470594725507	0.158834868571866	0.237886426730672
chr4:115522695:G:A	4	115522695	0.143472932720412	0.145228989197272	0.323197530178134
chr4:120770744:A:C	4	120770744	-0.102529184391993	0.262438517925875	0.696034617195925
chr4:123964831:A:G	4	123964831	0.271704067803213	0.186672790910662	0.145528192134317
chr4:126268710:T:G	4	126268710	-0.26165015037945	0.340444510732187	0.442157843232712
chr4:134350906:C:T	4	134350906	0.0538897767408042	0.181893343364111	0.767022904215062
chr4:138952375:G:A	4	138952375	-0.0209395593381937	0.168418570589261	0.901053626184402
chr4:141618953:G:A	4	141618953	-0.328805246680655	0.58104755255746	0.571472950772293
chr4:149616644:T:G	4	149616644	-0.326125381763323	0.27128097870863	0.229298344510887
chr4:171974219:A:G	4	171974219	-0.402211381491354	0.257322934748805	0.118038304554267
chr4:176312841:C:T	4	176312841	0.373816942070621	0.183588582060213	0.0417336271799824
chr4:179329624:T:G	4	179329624	0.0689163834220206	0.178189249836934	0.698934269917728
chr4:183032183:A:G	4	183032183	-0.150730304540241	0.114187313753076	0.186826099072041
chr4:184991673:A:G	4	184991673	0.134283816184718	0.158866934893226	0.397965861894313
chr4:189912372:C:T	4	189912372	-0.306834527165371	0.24590969510362	0.212121574064263
chr5:5313703:A:G	5	5313703	-0.283779977117725	0.221764879696093	0.20067055914674
chr5:7364955:T:A	5	7364955	0.317638397613304	0.177338930802666	0.0732712431856756
chr5:8067079:G:C	5	8067079	0.376251112492028	0.168134134742904	0.0252338886529202
chr5:13911296:G:T	5	13911296	0.0629970106525117	0.167746578008324	0.707252428882207
chr5:15621966:C:G	5	15621966	-0.0531393457439478	0.094653675813185	0.574519324215959
chr5:17902851:T:C	5	17902851	0.393840561892005	0.247886712948484	0.112107236595901
chr5:20732163:G:T	5	20732163	0.0802580938063011	0.159388405612801	0.614586181607176
chr5:21913130:A:C	5	21913130	0.0950553297841266	0.163861697792012	0.561850645069797
chr5:23787194:A:C	5	23787194	0.108437129768407	0.142242687149315	0.445857778949059
chr5:23895775:T:G	5	23895775	0.143054648437356	0.152494774949727	0.348195380425908
chr5:33466391:T:A	5	33466391	-0.129154846352495	0.095467289285105	0.17609711577645
chr5:33624899:A:G	5	33624899	0.408953481907682	0.207162960608502	0.0483741702125029
chr5:39550509:T:G	5	39550509	-0.232124431699012	0.174582458380514	0.183650862804721
chr5:39634108:G:A	5	39634108	-0.329425664416956	0.289334351096336	0.254885067729129
chr5:39978357:G:A	5	39978357	0.0198752409679075	0.20135708167293	0.921371354405396
chr5:44011742:G:T	5	44011742	-0.160478396610175	0.418940762429448	0.701677138626589
chr5:54814079:C:T	5	54814079	-0.0746457206859641	0.315241532897566	0.812820501999532
chr5:66989845:C:A	5	66989845	0.27354556077021	0.174802231826355	0.117609648059752
chr5:66992139:G:A	5	66992139	-0.139382377747721	0.195673523518845	0.476265966573614
chr5:73076502:T:C	5	73076502	-0.19580377196962	0.135934078810177	0.14974526775186
chr5:76998986:C:A	5	76998986	0.0725010371274644	0.206359135486807	0.725337584561223
chr5:80530472:T:A	5	80530472	0.480841412876247	0.196482037439002	0.0143949433507133
chr5:81710558:G:T	5	81710558	-0.123745783763978	0.136386875016895	0.364240530012202
chr5:84879932:A:G	5	84879932	0.0982848184118235	0.141366913182252	0.486900982922581
chr5:85476293:A:G	5	85476293	-0.13983285353322	0.202168381080154	0.489147544493614
chr5:85809583:T:C	5	85809583	0.143164883753832	0.177224216586511	0.419195453903497
chr5:92192959:A:T	5	92192959	0.228632664518289	0.181215256205899	0.207069915748562
chr5:94648523:C:G	5	94648523	0.061031770863781	0.130267587610098	0.639419354021355
chr5:98024666:G:A	5	98024666	0.00477254402340875	0.178727982064673	0.978696751006623
chr5:101328324:T:C	5	101328324	-0.25172741295636	0.280353747369109	0.36924308061047
chr5:101825779:A:C	5	101825779	0.0861452487194857	0.195728449369889	0.659845595763739
chr5:106773905:G:A	5	106773905	0.101493558905783	0.155586766006131	0.51418978733094
chr5:114915760:G:T	5	114915760	0.225859806744665	0.163535893007004	0.167247492008173
chr5:115102683:A:G	5	115102683	-0.0495163577539671	0.203294137860109	0.807563847632535
chr5:117238479:G:A	5	117238479	-0.176314048865632	0.196268043799586	0.369008076156874
chr5:121740415:G:T	5	121740415	0.102682255899836	0.13165298130693	0.43542248309586
chr5:137227416:A:T	5	137227416	-0.0900489478013856	0.287092740999642	0.753780769178625
chr5:137406489:C:T	5	137406489	-0.150577678893309	0.232176126985553	0.516629695523502
chr5:140638650:G:A	5	140638650	0.269759511135318	0.187268763719463	0.14972771560058
chr5:142682003:T:C	5	142682003	0.149870299039411	0.150540527874444	0.319469883457123
chr5:144183699:A:G	5	144183699	0.0457487464707376	0.146395801602296	0.754660259573541
chr5:145690757:G:T	5	145690757	0.401187308948124	0.224288209259319	0.0736609955841928
chr5:147282093:C:T	5	147282093	0.194836714226044	0.194456523485182	0.31636525701083
chr5:148033208:G:T	5	148033208	-0.163555674876854	0.323160699162589	0.612777663930163
chr5:151763317:T:C	5	151763317	-0.149156593562615	0.345243058027531	0.665717009000429
chr5:153541577:C:T	5	153541577	-0.322940797949821	0.275385833966519	0.240922205287547
chr5:168245100:T:C	5	168245100	-0.133424122025267	0.205174877959136	0.515501923011544
chr5:169455657:C:T	5	169455657	0.00591277987859902	0.160009283666038	0.970522695861511
chr5:169808985:G:C	5	169808985	0.0903854324120766	0.170892731602793	0.596873739447855
chr5:172672695:T:C	5	172672695	0.277336828166128	0.179035478175684	0.121367122338898
chr5:173346700:A:C	5	173346700	0.173016033722841	0.176422638005312	0.32674530997716
chr6:3041612:C:A	6	3041612	0.0699952722531735	0.20097929142954	0.727636620570715
chr6:3673174:A:G	6	3673174	-0.473956754544348	0.362403255079912	0.190935745544212
chr6:3786319:G:C	6	3786319	0.233186531922575	0.16926659780285	0.168317939076232
chr6:6090729:G:T	6	6090729	0.140948747872231	0.170792541683514	0.409222351096763
chr6:6354181:A:T	6	6354181	-0.161849374246744	0.19896463286618	0.415955511657553
chr6:6456261:T:C	6	6456261	-0.510464594555597	0.21776378278872	0.0190719974118675
chr6:7642514:C:G	6	7642514	0.104841621881468	0.154875201470493	0.498442372673973
chr6:21494280:T:C	6	21494280	0.486286902546206	0.236662963813976	0.0399016561590433
chr6:23344439:T:A	6	23344439	0.0923433590506295	0.115532925487124	0.424127057700428
chr6:26287827:G:A	6	26287827	-0.336779773970508	0.167381571738791	0.0442148664752781
chr6:31108549:A:G	6	31108549	-0.357495648390344	0.201625363213192	0.0762173009370216
chr6:32660000:G:C	6	32660000	-0.208390648909225	0.243549695816847	0.392197420986102
chr6:33148933:A:G	6	33148933	-0.372036078219156	0.218279190857152	0.0883055069750289
chr6:37400014:G:T	6	37400014	0.0628329158242161	0.167331441028002	0.707288825435633
chr6:39124093:C:T	6	39124093	-0.116612793452076	0.115465439400726	0.312525582413003
chr6:45195864:C:T	6	45195864	0.298850807788285	0.187867632351231	0.111665404151005
chr6:46738257:G:A	6	46738257	0.138255022068962	0.177275735903521	0.435457456712976
chr6:47717919:C:A	6	47717919	-0.0844909700372094	0.123711222820872	0.49462622761745
chr6:48859012:C:A	6	48859012	-0.369895439569626	0.310030270770335	0.232832329064167
chr6:49860743:T:G	6	49860743	0.154038892222684	0.208451978544009	0.459927738185364
chr6:53292416:C:G	6	53292416	-0.113952260919918	0.219514001423033	0.603682930932789
chr6:69504128:A:G	6	69504128	-0.135685746258972	0.207404055221779	0.512976708375954
chr6:81137001:T:C	6	81137001	0.0309469867452376	0.163584933913714	0.849951795261992
chr6:84758749:C:T	6	84758749	0.0775715790530995	0.196007071501854	0.692282763836146
chr6:87387916:G:T	6	87387916	-0.0836587358947256	0.162160636010395	0.605923979384964
chr6:88566465:G:A	6	88566465	0.177277866268633	0.145493129327198	0.223048412579187
chr6:93273487:T:C	6	93273487	0.228311858019817	0.184772738012546	0.216593874441684
chr6:97788153:C:A	6	97788153	0.16258678601236	0.141226419225984	0.249629776629812
chr6:104918249:A:G	6	104918249	-0.00281738042894841	0.158718436997532	0.985837648460807
chr6:107129138:A:G	6	107129138	0.0964989266363933	0.138040803008438	0.484513978623342
chr6:112187089:T:C	6	112187089	0.240750159166598	0.188727289197781	0.202078909686788
chr6:118046853:T:C	6	118046853	-0.0296830275189436	0.206046686666916	0.88545331345102
chr6:123103197:T:C	6	123103197	-0.21585064145732	0.29485815237928	0.464138607039301
chr6:127784009:G:A	6	127784009	0.346777984303128	0.158895173727485	0.0290776311251666
chr6:129527930:G:A	6	129527930	0.267345423721635	0.185541513951647	0.149614982415939
chr6:137254996:T:C	6	137254996	-0.223383105832407	0.295359029800305	0.449463114424541
chr6:151547601:G:A	6	151547601	-0.0272625610948793	0.167538944932471	0.870735966615577
chr6:152638179:C:T	6	152638179	-0.140199266628026	0.18490660289016	0.448321289987405
chr6:153842833:G:A	6	153842833	0.0894693547481101	0.134125308486883	0.504735111552493
chr6:160701242:A:G	6	160701242	-0.13849577172776	0.23260892045306	0.551574917462516
chr6:160909689:G:C	6	160909689	-0.100453199684817	0.184174700241803	0.585462318608377
chr6:162760256:C:T	6	162760256	0.173384031848117	0.224853199170084	0.440648372388314
chr6:163629327:G:A	6	163629327	0.109819199381516	0.142784990315647	0.441820381669189
chr7:6986920:C:A	7	6986920	-0.0778409379123934	0.281973494101741	0.782503793647654
chr7:7863676:G:A	7	7863676	-0.0884793213926975	0.204863300730602	0.665818132963811
chr7:8111839:A:G	7	8111839	-0.166832792198233	0.153687148910975	0.277684733324282
chr7:9602661:C:A	7	9602661	-0.361223507801725	0.29895332840606	0.226934202220057
chr7:11334355:C:A	7	11334355	0.101951501061346	0.249884947258142	0.683278250618077
chr7:12476280:G:A	7	12476280	0.0302681991537709	0.197886833790323	0.878432094675814
chr7:20850990:A:T	7	20850990	0.0865826463161989	0.138843731147085	0.532891750926455
chr7:22822020:C:A	7	22822020	-0.127897793410423	0.0970827519307828	0.187701212848583
chr7:24140802:T:C	7	24140802	0.0861473038390246	0.213829011815234	0.687036946971917
chr7:24278575:A:G	7	24278575	-0.101048015203232	0.274229530395151	0.712515578735111
chr7:24620726:T:A	7	24620726	-0.0209030189817918	0.129916624941423	0.872175593521991
chr7:24740434:C:T	7	24740434	-0.0863076718873481	0.152320420990993	0.570972941754472
chr7:28505993:C:T	7	28505993	-0.113840789771707	0.245106305332165	0.642321966083757
chr7:36413989:G:A	7	36413989	-0.255005676455186	0.375311032631868	0.496851773459502
chr7:43755241:C:T	7	43755241	-0.0425999284308493	0.136933177613163	0.755724507466065
chr7:44689517:A:G	7	44689517	-0.132275022217081	0.201641535454782	0.511829947769086
chr7:46192346:C:G	7	46192346	-0.00923266950742377	0.134452573043092	0.945253415418072
chr7:48301675:T:C	7	48301675	0.290749081604928	0.14797147909983	0.0494258735121355
chr7:51890159:C:T	7	51890159	0.248655336805136	0.146664016547458	0.0899980624907786
chr7:53046603:C:G	7	53046603	-0.232205479936616	0.291623022380595	0.425885448996593
chr7:55663907:C:A	7	55663907	0.0291530102972246	0.25233036412409	0.908021012131934
chr7:56122201:A:G	7	56122201	-0.335808014414173	0.205486093785587	0.102214165861393
chr7:62910214:G:T	7	62910214	-0.0225782303256167	0.243007954517179	0.92597388018479
chr7:67766433:G:A	7	67766433	0.108559836688582	0.165355008716156	0.511485844514492
chr7:68433432:T:C	7	68433432	-0.0635192592805858	0.210959425356849	0.763340495401564
chr7:71020152:T:G	7	71020152	0.0356797577129827	0.231852303677742	0.877696446237139
chr7:71553830:T:C	7	71553830	-0.0821762462395951	0.136003479384263	0.54569629119295
chr7:78390279:T:G	7	78390279	-0.256947578252416	0.186318521377755	0.167871029706433
chr7:83524616:A:T	7	83524616	0.145843506793703	0.234259109460397	0.533564849268939
chr7:84786535:C:A	7	84786535	0.115033849959227	0.221814939819433	0.604037752686354
chr7:86620755:G:A	7	86620755	-0.215013876584648	0.218843298985872	0.325852828447139
chr7:89207269:G:A	7	89207269	0.178269444415998	0.207165030634835	0.389503016158401
chr7:91097147:A:G	7	91097147	0.0263939814186093	0.161502400154632	0.870181618488729
chr7:103095283:G:A	7	103095283	0.202522921106224	0.177969445878712	0.255135283665064
chr7:113434486:A:C	7	113434486	-0.0478160929100471	0.233889983950345	0.838010928888327
chr7:113749820:G:A	7	113749820	0.0235135486674132	0.0832088690861333	0.77749525288208
chr7:117145973:C:G	7	117145973	0.288993539097278	0.182737075114358	0.113770191876895
chr7:119808046:G:A	7	119808046	-0.570069745871002	0.482049691835733	0.236969538320734
chr7:122582926:C:G	7	122582926	0.166881758029472	0.178360205758875	0.349456218648523
chr7:124802410:A:T	7	124802410	0.064354690847083	0.164571373629097	0.695764521392007
chr7:129047886:A:G	7	129047886	-0.314741354304823	0.339420347676168	0.35377558720115
chr7:131384702:T:A	7	131384702	-0.0322223575706415	0.225273100466736	0.886261068180955
chr7:136870573:G:A	7	136870573	-0.0956891511911067	0.254281180561219	0.706684691469688
chr7:142873374:T:C	7	142873374	0.143794722414113	0.194036894827821	0.458651620901031
chr7:145116884:A:G	7	145116884	-0.00199242125981421	0.1608581808359	0.990117496630529
chr7:149242006:T:C	7	149242006	0.505702627922009	0.226755112362931	0.0257361067015192
chr7:153502245:G:A	7	153502245	-0.151969529524042	0.266151734486909	0.568007565938812
chr7:153952270:G:A	7	153952270	-0.154104261004481	0.173237288765087	0.373704367901431
chr7:154426289:T:C	7	154426289	-0.194731922910467	0.319990935765392	0.542819773245589
chr7:156975524:A:T	7	156975524	-0.271329967288521	0.289792387546661	0.349123446516155
chr7:157677820:C:T	7	157677820	0.321327066888039	0.173161205769601	0.0635030703524528
chr8:276778:A:T	8	276778	0.0574465695818212	0.164145950090473	0.726359331103464
chr8:1102873:G:T	8	1102873	-0.024653211770423	0.187878375684568	0.895602069491093
chr8:8710521:T:C	8	8710521	0.0657678271153918	0.20491562320313	0.748247698351475
chr8:9029509:T:C	8	9029509	0.175090721016265	0.165395704958521	0.289774197409315
chr8:9109096:A:G	8	9109096	0.0808251700292783	0.138023839116279	0.558152092316376
chr8:13032868:C:A	8	13032868	-0.0788607899322243	0.287922066737643	0.784164311965193
chr8:20741226:C:T	8	20741226	-0.176050647831857	0.183806298412996	0.338160943297864
chr8:23115837:G:A	8	23115837	0.151782600800483	0.184059324582043	0.409576253718662
chr8:25783762:T:C	8	25783762	0.128629382032683	0.205625439824628	0.531608904601762
chr8:27022227:G:T	8	27022227	-0.304516131755655	0.273130274756919	0.264888273724889
chr8:28150898:A:G	8	28150898	0.0215914656311257	0.155586409356388	0.889628144579407
chr8:28528484:G:T	8	28528484	0.0759890335595323	0.0954696590580193	0.426061350836444
chr8:41788192:C:T	8	41788192	0.228269305373885	0.204604781729713	0.264567835519526
chr8:42055528:T:G	8	42055528	0.337698960817518	0.197592439606156	0.0874383118445392
chr8:53142705:G:A	8	53142705	-0.276654481132192	0.212501703416447	0.192952964177251
chr8:61304314:G:C	8	61304314	-0.0269149913781997	0.211392259492201	0.898685151235829
chr8:61926940:A:T	8	61926940	-0.0967645259467753	0.12469797844589	0.437754219606316
chr8:63445672:G:A	8	63445672	0.381807983370424	0.184584610173436	0.0385957191298563
chr8:65343369:C:A	8	65343369	0.0534851226800086	0.182491548844993	0.769458911298234
chr8:65418628:G:T	8	65418628	-0.00660407512740463	0.0858666647543233	0.938694494279976
chr8:71273350:T:A	8	71273350	0.169808349119392	0.2866803535432	0.553632023662562
chr8:72033005:T:C	8	72033005	0.22138895363636	0.194181701856466	0.254239503356827
chr8:72065200:T:A	8	72065200	0.0207149107253599	0.216890375615755	0.923910806222656
chr8:73211475:T:C	8	73211475	-0.163468762608429	0.29148018201833	0.574918270083744
chr8:86323708:T:C	8	86323708	-0.0455388487501535	0.216618924301017	0.833491580553403
chr8:89525432:A:G	8	89525432	0.13403011550796	0.19482573555044	0.491485074151826
chr8:92001032:A:G	8	92001032	0.0614687787828259	0.201068848066314	0.759825378280664
chr8:92645879:A:G	8	92645879	0.170762232690079	0.14240974389907	0.230492589277868
chr8:95906161:G:A	8	95906161	0.189848728400296	0.128315672414179	0.138994886716948
chr8:96365126:C:T	8	96365126	-0.00655576156862571	0.150749619033277	0.965312730306138
chr8:98002322:C:T	8	98002322	0.127832603279973	0.197084727118434	0.516585640320645
chr8:106920372:G:A	8	106920372	-0.121490351403123	0.23865164559818	0.610703281962254
chr8:108142424:A:G	8	108142424	0.233056066208078	0.227090600603455	0.304764758309206
chr8:109421925:C:T	8	109421925	0.0784844553120671	0.195395990903812	0.687927856424938
chr8:116252872:C:T	8	116252872	0.0514561496160137	0.12013993423307	0.668431411444273
chr8:121384602:C:T	8	121384602	0.199704981080698	0.179560532677866	0.266057538527095
chr8:127029052:C:T	8	127029052	-0.139166017029236	0.128443527740938	0.278595341950562
chr8:128437247:A:G	8	128437247	-0.198211106306702	0.282734228588852	0.483271204469479
chr8:131315237:G:A	8	131315237	-0.257345816575993	0.233975550281381	0.271382941658764
chr8:135895676:A:T	8	135895676	-0.20954071973605	0.265042338864214	0.429181308487403
chr8:141605122:C:T	8	141605122	0.0923016605234474	0.188639730327116	0.624628418697373
chr9:733358:A:C	9	733358	0.255555512386887	0.182744145166145	0.161982965552103
chr9:5461379:C:T	9	5461379	0.126029971634611	0.150979305896667	0.403858497960388
chr9:11397008:T:G	9	11397008	-0.0607649424923586	0.293946955474164	0.836227931605751
chr9:11955148:T:G	9	11955148	-0.154098971335044	0.278084468870608	0.579479976278152
chr9:12389360:A:G	9	12389360	0.131569168503611	0.18319999775553	0.472651039179004
chr9:12615226:G:C	9	12615226	-0.014500846389367	0.0860503963235036	0.866177560403828
chr9:14098421:G:A	9	14098421	-0.0851705078733867	0.237887595526027	0.720322083346762
chr9:18952915:A:G	9	18952915	0.0390199499992059	0.15739687448971	0.804205562271288
chr9:29651949:A:G	9	29651949	0.0191870923599456	0.211021337081368	0.927552270871494
chr9:32058643:A:T	9	32058643	-0.254844105562777	0.281202927712653	0.364796106138028
chr9:37013405:C:T	9	37013405	0.0878439836929646	0.211170515925103	0.677420228810836
chr9:37992585:C:T	9	37992585	-0.17194621098636	0.160426226960133	0.283806006018193
chr9:89995415:A:G	9	89995415	0.050806054807832	0.210825380732119	0.809565637779713
chr9:91844381:C:T	9	91844381	-0.0860998991371055	0.252879725645908	0.733496838047344
chr9:94568472:C:A	9	94568472	0.0128858273891204	0.181667712779626	0.943452868855738
chr9:96162075:C:T	9	96162075	0.248957568846195	0.185328188411443	0.179164000796869
chr9:100192956:A:G	9	100192956	-0.327604499024384	0.237189422702724	0.16721945969799
chr9:100529836:G:C	9	100529836	0.103549687099765	0.204480698894373	0.612573605118274
chr9:101460357:C:T	9	101460357	0.151894437070179	0.243881975449747	0.533403177423106
chr9:107904127:G:A	9	107904127	-0.0129657047242834	0.0942997724134319	0.890639900713431
chr9:117420412:T:C	9	117420412	-0.228848617658402	0.168364377731712	0.174068629131887
chr9:117972207:C:A	9	117972207	-0.374473260500428	0.232361131585654	0.107048953689489
chr9:121356498:A:G	9	121356498	-0.313899337222073	0.36408927438155	0.388605328572718
chr9:124044726:T:G	9	124044726	-0.103383117149315	0.180530977083596	0.56687399629088
chr9:125005426:C:T	9	125005426	0.245053211363943	0.174024765924168	0.159086254575083
chr9:129533341:A:G	9	129533341	-0.150297373722234	0.102608073866519	0.142983292737299
chr9:136630984:C:T	9	136630984	-0.0293306385657617	0.122107487365518	0.810172546684748
chr10:2050300:A:G	10	2050300	-0.144004316445355	0.221970208960841	0.51649665041137
chr10:3113976:C:T	10	3113976	0.372248243172138	0.193418138394269	0.0542822067711084
chr10:4591592:T:C	10	4591592	0.275916325241516	0.165570148633427	0.0956214738214471
chr10:7462546:C:T	10	7462546	0.225125910410617	0.214986842191881	0.295025170998798
chr10:7849544:T:G	10	7849544	0.113321675261374	0.176310930400967	0.520394338436233
chr10:9367893:G:A	10	9367893	-0.177654487513294	0.229843181770391	0.439559181668965
chr10:10628189:C:T	10	10628189	-0.0231943750074537	0.164431766281625	0.887824320332026
chr10:14014383:T:C	10	14014383	0.368820845619301	0.177692342016003	0.0379295963655593
chr10:16341555:C:T	10	16341555	0.244775527067981	0.195712454418444	0.211047754228197
chr10:18075702:C:T	10	18075702	-0.603801417338656	0.446386709885554	0.176170024089824
chr10:27289376:T:C	10	27289376	0.144892443573398	0.23128707572006	0.531012295530247
chr10:27674317:A:G	10	27674317	-0.228570353348528	0.241439490610331	0.343792541113604
chr10:28771902:G:A	10	28771902	0.163108910960879	0.181240989915952	0.368143682397875
chr10:28891836:C:T	10	28891836	0.0752482760478175	0.246462430609062	0.760127491579958
chr10:30622484:G:A	10	30622484	0.201735564215634	0.195709251247476	0.302638289840877
chr10:35177843:G:T	10	35177843	-0.0647029509783237	0.1440317771944	0.653267973230849
chr10:45036473:A:G	10	45036473	-0.0721196845955143	0.184730112089064	0.696236590137454
chr10:51560095:T:G	10	51560095	0.124166291208297	0.174203632179704	0.475991047240796
chr10:54072488:A:G	10	54072488	-0.438369392896104	0.23391610764205	0.060924175301087
chr10:54082016:C:T	10	54082016	0.174476621986974	0.182815502580976	0.339888108262588
chr10:55299918:G:C	10	55299918	0.151257333619797	0.165145529321582	0.359717621112086
chr10:56747004:T:C	10	56747004	-0.32076416322765	0.269811451430031	0.234500420980663
chr10:57761967:T:C	10	57761967	-0.100709041406289	0.228516738901065	0.65942476404678
chr10:69232402:C:A	10	69232402	-0.104352342770432	0.178776563573475	0.559420426000101
chr10:79437519:C:T	10	79437519	-0.390576310492464	0.406505124281046	0.336645084393801
chr10:82354363:C:G	10	82354363	-0.185529904475772	0.288628311728008	0.520354724731946
chr10:84591955:C:T	10	84591955	-0.396011359065349	0.263476303148312	0.132832706438071
chr10:84989741:G:A	10	84989741	-0.0469336486453223	0.204939198449664	0.818859161024329
chr10:91053424:A:C	10	91053424	-0.263863434518222	0.207605154300658	0.203733303869875
chr10:93612452:G:A	10	93612452	0.309148726776254	0.180359839715147	0.0865165464349344
chr10:93671121:T:C	10	93671121	0.024080433040075	0.156607314919285	0.877796495379228
chr10:101249704:C:T	10	101249704	-0.0162510684771239	0.167883970487081	0.922885696340099
chr10:102352980:T:C	10	102352980	-0.0128957498984447	0.240001314978111	0.957148689822774
chr10:104637359:T:C	10	104637359	-0.265544091260741	0.308421517334354	0.389250249045436
chr10:108480456:T:C	10	108480456	-0.014918005138978	0.184741410983961	0.935640186032593
chr10:109264424:C:T	10	109264424	-0.00750689520334888	0.27557349156668	0.978267521157707
chr10:111352001:T:G	10	111352001	0.188946737408465	0.176957333279182	0.285631908543779
chr10:118828443:C:T	10	118828443	0.194584573116646	0.147451336907478	0.186950957698641
chr10:120152982:A:G	10	120152982	0.0930928458164749	0.158967919084714	0.558139137444682
chr10:121580593:A:G	10	121580593	0.192304494128097	0.151330113949542	0.203813482036758
chr10:121611573:C:G	10	121611573	-0.0657096529947609	0.200453838994309	0.743059550557611
chr10:121734173:T:C	10	121734173	0.131925685667169	0.144973370850326	0.362822807375281
chr10:121910644:T:A	10	121910644	-0.0402783008573655	0.19048874650689	0.832538374927965
chr10:122561189:A:G	10	122561189	-0.175017788437339	0.218892590718964	0.423965694864673
chr10:123750431:C:G	10	123750431	0.134657976818066	0.191894322896109	0.48284764606592
chr10:127533155:T:C	10	127533155	0.00144676050281543	0.234733903697123	0.995082344127731
chr10:129953349:A:G	10	129953349	0.167043397454714	0.188279115699672	0.374965039833426
chr10:131819683:A:G	10	131819683	-0.234371423970469	0.116378479813523	0.0440229179412903
chr10:131953941:A:C	10	131953941	0.223641780465724	0.151079905491796	0.138796387845459
chr11:388357:C:T	11	388357	0.252358434971237	0.186173429442155	0.175257707702912
chr11:2257707:C:T	11	2257707	0.0969332046015881	0.18475319351302	0.599817332871563
chr11:3623903:G:A	11	3623903	0.0996777593731639	0.228441184763446	0.662590912798634
chr11:5806222:C:T	11	5806222	-0.170998741883595	0.236478322755628	0.469615158653221
chr11:9789492:C:A	11	9789492	-0.267769143648406	0.149841544380835	0.0739350035901722
chr11:14569664:T:G	11	14569664	0.077813964042305	0.248906603633517	0.754566995405048
chr11:36019710:C:A	11	36019710	-0.199250019558204	0.143646759311179	0.16541636663543
chr11:39635569:C:T	11	39635569	-0.471575439660255	0.370266312251909	0.202801128560833
chr11:40512905:C:G	11	40512905	0.121875313500451	0.240842253837952	0.612830028814656
chr11:41632790:A:T	11	41632790	0.28684443093256	0.167328313354483	0.0864807703172881
chr11:42744986:A:G	11	42744986	-0.0344023559615395	0.196906709179282	0.861304377848698
chr11:43201079:C:T	11	43201079	0.435262231060991	0.23332017890615	0.0621092891520185
chr11:44330300:A:G	11	44330300	0.0207955313474976	0.220215019420683	0.924765323846057
chr11:49875094:A:G	11	49875094	0.0756048714407957	0.123069457225826	0.538999366165896
chr11:50253126:G:T	11	50253126	-0.128766630975492	0.153447103665645	0.401379678490684
chr11:55906271:G:A	11	55906271	0.0403926086543234	0.16517501532831	0.806809296023559
chr11:57305789:G:A	11	57305789	0.077082769643232	0.158665456032302	0.627095160227664
chr11:58998793:A:C	11	58998793	-0.11597366719437	0.344609843750451	0.736466602141525
chr11:63184971:C:T	11	63184971	-0.178893571316439	0.165294311756864	0.279131237857095
chr11:70801858:T:C	11	70801858	0.0179631052236607	0.121164758991092	0.88214267472059
chr11:71334794:T:G	11	71334794	0.0461533658642184	0.243932605848592	0.849931836799274
chr11:77208574:G:A	11	77208574	0.160812526594355	0.109491428647575	0.14190806769701
chr11:77376654:A:G	11	77376654	-0.370387765230198	0.236838967140235	0.117845711229371
chr11:81783030:C:T	11	81783030	0.238644913098805	0.193839582390812	0.218268096623984
chr11:83962252:C:T	11	83962252	-0.332500435908282	0.316554910607024	0.293547082853183
chr11:86328783:G:T	11	86328783	0.0493870243323394	0.189673085367575	0.794570886827748
chr11:93046218:A:C	11	93046218	-0.0315535417068601	0.166000152647503	0.849245343636037
chr11:104129521:G:A	11	104129521	-0.475233246939582	0.561834442214807	0.397630883245271
chr11:108728662:A:G	11	108728662	0.122742878325223	0.222678506723776	0.581488929640005
chr11:110396347:G:A	11	110396347	0.152083259670632	0.149713247319951	0.309710183078356
chr11:113800784:C:T	11	113800784	-0.0309958728007128	0.15760139112152	0.84408376600861
chr11:115616504:A:T	11	115616504	-0.463394893787022	0.279201452884957	0.09697176110321
chr11:119630310:G:A	11	119630310	0.370935506050363	0.213287111392028	0.0820106686084652
chr11:123267436:G:A	11	123267436	0.323563977058982	0.150650262748987	0.0317310488917342
chr11:125907492:T:C	11	125907492	-0.273525186532266	0.229463449221601	0.233253119949396
chr11:126829359:G:A	11	126829359	-0.0979584617247413	0.186261787192575	0.598945050868817
chr11:130290657:C:T	11	130290657	0.268246464608478	0.210393449576095	0.2023179625889
chr11:131355535:G:A	11	131355535	0.319861150465221	0.185263919900608	0.0842545956853845
chr11:133238417:A:G	11	133238417	0.107193450812666	0.139245653031772	0.441409391637652
chr11:134309503:C:T	11	134309503	0.319938087074825	0.171371533386213	0.0619118281360475
chr12:5192681:C:T	12	5192681	0.316848370965595	0.183795533211308	0.0847227034077466
chr12:5448727:G:A	12	5448727	0.167433601016662	0.173572529300103	0.334729209056877
chr12:6639294:C:T	12	6639294	-0.0357672971278498	0.251723124108594	0.887009047339204
chr12:19523028:C:A	12	19523028	-0.0253794096537551	0.134714543549972	0.850567814803096
chr12:20003679:T:A	12	20003679	-0.139705113770444	0.229274702759056	0.542302375522452
chr12:21333090:G:A	12	21333090	-0.133938888130811	0.104126678746555	0.198335899018753
chr12:25518059:A:T	12	25518059	0.0193281956542737	0.16911178660626	0.909005989624738
chr12:28965843:C:T	12	28965843	0.0403396574496415	0.1477879080514	0.784886720102247
chr12:32086665:A:C	12	32086665	-0.0972046744343916	0.13125563053069	0.458951005211295
chr12:48567461:T:G	12	48567461	0.121685969477365	0.14683634048834	0.407263801060574
chr12:52880890:G:T	12	52880890	0.178647127891567	0.180979363345819	0.32358712192416
chr12:53646626:C:G	12	53646626	-0.180102100402975	0.246266779416214	0.464578065199813
chr12:53680144:C:A	12	53680144	-0.15968007710814	0.155193288157819	0.303521511592407
chr12:54366280:G:A	12	54366280	-0.212373270864026	0.182466744561262	0.244464035677623
chr12:55599330:T:C	12	55599330	0.114627895869128	0.185264057052526	0.536096142936584
chr12:56675083:C:T	12	56675083	-0.0261850865751439	0.107384544791944	0.80735157209948
chr12:57436134:C:T	12	57436134	-0.152030530281299	0.321570188338126	0.636373302538246
chr12:58724212:C:T	12	58724212	-0.0782878191762563	0.168688933408108	0.642579137596595
chr12:59048769:A:C	12	59048769	-0.0689090464673714	0.198469010391268	0.728438776880014
chr12:59226687:C:T	12	59226687	-0.502875061452679	0.366601466104601	0.170150196493253
chr12:63113400:T:C	12	63113400	0.101751865545972	0.204690076471928	0.619117058357749
chr12:64271340:C:T	12	64271340	-0.0452079303530644	0.143318416381275	0.752429882777251
chr12:64756705:C:T	12	64756705	0.00758356241402291	0.152567690120524	0.960356503694257
chr12:67050802:C:T	12	67050802	0.16883426465775	0.180780563284917	0.350346071604018
chr12:71564908:A:G	12	71564908	0.200650959277534	0.152634693712763	0.188650118048497
chr12:73909094:G:A	12	73909094	-0.0542271051130008	0.11806610019934	0.646022729343664
chr12:81126959:G:A	12	81126959	-0.233153618147143	0.0981593437994888	0.0175367595245097
chr12:83608380:A:G	12	83608380	0.335201188285739	0.241947046863044	0.165920402664226
chr12:90727178:A:C	12	90727178	0.368930881425129	0.196316450772392	0.0602081467888508
chr12:92596791:C:T	12	92596791	-0.0285615355441698	0.157415989863653	0.856022332394233
chr12:95914573:A:T	12	95914573	0.318772018280125	0.162830872917624	0.050266654130759
chr12:105967464:T:C	12	105967464	0.125834177338027	0.171494169959837	0.463099945530352
chr12:109533295:C:T	12	109533295	0.276679484696567	0.190535054462301	0.146468648263836
chr12:112209515:G:A	12	112209515	-0.0762717347526288	0.245791580372233	0.756324765017314
chr12:125875525:T:C	12	125875525	0.0311403208808549	0.184718585853146	0.86612504701599
chr12:126449337:A:G	12	126449337	-0.0705586468711153	0.179474185216727	0.694215400152277
chr12:131091094:G:A	12	131091094	-0.385307467510634	0.316332670620671	0.223206824970602
chr12:132776953:G:A	12	132776953	-0.457821082976148	0.394108976230696	0.245373136077171
chr13:19545220:A:G	13	19545220	-0.124816681233693	0.229678776926264	0.586826751363312
chr13:22977365:T:G	13	22977365	-0.133044462158142	0.257219761623808	0.604988326712588
chr13:24330599:T:C	13	24330599	-0.0823298111689006	0.189645630892367	0.664198048645009
chr13:24623185:A:C	13	24623185	0.222783749693728	0.185971275969755	0.230937614018797
chr13:26234118:A:T	13	26234118	-0.711147190746708	0.343791655780271	0.0385891642712005
chr13:26494236:G:A	13	26494236	-0.239483676209714	0.182903683328741	0.190418155346992
chr13:42909938:A:G	13	42909938	0.06692631242483	0.17968698424682	0.709549981304739
chr13:45708351:G:A	13	45708351	0.178039928446123	0.302255150466589	0.555835429514672
chr13:45809177:C:G	13	45809177	0.10532811130368	0.142527435514814	0.459905563905558
chr13:50558767:A:T	13	50558767	-0.263735506326995	0.305405352704104	0.387830257596422
chr13:58710908:G:A	13	58710908	-0.0737962519793785	0.131848261912867	0.575680047610433
chr13:58934154:C:T	13	58934154	0.181936749716884	0.158302672712839	0.250433631385085
chr13:70397215:T:C	13	70397215	-0.133057467886915	0.157428092428499	0.3980018625146
chr13:75832713:T:C	13	75832713	-0.019488113290452	0.197319273553358	0.921325360571662
chr13:86776101:G:A	13	86776101	-0.0646476941844045	0.170681309565625	0.704864172958314
chr13:91472230:T:C	13	91472230	0.223265396755969	0.138778154827671	0.107661497417274
chr13:93235990:C:T	13	93235990	-0.189091644590233	0.148025249890324	0.20145107582942
chr13:96765286:G:A	13	96765286	0.331578355700708	0.185867153151524	0.0744312237646552
chr13:102180181:A:G	13	102180181	-0.0580149614163739	0.251269539488691	0.817402308255409
chr13:106009559:G:C	13	106009559	0.268222205823298	0.185009385963356	0.147120936542165
chr13:106084136:A:G	13	106084136	0.0421693690716614	0.148436469795866	0.776341139879926
chr13:112716578:T:C	13	112716578	-0.0540799921924159	0.206053420800556	0.792969770410738
chr14:26929954:A:G	14	26929954	-0.211830853233922	0.203351476578078	0.2975516554643
chr14:27823594:G:A	14	27823594	-0.297668483020466	0.254275973333184	0.241738992798952
chr14:38216062:T:A	14	38216062	0.125136082456493	0.15577335842987	0.421788954628577
chr14:39925237:C:T	14	39925237	0.358640119695983	0.194498482731067	0.0651944421325273
chr14:44446011:A:G	14	44446011	-0.090680930911843	0.260859617421183	0.728122961922289
chr14:51426205:T:C	14	51426205	-0.292686825185878	0.293191267746744	0.318143856936866
chr14:52881822:T:G	14	52881822	0.0304760262261295	0.154019737820274	0.843146061841546
chr14:53358297:A:G	14	53358297	-0.0445263939964729	0.167530509434262	0.790408025528387
chr14:56254615:G:A	14	56254615	-0.0782376710928192	0.142205651127496	0.582200906830519
chr14:57978070:T:C	14	57978070	-0.146290383050379	0.15300235002252	0.339005747231978
chr14:62445185:T:C	14	62445185	-0.190250286205072	0.114783692190336	0.0974249118480126
chr14:67518615:G:A	14	67518615	0.114505508965441	0.138139634027598	0.407154578806109
chr14:68863518:T:G	14	68863518	-0.342230903420778	0.213586194689533	0.109087481295042
chr14:77734277:G:A	14	77734277	-0.0497629051153433	0.289083089888143	0.863327080424717
chr14:84531019:T:G	14	84531019	0.246640835128898	0.158092824142272	0.118735922497192
chr14:90804831:C:G	14	90804831	-0.132275572983068	0.322591123017969	0.681775902832062
chr14:91397629:G:T	14	91397629	-0.0290887036510128	0.296292272325124	0.921792771362744
chr14:91961156:T:C	14	91961156	0.255728959955043	0.230887398489176	0.268038201285665
chr14:98340169:A:G	14	98340169	-0.227201425460477	0.201493170440669	0.259493654133987
chr14:100721312:C:T	14	100721312	-0.112418968793501	0.220048197946494	0.609432714291201
chr14:102093442:A:G	14	102093442	-0.0360247455784664	0.303871762032536	0.905629929322085
chr15:24165057:A:G	15	24165057	-0.0333516906215782	0.170472906306377	0.844890245163838
chr15:26353849:A:G	15	26353849	-0.193825500537983	0.152601885517104	0.204035368408987
chr15:34880184:A:T	15	34880184	-0.155931023533609	0.343131261296333	0.64951541182526
chr15:37080410:C:T	15	37080410	0.260124809522709	0.162462922501378	0.109347378614402
chr15:57522102:A:T	15	57522102	-0.2249060246338	0.213499132422084	0.292144746975402
chr15:69786285:T:C	15	69786285	0.306698336185539	0.185135405791149	0.0975970690211383
chr15:71331250:T:C	15	71331250	0.08095345484096	0.258961149073731	0.754578124003078
chr15:76807237:T:C	15	76807237	0.0207336403258566	0.178371735889454	0.907463625796126
chr15:77734259:G:A	15	77734259	-0.483391272927077	0.22414854710425	0.0310394483247587
chr15:79750604:G:T	15	79750604	0.102755408497447	0.138574954644655	0.458381235863392
chr15:81697597:G:A	15	81697597	0.127183352599214	0.15058252559757	0.398329196364325
chr15:87989871:C:T	15	87989871	-0.228506555698322	0.247872955936125	0.356596570542312
chr15:88891382:T:C	15	88891382	0.124067447893213	0.133575379080967	0.352982516343966
chr15:94791129:A:G	15	94791129	-0.19302844595584	0.234641431311797	0.410705426130203
chr15:100978492:T:G	15	100978492	-0.00918499990643453	0.195718782954864	0.962569354159569
chr16:2671727:C:T	16	2671727	-0.0200924051363769	0.221637000236837	0.927767076323826
chr16:4957642:T:C	16	4957642	-0.221203995206439	0.143696913118807	0.123711823550984
chr16:5884026:G:T	16	5884026	0.144989494314222	0.153568571041192	0.345100561068529
chr16:6848656:G:A	16	6848656	-0.264333374886485	0.229099066221986	0.248584192745897
chr16:7909855:G:A	16	7909855	0.0950696331903589	0.19418646606878	0.624431776448173
chr16:8273542:C:G	16	8273542	0.0193970325164224	0.296634100474988	0.947863140483951
chr16:12394716:C:T	16	12394716	-0.155776297013936	0.204870652308677	0.447036953191954
chr16:17779668:G:A	16	17779668	0.00929255963315016	0.0839480832644072	0.911858904818466
chr16:29740733:G:C	16	29740733	0.0467576966193829	0.264286083643025	0.85957062624544
chr16:31127124:G:A	16	31127124	0.0276796395942605	0.17357772879488	0.873302226967507
chr16:56688556:C:T	16	56688556	0.10798758478188	0.153540606251801	0.481858761574055
chr16:60324635:A:C	16	60324635	-0.00630932592622191	0.15848458010824	0.968244328075343
chr16:60499572:C:T	16	60499572	0.080203109596528	0.168066490481936	0.633212168690492
chr16:62273123:C:T	16	62273123	0.205814077952478	0.180424654913475	0.253986309654509
chr16:65972427:C:T	16	65972427	-0.0212458535556546	0.170175056470219	0.90064463930706
chr16:69246420:T:C	16	69246420	0.176763916223346	0.209767065628911	0.399414355243677
chr16:71908403:G:A	16	71908403	0.0448667275305504	0.270920390634323	0.868465034343792
chr16:72103328:C:A	16	72103328	-0.221268905102177	0.199322522796286	0.266953834931852
chr16:74837740:A:C	16	74837740	0.652372593391166	0.22327987772498	0.00348047731371004
chr16:79886631:C:T	16	79886631	-0.267457130484505	0.225061549223806	0.234686380352664
chr16:81396153:C:A	16	81396153	0.0996907722715746	0.15608469692522	0.523020295662786
chr16:82294878:C:G	16	82294878	0.063741398493727	0.208388420720814	0.759697664482371
chr16:82421890:A:G	16	82421890	0.209085291495064	0.167123374078598	0.210904024093635
chr16:83827178:T:C	16	83827178	-0.578831871859137	0.282434581669406	0.0404194057603274
chr16:89303022:G:A	16	89303022	0.32143914469319	0.172642572790704	0.0626205038609137
chr16:89331863:A:T	16	89331863	-0.115792344562846	0.152156139308516	0.446651090490355
chr16:89337630:T:C	16	89337630	-0.0598820672379659	0.149530667005135	0.688812734246763
chr16:89479873:T:G	16	89479873	0.03744943898005	0.1843775455915	0.839046869685173
chr16:90035976:C:A	16	90035976	0.274595543012742	0.193287446407152	0.155415928285811
chr17:2489248:C:G	17	2489248	0.155259727158677	0.152921334633651	0.309966907667501
chr17:6949267:T:C	17	6949267	-0.228136328982374	0.198008842145513	0.249258523739944
chr17:7929448:A:G	17	7929448	-0.126643655694694	0.200800816978616	0.528241322415245
chr17:12174148:T:C	17	12174148	-0.0909472279118729	0.250860065508511	0.716947287724938
chr17:15219976:C:T	17	15219976	0.0426585465932409	0.130799456063691	0.74432067875641
chr17:16482403:T:A	17	16482403	0.360508259624475	0.190389155231316	0.0582869462928182
chr17:18684803:A:G	17	18684803	-0.00857074757217062	0.14986239855155	0.954393222069589
chr17:20040710:T:C	17	20040710	0.104734246407249	0.208681760930148	0.615748414469009
chr17:21275023:A:C	17	21275023	-0.54353156817677	0.28509931625944	0.0565900387792081
chr17:31554254:C:T	17	31554254	0.175473555980865	0.159687750753455	0.271831665544718
chr17:33472425:T:G	17	33472425	0.170956859862295	0.152610494213798	0.262621329604456
chr17:44156671:T:A	17	44156671	-0.0977424767105404	0.154337496319307	0.526535467675748
chr17:45754773:C:T	17	45754773	-0.0380468375803452	0.194665478817174	0.845042809215039
chr17:48779278:C:T	17	48779278	0.200723157113825	0.202450663257482	0.321457585491087
chr17:52703044:C:G	17	52703044	-0.130066494260979	0.257782173544434	0.613868126253887
chr17:53282498:G:T	17	53282498	-0.143296589803339	0.203957355867953	0.482316824831267
chr17:58411807:C:T	17	58411807	-0.0848893877265524	0.248496609512853	0.732643014422548
chr17:61409438:A:G	17	61409438	-0.452582115546266	0.253851070297349	0.074608328464436
chr17:66262233:G:T	17	66262233	0.0856490967173531	0.145922177568895	0.557236944434752
chr17:66751216:C:T	17	66751216	0.119502618755636	0.137707635546343	0.385504097917517
chr17:66971178:A:G	17	66971178	0.242858573251468	0.187794870234487	0.195937758356441
chr17:68771033:G:A	17	68771033	0.308960329363254	0.193790022712677	0.110867822446795
chr17:69081332:C:T	17	69081332	-0.051121071548013	0.265574923033782	0.847356764615438
chr17:69213412:T:C	17	69213412	0.244674333536581	0.157243885577165	0.119703786180618
chr17:72829246:G:A	17	72829246	0.0229729118079473	0.176206175176655	0.896269602450299
chr17:73506492:C:T	17	73506492	-0.148448173758609	0.203896482675966	0.466578958028611
chr17:77625920:A:T	17	77625920	0.0440581275654078	0.175400162843456	0.8016700336062
chr18:1137045:A:T	18	1137045	0.0396351542454591	0.151854874815483	0.794087266859705
chr18:4080016:T:A	18	4080016	-0.275211952690564	0.325986598365078	0.398533546692495
chr18:8920896:G:C	18	8920896	0.340225818171628	0.187965398088938	0.0702888179616289
chr18:9609299:C:T	18	9609299	-0.35691686851367	0.188340839173036	0.0580846797605841
chr18:10572326:C:T	18	10572326	0.0304040175492906	0.104123429298953	0.770286798779107
chr18:11017906:C:T	18	11017906	0.154447050078232	0.141487556763128	0.275011339571611
chr18:14686017:A:G	18	14686017	0.0423926713205715	0.175545275873626	0.809174294833244
chr18:14895123:C:T	18	14895123	-0.0338902131122625	0.144950908630302	0.815136550249544
chr18:30059135:A:G	18	30059135	0.0716119659892155	0.0944153408550706	0.448164833575944
chr18:32490781:T:C	18	32490781	-0.294149262758145	0.2555883951943	0.249785324768749
chr18:36255061:C:A	18	36255061	-0.0865489358463166	0.098443800746837	0.37930855976083
chr18:42762909:A:C	18	42762909	-0.0666703647196932	0.259371561717259	0.797143434714139
chr18:43928870:G:A	18	43928870	0.12104181709115	0.221452652544939	0.584666610412434
chr18:45461168:C:T	18	45461168	-0.142600696328846	0.226201502679634	0.528423457874558
chr18:49146783:T:G	18	49146783	0.135311784369687	0.200822145254262	0.500445368088621
chr18:49872731:C:G	18	49872731	-0.0612908919056969	0.182042777786451	0.736355120629556
chr18:50485733:T:C	18	50485733	-0.0381856411593052	0.176043487203394	0.828278270219051
chr18:58120958:C:T	18	58120958	-0.0400317937487084	0.213952665370661	0.851577647259725
chr18:59256389:C:T	18	59256389	0.0537576945653949	0.128905422527679	0.676654954040985
chr18:62622293:T:A	18	62622293	0.00424848961512335	0.196887282828897	0.982784356719809
chr18:62998306:G:A	18	62998306	-0.208255913325012	0.154359258884908	0.177284382168398
chr18:66103927:C:T	18	66103927	-0.110505833595796	0.100994037293807	0.273875269019725
chr18:66206557:C:T	18	66206557	-0.196081758544102	0.19884858020468	0.32409101796587
chr18:68001558:G:A	18	68001558	-0.103779857308341	0.17141708934997	0.544897938433642
chr18:71730181:C:T	18	71730181	-0.313967474333675	0.237179775969556	0.185585041971
chr18:72912108:T:C	18	72912108	0.0188958393127454	0.185708647865282	0.918955180508984
chr18:73248491:G:A	18	73248491	0.00890233529129666	0.194056460119483	0.963409900086352
chr19:2907557:G:A	19	2907557	0.0817848020623602	0.0955333330151992	0.391949904256062
chr19:17584922:G:A	19	17584922	-0.0776559715088689	0.210208051733207	0.711811455783926
chr19:18737022:C:T	19	18737022	-0.635918635160498	0.372927702283353	0.08815597156796
chr19:18805179:A:G	19	18805179	0.0797083085755857	0.190307902605221	0.675334042370821
chr19:21560366:G:T	19	21560366	-0.407169911239472	0.188266929716614	0.0305622080408132
chr19:21659434:G:C	19	21659434	-0.0365177935487114	0.230155977794734	0.873932488397609
chr19:33474662:T:C	19	33474662	-0.00478302071881747	0.100017457355666	0.961858215716218
chr19:37956680:C:T	19	37956680	-0.468392485991293	0.268676202609646	0.0812752071156644
chr19:38120117:A:T	19	38120117	-0.241736648217307	0.290384349810071	0.405142949916279
chr19:44380983:T:C	19	44380983	0.490936440868293	0.230272724791274	0.0330086346060736
chr19:44819986:A:G	19	44819986	0.158809875890799	0.176456648966332	0.36812359282763
chr19:48685001:C:T	19	48685001	0.226203176545316	0.135877102166615	0.0959600420793119
chr19:51552139:T:A	19	51552139	0.218452148095628	0.189232689637555	0.248332033170037
chr19:52714810:C:T	19	52714810	-0.425532965678135	0.342809870004344	0.214491633327827
chr19:53330671:T:C	19	53330671	0.0160678661048113	0.183197325880054	0.930108782541865
chr19:54944544:G:A	19	54944544	0.141676921706747	0.190220558593487	0.456390569931026
chr19:57195010:G:C	19	57195010	0.338358142504857	0.168242396077634	0.0443112171918358
chr20:1709120:A:G	20	1709120	-0.419558737020631	0.206711346696017	0.0423886584793409
chr20:1735934:T:G	20	1735934	0.34440142310205	0.179975374408195	0.055670896683331
chr20:1906500:G:T	20	1906500	-0.0965173460300372	0.161117524920864	0.54913998660782
chr20:3649460:G:A	20	3649460	0.0671931618922238	0.177505842760223	0.705029065640977
chr20:5407753:C:T	20	5407753	0.0169523688868445	0.201162054276964	0.932840014880126
chr20:5860313:T:C	20	5860313	-0.161182769851938	0.215344715317792	0.454166323718596
chr20:7000966:A:C	20	7000966	0.0166922599716274	0.271346262884675	0.950947910612257
chr20:12129436:G:A	20	12129436	0.0504587770998792	0.173500195293535	0.771182594938743
chr20:31347432:T:C	20	31347432	-0.0165527529332444	0.149623478751593	0.911910247312369
chr20:37593342:C:T	20	37593342	-0.485938715169768	0.315244611838977	0.123203516349131
chr20:38200488:G:A	20	38200488	0.213491350912573	0.16293645673103	0.190103267713409
chr20:38350608:A:G	20	38350608	0.093960302905788	0.324537910457734	0.772183271857547
chr20:45729681:A:G	20	45729681	0.125829910722011	0.113492290703548	0.26755578909128
chr20:48501317:C:T	20	48501317	-0.220363119289153	0.19951761488666	0.269385183232355
chr20:49036824:T:G	20	49036824	0.0539759594591395	0.20931492257829	0.79650753214
chr20:50371082:C:T	20	50371082	-0.00960131663613974	0.238018121017653	0.967823184279377
chr20:54253971:A:G	20	54253971	-0.342426114891684	0.157192745852724	0.0293774825925032
chr20:58480201:T:G	20	58480201	-0.0673745393540293	0.154991096936449	0.66378062220779
chr20:60073360:C:T	20	60073360	-0.023218038578602	0.0810055349362733	0.774401104239798
chr21:15297615:T:C	21	15297615	-0.407245266733962	0.177663138203682	0.0218922151474167
chr21:24026351:C:T	21	24026351	0.0865222874929205	0.150398946723225	0.565098432157489
chr21:26647335:G:C	21	26647335	0.283460912822669	0.202148709016405	0.160843727863724
chr21:28043199:C:G	21	28043199	-0.161210089670295	0.267682724643977	0.54701229086376
chr21:31885030:A:G	21	31885030	-0.536364896223234	0.282120155008113	0.0572767226176586
chr21:35502622:A:T	21	35502622	-0.0168449967739432	0.168788648493861	0.920503627078315
chr21:36306638:T:G	21	36306638	0.200098667324753	0.195181562109693	0.305272381583311
chr21:41442549:G:A	21	41442549	-0.0379443215934408	0.201709036348369	0.850787178060744
chr22:20147688:T:C	22	20147688	0.0623378096133604	0.166716739238245	0.708467912977153
chr22:23891985:A:G	22	23891985	-0.351782082200525	0.298534215949874	0.238651377239597
chr22:24245985:G:T	22	24245985	-0.369295957856921	0.17046209987128	0.0302775594278136
chr22:30662128:G:A	22	30662128	0.123798033277124	0.148834654864227	0.405531829836366
chr22:36977479:G:A	22	36977479	0.0453224772723683	0.249100122697045	0.855626029312012
chr22:42475109:T:G	22	42475109	0.161578432611752	0.245446546728557	0.510342836702351
chr22:44719519:A:G	22	44719519	-0.0453652647022997	0.201207692056409	0.821617657016614
chr22:45210278:T:C	22	45210278	0.0451035097614207	0.14810994785856	0.760726263000779
chr22:49668266:A:G	22	49668266	0.240053065478412	0.168817886667519	0.155036516216109
chr22:49926053:G:A	22	49926053	0.286030249664849	0.180444815536838	0.112934586082462
