SNP	CHR	POS	est	stderr	pval
chr1:1837340:C:T	1	1837340	-0.241306313509009	0.1450821048208	0.0962644678327153
chr1:2261200:G:C	1	2261200	0.149044671896608	0.13550703987474	0.271374155240435
chr1:14678191:A:C	1	14678191	-0.0481312127557455	0.113090303087347	0.670399470708483
chr1:14985097:C:T	1	14985097	0.0307841273913676	0.153506691365175	0.841058810160884
chr1:15065941:C:T	1	15065941	-0.319021676015666	0.245143560064032	0.193132952007608
chr1:20215506:G:C	1	20215506	-0.136881897848211	0.148590356974082	0.35694439878436
chr1:20533654:G:C	1	20533654	0.0420513728956676	0.200757367129072	0.834086301228324
chr1:22009627:T:C	1	22009627	-0.172083055386749	0.136563407768265	0.207634597018554
chr1:22126221:C:T	1	22126221	-0.319932486944288	0.130491762115268	0.0142165485350142
chr1:23180575:A:G	1	23180575	-0.0351558093782594	0.1096968154716	0.748603287266722
chr1:26058659:G:C	1	26058659	-0.0252471033555587	0.163500485733846	0.877281679230588
chr1:26181362:A:G	1	26181362	0.0794475875624095	0.134959432358009	0.556077602739865
chr1:26848285:C:T	1	26848285	0.32878935262562	0.231534722647851	0.155595049168197
chr1:28670719:C:T	1	28670719	0.132197847853778	0.11835119309511	0.263995896126136
chr1:29753056:A:C	1	29753056	-0.188729626658908	0.098894162596489	0.0563395280314222
chr1:29908726:A:G	1	29908726	-0.00827904726865636	0.134468869462775	0.950906458670285
chr1:31886486:G:T	1	31886486	-0.0380925477968025	0.141187234369502	0.787312858788982
chr1:37838865:C:T	1	37838865	-0.667661788293075	0.208292280093197	0.00134871047886964
chr1:39880059:T:C	1	39880059	0.0431825009988931	0.104203845119027	0.678578184344822
chr1:41175014:G:A	1	41175014	0.10615875519626	0.174062651670405	0.54193587775565
chr1:41597921:C:T	1	41597921	0.0676671529644623	0.252361975404408	0.788595177998957
chr1:42635725:A:G	1	42635725	0.44053408580466	0.221110248826614	0.0463301494889585
chr1:43202709:G:A	1	43202709	-0.0798606640053316	0.140603901789158	0.570046327565467
chr1:47498869:G:A	1	47498869	-0.0196369262145524	0.134330530318562	0.883776418269788
chr1:51034150:G:A	1	51034150	0.192973723701035	0.110023655105451	0.0794426046845181
chr1:54900240:G:A	1	54900240	0.075100958665115	0.1244047483377	0.546054808971254
chr1:55459433:C:T	1	55459433	0.00879013400742808	0.134709663858807	0.947973010458371
chr1:56563907:C:T	1	56563907	-0.138344344970705	0.160449356811399	0.388560634775724
chr1:65351414:T:A	1	65351414	0.0440155579949505	0.124155728662922	0.722950008417487
chr1:66254178:T:A	1	66254178	-0.196374856168258	0.178511867795319	0.271303318101018
chr1:73302339:T:C	1	73302339	-0.107580821296307	0.133833422281369	0.421488681301892
chr1:73563666:T:C	1	73563666	0.0820794756881317	0.180056069729519	0.64849418670246
chr1:76062379:T:C	1	76062379	-0.0213612239993091	0.100950755048458	0.832418767480486
chr1:86928231:G:T	1	86928231	-0.177881730100743	0.106592706471495	0.095157354642872
chr1:88611347:G:A	1	88611347	0.182330717409419	0.139443901484046	0.191023931173255
chr1:91057167:C:A	1	91057167	0.14890749281525	0.178918390605032	0.405259449673918
chr1:91093925:G:A	1	91093925	-0.106437882586741	0.164158974370176	0.516737285288777
chr1:92475800:A:G	1	92475800	0.12844036702003	0.110343171732815	0.244420650837525
chr1:94752415:G:A	1	94752415	-0.0244172288896585	0.122237980258749	0.841674876736514
chr1:95614324:G:A	1	95614324	0.11939423316335	0.177411033609705	0.500959456259618
chr1:99691102:T:C	1	99691102	0.234412045004475	0.128914332724889	0.0690098636560997
chr1:104937367:T:A	1	104937367	0.118238203625495	0.138759240341133	0.394152772918399
chr1:115841221:A:T	1	115841221	-0.269673578759794	0.377780877602305	0.475328615227303
chr1:153704237:C:A	1	153704237	-0.195057458839216	0.162484701140469	0.229958171708436
chr1:155857667:G:T	1	155857667	-0.0405428280640566	0.264616881853162	0.878230062590094
chr1:157334223:T:C	1	157334223	0.132202032993494	0.186261535730597	0.477849496781845
chr1:159540226:C:T	1	159540226	-0.0405822624905107	0.110187647003252	0.712648523372758
chr1:165647351:T:C	1	165647351	-0.10081699801148	0.120367457592499	0.402268389532002
chr1:167545338:A:T	1	167545338	0.188086881667747	0.213827661932143	0.379065723475089
chr1:168863629:G:A	1	168863629	0.0882830670072987	0.12000177103618	0.461924631533677
chr1:171350391:G:A	1	171350391	0.0220903799735086	0.109516836502608	0.840145308484382
chr1:173013575:C:G	1	173013575	-0.0814762191564731	0.126554002938258	0.519701279738999
chr1:178947344:C:A	1	178947344	0.0424073255734731	0.155390597794408	0.784923994594018
chr1:182872646:T:G	1	182872646	-0.217715169821869	0.209839216502365	0.299487395749539
chr1:185127444:C:G	1	185127444	-0.130799010225615	0.186086578284055	0.482122243088581
chr1:185619557:C:T	1	185619557	0.137435376139956	0.229497054366556	0.549269821166322
chr1:186638909:G:T	1	186638909	0.254719400763627	0.128740783319198	0.0478672856310529
chr1:188272062:T:C	1	188272062	-0.0237150350469616	0.126436118791896	0.851217389718297
chr1:193365737:C:T	1	193365737	0.0213794501920832	0.126914779342876	0.86622521210457
chr1:193791070:G:T	1	193791070	-0.0983261787842905	0.21472234824424	0.647008173972499
chr1:195033388:T:C	1	195033388	0.0538447322109295	0.136989391272019	0.694276880725763
chr1:195907914:A:G	1	195907914	0.0605229783280399	0.122871081341205	0.622314322875822
chr1:196692375:G:C	1	196692375	-0.134477819367374	0.122435587377515	0.272049219617907
chr1:197559019:A:G	1	197559019	-0.142512931536335	0.201872495108768	0.480216016943943
chr1:199160726:G:A	1	199160726	0.230899926435331	0.159432350893086	0.147543596079474
chr1:204277152:T:C	1	204277152	-0.00756033354587029	0.138262459065295	0.956392583342195
chr1:207498131:C:T	1	207498131	0.0115969246349151	0.135530725212867	0.931810825550255
chr1:208744577:C:T	1	208744577	0.343960306118316	0.179465242639849	0.0552907360334026
chr1:210496535:G:A	1	210496535	0.214549057543214	0.140194347324851	0.125925462904251
chr1:212937214:T:G	1	212937214	0.146950025891657	0.139051584025205	0.290601850431908
chr1:219750864:A:G	1	219750864	-0.0780228376611912	0.142805019852462	0.584819043865312
chr1:221920463:G:A	1	221920463	0.0670708425446415	0.172647447622346	0.697657585867579
chr1:227462684:A:G	1	227462684	0.0397761840223607	0.185386234471867	0.830111587727763
chr1:234456961:G:A	1	234456961	-0.0816059616245688	0.1662758779038	0.623577435976239
chr1:237308322:A:G	1	237308322	-0.0191472670358068	0.0994884743949423	0.847384139249427
chr1:239000642:T:C	1	239000642	-0.496122788644946	0.238206552436023	0.0372747479512061
chr1:242239801:C:T	1	242239801	-0.200552389513921	0.246797283363628	0.416436005035845
chr1:244583991:C:T	1	244583991	-0.207070163649857	0.169622161569899	0.222171960123056
chr1:246213578:G:A	1	246213578	0.110354472344086	0.200450865890884	0.581955026462189
chr1:247190028:T:C	1	247190028	0.248166418903063	0.150900952138945	0.100059557039672
chr1:247897239:C:T	1	247897239	-0.0393926611156251	0.158728563675125	0.803998034481336
chr2:3248328:A:G	2	3248328	0.155924085503924	0.10743949597593	0.146703737708764
chr2:4505759:T:G	2	4505759	-0.0851014220173041	0.193559465930842	0.660179383468461
chr2:6804400:G:A	2	6804400	0.212556861172981	0.142790993546732	0.136596074925206
chr2:9411790:A:C	2	9411790	-0.193948505111811	0.117396151839602	0.0985170791891082
chr2:12096367:C:T	2	12096367	-0.346121401416094	0.160429492383897	0.0309692637877216
chr2:13545005:C:T	2	13545005	0.18436772647877	0.11563080909887	0.110834927095338
chr2:16009716:A:G	2	16009716	-0.0707760947724858	0.118386591404794	0.549947515393196
chr2:16367899:A:T	2	16367899	0.0422842201468275	0.128284799972551	0.741693091420486
chr2:17630111:A:C	2	17630111	-0.22493335777537	0.110976239005717	0.042676678814785
chr2:17928966:C:G	2	17928966	-0.0616910730215337	0.137886805915114	0.654583574053446
chr2:18261494:A:T	2	18261494	0.096448871343099	0.129627932774532	0.456849923004225
chr2:19530615:T:C	2	19530615	0.0632705862669199	0.0992881618974087	0.523967227873533
chr2:19562158:T:C	2	19562158	-0.201536840742668	0.205688108807852	0.327176134908593
chr2:27383116:G:A	2	27383116	0.0617794996427194	0.112890089878318	0.584204568031348
chr2:37762298:C:T	2	37762298	-0.00186526419522488	0.124095745740695	0.988007570634529
chr2:42010994:T:A	2	42010994	0.0637857708153536	0.138441132602439	0.644983062606032
chr2:45824390:C:G	2	45824390	0.174815959840201	0.157423365044462	0.266790979361148
chr2:46742820:T:C	2	46742820	-0.170664527878303	0.183044875826465	0.35114823044865
chr2:49789441:T:C	2	49789441	0.247679850251409	0.140189688016236	0.0772704415830066
chr2:49994518:G:A	2	49994518	0.0287366576937981	0.125851192439807	0.819383187816989
chr2:51284042:G:A	2	51284042	-0.281228993342534	0.124430040948141	0.0238127225355977
chr2:51344078:G:A	2	51344078	-0.138735727791958	0.115467627870086	0.22955269709631
chr2:57278002:C:A	2	57278002	0.0715313528595943	0.122018955813103	0.557719970726185
chr2:57368273:A:G	2	57368273	0.0350143468723737	0.180567308551739	0.846244011451222
chr2:60075157:T:C	2	60075157	-0.0231091986709314	0.215947210042347	0.914778519953702
chr2:60373837:A:G	2	60373837	-0.0873110075916268	0.128446846163908	0.496666400027015
chr2:61147014:T:C	2	61147014	-0.0329977167575425	0.09803567461758	0.736426848979587
chr2:61693274:A:G	2	61693274	-0.0496852580136545	0.124898322147651	0.690773453419843
chr2:65295480:C:T	2	65295480	0.000655686344793512	0.119084702170838	0.995606829774937
chr2:66031496:T:C	2	66031496	-0.193553023332113	0.0944596541471404	0.0404567405060858
chr2:69165635:T:C	2	69165635	-0.0029411094794562	0.152001026250087	0.984562476440826
chr2:71204755:G:A	2	71204755	0.0487753673209172	0.23024264398522	0.832229266840918
chr2:72022684:A:G	2	72022684	-0.274397601246227	0.15921643080325	0.0848116699627497
chr2:76651386:C:A	2	76651386	-0.235109033175365	0.124271169367732	0.0585038684418134
chr2:79784490:C:G	2	79784490	-0.103574275869816	0.153291262631717	0.499250317903179
chr2:82619301:T:C	2	82619301	-0.190728085279256	0.116241132898504	0.100839591346672
chr2:83181917:T:C	2	83181917	0.00289975237754889	0.262760052335451	0.991194929861629
chr2:83400799:T:A	2	83400799	-0.0163398973392838	0.154615067311559	0.915835340718086
chr2:85744328:G:A	2	85744328	-0.174949229994854	0.161117373185238	0.27754555243236
chr2:85757440:T:A	2	85757440	-0.260197624209391	0.113903384172557	0.0223497175441313
chr2:99811694:T:C	2	99811694	0.157702679214089	0.135356089755568	0.243980612870961
chr2:101228073:A:C	2	101228073	-0.288224535799175	0.147001360636347	0.0499148485138623
chr2:106861882:T:C	2	106861882	0.0426881269803927	0.161021783814493	0.790926437289989
chr2:108083619:T:C	2	108083619	0.0624827230227856	0.117176210945348	0.593869343973352
chr2:114129906:T:C	2	114129906	-0.18641102468785	0.313364504636513	0.55193062408379
chr2:118004610:C:T	2	118004610	0.0367047055815805	0.137426665937657	0.789403130974428
chr2:119455921:A:G	2	119455921	-0.264017916160291	0.139537620507068	0.0584788188383476
chr2:120644763:G:A	2	120644763	0.0868741356002282	0.105461550891167	0.410080636489665
chr2:120916837:A:G	2	120916837	-0.10321076725855	0.123532424937019	0.403438861032301
chr2:122628686:C:A	2	122628686	-0.218621362810391	0.157632001670695	0.165469279029983
chr2:122629789:A:C	2	122629789	-0.0295206625384515	0.176668101735097	0.867293936950949
chr2:126391403:A:G	2	126391403	-0.352236609063737	0.231711749270632	0.128473287690698
chr2:127192867:G:A	2	127192867	0.115194263606095	0.125400995147679	0.358301037191154
chr2:130915743:C:T	2	130915743	0.0967863466943009	0.115163134357421	0.400668338492324
chr2:136107122:C:T	2	136107122	-0.147683183135176	0.147820988581159	0.317761870375549
chr2:136507185:G:C	2	136507185	0.0246753019481105	0.120833022407041	0.838189458954334
chr2:141023592:C:T	2	141023592	0.203924701011388	0.14826295355032	0.168999455014961
chr2:143017176:T:C	2	143017176	0.0538658504650534	0.231909182385769	0.81632729151542
chr2:143920023:G:T	2	143920023	-0.16889995242098	0.186577310602156	0.365330568296774
chr2:144729333:C:T	2	144729333	-0.193783918800472	0.125490031490008	0.122535619673459
chr2:148561010:G:C	2	148561010	0.214383592096801	0.16017270431523	0.180748902262637
chr2:154835349:G:T	2	154835349	0.0697487532460096	0.147474156917163	0.63624473593189
chr2:164974626:C:A	2	164974626	-0.422555277115749	0.193554043244746	0.029025614579838
chr2:167086954:T:G	2	167086954	-0.195458179522122	0.0911331305824562	0.0319724917437604
chr2:167199229:C:T	2	167199229	-0.161610935947607	0.275627071904008	0.557647644294427
chr2:167657344:C:T	2	167657344	0.0016360914639111	0.143477087554599	0.990901795882273
chr2:167884398:C:T	2	167884398	-0.0909932102329115	0.166336743296693	0.584349772382711
chr2:168647356:T:G	2	168647356	0.00815809211746403	0.100625674473814	0.935383369845689
chr2:170041677:A:G	2	170041677	-0.0680897748685584	0.169869748856614	0.688541460669095
chr2:171274449:C:A	2	171274449	-0.141239526279297	0.130064097088716	0.277513292310439
chr2:177787584:G:A	2	177787584	0.0132014239672892	0.162680974261547	0.935323332703543
chr2:179648558:C:T	2	179648558	-0.0602044036641535	0.161442457801682	0.709211294953965
chr2:180833197:G:A	2	180833197	0.561072331602187	0.245701038262165	0.0223975779625151
chr2:183527028:C:T	2	183527028	-0.10561994308144	0.131167381626049	0.420686825182975
chr2:184516924:T:A	2	184516924	-0.0230098022559694	0.139741711823816	0.869211985624859
chr2:191922008:C:T	2	191922008	0.0846343779301419	0.113398842453743	0.455460531670917
chr2:195817951:G:C	2	195817951	-0.36994958984754	0.24663868534566	0.133623265053789
chr2:197010424:G:A	2	197010424	-0.00602724862565221	0.204898592717158	0.976533000475522
chr2:209101337:G:A	2	209101337	0.178775746033221	0.121984662444376	0.142768409452138
chr2:209103516:A:G	2	209103516	0.162115118490024	0.122660463072505	0.186282233637555
chr2:210957182:G:A	2	210957182	-0.248802943906606	0.147708494774157	0.0921007882821613
chr2:214802180:T:C	2	214802180	0.0676267848509987	0.122020735400442	0.579425752692964
chr2:215209936:A:G	2	215209936	0.190145653537257	0.121777060918562	0.118423688664923
chr2:215367000:G:A	2	215367000	-0.0498708362585526	0.212322387980424	0.814299848670369
chr2:220997842:C:T	2	220997842	0.11458676339663	0.10601185243725	0.279747674754823
chr2:226027918:G:A	2	226027918	-0.108434160431239	0.132815387792171	0.414255564158984
chr2:228947684:G:A	2	228947684	0.159395389548346	0.119972617131892	0.183980603712035
chr2:233152507:T:C	2	233152507	-0.0227800702650363	0.113575600142417	0.841033357216885
chr2:235620294:A:T	2	235620294	-0.04529214925723	0.118891663878207	0.703238041482717
chr2:237288548:A:G	2	237288548	-0.0922127879959527	0.138200268207019	0.504618655086713
chr2:237513585:T:C	2	237513585	0.120431655181397	0.137900625999784	0.382487573946314
chr2:237920759:T:G	2	237920759	0.327234629383674	0.127644286366687	0.0103579442559051
chr2:240429648:C:T	2	240429648	-0.163192596953111	0.123941422819679	0.187942110690018
chr3:9841346:T:C	3	9841346	0.0945376683822885	0.287070705026588	0.741915029682715
chr3:10127208:T:G	3	10127208	-0.340666855914911	0.163474115825919	0.0371675135390953
chr3:14082905:A:G	3	14082905	-0.0541133002421192	0.101739653436577	0.594809019059776
chr3:16798495:T:G	3	16798495	0.121667337520927	0.192237218053906	0.526797581410095
chr3:18882818:T:C	3	18882818	0.128568798698011	0.108772854962589	0.237208312252237
chr3:20179943:G:A	3	20179943	-0.0801867932345587	0.19522958375731	0.681269976953975
chr3:22245167:A:G	3	22245167	-0.0829186838058211	0.129326684362874	0.521420810284589
chr3:24009496:G:A	3	24009496	-0.00461263409278482	0.101511317557912	0.963756913977964
chr3:24010534:C:T	3	24010534	-0.124587011715499	0.126656321075259	0.325281723411496
chr3:33111016:C:A	3	33111016	0.236628438557336	0.187849051094848	0.207787232444963
chr3:33421913:A:G	3	33421913	-0.0137880900924813	0.11362811853387	0.903418572770561
chr3:34471110:A:G	3	34471110	-0.0403021250668302	0.124718368090182	0.746585383109846
chr3:34498029:C:T	3	34498029	-0.115404807644828	0.211630540427911	0.58553851562266
chr3:35230331:G:A	3	35230331	-0.111697759707803	0.11479699808358	0.330552087383494
chr3:41413926:T:C	3	41413926	-0.115974695997549	0.115097569469081	0.313636577241425
chr3:42098050:T:C	3	42098050	-0.000447052046466921	0.139362600698044	0.997440523410008
chr3:46489654:A:G	3	46489654	-0.0957017026023714	0.113832409139807	0.400502255803807
chr3:56959175:A:G	3	56959175	0.208236347455393	0.166281065548271	0.210454941247154
chr3:64441608:G:A	3	64441608	0.0583466576568371	0.103120075331874	0.571521050153345
chr3:66150510:T:A	3	66150510	-0.149796972766329	0.19928960783958	0.452258731966144
chr3:66995763:G:T	3	66995763	0.0386820077922513	0.137416517940939	0.778331069059047
chr3:68498445:T:C	3	68498445	0.219905284967506	0.119726928990943	0.0662506984449009
chr3:68824246:G:A	3	68824246	-0.100725360718187	0.108008502762739	0.351042644356013
chr3:69021248:A:C	3	69021248	-0.0621893467553634	0.117132086821526	0.595464874537328
chr3:69617754:T:G	3	69617754	-0.124172570109261	0.123250515700351	0.313703616311715
chr3:74191731:G:A	3	74191731	0.00704883958384761	0.158161269170471	0.964452112557923
chr3:74732240:G:A	3	74732240	0.184063364341696	0.0993187870793427	0.063845348127465
chr3:75709324:A:T	3	75709324	0.0437560617972008	0.138633874938838	0.752288555905127
chr3:84465702:T:C	3	84465702	0.0919016206058544	0.131010562031551	0.483001932928695
chr3:84817748:G:A	3	84817748	-0.237722276610944	0.131184962337376	0.0699683836794112
chr3:85705423:A:G	3	85705423	-0.0711788743973875	0.103030122119439	0.489656671629623
chr3:88069353:C:T	3	88069353	0.0376670803166996	0.144264345388488	0.794017210517106
chr3:93986190:G:A	3	93986190	-0.160351525926454	0.166681625082017	0.336038144312688
chr3:101022648:G:A	3	101022648	-0.369591413670613	0.181205956778638	0.0413881224041145
chr3:105622159:T:C	3	105622159	0.00323116538432978	0.222486172692669	0.98841273451893
chr3:106664728:C:T	3	106664728	-0.199364635402895	0.14022198313737	0.155090491420082
chr3:110774699:C:T	3	110774699	0.133372026711192	0.111833729676656	0.233029146633202
chr3:113428518:G:A	3	113428518	0.0549589941998151	0.144296527525878	0.703295724783692
chr3:121058963:T:G	3	121058963	0.146199680624135	0.166679199788261	0.380414877798665
chr3:122312606:G:A	3	122312606	0.15653754015359	0.140021198591905	0.263585782688003
chr3:124193435:A:C	3	124193435	-0.0900412999643603	0.100550717801539	0.370529791474742
chr3:124804582:A:T	3	124804582	-0.122795929172379	0.168372219537293	0.465810655541679
chr3:126773646:G:T	3	126773646	0.109438344310904	0.124443916639569	0.379174135759167
chr3:131110446:C:G	3	131110446	0.338897475935687	0.213318469553633	0.112129808406551
chr3:131209978:G:T	3	131209978	-0.321531416088781	0.172401312203935	0.06217899046773
chr3:133982842:C:T	3	133982842	0.166610226336678	0.0976976376809041	0.0881261915293815
chr3:134929007:C:T	3	134929007	0.209065593988684	0.241040772542836	0.385752813984515
chr3:137777496:C:T	3	137777496	-0.0512341530902123	0.228148834512122	0.822318002078689
chr3:146265901:G:T	3	146265901	0.165797171361121	0.128518152803056	0.197027008679853
chr3:148006706:G:A	3	148006706	-0.0944981995039259	0.240967772811977	0.694939145625035
chr3:149679065:C:A	3	149679065	-0.124059388512687	0.110173301903984	0.260149189348833
chr3:150888061:C:A	3	150888061	-0.52952341939839	0.287762400798839	0.0657475252914141
chr3:152663712:G:C	3	152663712	0.0402703791852922	0.11822961914986	0.733395999155321
chr3:159417151:A:G	3	159417151	-0.169748430118107	0.131860411577068	0.197977794569294
chr3:164899350:G:A	3	164899350	0.225134660124304	0.165017633739674	0.172471064200872
chr3:168053836:T:C	3	168053836	-0.128620713352919	0.108500752148439	0.235845047763489
chr3:171028381:G:A	3	171028381	-0.334343796728845	0.155873788014651	0.031955657272762
chr3:174497130:T:C	3	174497130	-0.0637403746080783	0.130445585564031	0.625099608795615
chr3:176663180:T:G	3	176663180	0.139611688627315	0.171842827123825	0.416540195992244
chr3:196706550:C:T	3	196706550	-0.0152588218276951	0.110359838594192	0.890031567618091
chr4:332191:G:A	4	332191	-0.0274460557564229	0.134649901155763	0.838484221812002
chr4:8816874:T:C	4	8816874	0.0167508051969872	0.111718713492069	0.880814062462324
chr4:9851274:C:G	4	9851274	0.0796859539760588	0.116918548847	0.495522907312844
chr4:10725805:A:G	4	10725805	-0.310616821105209	0.151517916048052	0.0403611506808421
chr4:13219910:C:T	4	13219910	0.0591656306242132	0.135307426582026	0.661916877329008
chr4:18747099:A:G	4	18747099	-0.188933408540303	0.135809462074443	0.164175312601622
chr4:20840555:C:T	4	20840555	-0.0561376299304439	0.128124704187314	0.66127873469815
chr4:21137718:C:T	4	21137718	-0.119068375391894	0.131900958619737	0.366679582055691
chr4:26851610:T:C	4	26851610	0.14598902409841	0.169797979332857	0.389909944712454
chr4:32302160:A:T	4	32302160	-0.00805255320894599	0.138395239821285	0.953601118066143
chr4:34501888:A:G	4	34501888	0.011566517916319	0.180675379751687	0.948955711581424
chr4:40603484:A:G	4	40603484	0.0470473194503257	0.123065825307185	0.702243347844165
chr4:41002348:C:T	4	41002348	0.0561677226395648	0.330889939126916	0.865208757637148
chr4:44018406:T:G	4	44018406	0.143688239161602	0.15851025501396	0.364675627268453
chr4:44680448:T:C	4	44680448	0.0585663994767244	0.0952117740458249	0.538477326538025
chr4:55337032:C:T	4	55337032	0.0981179583969298	0.106187939378529	0.355484833051357
chr4:55659669:G:A	4	55659669	-0.0109526717329393	0.127499876925036	0.931543216142892
chr4:56719096:C:T	4	56719096	-0.167641048944301	0.127801050496734	0.189609726951416
chr4:58944563:C:T	4	58944563	-0.0748556869126131	0.187350612898448	0.68948897459181
chr4:61158247:C:G	4	61158247	-0.00914151024168523	0.116542254594653	0.937478494376889
chr4:64485722:G:A	4	64485722	0.270782343340761	0.173805727811426	0.11924276920403
chr4:67708732:C:T	4	67708732	-0.103312864646032	0.126332911708007	0.413481300735761
chr4:67911021:C:T	4	67911021	0.0714121973231171	0.117656673374214	0.543881390402051
chr4:90022599:G:T	4	90022599	0.0419173825097293	0.133422871035693	0.753392386890188
chr4:95020597:A:T	4	95020597	-0.297973911229568	0.260488546837061	0.25266341928202
chr4:95433170:T:C	4	95433170	-0.17272397972023	0.154176061058411	0.262584454132861
chr4:97398054:G:A	4	97398054	0.0053194589481391	0.102385775029251	0.958564503007098
chr4:98823404:T:C	4	98823404	0.0104681658622596	0.163350859506276	0.948903393566084
chr4:99262681:C:G	4	99262681	-0.0503793116975816	0.126607302907283	0.690690707295952
chr4:99355957:G:T	4	99355957	0.0320978643322158	0.123428282424826	0.794823083905966
chr4:101085120:T:C	4	101085120	-0.0330382770343271	0.126696552754627	0.794272212237347
chr4:102399971:C:T	4	102399971	0.155864147881191	0.148326729825544	0.293342960402052
chr4:102884286:T:C	4	102884286	0.0548230369123533	0.113152109649179	0.628025798445392
chr4:105992845:C:T	4	105992845	-0.125463675835587	0.137312042403747	0.360868139653141
chr4:108791253:G:A	4	108791253	0.00155526622418754	0.112252630295705	0.988945620211201
chr4:110191180:A:G	4	110191180	-0.280213323173458	0.327834307102697	0.392694716752833
chr4:110957298:T:A	4	110957298	-0.0733395491775238	0.124836327490342	0.556877595091502
chr4:113348012:C:T	4	113348012	0.0314475441051127	0.106897832088064	0.768617933215617
chr4:115515844:A:G	4	115515844	-0.248901454497379	0.235625595827014	0.290811526200262
chr4:115522695:G:A	4	115522695	-0.152877852386057	0.107533419951668	0.155119871208911
chr4:120770744:A:C	4	120770744	0.0748954394101414	0.114961087591903	0.514733371192164
chr4:123964831:A:G	4	123964831	-0.0512597594803652	0.12239200291432	0.675350429131145
chr4:125256344:T:C	4	125256344	-0.199438613038767	0.209574516794909	0.34128171865885
chr4:126268710:T:G	4	126268710	-0.00171206206936121	0.150028743842909	0.990895089769694
chr4:134094420:T:C	4	134094420	-0.252873580198501	0.168041172447721	0.132367509190676
chr4:134350906:C:T	4	134350906	0.110171722011431	0.111237740129615	0.321970457491518
chr4:138952375:G:A	4	138952375	0.0385953641523337	0.0954998294593229	0.686109286472796
chr4:141012527:T:G	4	141012527	0.0108946057346072	0.20257730104721	0.957110450104631
chr4:141618953:G:A	4	141618953	0.269147619209536	0.150706223789467	0.0741139744026672
chr4:143626434:A:G	4	143626434	0.299871937632712	0.223186842682867	0.179080529951513
chr4:149616644:T:G	4	149616644	0.166156676180746	0.133413413335792	0.212974808731938
chr4:154030957:C:G	4	154030957	-0.0923360851410716	0.271193136499932	0.733494398686247
chr4:168588553:A:C	4	168588553	0.462128966210727	0.170319011747936	0.00666139441029456
chr4:171334248:A:T	4	171334248	-0.507174344971929	0.235029785159013	0.030934425781554
chr4:171974219:A:G	4	171974219	0.258162968228829	0.129052550516199	0.0454518664764426
chr4:176312841:C:T	4	176312841	0.112881767830417	0.117522853118257	0.336799062044096
chr4:179329624:T:G	4	179329624	0.001055525970053	0.124990008547637	0.99326203850473
chr4:183032183:A:G	4	183032183	0.296491083055558	0.138340859121797	0.0320976492973065
chr4:184991673:A:G	4	184991673	0.218876508572766	0.0985249730562613	0.0263148618229201
chr4:189912372:C:T	4	189912372	0.031335718993453	0.134232291702904	0.815416673535847
chr5:79496:A:G	5	79496	-0.276190750265885	0.171819570397213	0.107956477967286
chr5:5313703:A:G	5	5313703	0.384095756310274	0.147217984565971	0.00907999701439055
chr5:7364955:T:A	5	7364955	-0.135399240231711	0.173646304557905	0.435543011471917
chr5:8067079:G:C	5	8067079	-0.00270234967136053	0.112832728905328	0.980892450370169
chr5:13911296:G:T	5	13911296	-0.0736722356588717	0.114778094869362	0.520959744782339
chr5:15621966:C:G	5	15621966	-0.0192208343671576	0.125391191739153	0.8781719849758
chr5:15997511:T:A	5	15997511	0.0104033814820058	0.219622079513072	0.962218761195672
chr5:17902851:T:C	5	17902851	-0.220235604765425	0.180441105424753	0.22226019802373
chr5:20719353:A:C	5	20719353	0.41823654341868	0.180764424685089	0.0206836087622989
chr5:20732163:G:T	5	20732163	0.160963576994783	0.135886817058608	0.236198770228867
chr5:21913130:A:C	5	21913130	-0.0781076376494595	0.122912513473201	0.525119684365767
chr5:23682774:A:T	5	23682774	0.211415859114867	0.246099187490976	0.390303174933265
chr5:23787194:A:C	5	23787194	-0.122309552915227	0.11623535697858	0.292681319288459
chr5:23895775:T:G	5	23895775	-0.13274066399141	0.126910416130713	0.29558879559794
chr5:25693600:A:G	5	25693600	-0.29257660850353	0.208408632469918	0.160360448977078
chr5:33466391:T:A	5	33466391	-0.0494607497659831	0.120566521658831	0.681632699999043
chr5:33624899:A:G	5	33624899	0.0813874450873818	0.219305212926201	0.710551909756397
chr5:39550509:T:G	5	39550509	0.126449391617465	0.0982453214494866	0.198067103456834
chr5:39634108:G:A	5	39634108	0.199030077934553	0.120568195510328	0.0987860261590067
chr5:39978357:G:A	5	39978357	0.0411608182938463	0.119211370965733	0.729886932050168
chr5:40238036:C:A	5	40238036	-0.288278840937295	0.217138966183141	0.18430244614314
chr5:44011742:G:T	5	44011742	0.220787314829558	0.207931071541935	0.28831316239975
chr5:50222627:G:A	5	50222627	-0.163623391355378	0.228739441609602	0.474407298095313
chr5:54814079:C:T	5	54814079	-0.12118089065624	0.120671176600226	0.315270660422899
chr5:66989845:C:A	5	66989845	-0.0489759930203939	0.137047912976579	0.720819309149111
chr5:66992139:G:A	5	66992139	0.214598556348794	0.123510605569414	0.0823005544294177
chr5:73076502:T:C	5	73076502	-0.0351259027141382	0.105177878761357	0.738404732634222
chr5:76998986:C:A	5	76998986	-0.0961439756794076	0.114675062760804	0.401804116100001
chr5:77675144:G:C	5	77675144	0.49111159176688	0.214728706765528	0.022188474163396
chr5:80530472:T:A	5	80530472	-0.151415638566895	0.184088397614131	0.410783327188861
chr5:81710558:G:T	5	81710558	-0.0345830886040376	0.143869394985381	0.810036956006522
chr5:82792281:C:G	5	82792281	-0.311314191056083	0.162391058855096	0.0552296933401781
chr5:84879932:A:G	5	84879932	0.142866185669184	0.10185805189439	0.160735911386596
chr5:85476293:A:G	5	85476293	0.00185277174513774	0.143448308738126	0.989694846303183
chr5:85809583:T:C	5	85809583	-0.00768192635124922	0.126141221548351	0.951439316913784
chr5:92192959:A:T	5	92192959	0.0349458458780462	0.130954019884115	0.789580153240696
chr5:94648523:C:G	5	94648523	-0.110535263684805	0.10966067222962	0.313466255771466
chr5:98024666:G:A	5	98024666	-0.114702221995926	0.134204899088645	0.392728412879865
chr5:101328324:T:C	5	101328324	-0.205349741797586	0.192280279221913	0.285533640998405
chr5:101825779:A:C	5	101825779	0.0174230620858214	0.120928811981175	0.885439655829614
chr5:106773905:G:A	5	106773905	-0.121530182962462	0.130921627476357	0.353269259425506
chr5:110045491:C:T	5	110045491	-0.218615771031761	0.221648853312666	0.323978157841218
chr5:114915760:G:T	5	114915760	-0.0567376280588129	0.118184555365835	0.631172995360023
chr5:115102683:A:G	5	115102683	-0.0450381196082025	0.131233724074114	0.731455424926437
chr5:117238479:G:A	5	117238479	0.0396305050560244	0.14533257426334	0.785092763398284
chr5:121740415:G:T	5	121740415	-0.0803160866446829	0.114737185465232	0.483926995183555
chr5:137227416:A:T	5	137227416	0.0467306226752055	0.201869387400241	0.816934622067597
chr5:137406489:C:T	5	137406489	-0.157586573320144	0.148293304567282	0.287932464276595
chr5:140638650:G:A	5	140638650	-0.265728347127431	0.135353880709865	0.0496215590800643
chr5:142682003:T:C	5	142682003	0.0345580533587903	0.110565440112367	0.754616900221833
chr5:144183699:A:G	5	144183699	0.0850206322118931	0.162870820191672	0.601661506879251
chr5:145690757:G:T	5	145690757	-0.32607067846956	0.166943990848835	0.0507989693835341
chr5:147282093:C:T	5	147282093	0.0561065920143019	0.186110224017536	0.763056357468772
chr5:148033208:G:T	5	148033208	0.0879532374644144	0.156206624937568	0.573396054011
chr5:151763317:T:C	5	151763317	0.367451603188634	0.141737148461573	0.00952850005374906
chr5:153541577:C:T	5	153541577	0.114318096374279	0.173539281833644	0.510059670947316
chr5:160435085:T:G	5	160435085	0.224421047423294	0.213344012418651	0.292835795095154
chr5:164252995:G:C	5	164252995	-0.224481266599294	0.183861957731407	0.22211522961528
chr5:168245100:T:C	5	168245100	-0.140665218883592	0.118518245435165	0.235280670070006
chr5:169455657:C:T	5	169455657	0.251586931089479	0.146988760314587	0.0869691927038331
chr5:169808985:G:C	5	169808985	0.0906358890938753	0.190736632875327	0.634652493771615
chr5:172672695:T:C	5	172672695	-0.134880635140144	0.142417783148486	0.343599442427597
chr5:173346700:A:C	5	173346700	0.0693573084348445	0.15381597271564	0.65205372158706
chr5:177122146:G:C	5	177122146	-0.233285197767948	0.161634916584938	0.148940295507944
chr6:1084246:G:A	6	1084246	0.0431550585866652	0.254931694862071	0.865575723926459
chr6:3041612:C:A	6	3041612	-0.0502688188352259	0.126019235231043	0.689968374967143
chr6:3673174:A:G	6	3673174	0.266340811001534	0.179765832453766	0.138447123907223
chr6:3786319:G:C	6	3786319	-0.367672894123531	0.13946502268186	0.00838133705779331
chr6:6090729:G:T	6	6090729	0.018921019534211	0.183474947758313	0.917863047568805
chr6:6354181:A:T	6	6354181	0.199481688479369	0.153576327548883	0.193975128390322
chr6:6456261:T:C	6	6456261	0.179156662334376	0.136949517014469	0.190807204980689
chr6:7642514:C:G	6	7642514	-0.00588243051047528	0.107398626773069	0.956320160152788
chr6:12212257:G:A	6	12212257	-0.169676737240202	0.239319560622283	0.478326632269349
chr6:21494280:T:C	6	21494280	-0.0975052115602301	0.171586784690143	0.569861184304244
chr6:23163726:T:C	6	23163726	-0.371785274272494	0.231899823487687	0.108887196099467
chr6:23344439:T:A	6	23344439	-0.185396366897092	0.112912209908318	0.100600065818499
chr6:24077828:C:T	6	24077828	-0.272309123369444	0.293295728454166	0.353176483217299
chr6:26287827:G:A	6	26287827	-0.0477796334887874	0.131258841001656	0.715849957307809
chr6:27261142:G:T	6	27261142	-0.0530019838275694	0.328537836929575	0.87183595424247
chr6:31108549:A:G	6	31108549	0.00475288596012236	0.103201916216498	0.963267017371066
chr6:31845997:T:C	6	31845997	-0.109507010360311	0.162130541821349	0.499405829074352
chr6:32660000:G:C	6	32660000	-0.150126223358924	0.147689728577666	0.309392590624496
chr6:33148933:A:G	6	33148933	0.25972701899742	0.133730036828079	0.0521160228085773
chr6:37400014:G:T	6	37400014	-0.107085289020598	0.136636460550088	0.433202009773929
chr6:39124093:C:T	6	39124093	-0.223387710299256	0.140646965937131	0.112221515700067
chr6:45195864:C:T	6	45195864	-0.0148365969966576	0.120703721657335	0.902172445496609
chr6:46738257:G:A	6	46738257	0.252383465544854	0.170537272108819	0.138891552289422
chr6:47717919:C:A	6	47717919	-0.0083981259082178	0.131000453400508	0.948884542823661
chr6:48859012:C:A	6	48859012	0.209598991962412	0.134403805285206	0.118884669863938
chr6:49860743:T:G	6	49860743	-0.0210101741240552	0.14598565083779	0.885564079149048
chr6:53292416:C:G	6	53292416	-0.0313278870782662	0.109772603195866	0.77534617850294
chr6:54457248:C:T	6	54457248	-0.217873223588698	0.223066323007176	0.32870804719259
chr6:57513520:G:A	6	57513520	0.427169851289744	0.199243908323552	0.0320365417519327
chr6:67461006:G:C	6	67461006	0.158619198256421	0.166384687369963	0.340423857197516
chr6:69504128:A:G	6	69504128	0.0936898822788956	0.14738563861625	0.524985989913384
chr6:81137001:T:C	6	81137001	0.00405765360646171	0.11848955252571	0.972681924889318
chr6:84758749:C:T	6	84758749	0.243844922409409	0.141609167599229	0.0850772762255605
chr6:86667874:G:T	6	86667874	0.272709608935986	0.195593481578048	0.163236880826551
chr6:87387916:G:T	6	87387916	0.0926930123393224	0.142575325124271	0.515605913802635
chr6:88566465:G:A	6	88566465	0.00754115248399897	0.119228437840535	0.949567738828705
chr6:93273487:T:C	6	93273487	0.0529679096613986	0.1982105091194	0.789291631228709
chr6:97788153:C:A	6	97788153	0.130890866482074	0.163885079536541	0.424479061460717
chr6:98771646:C:T	6	98771646	0.15705174872868	0.192180917389468	0.413809673805957
chr6:104918249:A:G	6	104918249	-0.0194631526326361	0.111346415372893	0.861238205232351
chr6:107129138:A:G	6	107129138	-0.10799096624785	0.110513338876269	0.328482099994036
chr6:112187089:T:C	6	112187089	-0.151656436820384	0.127748059899513	0.235167447975643
chr6:118046853:T:C	6	118046853	-0.070031464510573	0.104902103327816	0.504396137940926
chr6:121081137:A:G	6	121081137	-0.448151993107179	0.344116866974879	0.192805314618818
chr6:123103197:T:C	6	123103197	-0.147287932387182	0.13506030407091	0.275477728014673
chr6:127784009:G:A	6	127784009	0.169605795899542	0.12811854613951	0.185563085929162
chr6:129527930:G:A	6	129527930	0.0564083462713069	0.11968191559929	0.637413036015826
chr6:137254996:T:C	6	137254996	0.220140987316948	0.142458215779993	0.122273195356747
chr6:138165202:C:G	6	138165202	-0.188266363868602	0.196221233978865	0.337327218536384
chr6:139464917:T:A	6	139464917	0.0789947498979227	0.135567035569394	0.560096076464831
chr6:151547601:G:A	6	151547601	0.028654834667276	0.103376184910865	0.781634292235106
chr6:152638179:C:T	6	152638179	-0.00514659688975686	0.136743324238644	0.969977174739889
chr6:153842833:G:A	6	153842833	-0.172228510643444	0.153879645305129	0.263037054293121
chr6:156754666:T:G	6	156754666	-0.00215236918994961	0.220468033639887	0.992210594716944
chr6:160701242:A:G	6	160701242	-0.0412245326028561	0.151497925626621	0.785535247877566
chr6:160909689:G:C	6	160909689	-0.260862202791653	0.157091719462078	0.0967993186170653
chr6:161970870:T:G	6	161970870	0.170975859150708	0.248312822415237	0.491106329658821
chr6:162760256:C:T	6	162760256	-0.195893175005625	0.156154271175106	0.209665811387624
chr6:163629327:G:A	6	163629327	-0.0298272197763455	0.106733548562886	0.779895696656115
chr6:167509019:C:T	6	167509019	0.217006519509814	0.26056976545327	0.404948834926959
chr7:6986920:C:A	7	6986920	-0.19535525654934	0.164879903247467	0.236083227586074
chr7:7863676:G:A	7	7863676	-0.0965175364359774	0.150400702085009	0.521044647283823
chr7:8111839:A:G	7	8111839	0.149151502134114	0.106783037295105	0.162482298159625
chr7:9602661:C:A	7	9602661	-0.123056233129897	0.129084637574795	0.340438687438999
chr7:10804524:T:C	7	10804524	-0.254581714876846	0.187513691664294	0.1745684183176
chr7:11334355:C:A	7	11334355	-0.262598312183385	0.162795378087321	0.106732007310612
chr7:12476280:G:A	7	12476280	-0.347296953341592	0.141498117506318	0.0141108886625014
chr7:12972158:C:G	7	12972158	0.067106078620973	0.215072802565772	0.755028635575197
chr7:20850990:A:T	7	20850990	-0.165094852987405	0.122758076928266	0.178664067558425
chr7:22822020:C:A	7	22822020	0.060605991885744	0.111126976460491	0.585494906430742
chr7:24140802:T:C	7	24140802	-0.0215459256121337	0.108762470172057	0.842966247404617
chr7:24278575:A:G	7	24278575	-0.0599126739707249	0.187826479397398	0.749742552674659
chr7:24620726:T:A	7	24620726	0.17230852761228	0.106488534725763	0.10564220276009
chr7:24740434:C:T	7	24740434	-0.0593123569712443	0.102079700856267	0.56121370912655
chr7:28505993:C:T	7	28505993	0.0915341924405542	0.12078913171193	0.44856978835309
chr7:36413989:G:A	7	36413989	0.285816494847863	0.172186154019977	0.0969290820530859
chr7:41157573:G:A	7	41157573	-0.184551186545145	0.191571014942059	0.335368637653522
chr7:43755241:C:T	7	43755241	0.120526192873043	0.128928108301973	0.349874599494969
chr7:44689517:A:G	7	44689517	0.242470187887874	0.15870407493981	0.126558912540463
chr7:46192346:C:G	7	46192346	0.145130027567151	0.115359026819517	0.208365511672771
chr7:46368666:G:A	7	46368666	-0.0754950233051697	0.222389348500474	0.734253961985754
chr7:47748540:G:T	7	47748540	0.365034269562848	0.203825143209475	0.0733063352426344
chr7:48301675:T:C	7	48301675	0.0109091572719617	0.109967846950626	0.920976970569409
chr7:51890159:C:T	7	51890159	0.118951010203225	0.126448008471429	0.346853070748707
chr7:53046603:C:G	7	53046603	0.104029772830983	0.19674211126666	0.596970488888242
chr7:55663907:C:A	7	55663907	-0.0268994294019101	0.11472881856614	0.814627134829577
chr7:56122201:A:G	7	56122201	0.0939574126633067	0.105968834116806	0.375266624059755
chr7:62910214:G:T	7	62910214	0.20255689245581	0.157473491793107	0.198341173976154
chr7:65406204:G:T	7	65406204	0.0672451001132446	0.219620911813446	0.759462159000781
chr7:67766433:G:A	7	67766433	-0.0569849852725006	0.122756459129979	0.642496075435517
chr7:68433432:T:C	7	68433432	0.137388790944077	0.135435605473767	0.31038166638569
chr7:71020152:T:G	7	71020152	0.218714837919856	0.148609217802388	0.14108981505791
chr7:71553830:T:C	7	71553830	0.0204001773942455	0.129925235476235	0.875233229372802
chr7:78390279:T:G	7	78390279	0.151243108611588	0.0977188106973699	0.121685408906345
chr7:83524616:A:T	7	83524616	0.0319151594907754	0.122861691951031	0.795045100036715
chr7:84786535:C:A	7	84786535	0.20210346936041	0.155994452677773	0.195119833510429
chr7:86620755:G:A	7	86620755	0.104683097019344	0.133538859142073	0.433090065545708
chr7:89207269:G:A	7	89207269	-0.0557871435972822	0.157114973843949	0.722535578060054
chr7:91097147:A:G	7	91097147	-0.0569048457232804	0.15814402786198	0.718974833702116
chr7:96212691:T:C	7	96212691	0.0116468520898315	0.186301676271479	0.950151850193859
chr7:103095283:G:A	7	103095283	-0.14492995463315	0.17389819811715	0.404608812057838
chr7:104663551:G:A	7	104663551	-0.189529970860387	0.33675730216001	0.573565091925708
chr7:113434486:A:C	7	113434486	-0.0453667021908959	0.119907169734698	0.705171693465998
chr7:113749820:G:A	7	113749820	0.00588591674052544	0.104861028397055	0.955237734416381
chr7:117145973:C:G	7	117145973	-0.088780435391415	0.131424015794881	0.499341175940016
chr7:119808046:G:A	7	119808046	0.0706227720663526	0.139279813378698	0.612114987452001
chr7:122582926:C:G	7	122582926	-0.0292485314581597	0.173878869017034	0.866416414216854
chr7:124802410:A:T	7	124802410	-0.164209381548104	0.128031736113836	0.199643538888523
chr7:129047886:A:G	7	129047886	-0.0193347955182498	0.172206024232959	0.910603686953768
chr7:131384702:T:A	7	131384702	0.109998224227093	0.106471147877413	0.301544440306529
chr7:136870573:G:A	7	136870573	0.0593956395557967	0.155167256618604	0.701879465101841
chr7:142873374:T:C	7	142873374	-0.0484900731582135	0.125690567393605	0.699652737203202
chr7:143187070:C:T	7	143187070	0.0474231977956552	0.191409762507071	0.804322065922726
chr7:145116884:A:G	7	145116884	-0.148981977950204	0.155978672583966	0.339505254353559
chr7:149242006:T:C	7	149242006	-0.13123040651608	0.114147691706948	0.250286204825793
chr7:153502245:G:A	7	153502245	-0.168009702934009	0.15710354545316	0.284880375089724
chr7:153952270:G:A	7	153952270	0.0944348589780233	0.132771738228471	0.476924849019356
chr7:154426289:T:C	7	154426289	-0.0882679244119203	0.185016913804727	0.633304943459859
chr7:156975524:A:T	7	156975524	0.0391119645851675	0.143972108839675	0.785880781721908
chr7:157677820:C:T	7	157677820	-0.0688478364700248	0.124141564368643	0.579174214110095
chr8:276778:A:T	8	276778	0.0169443455708603	0.112634433215306	0.880420136414447
chr8:1102873:G:T	8	1102873	-0.194719972778538	0.139639632759493	0.163182867234917
chr8:8710521:T:C	8	8710521	0.00259389941713718	0.108580703671449	0.980941038410199
chr8:9029509:T:C	8	9029509	-0.0174635695158003	0.179560550663814	0.922522086203802
chr8:9109096:A:G	8	9109096	-0.0175492547626753	0.133797245429811	0.895646325385121
chr8:9827297:A:G	8	9827297	-0.178400115829875	0.163334016321624	0.274727168128442
chr8:10675470:T:G	8	10675470	0.0237989806825559	0.113514329172389	0.833936028277831
chr8:13032868:C:A	8	13032868	0.0401336532753364	0.192618010429428	0.83494884033234
chr8:14391498:A:G	8	14391498	0.150133501295413	0.186583666503662	0.421024916121569
chr8:16627132:C:G	8	16627132	0.0255868493252262	0.192882199139519	0.894465982097521
chr8:17129593:A:G	8	17129593	0.0672468663005554	0.14585271115801	0.644755483461206
chr8:20741226:C:T	8	20741226	0.267384849389325	0.124678281585723	0.0319849663775035
chr8:23115837:G:A	8	23115837	0.129999566914088	0.148704214682727	0.382000769099955
chr8:25783762:T:C	8	25783762	-0.0528535629692894	0.114781126263962	0.64517703848439
chr8:27010051:G:C	8	27010051	-0.0689363216981894	0.185156328563666	0.709658962068232
chr8:27022227:G:T	8	27022227	0.0313284847467819	0.11350582649588	0.782542134271885
chr8:28150898:A:G	8	28150898	-0.000439787809619217	0.109154073900037	0.99678528760849
chr8:28528484:G:T	8	28528484	-0.032339471453963	0.113271075920481	0.775257186906586
chr8:29917542:C:T	8	29917542	0.174137330638649	0.258723774854241	0.500907382448128
chr8:37085597:G:A	8	37085597	-0.0690520172422861	0.213441026440729	0.746302966295478
chr8:41788192:C:T	8	41788192	0.0681379899769504	0.133461610492501	0.609670578114495
chr8:42055528:T:G	8	42055528	0.2821428234343	0.142180329293294	0.0472111265945843
chr8:50763512:C:T	8	50763512	-0.17255459031923	0.2194785610997	0.431748870010564
chr8:51570259:T:G	8	51570259	-0.000215261110984553	0.14080034835888	0.998780163173673
chr8:53142705:G:A	8	53142705	0.322382086917928	0.101636451518851	0.0015143782803384
chr8:60609620:T:A	8	60609620	-0.304581696597829	0.208118774381972	0.143330784042985
chr8:61304314:G:C	8	61304314	0.0541425732928476	0.115107563977659	0.638094240859905
chr8:61926940:A:T	8	61926940	0.119457194375156	0.120070418138818	0.319788405548309
chr8:63445672:G:A	8	63445672	-0.00789382688844938	0.136496991656179	0.95388284027846
chr8:65343369:C:A	8	65343369	0.0618326681549509	0.167234408231985	0.711578817890479
chr8:65418628:G:T	8	65418628	-0.0332799701883268	0.127642978246309	0.794303046654025
chr8:71273350:T:A	8	71273350	-0.178748946839963	0.197163583316841	0.364617175289516
chr8:72033005:T:C	8	72033005	0.203112964687505	0.195332857960698	0.29841889101814
chr8:72065200:T:A	8	72065200	-0.002858467818345	0.0996744132699567	0.977121362642124
chr8:73211475:T:C	8	73211475	0.0182939997517166	0.143533707164048	0.898580777590911
chr8:75992459:A:G	8	75992459	0.149357407463635	0.216010253773278	0.489291175249749
chr8:78402394:T:A	8	78402394	-0.0371660406518894	0.250274913668753	0.881947504979241
chr8:79795588:T:G	8	79795588	0.114044152386938	0.150106896198595	0.447402290772331
chr8:86323708:T:C	8	86323708	-0.0727755705678827	0.110482259430342	0.510083164428043
chr8:89525432:A:G	8	89525432	-0.182365172248036	0.154761990895638	0.238653548087076
chr8:92001032:A:G	8	92001032	-0.104944922098423	0.136534789397945	0.442112177888581
chr8:92645879:A:G	8	92645879	-0.00855175154004564	0.168919403862569	0.959623366063628
chr8:95906161:G:A	8	95906161	-0.323873635335158	0.111085342312579	0.0035507485399241
chr8:96365126:C:T	8	96365126	0.104304407992596	0.128672251584339	0.417583448255389
chr8:97430280:G:A	8	97430280	-0.296399559080373	0.326723079178896	0.364306899164928
chr8:98002322:C:T	8	98002322	-0.018421381493281	0.113513982457247	0.871083057601504
chr8:98018653:A:G	8	98018653	-0.335212918378545	0.150132050448384	0.0255629817317446
chr8:104471980:T:G	8	104471980	-0.411902657924579	0.262049101695802	0.115984654416731
chr8:106920372:G:A	8	106920372	-0.0570971741969938	0.165208425037518	0.729638148053948
chr8:108142424:A:G	8	108142424	-0.0261391665201981	0.126027195023154	0.83569050383899
chr8:109421925:C:T	8	109421925	-0.209061666419423	0.111788468090676	0.0614624160232222
chr8:116252872:C:T	8	116252872	-0.00117987890521121	0.099948194873651	0.99058126763925
chr8:116821900:C:T	8	116821900	-0.101195359111517	0.230803086526579	0.661060906065283
chr8:119015250:G:A	8	119015250	0.0813142282890762	0.277173598717675	0.769239878590769
chr8:121384602:C:T	8	121384602	-0.0156404802384545	0.118060953178715	0.894606214501703
chr8:127029052:C:T	8	127029052	-0.0852975264042906	0.113462340830391	0.452189691202705
chr8:128437247:A:G	8	128437247	0.139044906005599	0.121072341776191	0.250784972416383
chr8:131111695:G:T	8	131111695	-0.571204341520512	0.269851764216392	0.034282449290809
chr8:131315237:G:A	8	131315237	-0.000977414644028196	0.120281075051348	0.993516390912781
chr8:135895676:A:T	8	135895676	0.113735066067974	0.178739647598038	0.524569864225418
chr8:138585221:A:T	8	138585221	-0.351185463844723	0.193668460017446	0.0697804332968495
chr8:141605122:C:T	8	141605122	-0.315658744039933	0.129363653879976	0.0146836704992326
chr9:733358:A:C	9	733358	-0.180497211729952	0.11514178999112	0.116972602164148
chr9:5461379:C:T	9	5461379	-0.0223686691137978	0.116943541674199	0.848308182526702
chr9:11397008:T:G	9	11397008	0.254875387438063	0.175939896416312	0.147435260619332
chr9:11517950:T:C	9	11517950	-0.0502127166900184	0.313838690128814	0.872884773289874
chr9:11955148:T:G	9	11955148	-0.00663894762893118	0.121617082904508	0.95646595030554
chr9:12389360:A:G	9	12389360	0.0450008362436747	0.150183166807474	0.764452012770354
chr9:12615226:G:C	9	12615226	-0.105834609831049	0.115068592694447	0.357702183220563
chr9:13582959:T:A	9	13582959	0.367966133194704	0.15051670484434	0.014497816373526
chr9:13820455:C:G	9	13820455	-0.180784915736624	0.197569949630411	0.360169278979044
chr9:14098421:G:A	9	14098421	-0.0393573349023414	0.11403270294021	0.729988544387579
chr9:18952915:A:G	9	18952915	0.0473851121506042	0.0869612561132538	0.585822899801378
chr9:21476808:G:A	9	21476808	0.161868670197675	0.238304980885964	0.49697943962455
chr9:29651949:A:G	9	29651949	0.0057482511485056	0.130528048097026	0.964873765732524
chr9:32058643:A:T	9	32058643	-0.0618410586577249	0.140896984530425	0.660726939923776
chr9:37013405:C:T	9	37013405	0.0245644311106952	0.104436515909812	0.814046352694049
chr9:37992585:C:T	9	37992585	0.162561389413852	0.131440240099592	0.216172359224993
chr9:72294932:G:A	9	72294932	-0.0778260453503222	0.170157431456962	0.647400305019642
chr9:73616570:C:T	9	73616570	-0.425934694837625	0.33472022282332	0.203192117503658
chr9:76464251:C:G	9	76464251	0.222639929018646	0.199310176680964	0.263971882933656
chr9:79067117:C:T	9	79067117	0.134140360242226	0.226532044621507	0.553751891534079
chr9:82773489:T:C	9	82773489	0.078715113285282	0.202256269042917	0.697139272376738
chr9:89995415:A:G	9	89995415	0.0903782424633522	0.131058450268889	0.490444158739124
chr9:91844381:C:T	9	91844381	-0.0246682158895447	0.130340895732687	0.849889657615258
chr9:94568472:C:A	9	94568472	-0.121205145880777	0.160138700449457	0.449124129563599
chr9:95559980:C:T	9	95559980	-0.0832736459418977	0.1405223356995	0.553448356035315
chr9:96162075:C:T	9	96162075	0.0776974802773026	0.124811904405121	0.533602242905772
chr9:97240484:A:G	9	97240484	-0.287832003369672	0.204940765713395	0.160180614458345
chr9:100192956:A:G	9	100192956	0.0235452022497644	0.13253100751212	0.858991521108439
chr9:100529836:G:C	9	100529836	0.530966159885427	0.129218360768407	3.97270697931607e-05
chr9:101460357:C:T	9	101460357	-0.117227332458215	0.13849594913972	0.397312078232342
chr9:103293239:C:G	9	103293239	-0.214875913087792	0.146670012721952	0.142912836527756
chr9:105684376:G:T	9	105684376	0.0677742467762468	0.235107978878383	0.773141144712707
chr9:106822394:G:C	9	106822394	-0.00915548665265217	0.19471762473435	0.962497844381838
chr9:107904127:G:A	9	107904127	0.0676325098163519	0.106282145391667	0.524549140334841
chr9:117420412:T:C	9	117420412	-0.140326962407881	0.120843377297783	0.245548352846993
chr9:117972207:C:A	9	117972207	0.0678308483780651	0.105721922175098	0.521135002525801
chr9:118511323:G:A	9	118511323	-0.171412462163286	0.173854031937088	0.324154602513559
chr9:121356498:A:G	9	121356498	0.138876525680435	0.177554375605681	0.434118578849476
chr9:124044726:T:G	9	124044726	0.0543720269739969	0.118503310757719	0.646361383322419
chr9:125005426:C:T	9	125005426	0.132320314643558	0.13257354257737	0.318235764361219
chr9:129533341:A:G	9	129533341	-0.021356522530519	0.111246211598562	0.847761569594018
chr9:136630984:C:T	9	136630984	0.140380918754944	0.0952880456052763	0.140689844959265
chr10:2050300:A:G	10	2050300	-0.00641068164134358	0.118032817655483	0.956686027127754
chr10:3113976:C:T	10	3113976	-0.147850790924856	0.112652745297841	0.189369257812961
chr10:4591592:T:C	10	4591592	-0.106896205782255	0.224061660171219	0.633302394323245
chr10:7462546:C:T	10	7462546	0.0214626380338097	0.123330142243132	0.861845113703503
chr10:7849544:T:G	10	7849544	-0.161763610689422	0.187698203229566	0.38878204656512
chr10:9367893:G:A	10	9367893	-0.0553776796644102	0.125139247498068	0.658106833595273
chr10:10628189:C:T	10	10628189	0.00602497851560213	0.129865975458576	0.962996363204133
chr10:14014383:T:C	10	14014383	-0.170524158715175	0.0998091256082833	0.0875431093007275
chr10:16341555:C:T	10	16341555	-0.0500727157853849	0.125615761700788	0.690174625607198
chr10:18075702:C:T	10	18075702	0.15218355218996	0.146586035065099	0.2991835238531
chr10:20923823:C:G	10	20923823	-0.151616185572717	0.21668298404525	0.484105735335031
chr10:26220185:A:C	10	26220185	-0.113139666327792	0.173893679248634	0.515288249301131
chr10:27289376:T:C	10	27289376	0.00760957880246888	0.118098381211091	0.948624471373187
chr10:27674317:A:G	10	27674317	0.0729399244471063	0.12908220427368	0.572029086244142
chr10:28771902:G:A	10	28771902	0.192520692964816	0.155897039895822	0.216859514135733
chr10:28891836:C:T	10	28891836	-0.138459504350824	0.146612466949148	0.344969843781731
chr10:30622484:G:A	10	30622484	0.184590315348247	0.137362159998433	0.179005899948192
chr10:35177843:G:T	10	35177843	0.0684164943060501	0.206388456255635	0.740271520958159
chr10:43613180:G:A	10	43613180	0.218404204881966	0.253091536226874	0.388167426834094
chr10:44139011:T:C	10	44139011	0.0713291724190685	0.178070667549466	0.688739196701545
chr10:45036473:A:G	10	45036473	0.0221408898191243	0.143016932401053	0.876968690091681
chr10:51560095:T:G	10	51560095	-0.0311177854720653	0.109341179389118	0.775955615941787
chr10:54072488:A:G	10	54072488	0.220551644560713	0.133179673119256	0.0977125346559765
chr10:54082016:C:T	10	54082016	0.0100366168820872	0.134664720619354	0.940588344520859
chr10:55299918:G:C	10	55299918	-0.0160633304087172	0.118857185774809	0.892494730280497
chr10:56747004:T:C	10	56747004	-0.199835987279151	0.166993851959058	0.231436478420119
chr10:57761967:T:C	10	57761967	0.0977423919086388	0.155255789047195	0.52898436701686
chr10:61894829:G:A	10	61894829	0.113325344402819	0.251224482524748	0.65192327158597
chr10:62473064:C:G	10	62473064	0.123101419463933	0.276966110012541	0.656707270094953
chr10:65713195:A:G	10	65713195	0.161676740664442	0.164380534302749	0.325336023175339
chr10:69232402:C:A	10	69232402	0.00203445179211899	0.105819429257752	0.984661061853057
chr10:79437519:C:T	10	79437519	0.0176459324284567	0.130167940732359	0.8921669035871
chr10:81546102:G:A	10	81546102	-0.104613975441191	0.24558983474458	0.670129488174105
chr10:82354363:C:G	10	82354363	-0.199803360012764	0.183686297108301	0.276708876896523
chr10:84591955:C:T	10	84591955	0.200684747232849	0.196877272300661	0.308041897305505
chr10:84989741:G:A	10	84989741	0.170088342359774	0.155655432389642	0.274515236972213
chr10:86779196:C:A	10	86779196	-0.0931775339874901	0.185895643031938	0.616205247524487
chr10:91053424:A:C	10	91053424	0.109955507494638	0.103249788850045	0.2869001134144
chr10:93612452:G:A	10	93612452	-0.0551632161379897	0.184184812883302	0.7645591325224
chr10:93671121:T:C	10	93671121	0.274348285992025	0.112148943570758	0.0144336827703346
chr10:101249704:C:T	10	101249704	0.0048991557724408	0.144196313201074	0.972896610533795
chr10:102352980:T:C	10	102352980	-0.169189316817906	0.121544361264163	0.163923479387901
chr10:104637359:T:C	10	104637359	-0.0188663385896279	0.186029158780908	0.919220212655735
chr10:108480456:T:C	10	108480456	-0.084506973322482	0.135421014260705	0.532606924102808
chr10:109264424:C:T	10	109264424	-0.117739846637587	0.181378996103856	0.516249724011403
chr10:111352001:T:G	10	111352001	-0.167827243862711	0.163247006588915	0.303922969853824
chr10:118828443:C:T	10	118828443	-0.0970318379633184	0.103669402221264	0.349286709166756
chr10:120152982:A:G	10	120152982	-0.111725057246232	0.170023653807568	0.511107110879354
chr10:121580593:A:G	10	121580593	-0.147034221753468	0.17353305253958	0.396828998107816
chr10:121611573:C:G	10	121611573	0.0991595417794166	0.154882698376541	0.522027313093509
chr10:121734173:T:C	10	121734173	0.138937842951958	0.102958134147956	0.177189387077872
chr10:121910644:T:A	10	121910644	0.263908732096921	0.147557215363887	0.0736924781857347
chr10:122561189:A:G	10	122561189	-0.170944677462159	0.119240927881649	0.151684328500255
chr10:123750431:C:G	10	123750431	-0.187196406324684	0.161468845523168	0.246319856555361
chr10:127533155:T:C	10	127533155	-0.200190344590645	0.110636681476101	0.0703828031897079
chr10:129953349:A:G	10	129953349	-0.0199914790263859	0.166396188835626	0.904369195359751
chr10:130263340:C:T	10	130263340	0.0295978679080232	0.219422186463809	0.892698813067725
chr10:130662147:G:T	10	130662147	0.0445059165021938	0.227035905639123	0.844586450762828
chr10:131485315:A:G	10	131485315	-0.0467501499025727	0.191768956897047	0.807398328709371
chr10:131819683:A:G	10	131819683	-0.0456265280408925	0.130091083681679	0.725792749303899
chr10:131953941:A:C	10	131953941	-0.33860927531879	0.182033370006023	0.062864382871223
chr11:388357:C:T	11	388357	-0.241812000526838	0.134790486680223	0.0728156941575806
chr11:2257707:C:T	11	2257707	0.20169608402654	0.142936088378317	0.158217255088429
chr11:3623903:G:A	11	3623903	-0.0857668117130178	0.130769641787298	0.511913053337208
chr11:5806222:C:T	11	5806222	0.102252009887044	0.105212567854187	0.331119616704929
chr11:9789492:C:A	11	9789492	0.210741279657141	0.13151703359795	0.109069898552886
chr11:14569664:T:G	11	14569664	-0.17321638411359	0.210783605062848	0.411205809786308
chr11:21819583:A:G	11	21819583	0.664919240445761	0.264784527813816	0.0120331375634897
chr11:36019710:C:A	11	36019710	0.0638285286341213	0.099858768286414	0.522700622977722
chr11:39635569:C:T	11	39635569	0.0291027400147452	0.171842060732944	0.865515458818708
chr11:40512905:C:G	11	40512905	-0.167284666475794	0.200426194743648	0.403917771447979
chr11:41632790:A:T	11	41632790	-0.245643272891724	0.237992189853069	0.302002573910029
chr11:42744986:A:G	11	42744986	-0.0627925875158118	0.120174329911111	0.601313557341789
chr11:43201079:C:T	11	43201079	-0.168519747130132	0.140691482375927	0.230996300044833
chr11:43982585:G:A	11	43982585	-0.118181114635593	0.23169443197998	0.610000197275976
chr11:44330300:A:G	11	44330300	-0.223721749914531	0.129276849972084	0.0835297127543303
chr11:49875094:A:G	11	49875094	-0.153561725335549	0.146820754029828	0.295601233107553
chr11:50253126:G:T	11	50253126	0.216928634178429	0.125488179964799	0.0838667720075443
chr11:55906271:G:A	11	55906271	-0.0987786759292347	0.140942712334708	0.483401165348648
chr11:56124264:C:A	11	56124264	-0.000238698786357688	0.269973555972972	0.999294545531259
chr11:57305789:G:A	11	57305789	-0.205288863325601	0.117344396246398	0.0802122204205352
chr11:58998793:A:C	11	58998793	0.141029054512145	0.144304416364115	0.328419458180102
chr11:60456695:C:T	11	60456695	-0.0424705976701168	0.245557206404207	0.862685995689298
chr11:62505064:A:G	11	62505064	-0.146082838876748	0.183856191271044	0.426875622921786
chr11:63184971:C:T	11	63184971	0.000885677077741336	0.114865328527701	0.99384791674681
chr11:65009160:T:C	11	65009160	0.0972801947072848	0.265875630258674	0.714450076536612
chr11:70801858:T:C	11	70801858	-0.0335680300751023	0.0959569752260895	0.72647096485496
chr11:71334794:T:G	11	71334794	-0.0178755564720647	0.147864508386414	0.90377700557537
chr11:72713691:C:T	11	72713691	0.163964834324746	0.227507581436662	0.471093786792226
chr11:77208574:G:A	11	77208574	-0.0867918187765624	0.133041552386353	0.514164930443219
chr11:77376654:A:G	11	77376654	-0.0338591194735389	0.122022295854314	0.781409215065693
chr11:77897055:A:G	11	77897055	0.131322234545915	0.176515260362935	0.456894020482859
chr11:79339250:G:A	11	79339250	0.202568424749968	0.212399053098917	0.340227301108134
chr11:81783030:C:T	11	81783030	-0.260342021846005	0.144808927491905	0.0722037461928301
chr11:83962252:C:T	11	83962252	0.00565247105517819	0.179358360389448	0.974858863931396
chr11:86328783:G:T	11	86328783	0.145863978243716	0.135751471859522	0.282601872883992
chr11:86644523:C:T	11	86644523	0.0108771133632099	0.219002724420437	0.960388099677849
chr11:93046218:A:C	11	93046218	-0.10356150851922	0.110536687724817	0.348811461544049
chr11:99371984:G:C	11	99371984	0.0710681433181277	0.263489988645706	0.787376771968569
chr11:100626548:G:A	11	100626548	-0.144464000049731	0.190581221463112	0.448440195373732
chr11:104129521:G:A	11	104129521	0.0665493250693439	0.166727891320977	0.689783180646682
chr11:108728662:A:G	11	108728662	0.181656052393377	0.168243869101457	0.280267462040945
chr11:110338613:G:A	11	110338613	-0.0596404401126337	0.166546801190128	0.72026834153262
chr11:110396347:G:A	11	110396347	0.034796960641106	0.128271031400926	0.78617811435754
chr11:113789228:G:C	11	113789228	0.123105475024052	0.322160932838247	0.702369273981726
chr11:113800784:C:T	11	113800784	0.119767163758873	0.155421028282406	0.440945131800876
chr11:115616504:A:T	11	115616504	0.0956591276170026	0.156593911807102	0.541283090281561
chr11:119630310:G:A	11	119630310	-0.146818819028419	0.103534802289966	0.156172522705075
chr11:123267436:G:A	11	123267436	-0.325445429664077	0.132874419421553	0.0143145798864828
chr11:125907492:T:C	11	125907492	-0.247215879696756	0.130690383525592	0.058542306201729
chr11:126829359:G:A	11	126829359	-0.0520471822754968	0.135370594598637	0.700623285554699
chr11:130038952:T:C	11	130038952	0.00268862517715734	0.205601138762869	0.989566442128311
chr11:130290657:C:T	11	130290657	-0.0725422288965633	0.214539654100595	0.735265449873699
chr11:131355535:G:A	11	131355535	0.0316674318266209	0.126809873815421	0.802801023074296
chr11:133238417:A:G	11	133238417	-0.137236076985431	0.0899584562196063	0.127122099527643
chr11:133300920:A:C	11	133300920	-0.0758947843179067	0.173332125762968	0.661489531121063
chr11:133409278:A:G	11	133409278	-0.28079299320004	0.163181951924995	0.0852988140641677
chr11:134309503:C:T	11	134309503	-0.295569189836021	0.131832575974557	0.0249611004658564
chr12:5192681:C:T	12	5192681	-0.0836407087966132	0.14947163320697	0.575768814998028
chr12:5448727:G:A	12	5448727	-0.0112901463275644	0.123507317096497	0.927164612947673
chr12:6639294:C:T	12	6639294	-0.0348880207437604	0.240218352989781	0.884525634439754
chr12:19523028:C:A	12	19523028	0.00180235637887522	0.128630549076619	0.98882049961958
chr12:19758400:A:T	12	19758400	-0.530246784220568	0.429821584456511	0.217335619592266
chr12:20003679:T:A	12	20003679	0.102677900234397	0.187989999327872	0.584936646419556
chr12:21333090:G:A	12	21333090	0.0174175452798226	0.102656309227449	0.865270823086755
chr12:25518059:A:T	12	25518059	-0.00926792572690783	0.125578034353812	0.941167836524471
chr12:28965843:C:T	12	28965843	-0.0249256304346067	0.111295442375133	0.822789105079108
chr12:32086665:A:C	12	32086665	0.117850790174694	0.114513374952499	0.303411859143624
chr12:44631613:C:T	12	44631613	-0.140991253587987	0.178600141910027	0.429864183612252
chr12:48567461:T:G	12	48567461	0.282372061148177	0.175218328321098	0.10706118591222
chr12:51039498:T:C	12	51039498	0.137928180032233	0.180596268865571	0.445023566193438
chr12:52880890:G:T	12	52880890	-0.071418686363456	0.17107176480186	0.676328863480863
chr12:53646626:C:G	12	53646626	0.0473064230636875	0.152706706963944	0.756723583391087
chr12:53680144:C:A	12	53680144	0.206789443464626	0.123080062182742	0.0929337026190596
chr12:54366280:G:A	12	54366280	0.102659281266487	0.102290169319759	0.315567365941233
chr12:55599330:T:C	12	55599330	0.088125791127789	0.163059956089166	0.588886573862025
chr12:56675083:C:T	12	56675083	0.00432919227797424	0.123287099239474	0.971988261792762
chr12:57436134:C:T	12	57436134	0.0123206078991502	0.130838877496781	0.924977085399446
chr12:58724212:C:T	12	58724212	0.163385378432688	0.156233322610481	0.295663520686924
chr12:59048769:A:C	12	59048769	-0.0572083265464103	0.126008095361729	0.649825106881393
chr12:59161225:G:A	12	59161225	0.0781096992945957	0.179076630765729	0.662705916791436
chr12:59226687:C:T	12	59226687	0.0494384200215859	0.114621106181486	0.666235427744834
chr12:63113400:T:C	12	63113400	-0.0517669288992018	0.155824813552708	0.739728912110399
chr12:64271340:C:T	12	64271340	0.121813788388583	0.111742593105074	0.275656531832011
chr12:64756705:C:T	12	64756705	0.267474772731967	0.121643619289336	0.0278893497653691
chr12:67050802:C:T	12	67050802	-0.242027294538486	0.130528750510364	0.0637095820889911
chr12:71564908:A:G	12	71564908	0.0083360451041055	0.120569937302322	0.944879240468402
chr12:73909094:G:A	12	73909094	0.0610298677525036	0.110078308793886	0.579289876645158
chr12:81126959:G:A	12	81126959	0.150611333149691	0.122913817780581	0.220446788843115
chr12:83608380:A:G	12	83608380	-0.179095941775007	0.123185013843045	0.145980222779473
chr12:90727178:A:C	12	90727178	-0.0279554044515861	0.110184064253709	0.799715362058141
chr12:92596791:C:T	12	92596791	0.093366513893526	0.120537054894076	0.438583358215058
chr12:95914573:A:T	12	95914573	-0.0656052876714963	0.154807585176588	0.671721887336414
chr12:101611098:G:C	12	101611098	0.271240714393768	0.211160652316753	0.19895902159293
chr12:105967464:T:C	12	105967464	0.0389214702652464	0.126092728118369	0.757569985146663
chr12:109533295:C:T	12	109533295	-0.0978899606551003	0.123060910771171	0.426346307504003
chr12:112209515:G:A	12	112209515	0.0162895559437698	0.160820375302	0.919319957415386
chr12:120976632:C:A	12	120976632	0.298016338246698	0.216446734701212	0.168556268924645
chr12:125875525:T:C	12	125875525	-0.0410153680748347	0.126530012848412	0.745820498932326
chr12:126449337:A:G	12	126449337	-0.130037060026272	0.106361193551149	0.221481293508076
chr12:131091094:G:A	12	131091094	0.171918303073514	0.146862393748326	0.241756352668636
chr12:132776953:G:A	12	132776953	-0.32444376748527	0.216632427075907	0.134219153401499
chr13:19545220:A:G	13	19545220	-0.118373315880545	0.183107569473727	0.517975849009493
chr13:22977365:T:G	13	22977365	0.200453052028209	0.178507108948608	0.261462313630969
chr13:24330599:T:C	13	24330599	0.0711718969553392	0.18859618247126	0.705893317370876
chr13:24623185:A:C	13	24623185	0.0286258039948376	0.152859136178358	0.851449591885695
chr13:25202506:T:G	13	25202506	0.0617849831102786	0.164982732874627	0.708037092269401
chr13:26234118:A:T	13	26234118	0.133544294650697	0.14666120536958	0.362525574252805
chr13:26494236:G:A	13	26494236	0.276168266935124	0.138575281037985	0.0462711421993264
chr13:27255876:A:G	13	27255876	0.113481130758705	0.194177557153988	0.558938180096093
chr13:42909938:A:G	13	42909938	0.235003386255804	0.125285117886889	0.0606898070212535
chr13:45470952:C:T	13	45470952	0.0992686034931071	0.257535338644018	0.699899421271355
chr13:45708351:G:A	13	45708351	0.0887700452595464	0.15308193292964	0.561991605297718
chr13:45809177:C:G	13	45809177	0.0570671501401194	0.112561588821057	0.612164638821306
chr13:50558767:A:T	13	50558767	0.0852891560880759	0.170286837427767	0.616472587038449
chr13:58710908:G:A	13	58710908	0.145205589792943	0.116370644431321	0.212109660922172
chr13:58934154:C:T	13	58934154	-0.208122189176093	0.110867264408767	0.0604880178055337
chr13:70397215:T:C	13	70397215	0.265568495754303	0.130043379655709	0.0411363433329039
chr13:70990050:T:C	13	70990050	-0.16818433569315	0.237336179026702	0.478552024340249
chr13:75832713:T:C	13	75832713	0.282080975903744	0.196382896263743	0.150893500463348
chr13:86776101:G:A	13	86776101	-0.0569247970842048	0.125173385655623	0.649276459687386
chr13:91472230:T:C	13	91472230	-0.039742838168687	0.121026968427959	0.742624348809202
chr13:93235990:C:T	13	93235990	-0.067598412076781	0.11594981818139	0.559895227312439
chr13:96765286:G:A	13	96765286	0.025013230186968	0.128417995733474	0.845565344829391
chr13:102180181:A:G	13	102180181	-0.125905298701447	0.133422460717865	0.345343959332539
chr13:104405113:C:T	13	104405113	-0.0463902210052228	0.212886991005598	0.827499174027236
chr13:106009559:G:C	13	106009559	-0.201140291565768	0.135826160306523	0.13864238514657
chr13:106084136:A:G	13	106084136	0.0489196354626838	0.113944630685124	0.66768444669535
chr13:112716578:T:C	13	112716578	0.11999199477979	0.162246616547158	0.459563701864163
chr14:21167555:A:G	14	21167555	-0.0180133946887165	0.204351485218039	0.929758190808304
chr14:26929954:A:G	14	26929954	0.0988874952973062	0.118104673425424	0.402431323777756
chr14:27823594:G:A	14	27823594	0.0784061067857962	0.149280260274183	0.599425008638051
chr14:34182794:A:C	14	34182794	-0.0969755462503857	0.270618258090104	0.720082805126488
chr14:38216062:T:A	14	38216062	-0.174421149085739	0.143866955055535	0.225367670906989
chr14:38962987:G:A	14	38962987	0.377248492625328	0.200465173939816	0.0598542812033593
chr14:39925237:C:T	14	39925237	-0.185114469601835	0.201087357985555	0.357276320385513
chr14:44446011:A:G	14	44446011	0.199630729211586	0.170793369219149	0.242466667656791
chr14:48685878:C:A	14	48685878	0.00219378630451239	0.20293145018672	0.991374653226777
chr14:51426205:T:C	14	51426205	0.0186542787297681	0.132212662820119	0.887796488494668
chr14:52881822:T:G	14	52881822	0.27020786492472	0.170783948328145	0.113612603926658
chr14:53358297:A:G	14	53358297	0.163466368561002	0.125661572700695	0.193311133814031
chr14:56254615:G:A	14	56254615	-0.139341201038234	0.10712204679656	0.193337013889995
chr14:57978070:T:C	14	57978070	0.16737141752768	0.116591471100577	0.151134018143868
chr14:62445185:T:C	14	62445185	0.218244107813805	0.127123531368228	0.0860179795190769
chr14:67518615:G:A	14	67518615	-0.00267331029331218	0.115159964957707	0.98147966220097
chr14:68863518:T:G	14	68863518	0.0300785796296976	0.131474170292193	0.819040391412919
chr14:77734277:G:A	14	77734277	-0.0670869993224901	0.218064191541034	0.758350237319181
chr14:81022028:G:A	14	81022028	-0.258119243178596	0.200806020409262	0.198647002311541
chr14:81884763:T:G	14	81884763	-0.0124259763459874	0.182826865358938	0.94581284945987
chr14:82929256:T:A	14	82929256	0.240041784701109	0.223067895683307	0.281885698784415
chr14:84531019:T:G	14	84531019	0.0384537462179642	0.135714747829362	0.77691435612787
chr14:84812257:C:T	14	84812257	-0.00302418002442695	0.125847969075965	0.980828341069942
chr14:90804831:C:G	14	90804831	0.182356973319907	0.156545284452193	0.244066271045577
chr14:91397629:G:T	14	91397629	0.103182252215406	0.178066901388165	0.562280323496764
chr14:91532430:A:C	14	91532430	0.0869866809342186	0.215166932864905	0.686010270968731
chr14:91961156:T:C	14	91961156	0.00321745759634597	0.129292290968119	0.980146574977541
chr14:92998270:C:G	14	92998270	0.192642265204999	0.15129392199343	0.202912276496868
chr14:93757265:G:A	14	93757265	-0.132417309315371	0.208727354477015	0.525817697668536
chr14:93769225:C:T	14	93769225	-0.184015647613512	0.214443706803202	0.390833378039108
chr14:98340169:A:G	14	98340169	-0.0342832795130283	0.146824851888409	0.81537487974695
chr14:100721312:C:T	14	100721312	0.0188886772272355	0.163410612044659	0.907977272396801
chr14:102093442:A:G	14	102093442	0.255703139281611	0.179509435035805	0.154314759180188
chr15:24165057:A:G	15	24165057	-0.072909561983883	0.155636646712752	0.639455584585552
chr15:26353849:A:G	15	26353849	-0.00588715641952289	0.0982184505350565	0.952203888069377
chr15:28182824:G:A	15	28182824	0.0721488343230388	0.204409545387035	0.724116810236148
chr15:33665926:A:G	15	33665926	-0.125289514759709	0.275299287678095	0.649035184180493
chr15:34880184:A:T	15	34880184	-0.145487366971979	0.134021786203703	0.277678075132817
chr15:37080410:C:T	15	37080410	-0.167931378465264	0.10751801221929	0.118313750472375
chr15:37762539:C:G	15	37762539	0.411498118997601	0.232367206456584	0.0765780244560096
chr15:52558833:C:G	15	52558833	0.142780861201158	0.17766261001238	0.421591644209507
chr15:55712443:A:G	15	55712443	0.236347567693233	0.233553288684041	0.311555169406173
chr15:57522102:A:T	15	57522102	0.0154440841481322	0.110349978154605	0.888695165994193
chr15:57590535:T:C	15	57590535	0.646008743467402	0.205118685232671	0.00163584374065384
chr15:58439508:G:A	15	58439508	-0.227065390829859	0.212668828580018	0.285658229385707
chr15:69786285:T:C	15	69786285	0.0272539512195809	0.148759352280495	0.854634565366829
chr15:71331250:T:C	15	71331250	0.0235438324971088	0.149435196590742	0.874809732439693
chr15:74245092:G:C	15	74245092	-0.0153970860400941	0.27931996386255	0.956040097095645
chr15:76807237:T:C	15	76807237	-0.0142555442443407	0.197734025930915	0.942526668944244
chr15:77734259:G:A	15	77734259	0.139831862354096	0.121417440737564	0.249459960281205
chr15:79750604:G:T	15	79750604	0.0182342077055086	0.111146502030478	0.869687362697219
chr15:81697597:G:A	15	81697597	-0.117820250825505	0.111001914441786	0.288496621270062
chr15:87989871:C:T	15	87989871	-0.0200129522205559	0.149004497452737	0.893156606687704
chr15:88891382:T:C	15	88891382	-0.246059945257677	0.11380194208439	0.0306045332803558
chr15:89804552:C:T	15	89804552	0.204216390077569	0.204078252198378	0.316983045139451
chr15:94791129:A:G	15	94791129	-0.028296552879491	0.139420813443222	0.839167953012065
chr15:97043895:A:G	15	97043895	-0.0918439422928213	0.189236064764453	0.627434771240436
chr15:98725394:C:T	15	98725394	-0.0219577655974622	0.184055216597366	0.905037777086666
chr15:100978492:T:G	15	100978492	-0.173089685661598	0.156960162456466	0.270130581324153
chr16:2671727:C:T	16	2671727	0.0753403912002292	0.12760872765553	0.554921468535369
chr16:4957642:T:C	16	4957642	0.151858050336409	0.107330190720818	0.157107207234925
chr16:5603936:C:T	16	5603936	0.317689011865659	0.151112902798932	0.0355244809571731
chr16:5884026:G:T	16	5884026	0.00204279133489958	0.122122134696472	0.9866540519942
chr16:6848656:G:A	16	6848656	0.328010747052594	0.112706295918781	0.00361065435605601
chr16:7909855:G:A	16	7909855	0.0424746338974993	0.111828425221417	0.704079291159899
chr16:8273542:C:G	16	8273542	-0.325313077115105	0.206536515256543	0.115236256032368
chr16:12394716:C:T	16	12394716	0.0928081056484889	0.15485069742518	0.548946658451186
chr16:13985277:C:A	16	13985277	-0.43452027090565	0.245607771971464	0.0768666169122592
chr16:17779668:G:A	16	17779668	0.124867370703595	0.102309014544584	0.222278283667162
chr16:29740733:G:C	16	29740733	-0.136617737511509	0.152097106118465	0.369064506042736
chr16:31127124:G:A	16	31127124	0.160929761184499	0.127471346167979	0.206776863094874
chr16:56688556:C:T	16	56688556	0.0314404916317691	0.123442130421862	0.798956186519366
chr16:60324635:A:C	16	60324635	0.00498504007206255	0.123147398201206	0.967710235480014
chr16:60499572:C:T	16	60499572	0.0189429262213424	0.136380693453147	0.889531211121875
chr16:62273123:C:T	16	62273123	-0.106697955714849	0.107987048489967	0.32312202799881
chr16:65972427:C:T	16	65972427	-0.0287234714706972	0.130445731440005	0.825719447890241
chr16:69246420:T:C	16	69246420	-0.198923523915697	0.113439561577904	0.0795052553951556
chr16:71908403:G:A	16	71908403	0.0774362723844456	0.149376229375354	0.604180918839991
chr16:72103328:C:A	16	72103328	0.088633174468224	0.11881912869182	0.455697388651655
chr16:74837740:A:C	16	74837740	-0.454316917227901	0.22000400131204	0.0389192783483715
chr16:79886631:C:T	16	79886631	0.00215341581127931	0.169796723647006	0.989881246621951
chr16:81396153:C:A	16	81396153	0.235359943545627	0.124061974831027	0.0578126447408485
chr16:82294878:C:G	16	82294878	0.0205584365978941	0.138332271017368	0.88185637432314
chr16:82421890:A:G	16	82421890	0.0530744250498908	0.119972189429511	0.658207447263625
chr16:83827178:T:C	16	83827178	0.0608311918502301	0.121264502894934	0.615920390521142
chr16:84032337:C:T	16	84032337	-0.357875688428041	0.247813472232529	0.148701481504412
chr16:89303022:G:A	16	89303022	0.0561941221757744	0.161061527401417	0.727165525981688
chr16:89331863:A:T	16	89331863	0.106825740672221	0.107732950814345	0.321402896595395
chr16:89337630:T:C	16	89337630	0.117809161203231	0.115686647969346	0.308513037581914
chr16:89479873:T:G	16	89479873	0.0385668364275666	0.10985043671748	0.725524609169446
chr16:90035976:C:A	16	90035976	-0.273041414065318	0.15218360608141	0.0727879749460588
chr17:2489248:C:G	17	2489248	0.0418063466906253	0.11815613281174	0.723471603375949
chr17:4018176:C:A	17	4018176	0.042937454862825	0.202603455471185	0.832162783250622
chr17:4147521:T:C	17	4147521	-0.159593684641228	0.160060816377911	0.318724934545358
chr17:6949267:T:C	17	6949267	0.030904728250272	0.133342556705776	0.816717102559845
chr17:7929448:A:G	17	7929448	-0.0425634602529425	0.138772451722637	0.759061036999975
chr17:10308301:C:T	17	10308301	0.344329275220849	0.337535665536771	0.307668191905835
chr17:12174148:T:C	17	12174148	0.0323620222811858	0.140489497420693	0.817818336469019
chr17:14402381:C:T	17	14402381	-0.0544899379906073	0.162093492309975	0.736747471941812
chr17:15219976:C:T	17	15219976	0.134862600807975	0.0945138008708989	0.153606102777648
chr17:16482403:T:A	17	16482403	-0.00988130640148855	0.121807005488463	0.935344417344369
chr17:18684803:A:G	17	18684803	0.0476608326604118	0.12185221082875	0.69569643086343
chr17:20040710:T:C	17	20040710	-0.195502448063728	0.164671167992068	0.235137156529945
chr17:21275023:A:C	17	21275023	0.253051363435534	0.13729434390259	0.0653099902895976
chr17:30609729:C:T	17	30609729	-0.154335430636211	0.235302198887024	0.51188650370776
chr17:31554254:C:T	17	31554254	0.121739828730352	0.139072177123342	0.381371768710635
chr17:33472425:T:G	17	33472425	-0.0549795841390514	0.169323089909004	0.74540645007184
chr17:44156671:T:A	17	44156671	-0.173841938162437	0.131254991928508	0.185350441662548
chr17:45754773:C:T	17	45754773	-0.00492631505547707	0.11740763889441	0.96653132869488
chr17:48779278:C:T	17	48779278	-0.321506563469587	0.144673887768151	0.0262640732469283
chr17:52703044:C:G	17	52703044	0.258648756815003	0.160778866631197	0.107676793446551
chr17:53282498:G:T	17	53282498	-0.127619585959986	0.114718783488631	0.265942187201619
chr17:58411807:C:T	17	58411807	-0.267947512375445	0.135251224400567	0.0475789729146359
chr17:61409438:A:G	17	61409438	0.0295616201362304	0.11834307324305	0.802745153683773
chr17:61905160:C:T	17	61905160	0.254526107832528	0.212543967346279	0.231103101084849
chr17:66262233:G:T	17	66262233	-0.141911062572885	0.120752483866056	0.239905622683893
chr17:66751216:C:T	17	66751216	0.129492925501721	0.116509920774487	0.266382181637037
chr17:66971178:A:G	17	66971178	-0.0304051428840206	0.190674059894278	0.873305407349787
chr17:68771033:G:A	17	68771033	-0.107744638782989	0.136443508986034	0.429723542669134
chr17:69081332:C:T	17	69081332	-0.33273565212446	0.142464173520427	0.0195134430683013
chr17:69213412:T:C	17	69213412	0.0544163446800714	0.104723247045491	0.603328115734545
chr17:72829246:G:A	17	72829246	0.171478191933804	0.123256431030531	0.164155330287621
chr17:73506492:C:T	17	73506492	-0.195274779561882	0.136267891904196	0.151851775574743
chr17:75360149:C:G	17	75360149	-0.113165048621956	0.134932151335881	0.401648272375103
chr17:77625920:A:T	17	77625920	0.023637681773025	0.12080951632496	0.844875699719937
chr18:1137045:A:T	18	1137045	0.00676789660741854	0.0994618192230129	0.945749675445075
chr18:4080016:T:A	18	4080016	0.0247279185788259	0.158051591277802	0.8756746022648
chr18:8920896:G:C	18	8920896	-0.0400675820620503	0.13096970013693	0.759657817509323
chr18:9609299:C:T	18	9609299	0.0355959038877097	0.10757044029266	0.740714086884348
chr18:10572326:C:T	18	10572326	0.00971141516470018	0.125792389411887	0.938462906801528
chr18:11017906:C:T	18	11017906	-0.261084762735638	0.100737254381657	0.00954919341669436
chr18:12120157:A:G	18	12120157	-0.0384441207831194	0.3810399010548	0.919635687348819
chr18:14686017:A:G	18	14686017	0.0593384538050818	0.105304601060104	0.573098913510204
chr18:14895123:C:T	18	14895123	-0.135145318927427	0.129126379368095	0.295278205030305
chr18:30059135:A:G	18	30059135	-0.0291104512514572	0.101427145607801	0.774105824461068
chr18:32490781:T:C	18	32490781	-0.0319361916704078	0.103711984322336	0.758134421103224
chr18:36255061:C:A	18	36255061	0.0714784401929511	0.130326805904919	0.583379246869034
chr18:42762909:A:C	18	42762909	-0.10927132535736	0.109171185454452	0.316866804488979
chr18:43928870:G:A	18	43928870	0.344047618810383	0.182428782036124	0.0593046054734063
chr18:44831686:A:G	18	44831686	-0.158971771385947	0.245903632627193	0.517968569234377
chr18:45461168:C:T	18	45461168	-0.0012594612992844	0.14954461211831	0.993280313934942
chr18:47992191:T:C	18	47992191	-0.0145106716979783	0.282849049048672	0.959085015903687
chr18:49146783:T:G	18	49146783	0.00893055857441649	0.128518394091968	0.944600735742926
chr18:49872731:C:G	18	49872731	0.0238870110994798	0.16707057018607	0.886309470077495
chr18:50485733:T:C	18	50485733	0.114867556954949	0.166924585220075	0.491364348423624
chr18:58120958:C:T	18	58120958	-0.12929101035115	0.156614982618154	0.409068425349897
chr18:59256389:C:T	18	59256389	0.0125409108332878	0.133748216866152	0.925295779998101
chr18:62622293:T:A	18	62622293	0.0309794583482744	0.144917418677242	0.830723935787334
chr18:62998306:G:A	18	62998306	0.0913829084163815	0.108780841382433	0.400872298959974
chr18:66103927:C:T	18	66103927	0.11158675462181	0.115742402619974	0.334997939901936
chr18:66206557:C:T	18	66206557	0.122722737991397	0.170098751437067	0.470614636326867
chr18:68001558:G:A	18	68001558	0.0167311010118338	0.102593970804423	0.870454861474477
chr18:69946690:A:G	18	69946690	-0.0291557283391887	0.226661160047741	0.897649367984982
chr18:71730181:C:T	18	71730181	0.129671879616614	0.120055713581126	0.280098751987703
chr18:72912108:T:C	18	72912108	-0.0846270568544318	0.121352448902108	0.485573851150687
chr18:73248491:G:A	18	73248491	0.103368053279218	0.16026580347384	0.518940893208855
chr18:77734991:G:A	18	77734991	-0.168977632127968	0.217067832648909	0.436300574502902
chr19:2907557:G:A	19	2907557	-0.132731214767542	0.11792928543126	0.260370738582545
chr19:16021187:G:A	19	16021187	-0.354710623994831	0.230965760524716	0.12459444095005
chr19:17584922:G:A	19	17584922	-0.0098145766048266	0.140781684831672	0.944420607453187
chr19:18704666:C:T	19	18704666	-0.220538727143561	0.179072124522264	0.218112110096525
chr19:18737022:C:T	19	18737022	0.115765577670911	0.132336973129181	0.381694278097014
chr19:18805179:A:G	19	18805179	-0.179725889748233	0.134053466271558	0.18001688717569
chr19:21560366:G:T	19	21560366	0.024765796601747	0.122864866487958	0.840253374627316
chr19:21659434:G:C	19	21659434	0.089127815561697	0.14546078265567	0.540056563852612
chr19:33474662:T:C	19	33474662	0.129935755874122	0.118180718220138	0.271564582135897
chr19:37956680:C:T	19	37956680	0.101407351218421	0.14397248051613	0.481213388796502
chr19:38120117:A:T	19	38120117	0.321966866106066	0.171693497072348	0.0607594311017708
chr19:44380983:T:C	19	44380983	-0.199263848247514	0.175055554423968	0.254999739229561
chr19:44819986:A:G	19	44819986	0.267933224013137	0.121374761109022	0.0272800446065933
chr19:48685001:C:T	19	48685001	0.0602161948624323	0.122490308819625	0.623002379839152
chr19:51210487:G:T	19	51210487	-0.168376052994557	0.161803225712367	0.298050854104312
chr19:51552139:T:A	19	51552139	-0.0985158920952769	0.156590553842986	0.529263629846921
chr19:52714810:C:T	19	52714810	0.0799467309104755	0.15806202344344	0.61300168043748
chr19:53330671:T:C	19	53330671	0.0437559998394901	0.123526938952028	0.723172271969566
chr19:54944544:G:A	19	54944544	-0.0666018861255673	0.17082866003766	0.696628711443274
chr19:57195010:G:C	19	57195010	-0.200559188788516	0.14186229316765	0.157432478691902
chr20:1709120:A:G	20	1709120	0.0910675614778126	0.144003447809101	0.527126527071362
chr20:1735934:T:G	20	1735934	-0.146941215688246	0.135638785001459	0.27866311645246
chr20:1906500:G:T	20	1906500	-0.0566611198853519	0.120935302035736	0.639409744102338
chr20:3649460:G:A	20	3649460	0.00374689164716415	0.114533714990576	0.973902410950358
chr20:5407753:C:T	20	5407753	-0.0654651801989842	0.12966873334942	0.613653793000018
chr20:5860313:T:C	20	5860313	0.139455310533878	0.110599144207621	0.207342110208195
chr20:7000966:A:C	20	7000966	-0.243134398688719	0.166145328579578	0.143362361969131
chr20:12129436:G:A	20	12129436	-0.203552035382328	0.166791314940816	0.222313471305186
chr20:13244402:C:A	20	13244402	0.45101885770379	0.282749778034291	0.110686169477187
chr20:31347432:T:C	20	31347432	0.119141162663161	0.126602258316219	0.346670706600404
chr20:37593342:C:T	20	37593342	-0.0973527201704725	0.134980891309632	0.470765957275754
chr20:38200488:G:A	20	38200488	0.0634574387868013	0.106581829646222	0.551584794573481
chr20:38350608:A:G	20	38350608	-0.0934548626949779	0.119866747176448	0.435593216905598
chr20:45729681:A:G	20	45729681	0.0114997969114579	0.0992137929378677	0.90772446002032
chr20:48501317:C:T	20	48501317	0.157176664982966	0.101745215236987	0.122393086152276
chr20:49036824:T:G	20	49036824	0.0285874032648004	0.116381163216269	0.805964019832568
chr20:50371082:C:T	20	50371082	0.085710704789994	0.153311174609345	0.576118281853722
chr20:52513956:G:A	20	52513956	0.0356366597228909	0.201916096508767	0.859907106237561
chr20:54253971:A:G	20	54253971	0.232605137997507	0.104759926416672	0.0263940889598695
chr20:58480201:T:G	20	58480201	0.0204226623846464	0.0974641756789188	0.834026560623112
chr20:60073360:C:T	20	60073360	-0.00756052613042661	0.111122699551939	0.945755672002654
chr21:14869783:A:G	21	14869783	-0.581400580948149	0.331787174782306	0.0797171005758974
chr21:15297615:T:C	21	15297615	0.0984768524400206	0.137835312484801	0.474947109365482
chr21:15686888:A:G	21	15686888	-0.295103083304587	0.158836835165849	0.0631831026177376
chr21:18805376:C:A	21	18805376	0.0682335816041408	0.192511073987674	0.723009331190045
chr21:22007486:G:T	21	22007486	-0.0701223990499962	0.199915848548196	0.725768723429187
chr21:24026351:C:T	21	24026351	0.405352254794389	0.160061850980145	0.0113261215543072
chr21:26647335:G:C	21	26647335	-0.428847028302006	0.157895336143998	0.00660717528309562
chr21:28043199:C:G	21	28043199	-0.0405482918546062	0.117120163115909	0.72918412887474
chr21:29538421:G:A	21	29538421	0.240631101337415	0.185619249986267	0.194848275889759
chr21:31885030:A:G	21	31885030	0.0233770483169773	0.108677019238074	0.829684895479646
chr21:35502622:A:T	21	35502622	0.0209039257480547	0.121112484057026	0.862966429558635
chr21:36306638:T:G	21	36306638	-0.210779883919481	0.113486421621931	0.0632665385705034
chr21:41442549:G:A	21	41442549	-0.0885973721728588	0.111433054425928	0.426571251922863
chr21:42627184:G:A	21	42627184	-0.19097053600133	0.203791672728553	0.348713785758541
chr22:20147688:T:C	22	20147688	-0.101684381731857	0.136531564508394	0.456411799215403
chr22:23891985:A:G	22	23891985	0.410481998877647	0.128223133048376	0.00136804261020607
chr22:24245985:G:T	22	24245985	-0.0417379863608756	0.13181556439004	0.75151732156001
chr22:28624303:G:A	22	28624303	0.318062659142717	0.165494547937442	0.0546193399852286
chr22:30376697:C:T	22	30376697	0.168513574927407	0.201641657582629	0.403319113925042
chr22:30662128:G:A	22	30662128	-0.0541695897073469	0.141701657026404	0.702254314609905
chr22:36298345:C:A	22	36298345	0.296297911252158	0.197601421278069	0.133751079189373
chr22:36977479:G:A	22	36977479	-0.109217693499081	0.166055763741084	0.510720016879332
chr22:42350572:C:T	22	42350572	-0.0511463825689844	0.173039141420182	0.767553174675577
chr22:42475109:T:G	22	42475109	-0.157075993534091	0.112723543425384	0.163480076749785
chr22:44719519:A:G	22	44719519	-0.184557909218776	0.141023015884028	0.190633376549793
chr22:44805054:T:C	22	44805054	-0.109641108158053	0.201836209190472	0.586979556865145
chr22:45210278:T:C	22	45210278	-0.0327084668375057	0.106485239042709	0.758718296388694
chr22:47062473:C:T	22	47062473	0.0945199986573719	0.231360364202378	0.682877157715313
chr22:48785864:A:G	22	48785864	-0.0337902357861432	0.305407403664481	0.911901928968706
chr22:49668266:A:G	22	49668266	-0.0711964499458753	0.127752276010682	0.577321906089304
chr22:49926053:G:A	22	49926053	-0.0304653864063977	0.183738512972428	0.868307745872678
