SNP	CHR	POS	est	stderr	pval
chr1:1837340:C:T	1	1837340	-0.304397594064556	0.277876898121431	0.273323721457971
chr1:2261200:G:C	1	2261200	-0.000938801723622154	0.195356484259604	0.996165714587285
chr1:14678191:A:C	1	14678191	0.318347952184256	0.167883383644006	0.0579277140327463
chr1:14985097:C:T	1	14985097	-0.429518366848654	0.274463172025908	0.117597003779312
chr1:15065941:C:T	1	15065941	-0.146902035677953	0.38699175098872	0.704242424118015
chr1:20215506:G:C	1	20215506	-0.225148683194042	0.187384732543408	0.229545044480687
chr1:20533654:G:C	1	20533654	0.308575205326476	0.165408782426747	0.0621070161708824
chr1:22009627:T:C	1	22009627	-0.16832378127474	0.253223183168551	0.506226398512632
chr1:22126221:C:T	1	22126221	0.0810789548472425	0.162341912940292	0.617474175486503
chr1:23180575:A:G	1	23180575	0.103632929825473	0.125921829757949	0.410511317542833
chr1:26058659:G:C	1	26058659	-0.359381918497243	0.210110069959776	0.0871834399377864
chr1:26181362:A:G	1	26181362	-0.0588838624338888	0.163458191601962	0.718669112131446
chr1:26848285:C:T	1	26848285	0.416501637387344	0.25653978212609	0.104474819442905
chr1:28670719:C:T	1	28670719	0.127284238414946	0.142299832868399	0.371065562233004
chr1:29753056:A:C	1	29753056	-0.0314663963194675	0.139614860568136	0.821683674431016
chr1:29908726:A:G	1	29908726	0.102439275681787	0.1679444662503	0.541888821596037
chr1:31886486:G:T	1	31886486	-0.33595360811214	0.232229443148902	0.147996321237512
chr1:37838865:C:T	1	37838865	0.0337111386256792	0.285129828980702	0.905884756104033
chr1:39880059:T:C	1	39880059	0.16128008696699	0.135307003001988	0.233278229161987
chr1:41175014:G:A	1	41175014	-0.0640469906992707	0.275337022547926	0.81606187560394
chr1:41597921:C:T	1	41597921	0.00143652845080273	0.386274933938045	0.997032732053474
chr1:42635725:A:G	1	42635725	-0.076102657425275	0.346425065371169	0.826120383980853
chr1:43202709:G:A	1	43202709	0.281140497928909	0.191567363520724	0.142218249489587
chr1:47498869:G:A	1	47498869	0.254790488466472	0.162892751342196	0.117779764031853
chr1:51034150:G:A	1	51034150	0.0157915243005648	0.170558213087958	0.926231434199522
chr1:54900240:G:A	1	54900240	-0.336203100345552	0.18849447250448	0.0744849251431149
chr1:55459433:C:T	1	55459433	-0.256830408863102	0.353272297585186	0.46722344394402
chr1:56563907:C:T	1	56563907	0.0750928906093651	0.171740015007718	0.661931871779772
chr1:65351414:T:A	1	65351414	-0.126417923811007	0.188198046717168	0.501756783676838
chr1:66254178:T:A	1	66254178	-0.382568721061857	0.34409988344537	0.266226063266698
chr1:73302339:T:C	1	73302339	0.0533681021664534	0.146335147430687	0.715337022259658
chr1:73563666:T:C	1	73563666	0.315157124009313	0.166691373114322	0.0586694147155725
chr1:76062379:T:C	1	76062379	0.118329584403145	0.14559996732849	0.416388147488441
chr1:86928231:G:T	1	86928231	-0.192966275986919	0.176847913502313	0.27521018060894
chr1:88611347:G:A	1	88611347	-0.010809561091043	0.153630782696897	0.943906613656727
chr1:91057167:C:A	1	91057167	0.520209728023868	0.170578727627375	0.00229088914044917
chr1:91093925:G:A	1	91093925	0.381965318588378	0.156477673028575	0.0146457946051961
chr1:92475800:A:G	1	92475800	0.100099642067663	0.138316578412876	0.469250224963056
chr1:94752415:G:A	1	94752415	0.323049697450993	0.135033299047684	0.0167399288719694
chr1:95614324:G:A	1	95614324	-0.186501442195352	0.273639055600381	0.495517197918804
chr1:99691102:T:C	1	99691102	0.0770934851913474	0.166929821295709	0.644202007512237
chr1:104937367:T:A	1	104937367	-0.353232786892008	0.308594193204447	0.252353575524399
chr1:115841221:A:T	1	115841221	0.112298946458528	0.255149833629253	0.659843380191112
chr1:153704237:C:A	1	153704237	0.174701707475676	0.179908820383465	0.331519927961432
chr1:155857667:G:T	1	155857667	-0.259622698501686	0.618475356298077	0.674647223978782
chr1:157334223:T:C	1	157334223	-0.233520743678983	0.258300279567795	0.365959906592661
chr1:159540226:C:T	1	159540226	-0.0410518705654745	0.20658926979731	0.842487644333082
chr1:165647351:T:C	1	165647351	-0.214765100479034	0.20021594543876	0.283420410612481
chr1:167545338:A:T	1	167545338	-0.0519247047823355	0.262512939107828	0.843202602987916
chr1:168863629:G:A	1	168863629	0.0664893070379593	0.217420763135486	0.759749792281074
chr1:171350391:G:A	1	171350391	-0.30983085923836	0.192297081377098	0.107134096340548
chr1:173013575:C:G	1	173013575	-0.395104495171688	0.212548522431889	0.0630426168983342
chr1:178947344:C:A	1	178947344	-0.167178295397063	0.222995046916133	0.453438355573408
chr1:182872646:T:G	1	182872646	-0.158355997772988	0.189192890323334	0.402587967182719
chr1:185127444:C:G	1	185127444	-0.136495393191694	0.250776646391672	0.58624145446966
chr1:185619557:C:T	1	185619557	0.458064295979154	0.238226453968633	0.054503869342945
chr1:186638909:G:T	1	186638909	0.0115729678486207	0.173524338975266	0.946825606514173
chr1:188272062:T:C	1	188272062	0.052365025475133	0.159951484295543	0.743379978249043
chr1:193365737:C:T	1	193365737	0.0389454707050507	0.187711367844646	0.835638687605409
chr1:193791070:G:T	1	193791070	-0.42623951641593	0.32446682764471	0.188960207996234
chr1:195033388:T:C	1	195033388	0.26547248302078	0.153057315768873	0.0828356965868463
chr1:195907914:A:G	1	195907914	0.16950991491181	0.159497021914446	0.287882670030893
chr1:196692375:G:C	1	196692375	0.225657676753742	0.147953645321609	0.127211281902082
chr1:197559019:A:G	1	197559019	0.0409968980894129	0.15437690882884	0.790575270181429
chr1:199160726:G:A	1	199160726	-0.351720793124518	0.276736023213368	0.203742394453044
chr1:204277152:T:C	1	204277152	-0.230057781016548	0.29572863158082	0.436607078298873
chr1:207498131:C:T	1	207498131	-0.0980630926409697	0.229999398586057	0.66984380438632
chr1:208744577:C:T	1	208744577	-0.122023884589629	0.326970418242499	0.709002954531705
chr1:210496535:G:A	1	210496535	0.0929569923193096	0.201743342300715	0.644964649953024
chr1:212937214:T:G	1	212937214	-0.0181725119227206	0.172781447877303	0.916235923029453
chr1:219750864:A:G	1	219750864	-0.173205249879826	0.184834487712411	0.348715883031356
chr1:221920463:G:A	1	221920463	0.356888209543079	0.203345674318738	0.0792453863746879
chr1:227462684:A:G	1	227462684	-0.130683957472718	0.339955021421457	0.700670562216962
chr1:234456961:G:A	1	234456961	0.354479303708885	0.202748941678725	0.0804007161621362
chr1:237308322:A:G	1	237308322	-0.0594626978584494	0.166268936170096	0.720620502587139
chr1:239000642:T:C	1	239000642	-0.586064366342759	0.535934704734613	0.274158144404367
chr1:242239801:C:T	1	242239801	0.111193943874745	0.222035401502914	0.616516276698201
chr1:244583991:C:T	1	244583991	-0.150149752165899	0.18723201426887	0.422584852848415
chr1:246213578:G:A	1	246213578	-0.604833152310441	0.418645787195973	0.148531710020259
chr1:247190028:T:C	1	247190028	-0.00647198755272891	0.193148603552379	0.973269634370254
chr1:247897239:C:T	1	247897239	0.0112639956932034	0.221224135937988	0.959391924277992
chr2:3248328:A:G	2	3248328	-0.134287680650347	0.19926933530238	0.500374650943648
chr2:4505759:T:G	2	4505759	-0.258145121321865	0.308547496097563	0.402791411553207
chr2:6804400:G:A	2	6804400	0.0638450871143611	0.155488975127588	0.681359666422223
chr2:9411790:A:C	2	9411790	-0.0325943283421575	0.259501883308366	0.900045842506636
chr2:12096367:C:T	2	12096367	0.15578762787584	0.197857337383342	0.43106324411788
chr2:13545005:C:T	2	13545005	0.0362209120209945	0.172244358023516	0.833442943735241
chr2:16009716:A:G	2	16009716	-0.211551614290529	0.167749671374821	0.207267443942073
chr2:16367899:A:T	2	16367899	0.323008647227538	0.175775120494494	0.0661177734106106
chr2:17630111:A:C	2	17630111	0.242399863572209	0.170344835384947	0.154737579951423
chr2:17928966:C:G	2	17928966	0.0380967914806841	0.167310922712334	0.819879033874142
chr2:18261494:A:T	2	18261494	-0.355653734161823	0.146174305677929	0.0149710055970674
chr2:19530615:T:C	2	19530615	0.012323437148794	0.128235877754807	0.92344134146531
chr2:19562158:T:C	2	19562158	-0.0283051339061415	0.20889276974502	0.892215945061258
chr2:27383116:G:A	2	27383116	0.266359624215731	0.150321027702869	0.0764047579268327
chr2:37762298:C:T	2	37762298	0.0658161737395561	0.180097574005168	0.714777532258253
chr2:42010994:T:A	2	42010994	-0.21230644236427	0.31659526264786	0.502480093839955
chr2:45824390:C:G	2	45824390	-0.0124018462999146	0.184038230821575	0.946273349803198
chr2:46742820:T:C	2	46742820	-0.0388649888341917	0.307519300938328	0.899429332209267
chr2:49789441:T:C	2	49789441	0.0434179422122623	0.207685520211153	0.834404379420005
chr2:49994518:G:A	2	49994518	0.153524699902468	0.114287135124571	0.179166947000311
chr2:51284042:G:A	2	51284042	0.246930559120171	0.205721286471472	0.230016624107092
chr2:51344078:G:A	2	51344078	0.141580992149741	0.197625388888176	0.473737636970623
chr2:57278002:C:A	2	57278002	-0.219394032809946	0.271193462759183	0.418518282320771
chr2:57368273:A:G	2	57368273	-0.208904993680577	0.206206034387201	0.311017817529666
chr2:60075157:T:C	2	60075157	-0.525807490527455	0.354400178748558	0.137900550097827
chr2:60373837:A:G	2	60373837	0.092551602398221	0.171930061540405	0.590363325833626
chr2:61147014:T:C	2	61147014	0.277095180628478	0.162192960362466	0.0875567431638793
chr2:61693274:A:G	2	61693274	-0.143964756879883	0.185643313415185	0.438049460272371
chr2:65295480:C:T	2	65295480	0.0926170471881243	0.140340025120651	0.509287527668747
chr2:66031496:T:C	2	66031496	0.000861970866944872	0.138530139776035	0.995035385008421
chr2:69165635:T:C	2	69165635	0.183723324440742	0.232999236321233	0.430395699752142
chr2:71204755:G:A	2	71204755	0.275670126061485	0.198841676976064	0.165630897230149
chr2:72022684:A:G	2	72022684	-0.0446883069020809	0.292157799472691	0.878430224564023
chr2:76651386:C:A	2	76651386	-0.0105166608056967	0.178283636340498	0.952961372716219
chr2:79784490:C:G	2	79784490	0.285831920869846	0.174991972835105	0.102384858081107
chr2:82619301:T:C	2	82619301	0.0124079323693383	0.248670270489605	0.960204365809002
chr2:83181917:T:C	2	83181917	0.151653108773731	0.216660873925266	0.483954696438938
chr2:83400799:T:A	2	83400799	-0.434150226854431	0.355035258480525	0.221391292509189
chr2:85744328:G:A	2	85744328	-0.276653106067157	0.243447570452511	0.255790420972865
chr2:85757440:T:A	2	85757440	0.0220857397787492	0.199918543626927	0.912033712232395
chr2:99811694:T:C	2	99811694	0.0755782032412896	0.16547064191516	0.647852974151122
chr2:101228073:A:C	2	101228073	0.181807582558405	0.153866311637334	0.237366649839437
chr2:106861882:T:C	2	106861882	0.0226443156154944	0.190164641990191	0.905214016875301
chr2:108083619:T:C	2	108083619	0.153329844606233	0.154003601220928	0.319432354309304
chr2:114129906:T:C	2	114129906	0.421961638979008	0.251598717417878	0.0935187093114331
chr2:118004610:C:T	2	118004610	0.457517126712244	0.188081498024333	0.0149930360710516
chr2:119455921:A:G	2	119455921	0.175328524909836	0.158097054461987	0.267433206695331
chr2:120644763:G:A	2	120644763	0.0346330409802647	0.15633151829433	0.824675199841324
chr2:120916837:A:G	2	120916837	-0.149226690764504	0.232714775411043	0.521364899795253
chr2:122628686:C:A	2	122628686	-0.0114061083821378	0.246371345235793	0.963074002036445
chr2:122629789:A:C	2	122629789	-0.189800064944617	0.255169729886808	0.456986051186789
chr2:126391403:A:G	2	126391403	-0.433534120288734	0.32185845026793	0.177989451049181
chr2:127192867:G:A	2	127192867	0.169371000776694	0.148094266491216	0.25276043248761
chr2:130915743:C:T	2	130915743	0.154441111469175	0.17209010295525	0.369482411234098
chr2:136107122:C:T	2	136107122	-0.0829330876973467	0.265686795293857	0.754929519337537
chr2:136507185:G:C	2	136507185	-0.272015342838738	0.146719843761649	0.0637423266794803
chr2:141023592:C:T	2	141023592	-0.121736795958942	0.219913942188193	0.579876165872158
chr2:143017176:T:C	2	143017176	-0.23572010369405	0.298124853627418	0.429133208134568
chr2:143920023:G:T	2	143920023	0.0114320621046211	0.170656017745537	0.946590524951679
chr2:144729333:C:T	2	144729333	0.0170351221330954	0.123220142457718	0.890043241418802
chr2:148561010:G:C	2	148561010	0.0375584372613106	0.181161703936755	0.83575998673934
chr2:154835349:G:T	2	154835349	-0.212264722349125	0.247749480147427	0.391571115493948
chr2:164974626:C:A	2	164974626	0.300547523072665	0.215913305984181	0.163927725910347
chr2:167086954:T:G	2	167086954	0.186398150787042	0.167568416308468	0.265978914423306
chr2:167199229:C:T	2	167199229	0.439058505120976	0.259528675747217	0.0906930127170629
chr2:167657344:C:T	2	167657344	0.115211484093113	0.171194932351876	0.500957344656396
chr2:167884398:C:T	2	167884398	0.131506316179692	0.148372867118841	0.37544338428365
chr2:168647356:T:G	2	168647356	-0.00512216549194275	0.122466293753601	0.966638122296948
chr2:170041677:A:G	2	170041677	0.00983620499978175	0.286615140820494	0.97262316353961
chr2:171274449:C:A	2	171274449	-0.282916025670269	0.192970915751298	0.142619117428096
chr2:177787584:G:A	2	177787584	0.0884601154745651	0.158439217301772	0.576624461009675
chr2:179648558:C:T	2	179648558	-0.340105278288197	0.482770554713344	0.481129931866028
chr2:180833197:G:A	2	180833197	0.102110060742387	0.223307250578485	0.6474822864997
chr2:183527028:C:T	2	183527028	0.0160700756986301	0.163059797436063	0.921492977100666
chr2:184516924:T:A	2	184516924	-0.114115782188835	0.128165565377215	0.373263024930845
chr2:191922008:C:T	2	191922008	0.4432129023583	0.211332310673466	0.035973035618464
chr2:195817951:G:C	2	195817951	-0.435122884914259	0.478997200291361	0.363664910001779
chr2:197010424:G:A	2	197010424	-0.0880651785963193	0.220845987083689	0.690067941589036
chr2:209101337:G:A	2	209101337	0.0251142977418598	0.117306979809469	0.830476565182803
chr2:209103516:A:G	2	209103516	-0.0368293579661819	0.187920915274456	0.84462325030545
chr2:210957182:G:A	2	210957182	0.116915176428609	0.174254170229532	0.502254792016351
chr2:214802180:T:C	2	214802180	-0.141175096143398	0.157057623361427	0.36871950014369
chr2:215209936:A:G	2	215209936	-0.153692168993605	0.154387300038399	0.319494366583836
chr2:215367000:G:A	2	215367000	-0.14857386854515	0.220672588065949	0.500770821564761
chr2:220997842:C:T	2	220997842	0.184750715575459	0.175091733410595	0.291349746438217
chr2:226027918:G:A	2	226027918	0.171285206821736	0.185282853904323	0.355250745236108
chr2:228947684:G:A	2	228947684	0.160466440778537	0.139518565809301	0.250084568238735
chr2:233152507:T:C	2	233152507	-0.187293424418128	0.150543386716659	0.213456901761457
chr2:235620294:A:T	2	235620294	-0.0980878881318851	0.184854465571597	0.595680590140133
chr2:237288548:A:G	2	237288548	0.134426610263646	0.187069041105546	0.472391375766676
chr2:237513585:T:C	2	237513585	-0.177287642949832	0.249304978282618	0.477005187901775
chr2:237920759:T:G	2	237920759	0.151531995113774	0.195775002326816	0.438924317165201
chr2:240429648:C:T	2	240429648	-0.139832374966494	0.182865890503606	0.444467050318849
chr3:9841346:T:C	3	9841346	0.23854059182911	0.190699087838595	0.210980334335034
chr3:10127208:T:G	3	10127208	-0.154269730740053	0.217400748923425	0.477946058635146
chr3:14082905:A:G	3	14082905	0.066616448691252	0.215000103376391	0.756679743144691
chr3:16798495:T:G	3	16798495	-0.00390045145279547	0.173289609732568	0.982042505367255
chr3:18882818:T:C	3	18882818	-0.147127655816869	0.181114898030755	0.416594095197141
chr3:20179943:G:A	3	20179943	0.210376512668561	0.198776951832616	0.28989378326496
chr3:22245167:A:G	3	22245167	0.115954097724127	0.107239608760984	0.279580652560961
chr3:24009496:G:A	3	24009496	-0.102885407662531	0.163650362813345	0.529551781822911
chr3:24010534:C:T	3	24010534	0.0226283103141411	0.147252795422447	0.877870083589765
chr3:33111016:C:A	3	33111016	0.0657226180950172	0.223726101325684	0.768938438172894
chr3:33421913:A:G	3	33421913	-0.0684741731406259	0.0974198200749759	0.482132263324136
chr3:34471110:A:G	3	34471110	0.370173652616851	0.145978928048958	0.0112190157944646
chr3:34498029:C:T	3	34498029	0.362186030599304	0.219405717702542	0.0987877322939257
chr3:35230331:G:A	3	35230331	0.113923182792752	0.212442784862699	0.591783376467539
chr3:41413926:T:C	3	41413926	-0.0339817005658329	0.112776271439946	0.763170799337378
chr3:42098050:T:C	3	42098050	-0.211742541447804	0.239106077631894	0.375855207781361
chr3:46489654:A:G	3	46489654	-0.238730283244682	0.183234686545854	0.192620438599654
chr3:56959175:A:G	3	56959175	0.0977788436191757	0.245843042354244	0.690830149517194
chr3:64441608:G:A	3	64441608	0.0365305795768371	0.175066925113415	0.834708695909153
chr3:66150510:T:A	3	66150510	-0.0778325265288236	0.1495193350446	0.60267918523342
chr3:66995763:G:T	3	66995763	0.209631142766269	0.157311691467928	0.182668150585706
chr3:68498445:T:C	3	68498445	0.0920048097549714	0.146046479521365	0.528714619841349
chr3:68824246:G:A	3	68824246	-0.231155528072106	0.181403901115023	0.202571691658107
chr3:69021248:A:C	3	69021248	0.0179816157543885	0.144741750073679	0.901131265280813
chr3:69617754:T:G	3	69617754	0.0342144717352681	0.117942664773485	0.771744245799584
chr3:74191731:G:A	3	74191731	0.0568294163406569	0.180620486217854	0.753039265559357
chr3:74732240:G:A	3	74732240	0.0246824386443059	0.168563019740948	0.883583090192476
chr3:75709324:A:T	3	75709324	-0.221818269744026	0.144538639844761	0.12486634470633
chr3:84465702:T:C	3	84465702	-0.0170534979601075	0.156253734486314	0.913091624694982
chr3:84817748:G:A	3	84817748	0.244230781437838	0.196203149808687	0.213210709626327
chr3:85705423:A:G	3	85705423	0.0980283203163929	0.128475950968082	0.445457966044294
chr3:88069353:C:T	3	88069353	-0.0566809789084865	0.14548100511414	0.696824323508421
chr3:93986190:G:A	3	93986190	0.494012613658506	0.181451823717982	0.00647792023403149
chr3:101022648:G:A	3	101022648	-0.0767690534548215	0.174293772144278	0.659605561624152
chr3:105622159:T:C	3	105622159	0.43367934414286	0.209980373060438	0.0388915255909058
chr3:106664728:C:T	3	106664728	-0.42798584728227	0.229976824841244	0.0627448053307469
chr3:110774699:C:T	3	110774699	-0.260817387676331	0.162084174317284	0.107584033874187
chr3:113428518:G:A	3	113428518	0.362228324865151	0.150043994645333	0.0157720788223579
chr3:121058963:T:G	3	121058963	-0.172876582807464	0.247398047416413	0.484690097140849
chr3:122312606:G:A	3	122312606	0.23488023864356	0.207004262122633	0.256516218473905
chr3:124193435:A:C	3	124193435	-0.123781426753634	0.113655113360052	0.276111175726995
chr3:124804582:A:T	3	124804582	0.0644029479198513	0.136942963192619	0.638147623160757
chr3:126773646:G:T	3	126773646	-0.0950352767480426	0.154221054181351	0.53774428641316
chr3:131110446:C:G	3	131110446	-0.179484945490994	0.230584501732092	0.436338428894177
chr3:131209978:G:T	3	131209978	0.209696989380404	0.166041146283759	0.20661727151695
chr3:133982842:C:T	3	133982842	0.156060166693974	0.130836164785923	0.232951334933167
chr3:134929007:C:T	3	134929007	-0.742629470273905	0.473959093442525	0.117146469515191
chr3:137777496:C:T	3	137777496	0.047113150842627	0.209111376011194	0.821744568561429
chr3:146265901:G:T	3	146265901	0.0127541134929852	0.155454155117954	0.934611556695822
chr3:148006706:G:A	3	148006706	0.179401251594042	0.19901479558293	0.367350805173031
chr3:149679065:C:A	3	149679065	-0.19245838557373	0.118362228179997	0.103947134599628
chr3:150888061:C:A	3	150888061	0.3323953255856	0.19606880036718	0.0900186328155748
chr3:152663712:G:C	3	152663712	0.169292613121302	0.161236945461834	0.293735734164653
chr3:159417151:A:G	3	159417151	-0.144303804976408	0.137071652168064	0.292450157598457
chr3:164899350:G:A	3	164899350	0.0679681384077716	0.235776872063773	0.77313766875118
chr3:168053836:T:C	3	168053836	0.0429019348332669	0.168458463682447	0.798975155749137
chr3:171028381:G:A	3	171028381	-0.355474940134278	0.340402096414633	0.296356082224949
chr3:174497130:T:C	3	174497130	-0.202756812036732	0.21911719653986	0.354791675919729
chr3:176663180:T:G	3	176663180	0.0233790439454314	0.23403494658599	0.920427268815759
chr3:196706550:C:T	3	196706550	0.0610663407039942	0.16525391897026	0.711732445561168
chr4:332191:G:A	4	332191	-0.121625524264182	0.218244294916459	0.577328802519743
chr4:8816874:T:C	4	8816874	0.0889875868129755	0.119258600782904	0.455562719047445
chr4:9851274:C:G	4	9851274	0.0033264857607623	0.109045910930543	0.975664011460242
chr4:10725805:A:G	4	10725805	-0.129727801214747	0.205815405301421	0.528490850043424
chr4:13219910:C:T	4	13219910	0.167464862992881	0.221636115555117	0.449898218193686
chr4:18747099:A:G	4	18747099	0.0146284128193121	0.133076538356478	0.912469008475213
chr4:20840555:C:T	4	20840555	-0.0602127345342888	0.154488192890513	0.696716817825637
chr4:21137718:C:T	4	21137718	0.150396918406163	0.147302146188884	0.307249848482695
chr4:26851610:T:C	4	26851610	-0.170058400583886	0.237316521035776	0.4736277543727
chr4:32302160:A:T	4	32302160	-0.0808231325021464	0.204899459404987	0.693246887076772
chr4:34501888:A:G	4	34501888	0.410867241042319	0.198021474539311	0.0379993225235551
chr4:40603484:A:G	4	40603484	0.0216353619465852	0.186034862492554	0.907416883920132
chr4:41002348:C:T	4	41002348	0.0393247556581553	0.2973001133383	0.894768421733907
chr4:44018406:T:G	4	44018406	0.0790470243021964	0.209635839971802	0.706122867824043
chr4:44680448:T:C	4	44680448	-0.225123145423623	0.157841648931226	0.153793461125597
chr4:55337032:C:T	4	55337032	-0.0902454484116352	0.139569521648999	0.517891805572162
chr4:55659669:G:A	4	55659669	-0.308645007558074	0.195167595581523	0.113778444959203
chr4:56719096:C:T	4	56719096	0.139186265430746	0.16654540880723	0.403309277428646
chr4:58944563:C:T	4	58944563	0.389003089375956	0.238084488521516	0.1022826339925
chr4:61158247:C:G	4	61158247	0.110402260040214	0.153023765683359	0.470619572792683
chr4:64485722:G:A	4	64485722	0.0668480415256677	0.263455356346905	0.799699715827364
chr4:67708732:C:T	4	67708732	0.0407507622499943	0.146225865507336	0.780487588316231
chr4:67911021:C:T	4	67911021	0.0589694191781393	0.172682888002971	0.732734994376698
chr4:90022599:G:T	4	90022599	0.0994952819816091	0.180764919487722	0.582036436276892
chr4:95020597:A:T	4	95020597	0.0600949398996203	0.156931425000619	0.701766047501584
chr4:95433170:T:C	4	95433170	-0.11530613531597	0.21814166964551	0.597094255937657
chr4:97398054:G:A	4	97398054	-0.192840189975133	0.164902938394426	0.242235931340445
chr4:98823404:T:C	4	98823404	-0.265525308859411	0.18329764631223	0.147448805317879
chr4:99262681:C:G	4	99262681	0.0147345522577416	0.159895331906731	0.926577882185445
chr4:99355957:G:T	4	99355957	0.109489261827006	0.132773031483453	0.409578959921672
chr4:101085120:T:C	4	101085120	-0.170003825069171	0.138225797348132	0.218734779365029
chr4:102399971:C:T	4	102399971	0.0794385992064731	0.165096442166517	0.630399364812609
chr4:102884286:T:C	4	102884286	0.049338982998458	0.169472731939072	0.770950152110937
chr4:105992845:C:T	4	105992845	0.114260741532636	0.203505162661841	0.574481536867552
chr4:108791253:G:A	4	108791253	-0.0820951263997974	0.148059814699107	0.579255378604929
chr4:110191180:A:G	4	110191180	0.11724691677613	0.205008879423239	0.567381995350075
chr4:110957298:T:A	4	110957298	-0.154636503113886	0.220892412723763	0.48389390389987
chr4:113348012:C:T	4	113348012	-0.255695376096494	0.195907318647294	0.191829717404381
chr4:115515844:A:G	4	115515844	-0.175211778125137	0.373404192571617	0.638906528684871
chr4:115522695:G:A	4	115522695	-0.0952576046401308	0.162577804295329	0.557929203975774
chr4:120770744:A:C	4	120770744	-0.0730517967779393	0.120270304026408	0.543587617254837
chr4:123964831:A:G	4	123964831	-0.350077572617722	0.15495010477792	0.0238652109775306
chr4:125256344:T:C	4	125256344	0.0442485569877222	0.190725013047099	0.816536572351405
chr4:126268710:T:G	4	126268710	0.1135788993493	0.191530877969882	0.553177348133669
chr4:134094420:T:C	4	134094420	-0.10928046425629	0.285258559970391	0.70165105204213
chr4:134350906:C:T	4	134350906	-0.185044878924918	0.122393131237579	0.130561998645382
chr4:138952375:G:A	4	138952375	0.143613694393533	0.152818240354051	0.347336568637258
chr4:141012527:T:G	4	141012527	0.0444536378359333	0.165544001033229	0.788290887317243
chr4:141618953:G:A	4	141618953	-0.375809912437658	0.251515561485816	0.135128172602166
chr4:143626434:A:G	4	143626434	0.109623438304895	0.223281712031484	0.623451416123094
chr4:149616644:T:G	4	149616644	0.102172474655528	0.168917306112284	0.545267487588063
chr4:154030957:C:G	4	154030957	0.414981225634981	0.161034654916096	0.00996710466199369
chr4:168588553:A:C	4	168588553	-0.0720817297372167	0.26031651738867	0.781856638700592
chr4:171334248:A:T	4	171334248	-1.02344640964809	0.589960752914408	0.0827814935528624
chr4:171974219:A:G	4	171974219	0.237593964814352	0.122288685960783	0.0520289565680782
chr4:176312841:C:T	4	176312841	-0.0154086111202051	0.151819089465913	0.919158924404246
chr4:179329624:T:G	4	179329624	0.0463489777676865	0.13159442025974	0.724680168156978
chr4:183032183:A:G	4	183032183	0.260149931780591	0.14524202564691	0.073269583514517
chr4:184991673:A:G	4	184991673	0.0286189428704097	0.146696407198745	0.845322806986301
chr4:189912372:C:T	4	189912372	0.13345688259404	0.17247281564093	0.439057927405008
chr5:79496:A:G	5	79496	0.130881428093722	0.166528627316685	0.431902924928479
chr5:5313703:A:G	5	5313703	0.179927482919994	0.178400325312516	0.313185562223633
chr5:7364955:T:A	5	7364955	-0.52297979393668	0.335707789816397	0.119270636950203
chr5:8067079:G:C	5	8067079	-0.466521494497801	0.187489305246896	0.0128371087431804
chr5:13911296:G:T	5	13911296	-0.0550098120859695	0.204765550839887	0.788200734920089
chr5:15621966:C:G	5	15621966	-0.096548943465743	0.116663124678569	0.40790415085244
chr5:15997511:T:A	5	15997511	0.0656012816941597	0.168180269168437	0.696488285082999
chr5:17902851:T:C	5	17902851	0.00825304022707041	0.169961768172228	0.961271369570295
chr5:20719353:A:C	5	20719353	0.0179728904302532	0.26910041968191	0.94674985069199
chr5:20732163:G:T	5	20732163	-0.00729771826163848	0.188888172596991	0.969181297056795
chr5:21913130:A:C	5	21913130	-0.0809439699410225	0.148131425858319	0.584768004164028
chr5:23682774:A:T	5	23682774	-0.0135839149433315	0.423250989119734	0.974396904173606
chr5:23787194:A:C	5	23787194	-0.169148899593388	0.147781012512286	0.25237839028383
chr5:23895775:T:G	5	23895775	-0.18340049880939	0.179432999119871	0.306728218084011
chr5:25693600:A:G	5	25693600	0.109169916158483	0.191841421404931	0.569313169619323
chr5:33466391:T:A	5	33466391	-0.374889005651434	0.159243198005679	0.0185630380573255
chr5:33624899:A:G	5	33624899	-0.406041418645356	0.303726708265265	0.18126690849421
chr5:39550509:T:G	5	39550509	-0.214343341109573	0.134098250910343	0.109952828867707
chr5:39634108:G:A	5	39634108	0.0735673789119563	0.164297337390449	0.654319371625089
chr5:39978357:G:A	5	39978357	0.129989914694603	0.0976734767882004	0.183234436186874
chr5:40238036:C:A	5	40238036	-0.189848659924179	0.344230868051772	0.581280343013842
chr5:44011742:G:T	5	44011742	-0.378361537222372	0.292321294696075	0.195549904084227
chr5:50222627:G:A	5	50222627	0.285988452617787	0.187727639384062	0.127653112434061
chr5:54814079:C:T	5	54814079	-0.110036285415645	0.233969520474314	0.638139415343807
chr5:66989845:C:A	5	66989845	0.155751867533993	0.168341949176518	0.354856025604643
chr5:66992139:G:A	5	66992139	-0.0121970727641646	0.1982676228306	0.950946498304124
chr5:73076502:T:C	5	73076502	0.204891756159879	0.130431783224272	0.116212169902287
chr5:76998986:C:A	5	76998986	0.0116936656090594	0.112005664488302	0.916849979747227
chr5:77675144:G:C	5	77675144	0.0811014685281772	0.244148199726596	0.739752356609763
chr5:80530472:T:A	5	80530472	-0.715659570747353	0.518609358174917	0.167599316771844
chr5:81710558:G:T	5	81710558	0.188868485472627	0.178979661426392	0.291310496853869
chr5:82792281:C:G	5	82792281	-0.56081849072279	0.306196759746906	0.067016633953118
chr5:84879932:A:G	5	84879932	0.0488194708201088	0.127900195874016	0.702684096965485
chr5:85476293:A:G	5	85476293	-0.0816823411146507	0.196059423654222	0.676956139184733
chr5:85809583:T:C	5	85809583	0.00769709896844529	0.149064504900079	0.958818711322211
chr5:92192959:A:T	5	92192959	0.324271094526648	0.144202661848818	0.0245304550797808
chr5:94648523:C:G	5	94648523	-0.109012401908675	0.160609730122644	0.497302010299116
chr5:98024666:G:A	5	98024666	-0.570891021139641	0.313850652722889	0.0689130420925333
chr5:101328324:T:C	5	101328324	-0.202441979853734	0.344451428646608	0.556718326853877
chr5:101825779:A:C	5	101825779	0.0373587938149317	0.144497342435267	0.795987774464948
chr5:106773905:G:A	5	106773905	-0.0684917652737784	0.203869576180327	0.736901983028978
chr5:110045491:C:T	5	110045491	-0.195224145335201	0.26669076829634	0.464153684947846
chr5:114915760:G:T	5	114915760	-0.323162184586816	0.220196771384616	0.142211176396574
chr5:115102683:A:G	5	115102683	-0.1870101202493	0.252168915277335	0.45832575152828
chr5:117238479:G:A	5	117238479	-0.476518698742228	0.293270275774066	0.104195620737864
chr5:121740415:G:T	5	121740415	-0.170196234824647	0.198536736705104	0.391305016978465
chr5:137227416:A:T	5	137227416	0.254927060081499	0.217227730969151	0.24057632132215
chr5:137406489:C:T	5	137406489	-0.104812075558292	0.228926778873593	0.647066645368162
chr5:140638650:G:A	5	140638650	-0.458073363904799	0.200828400398336	0.0225532257749878
chr5:142682003:T:C	5	142682003	-0.179914386176011	0.159704650834747	0.259935141931836
chr5:144183699:A:G	5	144183699	-0.0807591969613212	0.163904462468706	0.622209623874111
chr5:145690757:G:T	5	145690757	-0.243392546893413	0.215563013701954	0.258854970144883
chr5:147282093:C:T	5	147282093	0.0164141124938597	0.177191412976431	0.926193600290931
chr5:148033208:G:T	5	148033208	0.24044929624153	0.251049868418378	0.338176211031953
chr5:151763317:T:C	5	151763317	0.273021749612456	0.142222220445085	0.0548978010668637
chr5:153541577:C:T	5	153541577	0.0875087542910895	0.199140083206271	0.660347709958046
chr5:160435085:T:G	5	160435085	-0.373919776810564	0.474816154330734	0.430986695516986
chr5:164252995:G:C	5	164252995	0.0851567317596679	0.169880012274413	0.616177064495815
chr5:168245100:T:C	5	168245100	-0.199475891865182	0.171975357082613	0.246085556390033
chr5:169455657:C:T	5	169455657	0.270325909158415	0.191863714574191	0.158850680026681
chr5:169808985:G:C	5	169808985	-0.0381749579207372	0.237459319534012	0.872279121402154
chr5:172672695:T:C	5	172672695	0.166316449579624	0.159885601743472	0.298236978488742
chr5:173346700:A:C	5	173346700	-0.19867366469366	0.231209501408971	0.390186140759638
chr5:177122146:G:C	5	177122146	0.0877896470447242	0.214941817688004	0.682954732284424
chr6:1084246:G:A	6	1084246	-0.597243533456422	0.923064830899509	0.517617508494162
chr6:3041612:C:A	6	3041612	0.00254139845551537	0.112937647039154	0.982046983222261
chr6:3673174:A:G	6	3673174	-0.104140775425976	0.269736086143167	0.699434491090448
chr6:3786319:G:C	6	3786319	0.152054365161561	0.153042402716167	0.320444905753837
chr6:6090729:G:T	6	6090729	0.0984118664685068	0.176428299435967	0.576980339330026
chr6:6354181:A:T	6	6354181	-0.0138388156894891	0.170223019941472	0.935204849502252
chr6:6456261:T:C	6	6456261	0.0550787699464525	0.286513025114916	0.8475555652342
chr6:7642514:C:G	6	7642514	-0.218236720880382	0.199070173849673	0.272956103708467
chr6:12212257:G:A	6	12212257	-0.865643082490065	0.515924526060805	0.0933767199598757
chr6:21494280:T:C	6	21494280	-0.2301067823963	0.263751799473086	0.382970118686878
chr6:23163726:T:C	6	23163726	0.480371993744659	0.192622812694306	0.0126366686570627
chr6:23344439:T:A	6	23344439	-0.0522668516029878	0.172214614309073	0.761510103330994
chr6:24077828:C:T	6	24077828	0.171080097703245	0.218341428755051	0.433307776460656
chr6:26287827:G:A	6	26287827	0.200171794492369	0.213593339694635	0.348674672029419
chr6:27261142:G:T	6	27261142	-0.0668565299354705	0.444030757575507	0.880317026718685
chr6:31108549:A:G	6	31108549	0.107380942688459	0.1587985920074	0.498908336646132
chr6:31845997:T:C	6	31845997	0.0258493188379827	0.229245219448976	0.910222118305112
chr6:32660000:G:C	6	32660000	0.112330639065165	0.14004092512934	0.422479366305603
chr6:33148933:A:G	6	33148933	-0.0857203607659453	0.21937756652325	0.695986832848708
chr6:37400014:G:T	6	37400014	0.211293901515985	0.174607579113206	0.226237732488558
chr6:39124093:C:T	6	39124093	-0.13291968799994	0.124323163605413	0.285003615203294
chr6:45195864:C:T	6	45195864	-0.0541456085831255	0.218677965974748	0.804440569621656
chr6:46738257:G:A	6	46738257	-0.107586531886623	0.218765176027427	0.622867787262969
chr6:47717919:C:A	6	47717919	0.148275572425727	0.182708582273076	0.417054847621249
chr6:48859012:C:A	6	48859012	0.479071935520109	0.204235179851554	0.0189920166632113
chr6:49860743:T:G	6	49860743	0.124113907141743	0.170280844066784	0.466076487023986
chr6:53292416:C:G	6	53292416	-0.035781518119414	0.205020175043496	0.861451458979758
chr6:54457248:C:T	6	54457248	-0.0530376190533654	0.313287953248537	0.865565776036541
chr6:57513520:G:A	6	57513520	-0.588531317409334	0.414982881534612	0.156130556897141
chr6:67461006:G:C	6	67461006	0.147956798262538	0.264208777045388	0.575479739447444
chr6:69504128:A:G	6	69504128	-0.458104149221683	0.214694605463168	0.032863428235002
chr6:81137001:T:C	6	81137001	0.074001826493809	0.176069692808749	0.674267410900995
chr6:84758749:C:T	6	84758749	0.243740341990794	0.126150894064881	0.0533430563733766
chr6:86667874:G:T	6	86667874	0.134848085669227	0.191865424591687	0.482163942662051
chr6:87387916:G:T	6	87387916	0.309933452874376	0.160318672962983	0.0532074215235285
chr6:88566465:G:A	6	88566465	0.00573294281728834	0.159366962809889	0.971303712455781
chr6:93273487:T:C	6	93273487	0.412655407198793	0.201539754857342	0.0406076740757081
chr6:97788153:C:A	6	97788153	0.051096396966464	0.219923294064774	0.816275999182918
chr6:98771646:C:T	6	98771646	-0.197837641971371	0.478941832587494	0.679553585788887
chr6:104918249:A:G	6	104918249	0.0334819242341088	0.127505671029171	0.792865338453199
chr6:107129138:A:G	6	107129138	0.0934864436070986	0.137988623114701	0.498092670438038
chr6:112187089:T:C	6	112187089	0.0640410126842971	0.166189940123587	0.699979373103841
chr6:118046853:T:C	6	118046853	-0.116965744423793	0.122053372043042	0.337903251684438
chr6:121081137:A:G	6	121081137	0.22800796567294	0.22417434847488	0.309105359889928
chr6:123103197:T:C	6	123103197	0.0229287162984951	0.216519507834878	0.915664257643619
chr6:127784009:G:A	6	127784009	0.177676277829362	0.141753465523445	0.210053797112986
chr6:129527930:G:A	6	129527930	0.0538803541292062	0.232196198543898	0.816501767262095
chr6:137254996:T:C	6	137254996	-0.351595202646038	0.204446599897451	0.0854795293088483
chr6:138165202:C:G	6	138165202	0.0503617456334757	0.313405006736449	0.87233581899575
chr6:139464917:T:A	6	139464917	-0.284616948789539	0.185285721161826	0.124514448542455
chr6:151547601:G:A	6	151547601	-0.0817480481092159	0.154901572832391	0.597678497541468
chr6:152638179:C:T	6	152638179	-0.510114166497666	0.266756794569804	0.0558400574022921
chr6:153842833:G:A	6	153842833	-0.250233894545321	0.156480308298718	0.109789534969548
chr6:156754666:T:G	6	156754666	0.512610902137838	0.333651780481565	0.124448897248592
chr6:160701242:A:G	6	160701242	-0.00630169774017572	0.234383565006294	0.978550451564077
chr6:160909689:G:C	6	160909689	0.0122564942163903	0.268934436177627	0.963649566724081
chr6:161970870:T:G	6	161970870	0.172753598704911	0.336657063738517	0.607850498657949
chr6:162760256:C:T	6	162760256	-0.055496228455288	0.210807986042982	0.792354143478835
chr6:163629327:G:A	6	163629327	0.0401346575380714	0.171549838306949	0.815021203216301
chr6:167509019:C:T	6	167509019	0.271385799836717	0.161544363600338	0.0929678318629397
chr7:6986920:C:A	7	6986920	-0.291058798411461	0.356266010402776	0.413945322416134
chr7:7863676:G:A	7	7863676	0.00457607524826793	0.250869298767773	0.985446695383438
chr7:8111839:A:G	7	8111839	0.141327888147652	0.158394074638087	0.372256325483823
chr7:9602661:C:A	7	9602661	0.0344447630861306	0.187503137663171	0.854246981716492
chr7:10804524:T:C	7	10804524	0.396242651086383	0.311628279422983	0.203542506240694
chr7:11334355:C:A	7	11334355	0.0689416264171607	0.214970060487281	0.748435180610563
chr7:12476280:G:A	7	12476280	0.135332256754268	0.176089897590249	0.442166008223866
chr7:12972158:C:G	7	12972158	0.377027271797719	0.151480012089248	0.0128118376187973
chr7:20850990:A:T	7	20850990	0.0034950291981092	0.131751126242803	0.978836592241004
chr7:22822020:C:A	7	22822020	-0.114160924783542	0.177017375024664	0.518983133227191
chr7:24140802:T:C	7	24140802	-0.104339429681463	0.14358577433672	0.467428327256972
chr7:24278575:A:G	7	24278575	0.296250214591188	0.184626524891886	0.108583659217546
chr7:24620726:T:A	7	24620726	-0.180438673278066	0.167600441896519	0.281658904146075
chr7:24740434:C:T	7	24740434	0.249712474975438	0.128247562092295	0.0515212078564119
chr7:28505993:C:T	7	28505993	0.407509757063901	0.169409982379754	0.0161519058974676
chr7:36413989:G:A	7	36413989	0.33831618578755	0.174228118006046	0.0521612986499651
chr7:41157573:G:A	7	41157573	0.386345894222734	0.225399842316406	0.086520118242114
chr7:43755241:C:T	7	43755241	-0.184147626840338	0.183356998265464	0.315228269240101
chr7:44689517:A:G	7	44689517	0.131898247691839	0.163137725866886	0.418797880798734
chr7:46192346:C:G	7	46192346	-0.257717036503147	0.185090890952512	0.163807060342093
chr7:46368666:G:A	7	46368666	0.0986997251484464	0.296129123493588	0.73890812411697
chr7:47748540:G:T	7	47748540	-0.151154705562261	0.418420369664741	0.717911947654151
chr7:48301675:T:C	7	48301675	-0.101505450888626	0.173967911456584	0.559575424250405
chr7:51890159:C:T	7	51890159	0.00546501668977532	0.125589352210303	0.96529103278972
chr7:53046603:C:G	7	53046603	0.0774790583469542	0.252194203390647	0.75867605863307
chr7:55663907:C:A	7	55663907	0.0789812217992921	0.143669928509123	0.582497166600499
chr7:56122201:A:G	7	56122201	-0.00280921066490157	0.16387667611575	0.986323154096604
chr7:62910214:G:T	7	62910214	0.15519951840616	0.155475002009668	0.3181687554552
chr7:65406204:G:T	7	65406204	0.357490284032336	0.244987647857635	0.144505230107255
chr7:67766433:G:A	7	67766433	0.195887846777519	0.146191959240948	0.180266202508867
chr7:68433432:T:C	7	68433432	0.023345758681004	0.115368511928396	0.839636742748432
chr7:71020152:T:G	7	71020152	0.0162181658337843	0.208762326937128	0.938076856481607
chr7:71553830:T:C	7	71553830	0.0314653554304567	0.138556629784576	0.820350783352665
chr7:78390279:T:G	7	78390279	0.232094065142376	0.158599742203959	0.143359333976964
chr7:83524616:A:T	7	83524616	0.250143904052533	0.147340495307435	0.089559341683646
chr7:84786535:C:A	7	84786535	0.153483564555574	0.179323895823017	0.392052348077414
chr7:86620755:G:A	7	86620755	-0.177117004984321	0.173739530315614	0.307994183928224
chr7:89207269:G:A	7	89207269	-0.255633661864198	0.199858943736369	0.20087226113458
chr7:91097147:A:G	7	91097147	-0.132676327883284	0.226060083289439	0.557265922897112
chr7:96212691:T:C	7	96212691	0.11767288752659	0.210365023307624	0.575905973217953
chr7:103095283:G:A	7	103095283	0.130449514125567	0.18419181088983	0.478804637184366
chr7:104663551:G:A	7	104663551	-0.675406943346813	0.580315202675313	0.2444798499736
chr7:113434486:A:C	7	113434486	0.0935297534585263	0.15768170910777	0.55307717353771
chr7:113749820:G:A	7	113749820	0.12793197186205	0.155278982118793	0.41000509568996
chr7:117145973:C:G	7	117145973	-0.119934278786819	0.154918164856275	0.438825369327973
chr7:119808046:G:A	7	119808046	-0.246575788539522	0.21774606846938	0.257466033518415
chr7:122582926:C:G	7	122582926	-0.279271239417683	0.26107377574693	0.284753294467676
chr7:124802410:A:T	7	124802410	-0.159392259082108	0.14556897215901	0.273533988402228
chr7:129047886:A:G	7	129047886	-0.408375649687519	0.336840372278636	0.225370225515979
chr7:131384702:T:A	7	131384702	0.13882924780655	0.113966062707474	0.223162013788646
chr7:136870573:G:A	7	136870573	-0.50775730608353	0.261527637531342	0.0521970117596904
chr7:142873374:T:C	7	142873374	-0.157840320572839	0.163897435600484	0.335525814511282
chr7:143187070:C:T	7	143187070	-0.0887495980938944	0.312546521666766	0.776443761807937
chr7:145116884:A:G	7	145116884	-0.0765988574599873	0.197109907640364	0.697564757344989
chr7:149242006:T:C	7	149242006	-0.234742375397489	0.166277283676221	0.158022841106437
chr7:153502245:G:A	7	153502245	0.429522984728848	0.176475562928615	0.0149373287633092
chr7:153952270:G:A	7	153952270	-0.0275012845232327	0.11766875022384	0.815204047622545
chr7:154426289:T:C	7	154426289	-0.103788183137682	0.174380198169299	0.551720946905035
chr7:156975524:A:T	7	156975524	0.190174251259055	0.203279081163143	0.349513779624976
chr7:157677820:C:T	7	157677820	0.1993949548684	0.179525600838928	0.266707407888229
chr8:276778:A:T	8	276778	0.144956502037605	0.148032929734467	0.32747230113964
chr8:1102873:G:T	8	1102873	0.298333538706444	0.160082826179527	0.0623751026437644
chr8:8710521:T:C	8	8710521	0.00955316028943902	0.158883035504733	0.952054485902162
chr8:9029509:T:C	8	9029509	-0.147615731230251	0.2884657324901	0.608842020574852
chr8:9109096:A:G	8	9109096	-0.0241161753454959	0.13831480079521	0.861584782814864
chr8:9827297:A:G	8	9827297	0.265647755588382	0.143697790669796	0.0645075284058836
chr8:10675470:T:G	8	10675470	0.0563138664698669	0.206426888169683	0.785004682773546
chr8:13032868:C:A	8	13032868	0.112271431965895	0.264639272506851	0.671388402785737
chr8:14391498:A:G	8	14391498	-0.740562880259062	0.517429293759168	0.15236289510967
chr8:16627132:C:G	8	16627132	-0.236336674105795	0.211971678413774	0.264874171078276
chr8:17129593:A:G	8	17129593	0.292001205436958	0.218010233842497	0.180443029260422
chr8:20741226:C:T	8	20741226	-0.212697727117667	0.246188676639337	0.387608619240423
chr8:23115837:G:A	8	23115837	0.151567326040618	0.154568988392995	0.326799685885286
chr8:25783762:T:C	8	25783762	0.346746252374588	0.171354224802966	0.0430150251782505
chr8:27010051:G:C	8	27010051	0.18470885734999	0.223762905333637	0.409106603812735
chr8:27022227:G:T	8	27022227	-0.147976087602559	0.152511724757269	0.331916709010695
chr8:28150898:A:G	8	28150898	0.0356731575926894	0.133851726478751	0.789844537620489
chr8:28528484:G:T	8	28528484	-0.172612733854542	0.130048823547531	0.184412183553366
chr8:29917542:C:T	8	29917542	0.108430314788388	0.170624366329518	0.525107983981681
chr8:37085597:G:A	8	37085597	-0.191014803287304	0.195756549737111	0.329174821656465
chr8:41788192:C:T	8	41788192	0.1060252580979	0.170485577756823	0.534006555571952
chr8:42055528:T:G	8	42055528	-0.0872528456798669	0.200505468414866	0.66344308717611
chr8:50763512:C:T	8	50763512	-0.0618518884029971	0.169642048365478	0.715408265184633
chr8:51570259:T:G	8	51570259	-0.257195801170499	0.247560154166304	0.29884080580658
chr8:53142705:G:A	8	53142705	0.274634651708676	0.130281483265377	0.0350301362899292
chr8:60609620:T:A	8	60609620	0.166762484123591	0.239032801552116	0.485392832854308
chr8:61304314:G:C	8	61304314	-0.177585863334641	0.165944873065002	0.284551911616667
chr8:61926940:A:T	8	61926940	0.0219602169066593	0.136679005504851	0.87235331264622
chr8:63445672:G:A	8	63445672	0.149098847501375	0.17183679675772	0.38557114468967
chr8:65343369:C:A	8	65343369	0.111319600898571	0.117212182080963	0.342250870435402
chr8:65418628:G:T	8	65418628	-0.210780381146686	0.17397013001411	0.225669559592993
chr8:71273350:T:A	8	71273350	-0.11695113613581	0.268335430977882	0.662953301581311
chr8:72033005:T:C	8	72033005	0.191365024826864	0.186094095506722	0.303797444818085
chr8:72065200:T:A	8	72065200	0.0789925400402055	0.134876815318309	0.558101107160722
chr8:73211475:T:C	8	73211475	-0.38238078982138	0.217698884480465	0.0790087928269743
chr8:75992459:A:G	8	75992459	-0.369829626211112	0.309476549960575	0.232080529718812
chr8:78402394:T:A	8	78402394	0.252726896254752	0.317068059185881	0.425407707320832
chr8:79795588:T:G	8	79795588	0.346599373680625	0.180564478354816	0.0549169849094397
chr8:86323708:T:C	8	86323708	0.13756075032663	0.120494618981061	0.253606197358639
chr8:89525432:A:G	8	89525432	0.193502751840814	0.150965416152198	0.199923781713181
chr8:92001032:A:G	8	92001032	-0.277303182729228	0.244234781849793	0.256209454864409
chr8:92645879:A:G	8	92645879	-0.433266436806967	0.315675800799264	0.16990645901499
chr8:95906161:G:A	8	95906161	-0.303209499919543	0.16714101243768	0.0696632624217979
chr8:96365126:C:T	8	96365126	0.213662906993341	0.174760269814472	0.221478648418
chr8:97430280:G:A	8	97430280	0.101475052152878	0.245706273851658	0.679611500834649
chr8:98002322:C:T	8	98002322	0.0360218400970553	0.13332307739199	0.787018252607822
chr8:98018653:A:G	8	98018653	-0.349228643732762	0.367547403334102	0.342031232226644
chr8:104471980:T:G	8	104471980	-0.529209078032854	0.509619421281146	0.299065359187357
chr8:106920372:G:A	8	106920372	0.0181917762506652	0.204885220807367	0.929248737281636
chr8:108142424:A:G	8	108142424	-0.0887487302856124	0.135488007124229	0.512448339335588
chr8:109421925:C:T	8	109421925	0.1788552211145	0.164478762040403	0.276857344422265
chr8:116252872:C:T	8	116252872	-0.259794597290636	0.154174279860211	0.091974887284636
chr8:116821900:C:T	8	116821900	-0.754164693061529	0.687973585161003	0.272986140787118
chr8:119015250:G:A	8	119015250	0.404263636290984	0.218949354163146	0.0648370970007053
chr8:121384602:C:T	8	121384602	-0.368338663896506	0.195393529210235	0.0594147339630693
chr8:127029052:C:T	8	127029052	-0.0971299870871393	0.144832908211452	0.50245321350657
chr8:128437247:A:G	8	128437247	0.0889488827614264	0.147738905030889	0.547128803538936
chr8:131111695:G:T	8	131111695	0.176947004677388	0.144783318938791	0.221650721376338
chr8:131315237:G:A	8	131315237	-0.0109534538155775	0.173834322063912	0.949757839598542
chr8:135895676:A:T	8	135895676	-0.103707094495819	0.25874062551705	0.688556417790551
chr8:138585221:A:T	8	138585221	0.0566778741541463	0.249379699645157	0.820209590702305
chr8:141605122:C:T	8	141605122	-0.0529835871658376	0.141817819208395	0.708699573321672
chr9:733358:A:C	9	733358	0.401775296348496	0.178754265932611	0.0245991340499435
chr9:5461379:C:T	9	5461379	-0.188342324399298	0.230974591463328	0.414829405590532
chr9:11397008:T:G	9	11397008	-0.0754229825350555	0.157700499148034	0.632460009757119
chr9:11517950:T:C	9	11517950	-0.873124010036699	0.737635652084345	0.236540058785678
chr9:11955148:T:G	9	11955148	-0.0538428786300924	0.211396554073697	0.798954172036557
chr9:12389360:A:G	9	12389360	-0.249089023391183	0.217082354711767	0.251199729302149
chr9:12615226:G:C	9	12615226	-0.216478142622993	0.149497580095922	0.147606487502799
chr9:13582959:T:A	9	13582959	-0.408998676647852	0.352825827603828	0.246371232657253
chr9:13820455:C:G	9	13820455	0.277484072364576	0.175675727117846	0.114215857122722
chr9:14098421:G:A	9	14098421	-0.25699091796054	0.185213581892133	0.165277714627347
chr9:18952915:A:G	9	18952915	0.149297391267854	0.139469538265039	0.284409629275854
chr9:21476808:G:A	9	21476808	0.317098901531764	0.236758172753932	0.180461097668951
chr9:29651949:A:G	9	29651949	-0.156379669468603	0.145928341821759	0.283890931817248
chr9:32058643:A:T	9	32058643	0.00775290155124515	0.142468989607045	0.956602003547412
chr9:37013405:C:T	9	37013405	0.174802168582833	0.139171662781472	0.209109300658003
chr9:37992585:C:T	9	37992585	0.146590325784548	0.180087417309308	0.415647597334227
chr9:72294932:G:A	9	72294932	0.563899076368216	0.28580978474643	0.0484970089511703
chr9:73616570:C:T	9	73616570	-0.259685338107338	0.286375627710867	0.364512719690531
chr9:76464251:C:G	9	76464251	0.459116735543154	0.275128531936568	0.0951698195947633
chr9:79067117:C:T	9	79067117	-0.326492422910541	0.354409427907296	0.356930615430146
chr9:82773489:T:C	9	82773489	-0.147701057809451	0.495161299838687	0.765482770425342
chr9:89995415:A:G	9	89995415	0.0608440374471033	0.188678497693413	0.747093119417849
chr9:91844381:C:T	9	91844381	-0.198751128005262	0.224206154750396	0.375366480166912
chr9:94568472:C:A	9	94568472	-0.000605307571765871	0.184635690494466	0.997384228912524
chr9:95559980:C:T	9	95559980	0.258498843240579	0.179202441848506	0.149162439922704
chr9:96162075:C:T	9	96162075	0.0501095263142084	0.1737626918357	0.773056574729648
chr9:97240484:A:G	9	97240484	-0.346022747141898	0.431835668408364	0.422967606033909
chr9:100192956:A:G	9	100192956	0.061047662116635	0.183201301508231	0.738962765499856
chr9:100529836:G:C	9	100529836	0.0530902444979759	0.145210639426183	0.714657229308506
chr9:101460357:C:T	9	101460357	-0.20068947591914	0.286328464242635	0.483361380369041
chr9:103293239:C:G	9	103293239	-0.354713056856595	0.375339209322965	0.344635067796386
chr9:105684376:G:T	9	105684376	0.0858569360246835	0.357721245628499	0.810321941125923
chr9:106822394:G:C	9	106822394	-0.0229111084638629	0.290750328168189	0.93719175163896
chr9:107904127:G:A	9	107904127	0.182958875855128	0.143875966418998	0.203499965943065
chr9:117420412:T:C	9	117420412	-0.132923281112717	0.139378475376701	0.3402426799077
chr9:117972207:C:A	9	117972207	-0.27893865172009	0.141403947128626	0.0485369394746887
chr9:118511323:G:A	9	118511323	-0.206196471512467	0.252622171019918	0.414371596670595
chr9:121356498:A:G	9	121356498	0.0599439258631826	0.260109700690843	0.817737197288747
chr9:124044726:T:G	9	124044726	-0.0223864473663619	0.182874521145272	0.902570953447803
chr9:125005426:C:T	9	125005426	-0.271271906159404	0.236301073385212	0.250971579334493
chr9:129533341:A:G	9	129533341	0.310826019497893	0.136269962522991	0.0225509504086637
chr9:136630984:C:T	9	136630984	-0.0642916031229586	0.138253468400123	0.641912082695221
chr10:2050300:A:G	10	2050300	-0.00760674865861365	0.146800729457882	0.958674643990738
chr10:3113976:C:T	10	3113976	0.0834505067583203	0.123162505830386	0.498048040966392
chr10:4591592:T:C	10	4591592	0.0731096545490356	0.201271891795383	0.716426898931518
chr10:7462546:C:T	10	7462546	0.175064777802564	0.166942619773767	0.294338132455627
chr10:7849544:T:G	10	7849544	-0.102449854198403	0.18830045101426	0.586388816928962
chr10:9367893:G:A	10	9367893	0.113243655154495	0.12691160894955	0.372230353520505
chr10:10628189:C:T	10	10628189	-0.129477289198633	0.199927726943698	0.517230451984734
chr10:14014383:T:C	10	14014383	-0.0130371367539304	0.147651501848894	0.929640881160317
chr10:16341555:C:T	10	16341555	-0.0620621401971491	0.171190561690267	0.716954150627004
chr10:18075702:C:T	10	18075702	-0.150129509785944	0.170598928968424	0.378851522472664
chr10:20923823:C:G	10	20923823	-0.485946055904579	0.433841392611168	0.262670844176565
chr10:26220185:A:C	10	26220185	-0.516484960691138	0.486529546319057	0.288431134823145
chr10:27289376:T:C	10	27289376	-0.238416695200275	0.166003638978672	0.150941551005713
chr10:27674317:A:G	10	27674317	-0.208709067806705	0.154281193200573	0.176124773832703
chr10:28771902:G:A	10	28771902	0.180768598599439	0.17524101877415	0.302286381852178
chr10:28891836:C:T	10	28891836	-0.0865929706583511	0.196598192959228	0.659606442579967
chr10:30622484:G:A	10	30622484	0.2060156047881	0.164349256579829	0.210015364069678
chr10:35177843:G:T	10	35177843	0.31449400233946	0.169186017796898	0.0630462466021338
chr10:43613180:G:A	10	43613180	0.086780190513677	0.303527652224671	0.774950588578992
chr10:44139011:T:C	10	44139011	0.0871999013418982	0.245827686622635	0.722799657756819
chr10:45036473:A:G	10	45036473	0.276305214996304	0.163036159154262	0.0901232237150227
chr10:51560095:T:G	10	51560095	0.183300085378886	0.153543163953979	0.232555558694933
chr10:54072488:A:G	10	54072488	0.143816548008075	0.144965395540773	0.321160929951781
chr10:54082016:C:T	10	54082016	0.0778021799471559	0.154406463200033	0.6143463826399
chr10:55299918:G:C	10	55299918	0.368903723610376	0.144781900229301	0.0108343668392467
chr10:56747004:T:C	10	56747004	-0.374714076866381	0.245444353312766	0.126841523858106
chr10:57761967:T:C	10	57761967	0.105229881963958	0.197478230840907	0.594124775512581
chr10:61894829:G:A	10	61894829	-0.0392270690431726	0.185081915771045	0.832150438758031
chr10:62473064:C:G	10	62473064	-0.00982326517884236	0.235233487771495	0.966690311529255
chr10:65713195:A:G	10	65713195	0.434808563111196	0.312571892418975	0.164204995749381
chr10:69232402:C:A	10	69232402	-0.252403209260786	0.169013368755586	0.135334611304692
chr10:79437519:C:T	10	79437519	-0.234844655301587	0.327785042938735	0.473707765769043
chr10:81546102:G:A	10	81546102	-0.142430640947176	0.275444744381228	0.605091007380714
chr10:82354363:C:G	10	82354363	-0.227885507131345	0.236518092351719	0.335295974594463
chr10:84591955:C:T	10	84591955	0.0571457762149536	0.2334662243239	0.806633699798517
chr10:84989741:G:A	10	84989741	-0.122490364532493	0.175345305665576	0.484822956733577
chr10:86779196:C:A	10	86779196	-0.215903373793737	0.250655738394755	0.389042991085996
chr10:91053424:A:C	10	91053424	0.189397694389975	0.153243388377224	0.216485570905187
chr10:93612452:G:A	10	93612452	-0.0560528319880139	0.260031995316127	0.829329733560022
chr10:93671121:T:C	10	93671121	0.0426570102177266	0.102938190627605	0.678585286065051
chr10:101249704:C:T	10	101249704	0.0651655337902158	0.131370632276476	0.619863798074802
chr10:102352980:T:C	10	102352980	-0.12926536333544	0.184209228715754	0.482846811054461
chr10:104637359:T:C	10	104637359	0.129758615764181	0.188588538690627	0.491420388102299
chr10:108480456:T:C	10	108480456	0.0561161673389852	0.154801056601768	0.716974638014615
chr10:109264424:C:T	10	109264424	-0.0970717838511442	0.23618878742623	0.681078147075424
chr10:111352001:T:G	10	111352001	-0.0686787486920926	0.209367030184403	0.74288868443777
chr10:118828443:C:T	10	118828443	-0.0135057686539408	0.134682337590243	0.920123073504338
chr10:120152982:A:G	10	120152982	-0.332774735405803	0.307145234387298	0.278611287561687
chr10:121580593:A:G	10	121580593	-0.117412881444718	0.342934135376108	0.732066929647783
chr10:121611573:C:G	10	121611573	-0.277894342488764	0.190499976288167	0.14463031257411
chr10:121734173:T:C	10	121734173	0.111345067992179	0.126253351396363	0.377821302992033
chr10:121910644:T:A	10	121910644	-0.441280565600378	0.234683939549475	0.0600646762606728
chr10:122561189:A:G	10	122561189	0.159145902485891	0.145933571140346	0.275476834066526
chr10:123750431:C:G	10	123750431	-0.309632471133177	0.171559258178536	0.0711038657393448
chr10:127533155:T:C	10	127533155	-0.0785768778899765	0.156401665427803	0.615383116023889
chr10:129953349:A:G	10	129953349	-0.0265234127461608	0.165021556622663	0.872308456315799
chr10:130263340:C:T	10	130263340	-0.49003556295454	0.332905294516365	0.141021713540987
chr10:130662147:G:T	10	130662147	0.0371149804649792	0.364474165838	0.91889035809365
chr10:131485315:A:G	10	131485315	0.0123755627409675	0.276413975341469	0.964289169665757
chr10:131819683:A:G	10	131819683	0.148172249520182	0.135630504473373	0.274626594677385
chr10:131953941:A:C	10	131953941	0.0404297295948418	0.168574582953639	0.8104598075782
chr11:388357:C:T	11	388357	0.0671157318336746	0.177164195184695	0.704811510167717
chr11:2257707:C:T	11	2257707	-0.00871760847971477	0.171172398131009	0.959382239210207
chr11:3623903:G:A	11	3623903	-0.261158853863555	0.194401852543724	0.179143477166728
chr11:5806222:C:T	11	5806222	-0.0101698503044159	0.188094892203825	0.956881259713329
chr11:9789492:C:A	11	9789492	-0.33725381446494	0.199647065794517	0.0911715225718713
chr11:14569664:T:G	11	14569664	0.194639714250443	0.197736392841444	0.324948683247946
chr11:21819583:A:G	11	21819583	0.317878624252198	0.253742124637486	0.210292144377272
chr11:36019710:C:A	11	36019710	0.0579678044915399	0.086864321716398	0.504556687029681
chr11:39635569:C:T	11	39635569	-0.263209122144655	0.254044515449623	0.30016724469331
chr11:40512905:C:G	11	40512905	0.215664164675247	0.156489806836954	0.168161444047542
chr11:41632790:A:T	11	41632790	0.0443813482880173	0.225574427627665	0.844024638733433
chr11:42744986:A:G	11	42744986	0.0174910747882963	0.162673214809035	0.914374261566895
chr11:43201079:C:T	11	43201079	0.0607427154591482	0.157494550066684	0.699732654304325
chr11:43982585:G:A	11	43982585	-0.0162833243222858	0.223334039864986	0.941877595618919
chr11:44330300:A:G	11	44330300	-0.210231186963723	0.279279398868428	0.451592368459178
chr11:49875094:A:G	11	49875094	0.0981783969856704	0.150092884204091	0.513036044171131
chr11:50253126:G:T	11	50253126	-0.0399567725464857	0.135079143928087	0.767380777553805
chr11:55906271:G:A	11	55906271	-0.0150645135721861	0.174844648722776	0.931339688633381
chr11:56124264:C:A	11	56124264	-0.343650447500776	0.356858915261308	0.335554115744915
chr11:57305789:G:A	11	57305789	-0.252943043387211	0.121274333372676	0.0370049347939887
chr11:58998793:A:C	11	58998793	0.0476419245254707	0.160257793509791	0.766250426464543
chr11:60456695:C:T	11	60456695	-0.033448240980571	0.330810644621491	0.919463195782174
chr11:62505064:A:G	11	62505064	0.481470763104319	0.237258404938925	0.0424267642866364
chr11:63184971:C:T	11	63184971	0.0479752314912163	0.16753087465976	0.774597424084787
chr11:65009160:T:C	11	65009160	-0.0337534986542306	0.347130974926658	0.922539274327766
chr11:70801858:T:C	11	70801858	0.27211626568859	0.149334832578196	0.0684263369865507
chr11:71334794:T:G	11	71334794	-0.0680662593083225	0.253223377934914	0.788084154607345
chr11:72713691:C:T	11	72713691	-0.13836977411222	0.242339646594133	0.568016884898367
chr11:77208574:G:A	11	77208574	-0.0652393107517397	0.223866632781933	0.770729790164146
chr11:77376654:A:G	11	77376654	0.152892596447953	0.148171724496278	0.30213732471392
chr11:77897055:A:G	11	77897055	0.428854823193155	0.201472849177424	0.0332874850658146
chr11:79339250:G:A	11	79339250	0.0950091018603642	0.308994390808817	0.758479259165805
chr11:81783030:C:T	11	81783030	0.276077871941505	0.179227003935071	0.12346750944862
chr11:83962252:C:T	11	83962252	0.214008697203777	0.23459988912646	0.361648461415037
chr11:86328783:G:T	11	86328783	-0.102967778310748	0.196570559104262	0.600403075977425
chr11:86644523:C:T	11	86644523	-0.0930077711989714	0.373937231519664	0.803573026609058
chr11:93046218:A:C	11	93046218	-0.00759863331374672	0.132600008286344	0.954302298517698
chr11:99371984:G:C	11	99371984	0.634146414247088	0.311289650100149	0.0416341425716898
chr11:100626548:G:A	11	100626548	0.190271935499967	0.26186329529524	0.467466195751683
chr11:104129521:G:A	11	104129521	-0.164800544384908	0.262707371002794	0.530452099394176
chr11:108728662:A:G	11	108728662	0.0172585169714846	0.22425975767915	0.938657189186716
chr11:110338613:G:A	11	110338613	-0.137353672764422	0.380610269894599	0.718191043637644
chr11:110396347:G:A	11	110396347	0.0643368311053139	0.15070373584978	0.669445368645299
chr11:113789228:G:C	11	113789228	-0.133976934069213	0.241565969273791	0.579155693150034
chr11:113800784:C:T	11	113800784	-0.0922840771714599	0.214040425049979	0.666357445714189
chr11:115616504:A:T	11	115616504	0.154635554576818	0.191571863397514	0.419555035100528
chr11:119630310:G:A	11	119630310	0.0997589583661653	0.175008245296801	0.568661194106738
chr11:123267436:G:A	11	123267436	-0.222082775620397	0.236774351489278	0.34826951426824
chr11:125907492:T:C	11	125907492	-0.0914475170289167	0.12090348454489	0.449428636779212
chr11:126829359:G:A	11	126829359	-0.0702126686085838	0.24677102018578	0.77600763072839
chr11:130038952:T:C	11	130038952	-0.625186743389679	0.690461629384065	0.365220701318004
chr11:130290657:C:T	11	130290657	-0.055484671215621	0.287030345123961	0.84671937313754
chr11:131355535:G:A	11	131355535	-0.203160235020527	0.244954527213713	0.40688976315518
chr11:133238417:A:G	11	133238417	0.0615245619250354	0.118280041731791	0.602951971284754
chr11:133300920:A:C	11	133300920	0.15751523764347	0.191842378964404	0.411608726013111
chr11:133409278:A:G	11	133409278	-0.176896490515735	0.302120075281358	0.55820002710013
chr11:134309503:C:T	11	134309503	-0.182705856875195	0.187218624319091	0.329116136171874
chr12:5192681:C:T	12	5192681	-0.0175513073782559	0.161957248434657	0.913702195700728
chr12:5448727:G:A	12	5448727	-0.34534445861711	0.226043710941602	0.126567831092603
chr12:6639294:C:T	12	6639294	0.166750551483845	0.240248597495099	0.487635159643286
chr12:19523028:C:A	12	19523028	-0.0634784249008409	0.149301658204467	0.670713538603595
chr12:19758400:A:T	12	19758400	0.478128738482967	0.251183235901283	0.0569745817094822
chr12:20003679:T:A	12	20003679	-0.0990501951040099	0.348092104035394	0.775987630471374
chr12:21333090:G:A	12	21333090	0.181124871666084	0.137872044458137	0.18894140164254
chr12:25518059:A:T	12	25518059	-0.0974371423667909	0.16128799988156	0.545764539981893
chr12:28965843:C:T	12	28965843	-0.0288712711469115	0.168629092399226	0.864057319403336
chr12:32086665:A:C	12	32086665	-0.0250675538634574	0.186035162100823	0.892812447446129
chr12:44631613:C:T	12	44631613	-0.184671117394948	0.296339824233184	0.533170531820833
chr12:48567461:T:G	12	48567461	0.147411363501175	0.195590775828287	0.45104597690677
chr12:51039498:T:C	12	51039498	0.0352737228636413	0.345219682047092	0.918615697457191
chr12:52880890:G:T	12	52880890	-0.0775471963168573	0.185149985982901	0.675337110879839
chr12:53646626:C:G	12	53646626	0.0164783356775921	0.18711614746859	0.929825217463165
chr12:53680144:C:A	12	53680144	-0.0180733088622441	0.157593937742516	0.908696573638173
chr12:54366280:G:A	12	54366280	0.0733086212015692	0.137464950108414	0.59383316126638
chr12:55599330:T:C	12	55599330	0.00145954627214229	0.250847866000901	0.995357573161502
chr12:56675083:C:T	12	56675083	0.0685026165640902	0.160367757142683	0.66926313230221
chr12:57436134:C:T	12	57436134	-0.0982001405890989	0.181017602260576	0.587481369118776
chr12:58724212:C:T	12	58724212	0.1560149851254	0.242370379730011	0.519766854486382
chr12:59048769:A:C	12	59048769	-0.0571105101941591	0.236658710045945	0.809307011935191
chr12:59161225:G:A	12	59161225	0.16446004379144	0.265663844451588	0.535881335498325
chr12:59226687:C:T	12	59226687	-0.232971940666896	0.195032467996081	0.232271100293576
chr12:63113400:T:C	12	63113400	0.0430520373254546	0.199368277791787	0.829032752110297
chr12:64271340:C:T	12	64271340	0.081781154252188	0.151000365550133	0.588097029284734
chr12:64756705:C:T	12	64756705	0.11917403908844	0.147904776333549	0.420387927355333
chr12:67050802:C:T	12	67050802	0.000162849670025176	0.141473465198026	0.999081557742517
chr12:71564908:A:G	12	71564908	-0.475365882612427	0.370665594317501	0.199679356509863
chr12:73909094:G:A	12	73909094	0.0948495939233861	0.122258901381657	0.437861586084479
chr12:81126959:G:A	12	81126959	-0.0607999986391648	0.16625082111239	0.71457963913956
chr12:83608380:A:G	12	83608380	0.0607924276958735	0.21822217407494	0.780566830836094
chr12:90727178:A:C	12	90727178	0.0180749809249945	0.134996292765793	0.89348764079027
chr12:92596791:C:T	12	92596791	-0.0992620356523095	0.166732405708209	0.551617965931421
chr12:95914573:A:T	12	95914573	-0.198195593506065	0.216302379528609	0.359515087503522
chr12:101611098:G:C	12	101611098	0.303062696354172	0.270571666389046	0.262678437479362
chr12:105967464:T:C	12	105967464	0.201239006325883	0.141120018456313	0.153864537550608
chr12:109533295:C:T	12	109533295	0.25519635543973	0.193222877171208	0.186589500029391
chr12:112209515:G:A	12	112209515	-0.608770111037938	0.396454130956501	0.124651898916787
chr12:120976632:C:A	12	120976632	0.14612978248369	0.20609139851711	0.478291412831211
chr12:125875525:T:C	12	125875525	0.125038707072327	0.170071760973775	0.46221072293211
chr12:126449337:A:G	12	126449337	-0.236885120203563	0.179878989579095	0.187867526742447
chr12:131091094:G:A	12	131091094	0.255044892123248	0.169398634924637	0.132172455075045
chr12:132776953:G:A	12	132776953	-0.0765295355660957	0.340215566703153	0.822022644604231
chr13:19545220:A:G	13	19545220	-0.252831432515958	0.207958873646554	0.224070217968967
chr13:22977365:T:G	13	22977365	0.236613258890883	0.216997528236578	0.275538698276632
chr13:24330599:T:C	13	24330599	0.0723762383831323	0.192311306238942	0.706657182781821
chr13:24623185:A:C	13	24623185	0.0281023404271984	0.160317982164136	0.860850782226277
chr13:25202506:T:G	13	25202506	0.229427475997169	0.190191318922519	0.227702470009665
chr13:26234118:A:T	13	26234118	0.181226483294693	0.161064447399405	0.260512796996188
chr13:26494236:G:A	13	26494236	0.0882985776114323	0.172406020808493	0.60854264786804
chr13:27255876:A:G	13	27255876	0.301826586525124	0.190857829142537	0.1137818000008
chr13:42909938:A:G	13	42909938	0.145366912247413	0.223608487729597	0.515630418494152
chr13:45470952:C:T	13	45470952	0.0499750173674671	0.333742698185771	0.880968836592354
chr13:45708351:G:A	13	45708351	0.024304369351953	0.255124714563025	0.924104611685566
chr13:45809177:C:G	13	45809177	0.0778911746848008	0.152856244063186	0.610351744638719
chr13:50558767:A:T	13	50558767	-0.459039813256414	0.346434987718926	0.185158270404662
chr13:58710908:G:A	13	58710908	0.210092552953215	0.134935955334898	0.119475288094286
chr13:58934154:C:T	13	58934154	0.207591157914442	0.152708262119773	0.174020811883648
chr13:70397215:T:C	13	70397215	-0.232175218860712	0.193064034894344	0.229138345983708
chr13:70990050:T:C	13	70990050	0.431408043430488	0.235776219045613	0.0672895471088126
chr13:75832713:T:C	13	75832713	0.282158264881342	0.184645918945012	0.126486587346596
chr13:86776101:G:A	13	86776101	0.00265611701587442	0.154347100534259	0.986270100600968
chr13:91472230:T:C	13	91472230	0.249818058870544	0.151330978847446	0.0987782337339609
chr13:93235990:C:T	13	93235990	0.137568059939217	0.143889124701923	0.339036924673142
chr13:96765286:G:A	13	96765286	0.0380731921017644	0.149833769682916	0.799416079989048
chr13:102180181:A:G	13	102180181	-0.0371767661000899	0.144174262534159	0.79651500592036
chr13:104405113:C:T	13	104405113	0.00387751718765046	0.352786242581397	0.991230528759961
chr13:106009559:G:C	13	106009559	0.129681201888013	0.141536833138775	0.359542905017438
chr13:106084136:A:G	13	106084136	0.0910845130633302	0.154521606766356	0.555551840154516
chr13:112716578:T:C	13	112716578	0.234920087590161	0.194802692689331	0.227841163691317
chr14:21167555:A:G	14	21167555	0.167936942934822	0.157730595787058	0.287008330484386
chr14:26929954:A:G	14	26929954	-0.119232162452142	0.189294016006558	0.528774317050637
chr14:27823594:G:A	14	27823594	0.243335672565568	0.205274382274251	0.235852747972135
chr14:34182794:A:C	14	34182794	0.00905035854932239	0.208722316582534	0.965413956203302
chr14:38216062:T:A	14	38216062	0.203307508569551	0.165431465466808	0.219089399322081
chr14:38962987:G:A	14	38962987	0.126564640850289	0.278751428917342	0.649799153784904
chr14:39925237:C:T	14	39925237	0.185341868989832	0.20280647657896	0.360777089351611
chr14:44446011:A:G	14	44446011	-0.249459227543025	0.243390841300721	0.305394952850422
chr14:48685878:C:A	14	48685878	-0.176424960451154	0.351728956097682	0.615953487978759
chr14:51426205:T:C	14	51426205	0.156314846801225	0.150826009822633	0.30001937270315
chr14:52881822:T:G	14	52881822	0.264735290665413	0.238605284142123	0.267209615186005
chr14:53358297:A:G	14	53358297	0.117485739475423	0.134834018604862	0.383570699045993
chr14:56254615:G:A	14	56254615	-0.0118285030750554	0.171916521038166	0.945145825036123
chr14:57978070:T:C	14	57978070	0.051596915195246	0.112533164301061	0.646590330491977
chr14:62445185:T:C	14	62445185	-0.0197340639095406	0.160960291746197	0.902422220337453
chr14:67518615:G:A	14	67518615	-0.307370956813429	0.132086106862654	0.0199626115476585
chr14:68863518:T:G	14	68863518	0.032066483085898	0.182758091828335	0.860719280649246
chr14:77734277:G:A	14	77734277	-0.179987150930549	0.256936634278	0.483607722140394
chr14:81022028:G:A	14	81022028	-0.0543458542494732	0.197618993022801	0.783313784533323
chr14:81884763:T:G	14	81884763	0.391317627959317	0.188103595330366	0.0374952381631024
chr14:82929256:T:A	14	82929256	0.0223196780394129	0.410619645569883	0.956651462926589
chr14:84531019:T:G	14	84531019	-0.115882393745212	0.156911848866175	0.460199079086131
chr14:84812257:C:T	14	84812257	-0.536243856481849	0.378583169956697	0.156644005764534
chr14:90804831:C:G	14	90804831	-0.215631045468896	0.245963778677246	0.380661533200283
chr14:91397629:G:T	14	91397629	-0.022384172622771	0.251370411459379	0.929043319798274
chr14:91532430:A:C	14	91532430	-0.916943937353751	0.680522800803709	0.177847885710076
chr14:91961156:T:C	14	91961156	0.154780233547128	0.131432456003679	0.238939803945806
chr14:92998270:C:G	14	92998270	0.275689802724888	0.19893495185093	0.165799159703033
chr14:93757265:G:A	14	93757265	0.280658765509411	0.259423292550712	0.279316313212349
chr14:93769225:C:T	14	93769225	-0.691340969319912	0.540084790327156	0.200524013791619
chr14:98340169:A:G	14	98340169	-0.107392744364216	0.195327790368118	0.582451202321343
chr14:100721312:C:T	14	100721312	-0.0400729701936806	0.228158946536371	0.860579761513718
chr14:102093442:A:G	14	102093442	0.253909182738876	0.177388496738076	0.15232321634873
chr15:24165057:A:G	15	24165057	0.161751629896862	0.166818580967038	0.332232958663556
chr15:26353849:A:G	15	26353849	-0.241325354400395	0.152568446281917	0.113706332356787
chr15:28182824:G:A	15	28182824	-0.688675245205424	0.500176987168354	0.168554572536542
chr15:33665926:A:G	15	33665926	-0.463188666791213	0.543372768848097	0.393974028014021
chr15:34880184:A:T	15	34880184	-0.299468655077832	0.304860771198773	0.3259457425394
chr15:37080410:C:T	15	37080410	0.139670931808477	0.141506103177614	0.323627367897992
chr15:37762539:C:G	15	37762539	0.19817021911536	0.21407641508467	0.354602680864673
chr15:52558833:C:G	15	52558833	-0.656967517669569	0.397759356185975	0.0986016765017946
chr15:55712443:A:G	15	55712443	-0.0938394870013318	0.22720805532243	0.679598358250804
chr15:57522102:A:T	15	57522102	0.143549600633942	0.154961477944722	0.354260647715582
chr15:57590535:T:C	15	57590535	0.216884922079252	0.310338699131266	0.484636267217181
chr15:58439508:G:A	15	58439508	0.260140433842019	0.219188804536565	0.235293630029499
chr15:69786285:T:C	15	69786285	0.105237128038801	0.276568253714352	0.70356649432807
chr15:71331250:T:C	15	71331250	0.00052206830407071	0.184714943872282	0.997744905332576
chr15:74245092:G:C	15	74245092	-0.895021530248463	0.624248102490887	0.151640959654588
chr15:76807237:T:C	15	76807237	-0.00452703403364762	0.197607422927785	0.981722677320325
chr15:77734259:G:A	15	77734259	0.161622414311745	0.143799634274392	0.26103773309282
chr15:79750604:G:T	15	79750604	0.0263261871615577	0.189868000059632	0.889722614434172
chr15:81697597:G:A	15	81697597	-0.0343296728289497	0.206089930804678	0.8677035396301
chr15:87989871:C:T	15	87989871	-0.0537642803374681	0.218235246515374	0.805404117224001
chr15:88891382:T:C	15	88891382	-0.196842096370989	0.206107185669165	0.339553814047227
chr15:89804552:C:T	15	89804552	0.371163879760133	0.215869303139468	0.0855430795720031
chr15:94791129:A:G	15	94791129	-0.137363809054629	0.157472417059817	0.383042591522902
chr15:97043895:A:G	15	97043895	-0.56634989565543	0.33111586434233	0.08718672906211
chr15:98725394:C:T	15	98725394	0.335678741458299	0.20819070307743	0.106883227460366
chr15:100978492:T:G	15	100978492	0.168640561046829	0.161170846166725	0.295401054459722
chr16:2671727:C:T	16	2671727	0.0441726570245091	0.284404877388768	0.876572121873884
chr16:4957642:T:C	16	4957642	-0.0399553911980147	0.152301919268902	0.793056766395845
chr16:5603936:C:T	16	5603936	0.102991032794305	0.191265702531181	0.590251925637959
chr16:5884026:G:T	16	5884026	0.151462381255096	0.13922986878023	0.276657626628506
chr16:6848656:G:A	16	6848656	0.193687576509967	0.143350865605698	0.176649500026332
chr16:7909855:G:A	16	7909855	0.061415952190391	0.15852612246075	0.698446411883619
chr16:8273542:C:G	16	8273542	0.273261294929432	0.187061498772747	0.144067609956067
chr16:12394716:C:T	16	12394716	0.239360661932987	0.174586559144364	0.170370511244489
chr16:13985277:C:A	16	13985277	-0.658240414949092	0.511261219864325	0.197925796459973
chr16:17779668:G:A	16	17779668	-0.128398824560057	0.163896552369512	0.433384141833102
chr16:29740733:G:C	16	29740733	-0.0207585136580501	0.227837581900661	0.927404379242442
chr16:31127124:G:A	16	31127124	0.0970689443412982	0.204181415811247	0.634498057849013
chr16:56688556:C:T	16	56688556	0.331119041297003	0.172641636820162	0.0551166066131701
chr16:60324635:A:C	16	60324635	0.0501805399201807	0.144904979571097	0.729117551268096
chr16:60499572:C:T	16	60499572	0.0965710062221477	0.190025908192341	0.611313682487033
chr16:62273123:C:T	16	62273123	-0.0525907193584592	0.0935483246538334	0.573995409530699
chr16:65972427:C:T	16	65972427	0.0760577738151166	0.13730425652002	0.579622630679139
chr16:69246420:T:C	16	69246420	-0.0516525875782667	0.20173699461254	0.797920534729542
chr16:71908403:G:A	16	71908403	0.301476638241825	0.180002093733881	0.0939635224276798
chr16:72103328:C:A	16	72103328	0.213510486599467	0.164036501380056	0.193051958002016
chr16:74837740:A:C	16	74837740	-0.0408454849471497	0.270801202504547	0.880108248597757
chr16:79886631:C:T	16	79886631	0.277918827139591	0.154750289009551	0.0725075617377321
chr16:81396153:C:A	16	81396153	-0.181618982761228	0.115706884407732	0.116497219977947
chr16:82294878:C:G	16	82294878	-0.0868184202783764	0.192370439790131	0.651767198333621
chr16:82421890:A:G	16	82421890	0.167820632510433	0.163960022715741	0.306049741689898
chr16:83827178:T:C	16	83827178	-0.0920384454291785	0.153509108789822	0.548797235635545
chr16:84032337:C:T	16	84032337	-0.315576290260441	0.302960545769737	0.297577900748446
chr16:89303022:G:A	16	89303022	0.143743366841039	0.123877674737611	0.245900070146834
chr16:89331863:A:T	16	89331863	0.266471286693139	0.14806412630322	0.0719077238601943
chr16:89337630:T:C	16	89337630	0.122533485816923	0.117355241868357	0.296427781839582
chr16:89479873:T:G	16	89479873	0.0537038965698185	0.127015385478555	0.672430895572018
chr16:90035976:C:A	16	90035976	-0.484053981901138	0.281192709080373	0.0851725556048353
chr17:2489248:C:G	17	2489248	-0.202161814686853	0.198444796231491	0.308330813249068
chr17:4018176:C:A	17	4018176	-0.307994981798657	0.400515079498663	0.441894962210762
chr17:4147521:T:C	17	4147521	-0.219924986576418	0.360469869595908	0.541791305082025
chr17:6949267:T:C	17	6949267	0.110454091348197	0.139145167790593	0.427309122799841
chr17:7929448:A:G	17	7929448	-0.289839951684141	0.152817820415592	0.0578758471489266
chr17:10308301:C:T	17	10308301	0.363337893893321	0.201131882805747	0.0708455911531031
chr17:12174148:T:C	17	12174148	-0.44620758737684	0.242834969661149	0.0661371304026297
chr17:14402381:C:T	17	14402381	-0.350928448067478	0.295740729270536	0.235382101687487
chr17:15219976:C:T	17	15219976	0.309207522022188	0.161411785060262	0.0554104214302586
chr17:16482403:T:A	17	16482403	-0.0685732987167308	0.152337935071129	0.652609966549488
chr17:18684803:A:G	17	18684803	0.255722717390878	0.159602526048785	0.109100932940441
chr17:20040710:T:C	17	20040710	0.169793018971442	0.169346388121116	0.316035853246899
chr17:21275023:A:C	17	21275023	0.113273414338418	0.161311519386829	0.482552646533825
chr17:30609729:C:T	17	30609729	0.0735445140152032	0.181399210683531	0.685162143430367
chr17:31554254:C:T	17	31554254	0.0597562810625084	0.26512966568902	0.821679687723398
chr17:33472425:T:G	17	33472425	0.100465703710403	0.199827325586757	0.615131198658825
chr17:44156671:T:A	17	44156671	0.125685846645956	0.1432524380273	0.380283977409806
chr17:45754773:C:T	17	45754773	0.120358727346887	0.23072089145767	0.601904462513472
chr17:48779278:C:T	17	48779278	-0.104637585849064	0.183509089259413	0.56853945754809
chr17:52703044:C:G	17	52703044	0.333180177102596	0.210242202721214	0.113024393938635
chr17:53282498:G:T	17	53282498	0.0935401740846292	0.159928854472753	0.558624262995874
chr17:58411807:C:T	17	58411807	-0.125424189631838	0.233105284546279	0.590536928884199
chr17:61409438:A:G	17	61409438	-0.122773665964995	0.177165978296986	0.48831790052818
chr17:61905160:C:T	17	61905160	0.32912549533173	0.199995437051571	0.0998327441424866
chr17:66262233:G:T	17	66262233	-0.167935372764759	0.157950160630964	0.287683334211853
chr17:66751216:C:T	17	66751216	-0.267352668397074	0.185071138887698	0.148571941501837
chr17:66971178:A:G	17	66971178	-0.0241543343590892	0.234923151099546	0.918107399417473
chr17:68771033:G:A	17	68771033	0.102986894586414	0.199848681487042	0.606326376696355
chr17:69081332:C:T	17	69081332	-0.142665591440224	0.186541515720414	0.444394989104066
chr17:69213412:T:C	17	69213412	-0.0807085806394105	0.113578785788859	0.477334896644323
chr17:72829246:G:A	17	72829246	0.0437470365696849	0.224218899278479	0.845307926510528
chr17:73506492:C:T	17	73506492	-0.308863271446252	0.225414487049092	0.170624005819716
chr17:75360149:C:G	17	75360149	0.0773444406575055	0.29248380343864	0.791440830226059
chr17:77625920:A:T	17	77625920	0.37755276760979	0.149314815023518	0.0114528670115233
chr18:1137045:A:T	18	1137045	0.0778224170768603	0.126499394420254	0.53842270192803
chr18:4080016:T:A	18	4080016	-0.513600189631188	0.341269008850933	0.132331360841869
chr18:8920896:G:C	18	8920896	-0.191570880194613	0.199260022104863	0.336345295572773
chr18:9609299:C:T	18	9609299	-0.283420505125941	0.15903931135182	0.0747364644510702
chr18:10572326:C:T	18	10572326	0.174913081657288	0.169778347686972	0.302895596793904
chr18:11017906:C:T	18	11017906	-0.0396620478708653	0.126785645372056	0.754411652975178
chr18:12120157:A:G	18	12120157	0.757289610863405	0.401384283295964	0.0592013972991299
chr18:14686017:A:G	18	14686017	-0.331462656876957	0.25136792288141	0.18729101258689
chr18:14895123:C:T	18	14895123	0.141885616754585	0.192928755323349	0.462077586682581
chr18:30059135:A:G	18	30059135	-0.0876789329547955	0.0977938903935036	0.369949151085444
chr18:32490781:T:C	18	32490781	-0.114995788805903	0.177195031095715	0.51635218807296
chr18:36255061:C:A	18	36255061	0.0887227548056716	0.185380137594343	0.63222390558088
chr18:42762909:A:C	18	42762909	-0.0920973265402222	0.137592571861911	0.503273450455082
chr18:43928870:G:A	18	43928870	0.240009764734282	0.172970268715232	0.165265540020097
chr18:44831686:A:G	18	44831686	0.18263437414748	0.309415355518356	0.555018807871917
chr18:45461168:C:T	18	45461168	-0.0828082865700301	0.246633257036534	0.737055818461623
chr18:47992191:T:C	18	47992191	0.521731622739967	0.263489302999683	0.0476938051518605
chr18:49146783:T:G	18	49146783	-0.547962886074204	0.369509248811186	0.138088310039246
chr18:49872731:C:G	18	49872731	-0.215812678990532	0.242139944227628	0.372782985746999
chr18:50485733:T:C	18	50485733	0.132224672084091	0.175397893444005	0.450935975232944
chr18:58120958:C:T	18	58120958	-0.232265648847263	0.22383008557741	0.299415635148779
chr18:59256389:C:T	18	59256389	0.164270879490492	0.153642154937691	0.284989271867961
chr18:62622293:T:A	18	62622293	-0.0299074390362971	0.17727145409041	0.866024876845654
chr18:62998306:G:A	18	62998306	0.0814774447705167	0.0934561348772085	0.38330356213082
chr18:66103927:C:T	18	66103927	0.0318901301427193	0.164964815865023	0.84671248484684
chr18:66206557:C:T	18	66206557	0.151103576219889	0.235599106557096	0.521289550453698
chr18:68001558:G:A	18	68001558	-0.0414032295287643	0.155128336411516	0.789548754790567
chr18:69946690:A:G	18	69946690	-0.279110439340591	0.168481962913943	0.0975965064130002
chr18:71730181:C:T	18	71730181	0.0261128707727193	0.145326064748794	0.857400103269419
chr18:72912108:T:C	18	72912108	0.309475921180401	0.16590681469837	0.0621309725739572
chr18:73248491:G:A	18	73248491	-0.104077052976005	0.184614638003681	0.57292225337672
chr18:77734991:G:A	18	77734991	-0.591177133987585	0.581346662707842	0.309196328223486
chr19:2907557:G:A	19	2907557	0.0832869284819689	0.181963115575084	0.647158469493344
chr19:16021187:G:A	19	16021187	0.0803901330118624	0.348275263150201	0.817451884080041
chr19:17584922:G:A	19	17584922	0.0812964938361494	0.141386373866305	0.565294507326479
chr19:18704666:C:T	19	18704666	-0.0408404967793097	0.229350273980813	0.85866768186701
chr19:18737022:C:T	19	18737022	-0.130334108661085	0.158137891554679	0.409837213134618
chr19:18805179:A:G	19	18805179	0.162782555956053	0.16172003702109	0.314141402732077
chr19:21560366:G:T	19	21560366	0.107578757825386	0.163832538469311	0.511413365686824
chr19:21659434:G:C	19	21659434	-0.249092579913936	0.187159009574914	0.18321725059868
chr19:33474662:T:C	19	33474662	0.0909809322656779	0.169355954323149	0.591117588907927
chr19:37956680:C:T	19	37956680	0.20989067328887	0.161997417227692	0.195098818860433
chr19:38120117:A:T	19	38120117	0.193771689437865	0.186645317166509	0.29918562843307
chr19:44380983:T:C	19	44380983	-0.216775819090987	0.295374988737681	0.463009450079997
chr19:44819986:A:G	19	44819986	0.167785955732443	0.190759793845088	0.379094103864223
chr19:48685001:C:T	19	48685001	-0.127411068605982	0.222555507210876	0.566989248318056
chr19:51210487:G:T	19	51210487	-0.246416230395447	0.318376139587513	0.438943610669498
chr19:51552139:T:A	19	51552139	0.0881648829995842	0.154015771384767	0.567023506368762
chr19:52714810:C:T	19	52714810	0.218552244864262	0.202589856870762	0.280680620442887
chr19:53330671:T:C	19	53330671	-0.265839255251252	0.230204994975684	0.248174957919317
chr19:54944544:G:A	19	54944544	0.344231212117738	0.165159369514766	0.0371386459451156
chr19:57195010:G:C	19	57195010	0.042187657099382	0.214521565870978	0.84409417609217
chr20:1709120:A:G	20	1709120	0.301427648391714	0.176544520573162	0.0877524291692195
chr20:1735934:T:G	20	1735934	-0.415127554772892	0.22181915115351	0.0612801716072778
chr20:1906500:G:T	20	1906500	-0.195081636539273	0.145884795265838	0.181147322189837
chr20:3649460:G:A	20	3649460	-0.259500697950458	0.143841514761127	0.0712197494677314
chr20:5407753:C:T	20	5407753	-0.172894312473667	0.176533949618621	0.327390876341842
chr20:5860313:T:C	20	5860313	0.0328277489055889	0.140385375461981	0.81510901393052
chr20:7000966:A:C	20	7000966	-0.467914001924743	0.30297297569343	0.122489431731824
chr20:12129436:G:A	20	12129436	0.146425458143108	0.216727862170923	0.499282585013868
chr20:13244402:C:A	20	13244402	0.319773464621973	0.206300393081008	0.121132377054455
chr20:31347432:T:C	20	31347432	-0.139530684448746	0.217210698000456	0.520629840566446
chr20:37593342:C:T	20	37593342	-0.161520380407975	0.209812351891554	0.441399221518885
chr20:38200488:G:A	20	38200488	0.0911159492213991	0.142072131140356	0.521304510002146
chr20:38350608:A:G	20	38350608	-0.0704829828781515	0.178137608598754	0.692351491305804
chr20:45729681:A:G	20	45729681	0.117151569767514	0.0993674335918614	0.238408732992894
chr20:48501317:C:T	20	48501317	0.172936452583383	0.14007464049784	0.21697860775161
chr20:49036824:T:G	20	49036824	-0.315905422668268	0.213012834640468	0.138065194968007
chr20:50371082:C:T	20	50371082	-0.168748185866755	0.179980480216452	0.348454331409227
chr20:52513956:G:A	20	52513956	-0.129896904999326	0.271471191647015	0.632299774471558
chr20:54253971:A:G	20	54253971	0.153870461710642	0.170108099101144	0.3657063869761
chr20:58480201:T:G	20	58480201	0.204041447827171	0.179673358458351	0.256113797395421
chr20:60073360:C:T	20	60073360	-0.0512236878005951	0.149708177104785	0.732232808479072
chr21:14869783:A:G	21	14869783	-0.021974178077729	0.361015258388501	0.951464552142954
chr21:15297615:T:C	21	15297615	0.168451999274669	0.141375109042471	0.233447485933074
chr21:15686888:A:G	21	15686888	-0.0958777563044035	0.273046637984127	0.72548288134319
chr21:18805376:C:A	21	18805376	-0.57945988300658	0.695322170204729	0.404636700073001
chr21:22007486:G:T	21	22007486	-0.0948237410855247	0.315140013447218	0.763495321188765
chr21:24026351:C:T	21	24026351	-0.026530499778807	0.239246633254275	0.911702115092449
chr21:26647335:G:C	21	26647335	-0.0618003736347392	0.200439927656817	0.757836058534309
chr21:28043199:C:G	21	28043199	-0.197414769864785	0.354955382787378	0.578096119517505
chr21:29538421:G:A	21	29538421	-0.0697822432374651	0.328938355248249	0.83199482470706
chr21:31885030:A:G	21	31885030	0.0193404208282418	0.136807752116708	0.887578178716876
chr21:35502622:A:T	21	35502622	-0.177807846014068	0.184149103295929	0.33426212139757
chr21:36306638:T:G	21	36306638	-0.36260781539274	0.14166206216984	0.0104772269631451
chr21:41442549:G:A	21	41442549	-0.185064064481621	0.180563671980571	0.305398987794064
chr21:42627184:G:A	21	42627184	-0.414844524044064	0.454037513954877	0.360885562183972
chr22:20147688:T:C	22	20147688	0.278811490863945	0.173662738049043	0.108388922557927
chr22:23891985:A:G	22	23891985	0.125855272350148	0.177931222015425	0.479364285977757
chr22:24245985:G:T	22	24245985	0.0342681611608304	0.178822657351036	0.848030397178297
chr22:28624303:G:A	22	28624303	-0.113998762944267	0.266545838115536	0.668877450268217
chr22:30376697:C:T	22	30376697	-0.283247279139609	0.350133967451748	0.418533382555567
chr22:30662128:G:A	22	30662128	-0.031740370171802	0.132940302572759	0.81129435128846
chr22:36298345:C:A	22	36298345	-0.547199193008897	0.382592215494055	0.152647771712646
chr22:36977479:G:A	22	36977479	0.0540124523119621	0.228183214546442	0.812884484374241
chr22:42350572:C:T	22	42350572	-0.0904663352874283	0.215940963891867	0.675259888473594
chr22:42475109:T:G	22	42475109	-0.17612488698429	0.172950628701924	0.308509967493042
chr22:44719519:A:G	22	44719519	0.0561839585509258	0.159587894938242	0.724795877257342
chr22:44805054:T:C	22	44805054	0.00878877242707332	0.318338658585054	0.977974603740422
chr22:45210278:T:C	22	45210278	0.202032765696073	0.164602308690174	0.219672532876644
chr22:47062473:C:T	22	47062473	-0.25248733298145	0.378272565242085	0.504469022331639
chr22:48785864:A:G	22	48785864	-0.579990448603556	0.420070017315519	0.167371385560692
chr22:49668266:A:G	22	49668266	0.104724351646037	0.14684750335737	0.475752712183884
chr22:49926053:G:A	22	49926053	-0.059752319576984	0.219571605298337	0.785521017300019
