SNP	CHR	POS	est	stderr	pval
chr1:1837340:C:T	1	1837340	0.150354932097609	0.170736824460762	0.378521406012456
chr1:2261200:G:C	1	2261200	0.148351417233811	0.122381766450291	0.22543508117761
chr1:14678191:A:C	1	14678191	0.0075654262072233	0.163662782423392	0.963130361037134
chr1:14985097:C:T	1	14985097	0.191576746908699	0.148459790707538	0.196901917705978
chr1:15065941:C:T	1	15065941	-0.0257233309823066	0.238528420075484	0.914121195223958
chr1:20215506:G:C	1	20215506	0.160836727778258	0.179865094721727	0.371210847182277
chr1:20533654:G:C	1	20533654	-0.0870779809546039	0.225630750114121	0.699547508779776
chr1:22009627:T:C	1	22009627	-0.36716360063364	0.174971234688547	0.0358678268542243
chr1:22126221:C:T	1	22126221	0.053583969774146	0.14811768514243	0.717526764012557
chr1:23180575:A:G	1	23180575	0.205691420056809	0.143835220779007	0.152702943316613
chr1:26058659:G:C	1	26058659	0.0760779136572839	0.159312296926396	0.63297800469797
chr1:26181362:A:G	1	26181362	-0.0506823428713014	0.218148549540127	0.816282103539775
chr1:26848285:C:T	1	26848285	-0.79446996617374	0.6416468620961	0.215651836289964
chr1:28670719:C:T	1	28670719	-0.412207585738202	0.174670693324521	0.0182792366192032
chr1:29753056:A:C	1	29753056	0.205983891030736	0.128545154069908	0.10906179337776
chr1:29908726:A:G	1	29908726	0.0084404987588368	0.14919605648961	0.954885181424755
chr1:31886486:G:T	1	31886486	0.108388476735708	0.145218891238904	0.45543789445926
chr1:37838865:C:T	1	37838865	0.106701833441775	0.291215876747106	0.714065758399007
chr1:39880059:T:C	1	39880059	0.0121352078669297	0.126926827582996	0.923831987975637
chr1:41175014:G:A	1	41175014	-0.0125512992572631	0.201975411056195	0.950449185589512
chr1:41597921:C:T	1	41597921	0.198272456197947	0.334293143137421	0.553107838629555
chr1:42635725:A:G	1	42635725	0.146215459374848	0.214353542795227	0.495161244041421
chr1:43202709:G:A	1	43202709	-0.109346031651718	0.176205206015968	0.534888683069286
chr1:47498869:G:A	1	47498869	0.108290698886638	0.139594309431278	0.437894862679042
chr1:51034150:G:A	1	51034150	0.0590898521710041	0.179134321879053	0.741503197731141
chr1:54900240:G:A	1	54900240	0.0973214983863469	0.179685673597411	0.588079759496156
chr1:55459433:C:T	1	55459433	0.071874196081228	0.273345422278986	0.792594708248811
chr1:56563907:C:T	1	56563907	-0.133150897370333	0.170501319961874	0.434839176335329
chr1:65351414:T:A	1	65351414	0.0296545006276596	0.12600413980349	0.813940623777318
chr1:66254178:T:A	1	66254178	-0.0714649663736079	0.133658065286584	0.592867676251254
chr1:73302339:T:C	1	73302339	0.110825691055783	0.126694400983188	0.381710962722757
chr1:73563666:T:C	1	73563666	0.114224965542714	0.183548077907974	0.533733887885493
chr1:76062379:T:C	1	76062379	0.0672506613497672	0.123400805109899	0.585768997595224
chr1:86928231:G:T	1	86928231	-0.100101762691649	0.167916522896174	0.551081677502358
chr1:88611347:G:A	1	88611347	0.292846704893475	0.165780396303603	0.0773164153046352
chr1:91057167:C:A	1	91057167	-0.0488427346114488	0.19144603630863	0.798626295102541
chr1:91093925:G:A	1	91093925	-0.136974787877214	0.182240175178461	0.452281502411228
chr1:92475800:A:G	1	92475800	0.163866872256228	0.134359504190866	0.222610841731781
chr1:94752415:G:A	1	94752415	0.013748759540816	0.126346987579822	0.913347266982627
chr1:95614324:G:A	1	95614324	-0.11728855429838	0.151340746600701	0.438341706760889
chr1:99691102:T:C	1	99691102	0.0749337551434787	0.16853061944848	0.656587224518843
chr1:104937367:T:A	1	104937367	0.0988147011882092	0.219066023140018	0.651937157266905
chr1:115841221:A:T	1	115841221	0.369379059549497	0.296266007908825	0.212477524375358
chr1:153704237:C:A	1	153704237	0.0224727537693989	0.182980520786059	0.9022535911041
chr1:155857667:G:T	1	155857667	0.0252475555447872	0.23766515451798	0.915398579870324
chr1:157334223:T:C	1	157334223	0.0567338472377016	0.195905573068321	0.77212385547456
chr1:159540226:C:T	1	159540226	0.454860944949526	0.150333814611704	0.00248080542402207
chr1:165647351:T:C	1	165647351	-0.00539858379706819	0.191774733182277	0.977541995520471
chr1:167545338:A:T	1	167545338	-0.109882347624306	0.270198326455483	0.684248218086182
chr1:168863629:G:A	1	168863629	-0.112334734036697	0.196531481314249	0.567602169371886
chr1:171350391:G:A	1	171350391	0.348327002472957	0.150143340286358	0.0203428759875981
chr1:173013575:C:G	1	173013575	0.0726590989588999	0.1644010086595	0.658516262348069
chr1:178947344:C:A	1	178947344	-0.0439419931976727	0.167957792255525	0.793610403615737
chr1:182872646:T:G	1	182872646	-0.0760393462173625	0.244246551929692	0.755555778230092
chr1:185127444:C:G	1	185127444	0.0952492610319037	0.154828852571423	0.538428827885197
chr1:185619557:C:T	1	185619557	0.142701749026298	0.189536352573274	0.451510549778785
chr1:186638909:G:T	1	186638909	0.0929928307119058	0.160556519599666	0.562460556839915
chr1:188272062:T:C	1	188272062	-0.187350378644176	0.147203438137248	0.203113514174265
chr1:193365737:C:T	1	193365737	-0.0192134355127205	0.17436575166915	0.912258359273555
chr1:193791070:G:T	1	193791070	0.130769692217361	0.287294527929735	0.648982329318547
chr1:195033388:T:C	1	195033388	0.132831136842888	0.179954666881292	0.46043140803995
chr1:195907914:A:G	1	195907914	-0.0555675522396269	0.132002871974039	0.673786374973216
chr1:196692375:G:C	1	196692375	0.0979094323685332	0.141606223914579	0.489301386057732
chr1:197559019:A:G	1	197559019	0.0524111567529003	0.122562657220255	0.668922376559117
chr1:199160726:G:A	1	199160726	-0.158662664856032	0.226312703114993	0.483254869614183
chr1:204277152:T:C	1	204277152	-0.119860282991138	0.189565572923213	0.527197855522039
chr1:207498131:C:T	1	207498131	0.225480590182618	0.184798039927551	0.22240953125942
chr1:208744577:C:T	1	208744577	0.089155549315518	0.163278970844266	0.585043914277104
chr1:210496535:G:A	1	210496535	0.157622434615691	0.163058618141407	0.333713444376175
chr1:212937214:T:G	1	212937214	-0.164069330658501	0.145338865035745	0.258950802312949
chr1:219750864:A:G	1	219750864	-0.214489159397145	0.18731248826223	0.252172978222989
chr1:221920463:G:A	1	221920463	0.0259864800522311	0.165011498037193	0.874864327455671
chr1:227462684:A:G	1	227462684	0.216021488709926	0.202721427253045	0.286601073036428
chr1:234456961:G:A	1	234456961	0.0975133486195526	0.198524964984305	0.623292530345808
chr1:237308322:A:G	1	237308322	0.0099207282415538	0.12823540683643	0.938334448810851
chr1:239000642:T:C	1	239000642	0.345122930614836	0.217990646062224	0.113375740384771
chr1:242239801:C:T	1	242239801	0.179988441056649	0.22676603302035	0.427359211025537
chr1:244583991:C:T	1	244583991	-0.243725266034191	0.162093696133671	0.132682508423743
chr1:246213578:G:A	1	246213578	0.238723810236501	0.209259404273061	0.253951804390445
chr1:247190028:T:C	1	247190028	0.0693225543276408	0.155404983129301	0.655541785719902
chr1:247897239:C:T	1	247897239	0.047372873994565	0.174401323189696	0.785905460195635
chr2:3248328:A:G	2	3248328	0.0854985248315912	0.149156869610136	0.566501081832149
chr2:4505759:T:G	2	4505759	-0.308096868542798	0.342376579098442	0.368185618524792
chr2:6804400:G:A	2	6804400	0.201541234502912	0.163865945868696	0.218728822972066
chr2:9411790:A:C	2	9411790	-0.299476659380513	0.154148720657474	0.0520430528946314
chr2:12096367:C:T	2	12096367	-0.110459181261405	0.185663224223425	0.551881048483757
chr2:13545005:C:T	2	13545005	0.204762586119037	0.148311266910402	0.167393580490048
chr2:16009716:A:G	2	16009716	-0.117844557268542	0.174669310267266	0.499883943488128
chr2:16367899:A:T	2	16367899	-0.381657936266735	0.228812998775071	0.0953175883448028
chr2:17630111:A:C	2	17630111	-0.0906970151933228	0.136600733158832	0.506717822450256
chr2:17928966:C:G	2	17928966	-0.322747977067386	0.199442467300136	0.105608510619551
chr2:18261494:A:T	2	18261494	-0.222728535460123	0.167919474710776	0.184706954500794
chr2:19530615:T:C	2	19530615	0.0095857310072693	0.139648796981911	0.9452748243026
chr2:19562158:T:C	2	19562158	0.530776232592205	0.161394112737131	0.00100652543138047
chr2:27383116:G:A	2	27383116	0.164953119601132	0.109174657771107	0.130811295342461
chr2:37762298:C:T	2	37762298	0.00670039985805316	0.140512014643214	0.961966809830483
chr2:42010994:T:A	2	42010994	-0.000846893859937287	0.171631249001219	0.996062950090228
chr2:45824390:C:G	2	45824390	-0.351473410250314	0.255860571053754	0.169537575638921
chr2:46742820:T:C	2	46742820	-0.239689697805964	0.296821627527011	0.419366380069804
chr2:49789441:T:C	2	49789441	0.0555050479951971	0.165285947499031	0.737012442475594
chr2:49994518:G:A	2	49994518	0.0296440069697556	0.144913059179783	0.837912720055308
chr2:51284042:G:A	2	51284042	-0.161797011811814	0.171137491190248	0.344443884565059
chr2:51344078:G:A	2	51344078	-0.184832365957542	0.148242716797819	0.212462560823258
chr2:57278002:C:A	2	57278002	0.0905374633172404	0.167700061828658	0.589281625905278
chr2:57368273:A:G	2	57368273	0.0606079947958764	0.184218322892254	0.742155004618067
chr2:60075157:T:C	2	60075157	0.0539201430782564	0.325212269071156	0.868314469862955
chr2:60373837:A:G	2	60373837	-0.0641440869389801	0.162877730020166	0.693715844458747
chr2:61147014:T:C	2	61147014	0.106803944167474	0.13427654274875	0.426379205334651
chr2:61693274:A:G	2	61693274	0.157696102557295	0.16252976967728	0.331917007498975
chr2:65295480:C:T	2	65295480	0.315452304355149	0.143927873772948	0.0283983729049212
chr2:66031496:T:C	2	66031496	0.118845890276694	0.138281407375326	0.39009255467287
chr2:69165635:T:C	2	69165635	0.027741018611956	0.20450201935249	0.892096740587011
chr2:71204755:G:A	2	71204755	0.137355962858448	0.226475143434133	0.544186333883316
chr2:72022684:A:G	2	72022684	-0.0109455819102771	0.197579999936768	0.955821207419703
chr2:76651386:C:A	2	76651386	0.170395136476784	0.145501647790496	0.241563675396085
chr2:79784490:C:G	2	79784490	-0.106825581048499	0.139629300119688	0.444232453865629
chr2:82619301:T:C	2	82619301	-0.0815884846224787	0.159209231628369	0.608328572932083
chr2:83181917:T:C	2	83181917	0.0812242279021956	0.259228096182359	0.754029114591696
chr2:83400799:T:A	2	83400799	-0.00153461431378747	0.245067972865719	0.995003683870997
chr2:85744328:G:A	2	85744328	-0.0249523344201475	0.168286956709286	0.882127686171648
chr2:85757440:T:A	2	85757440	-0.0924467494157273	0.1764428092599	0.600315132188277
chr2:99811694:T:C	2	99811694	-0.118673724577515	0.181566248735758	0.513362359069597
chr2:101228073:A:C	2	101228073	-0.169172792939224	0.143527919108262	0.23852755069629
chr2:106861882:T:C	2	106861882	-0.16123740802349	0.179998421557966	0.370374956869355
chr2:108083619:T:C	2	108083619	-0.112121960813082	0.136193466153098	0.410362961036149
chr2:114129906:T:C	2	114129906	0.215475394698365	0.242768617400023	0.374769319662515
chr2:118004610:C:T	2	118004610	0.00432967105112407	0.167415555280944	0.979367552625665
chr2:119455921:A:G	2	119455921	-0.0505155780938284	0.117065470183535	0.66609350287762
chr2:120644763:G:A	2	120644763	-0.193191314017632	0.134347416896361	0.150434627495951
chr2:120916837:A:G	2	120916837	-0.0837580345824416	0.149390497061279	0.575025878576102
chr2:122628686:C:A	2	122628686	-0.226247975494169	0.207885956485	0.276450613530045
chr2:122629789:A:C	2	122629789	-0.0300889961741468	0.193229070835777	0.876256321141805
chr2:126391403:A:G	2	126391403	0.0730934595444973	0.251088630910338	0.770970091147695
chr2:127192867:G:A	2	127192867	0.187987860018127	0.142987741871788	0.188606336022746
chr2:130915743:C:T	2	130915743	-0.0677426702931934	0.12434594602134	0.58589661646742
chr2:136107122:C:T	2	136107122	-0.174777822273204	0.273913797387101	0.52342420366808
chr2:136507185:G:C	2	136507185	0.0897675088515373	0.125965751953632	0.476072113695753
chr2:141023592:C:T	2	141023592	-0.130559416039146	0.179512003690325	0.467041052606476
chr2:143017176:T:C	2	143017176	0.164590575926548	0.209394554076526	0.431849423357129
chr2:143920023:G:T	2	143920023	0.326315829684827	0.178071058092005	0.0668764470640651
chr2:144729333:C:T	2	144729333	-0.299112594871837	0.14485787610962	0.0389353596763801
chr2:148561010:G:C	2	148561010	-0.0620535846059271	0.195031455509241	0.750354329418603
chr2:154835349:G:T	2	154835349	-0.0145394557444246	0.179081470111548	0.935291601769236
chr2:164974626:C:A	2	164974626	0.0040392027055596	0.182264025687795	0.982319310217314
chr2:167086954:T:G	2	167086954	0.0311265343575524	0.132587399806009	0.814393163362205
chr2:167199229:C:T	2	167199229	0.0782438915350021	0.179066199900799	0.662143901762585
chr2:167657344:C:T	2	167657344	-0.0561800753103259	0.1514023434953	0.710589292501888
chr2:167884398:C:T	2	167884398	0.0170661858330471	0.226929936505401	0.940051886830283
chr2:168647356:T:G	2	168647356	-0.0193578849243163	0.149334849133374	0.896861241554086
chr2:170041677:A:G	2	170041677	0.404377737998051	0.19907464726798	0.0422258919020648
chr2:171274449:C:A	2	171274449	-0.0174232544747115	0.20545568256983	0.932418023084036
chr2:177787584:G:A	2	177787584	-0.20372732206866	0.153874671209109	0.185508964261548
chr2:179648558:C:T	2	179648558	0.111989347844907	0.18665009556503	0.548508768808926
chr2:180833197:G:A	2	180833197	0.0662670076233427	0.21230458561659	0.754940377349848
chr2:183527028:C:T	2	183527028	0.0627278168372447	0.19515994055336	0.74789403607101
chr2:184516924:T:A	2	184516924	0.0407137908073256	0.142142832095779	0.774549773057106
chr2:191922008:C:T	2	191922008	-0.228539001373573	0.248496614665746	0.357736568198754
chr2:195817951:G:C	2	195817951	-0.15836304292811	0.381363395770272	0.677955266603142
chr2:197010424:G:A	2	197010424	-0.0656291713304842	0.211371347890481	0.756186630722995
chr2:209101337:G:A	2	209101337	0.18196622023875	0.120916742318824	0.132352734202602
chr2:209103516:A:G	2	209103516	0.123592988926811	0.150992825690626	0.413051476634987
chr2:210957182:G:A	2	210957182	0.257531326002642	0.162636958684314	0.113313565508464
chr2:214802180:T:C	2	214802180	-0.0823820605174016	0.148623047112811	0.579372143780674
chr2:215209936:A:G	2	215209936	0.0231264655634508	0.204406481763757	0.909919888110639
chr2:215367000:G:A	2	215367000	-0.155141442734722	0.463805015263783	0.738004462334783
chr2:220997842:C:T	2	220997842	-0.207063972846465	0.115150068764133	0.0721437799088299
chr2:226027918:G:A	2	226027918	0.251580792648369	0.163177726746931	0.123132073576132
chr2:228947684:G:A	2	228947684	-0.0499646105050061	0.167742340842505	0.765806028412896
chr2:233152507:T:C	2	233152507	-0.0223985371581368	0.131632948532005	0.864885057241484
chr2:235620294:A:T	2	235620294	0.329591790990823	0.12615634644497	0.00898653190139875
chr2:237288548:A:G	2	237288548	0.0819118276790008	0.160911884233525	0.610718776109535
chr2:237513585:T:C	2	237513585	0.00794879284421049	0.142365268162515	0.955474214386563
chr2:237920759:T:G	2	237920759	-0.0454617799996593	0.145231704473479	0.75425839546719
chr2:240429648:C:T	2	240429648	0.0153035638806342	0.142651194868827	0.914567163773426
chr3:9841346:T:C	3	9841346	-0.0358010772940297	0.282708188792678	0.899228381765105
chr3:10127208:T:G	3	10127208	0.374962486338811	0.179948304921468	0.0371853382087164
chr3:14082905:A:G	3	14082905	0.120217976280297	0.188254294239959	0.523087384530772
chr3:16798495:T:G	3	16798495	0.312632809989491	0.155413607511672	0.0442602206945291
chr3:18882818:T:C	3	18882818	0.0118795030906212	0.144703452815642	0.934570767240162
chr3:20179943:G:A	3	20179943	0.048136876264332	0.176928986380598	0.78556903526189
chr3:22245167:A:G	3	22245167	0.161395374830875	0.139363860624809	0.24682882862596
chr3:24009496:G:A	3	24009496	0.00533517474670611	0.152112137148955	0.972020766942803
chr3:24010534:C:T	3	24010534	0.129286064311155	0.14515561304551	0.373105071153023
chr3:33111016:C:A	3	33111016	-0.0267139315202512	0.23211466007054	0.908374280219513
chr3:33421913:A:G	3	33421913	0.0345817224990872	0.110104172577611	0.753458872187436
chr3:34471110:A:G	3	34471110	-0.0120507016016215	0.142303451190574	0.932513308402077
chr3:34498029:C:T	3	34498029	-0.279598429242411	0.292212335703855	0.338651512499517
chr3:35230331:G:A	3	35230331	-0.10763669227113	0.190969505096448	0.573004004743382
chr3:41413926:T:C	3	41413926	-0.184365363856042	0.156448139667772	0.238619664650926
chr3:42098050:T:C	3	42098050	0.480999281448146	0.17227677247918	0.00523809761812133
chr3:46489654:A:G	3	46489654	-0.0374990011414572	0.132608959804623	0.777346414460829
chr3:56959175:A:G	3	56959175	0.297749327164186	0.247040397439988	0.228100731396555
chr3:64441608:G:A	3	64441608	0.0461100891876687	0.136768186592991	0.736011019165883
chr3:66150510:T:A	3	66150510	-0.447240080695118	0.223125223403463	0.0450234479712639
chr3:66995763:G:T	3	66995763	0.0338603334589358	0.135033020160563	0.802002799215491
chr3:68498445:T:C	3	68498445	-0.146765310568111	0.13352483070867	0.271697767757072
chr3:68824246:G:A	3	68824246	0.0858671260085888	0.133002291649487	0.518534314377075
chr3:69021248:A:C	3	69021248	0.137416373066745	0.161978403715819	0.396236224896493
chr3:69617754:T:G	3	69617754	-0.203771855618598	0.180001058406978	0.257609543081162
chr3:74191731:G:A	3	74191731	-0.133872916576294	0.158462643424176	0.398209562531583
chr3:74732240:G:A	3	74732240	-0.0614573261031817	0.130440445073786	0.637531922256476
chr3:75709324:A:T	3	75709324	-0.0495216008508757	0.154888372397954	0.749177217734203
chr3:84465702:T:C	3	84465702	-0.303547147280221	0.183086706258268	0.0973291656470003
chr3:84817748:G:A	3	84817748	-0.25367405104811	0.124845365773428	0.0421631703710035
chr3:85705423:A:G	3	85705423	-0.214978704230567	0.143532266893744	0.134192328111921
chr3:88069353:C:T	3	88069353	0.0207892671270197	0.138357926196381	0.880561741551759
chr3:93986190:G:A	3	93986190	-0.0792286457821415	0.174457996704428	0.649726863655254
chr3:101022648:G:A	3	101022648	-0.0732683482420973	0.164463542114208	0.655959161679144
chr3:105622159:T:C	3	105622159	-0.0416208281978413	0.331170754876408	0.899986936579476
chr3:106664728:C:T	3	106664728	-0.027476688165146	0.164308642807113	0.867192174443087
chr3:110774699:C:T	3	110774699	0.462055582338753	0.152778255189067	0.00249164404337843
chr3:113428518:G:A	3	113428518	-0.360320962254512	0.147565774880259	0.0146156522240102
chr3:121058963:T:G	3	121058963	-0.153691402478071	0.318704041887501	0.629636433390715
chr3:122312606:G:A	3	122312606	0.005768736633222	0.213533710358283	0.978447309024157
chr3:124193435:A:C	3	124193435	0.0698270605432017	0.14290514778256	0.625107048325276
chr3:124804582:A:T	3	124804582	-0.000738984778937739	0.243927980736261	0.997582796192237
chr3:126773646:G:T	3	126773646	0.324435746268215	0.142796679772954	0.0230857955924652
chr3:131110446:C:G	3	131110446	-0.173162999367936	0.240881684775921	0.472220043545198
chr3:131209978:G:T	3	131209978	0.203845829845004	0.190325397827167	0.284152115988356
chr3:133982842:C:T	3	133982842	0.128094723154631	0.142002300780991	0.367024518125248
chr3:134929007:C:T	3	134929007	-0.232989217305511	0.430973484146197	0.588775396729929
chr3:137777496:C:T	3	137777496	0.0239404465748103	0.199091497268736	0.904286328212863
chr3:146265901:G:T	3	146265901	0.065095420087766	0.128489068792481	0.612419899189555
chr3:148006706:G:A	3	148006706	-0.063501163444427	0.179155248176097	0.723003401629759
chr3:149679065:C:A	3	149679065	0.0536294642552835	0.127223732972655	0.673363265681885
chr3:150888061:C:A	3	150888061	0.295005048019125	0.213375933174869	0.166799795461109
chr3:152663712:G:C	3	152663712	0.0720099382470454	0.143341029440476	0.615408723724887
chr3:159417151:A:G	3	159417151	-0.0556968023845675	0.15652683460883	0.721968556299198
chr3:164899350:G:A	3	164899350	0.167579468839569	0.176916355772716	0.343524502371244
chr3:168053836:T:C	3	168053836	-0.021744978592958	0.155445153588297	0.888748142381181
chr3:171028381:G:A	3	171028381	-0.0304893087724946	0.150661601874166	0.839627892707925
chr3:174497130:T:C	3	174497130	0.141523422197664	0.126247390246466	0.262287532896128
chr3:176663180:T:G	3	176663180	0.282200085995563	0.195068723783713	0.147989348509704
chr3:196706550:C:T	3	196706550	-0.158839644158556	0.158827054022822	0.317272147603208
chr4:332191:G:A	4	332191	-0.0215563967813868	0.146106213256278	0.882706425133031
chr4:8816874:T:C	4	8816874	-0.0139609475012632	0.146137677534085	0.923891606251933
chr4:9851274:C:G	4	9851274	0.106286312694618	0.13199877724406	0.42070035455444
chr4:10725805:A:G	4	10725805	0.328492669143273	0.148733040188652	0.0272020650600205
chr4:13219910:C:T	4	13219910	-0.0497200518673048	0.16593822600429	0.764459484647344
chr4:18747099:A:G	4	18747099	0.0805765542682902	0.129565236631216	0.534007962096759
chr4:20840555:C:T	4	20840555	-0.249573630000636	0.156607801290039	0.111020734679956
chr4:21137718:C:T	4	21137718	-0.407729963531788	0.181813241700683	0.0249241866553348
chr4:26851610:T:C	4	26851610	-0.203836265637603	0.199528055973896	0.306974045906406
chr4:32302160:A:T	4	32302160	-0.238974823108149	0.205945664806667	0.245894931037632
chr4:34501888:A:G	4	34501888	-0.0640028576274685	0.226201193520761	0.777217775253005
chr4:40603484:A:G	4	40603484	-0.00506790488470627	0.140299796348448	0.971185105083489
chr4:41002348:C:T	4	41002348	-0.399788766617849	0.511455940168325	0.434409683972483
chr4:44018406:T:G	4	44018406	0.243369246244381	0.197981714320476	0.218977663621274
chr4:44680448:T:C	4	44680448	0.0883462157801188	0.134989455980265	0.51281063996695
chr4:55337032:C:T	4	55337032	0.223466692721022	0.134323304975676	0.0961828009731144
chr4:55659669:G:A	4	55659669	-0.115811794660051	0.160650127929018	0.470974423165052
chr4:56719096:C:T	4	56719096	-0.0134133996742515	0.162330612094366	0.934145642455296
chr4:58944563:C:T	4	58944563	0.228815364215076	0.19485492440629	0.240280582603197
chr4:61158247:C:G	4	61158247	0.0205364612768215	0.144632177876622	0.887087148980207
chr4:64485722:G:A	4	64485722	-0.00584889531060685	0.225142056377895	0.979274336969806
chr4:67708732:C:T	4	67708732	-0.0855841476593321	0.15362986798348	0.577472679064662
chr4:67911021:C:T	4	67911021	0.0865971467660327	0.151843449396026	0.568470544958715
chr4:90022599:G:T	4	90022599	-0.0378399977103471	0.158494994908985	0.811302781655859
chr4:95020597:A:T	4	95020597	0.067313799096106	0.228023249551829	0.767836627042508
chr4:95433170:T:C	4	95433170	-0.190792731465925	0.348003946362514	0.583521106794822
chr4:97398054:G:A	4	97398054	0.130067317390715	0.144317815518052	0.367452147781677
chr4:98823404:T:C	4	98823404	0.0141234564697717	0.157442979142142	0.928521470796293
chr4:99262681:C:G	4	99262681	-0.095205863673441	0.1321976999148	0.471415460880738
chr4:99355957:G:T	4	99355957	-0.142198019742352	0.147028899005813	0.333472384593565
chr4:101085120:T:C	4	101085120	0.0723365833779823	0.164782984064945	0.660675372816433
chr4:102399971:C:T	4	102399971	0.0532590889468902	0.208064940111269	0.79797138135777
chr4:102884286:T:C	4	102884286	-0.117778352298749	0.136334468748311	0.387646837416763
chr4:105992845:C:T	4	105992845	-0.00845313537813224	0.157485939978368	0.957193708859354
chr4:108791253:G:A	4	108791253	0.323150387223674	0.137150339326244	0.0184641492676422
chr4:110191180:A:G	4	110191180	0.172900912704435	0.226207021866393	0.444659814414277
chr4:110957298:T:A	4	110957298	0.142253594893732	0.139137424603168	0.306593347931469
chr4:113348012:C:T	4	113348012	0.215283755870275	0.138683700823584	0.120581754369128
chr4:115515844:A:G	4	115515844	0.159200526232102	0.290708229541782	0.58394603666192
chr4:115522695:G:A	4	115522695	-0.0317029939969273	0.13475812847309	0.814008110154142
chr4:120770744:A:C	4	120770744	0.0639154139387021	0.137111597540718	0.641103736677474
chr4:123964831:A:G	4	123964831	0.375548563648267	0.148561540577775	0.0114747370345206
chr4:125256344:T:C	4	125256344	0.154550562125187	0.197166963011682	0.433124446014928
chr4:126268710:T:G	4	126268710	0.105136854897533	0.170717640173723	0.53799199213784
chr4:134094420:T:C	4	134094420	0.370305339722408	0.193712397194747	0.0559243909119359
chr4:134350906:C:T	4	134350906	-0.199771395340394	0.159960955384574	0.211710437318801
chr4:138952375:G:A	4	138952375	0.0479593264477155	0.129374691934479	0.71086025249345
chr4:141012527:T:G	4	141012527	-0.308889981444654	0.351729102931626	0.379832903926671
chr4:141618953:G:A	4	141618953	0.174897035582311	0.214160784423892	0.414121450050924
chr4:143626434:A:G	4	143626434	-0.292145288057227	0.377387777533794	0.438856914287166
chr4:149616644:T:G	4	149616644	0.194159564177029	0.178520374657115	0.27676973995729
chr4:154030957:C:G	4	154030957	-0.347428226849208	0.350914620357164	0.322142428345482
chr4:168588553:A:C	4	168588553	-0.734237300643031	0.341233200016597	0.0314196450226055
chr4:171334248:A:T	4	171334248	0.367406309519082	0.194855463000887	0.0593579800292177
chr4:171974219:A:G	4	171974219	0.0452224587957317	0.177749956110489	0.799174078505731
chr4:176312841:C:T	4	176312841	-0.407685822841075	0.182867329179752	0.0257867936124262
chr4:179329624:T:G	4	179329624	0.00801987229437151	0.15867206411525	0.959689130904972
chr4:183032183:A:G	4	183032183	-0.318041160771768	0.20126809004302	0.114064114696747
chr4:184991673:A:G	4	184991673	-0.0517253693887467	0.13706994509314	0.705902538440322
chr4:189912372:C:T	4	189912372	-0.0458194459870736	0.174579808184377	0.7929702221139
chr5:79496:A:G	5	79496	0.0765467721049368	0.180698502733022	0.671845904185122
chr5:5313703:A:G	5	5313703	-0.185980362632275	0.186900248278212	0.319698232400125
chr5:7364955:T:A	5	7364955	0.378613563849762	0.156800035455864	0.0157513404766206
chr5:8067079:G:C	5	8067079	0.0155745322508098	0.178628530003336	0.930520885206872
chr5:13911296:G:T	5	13911296	0.203190240599925	0.168980185630224	0.229189189519912
chr5:15621966:C:G	5	15621966	0.173997678087093	0.125319016612713	0.165003728143601
chr5:15997511:T:A	5	15997511	-0.00154437076644178	0.227904960044607	0.994593271862114
chr5:17902851:T:C	5	17902851	0.300670205224062	0.176077413038905	0.0877101510627056
chr5:20719353:A:C	5	20719353	-0.0398120570130985	0.240562106373953	0.868553628529284
chr5:20732163:G:T	5	20732163	0.105889161279603	0.140474247115722	0.450970718545565
chr5:21913130:A:C	5	21913130	0.0857008427731071	0.135760271974901	0.527866619163427
chr5:23682774:A:T	5	23682774	-0.0642820144397814	0.18085370894514	0.722262587407964
chr5:23787194:A:C	5	23787194	0.190603899400484	0.145137897213549	0.18909510964836
chr5:23895775:T:G	5	23895775	0.113641632569215	0.141152009612385	0.420761364136291
chr5:25693600:A:G	5	25693600	0.411482468167407	0.26438570328777	0.119619693204076
chr5:33466391:T:A	5	33466391	-0.0520522546725559	0.132304456658203	0.69400352152076
chr5:33624899:A:G	5	33624899	0.424205933749422	0.191094056008208	0.0264268929155713
chr5:39550509:T:G	5	39550509	-0.0392266799150179	0.131705472547326	0.765828053943147
chr5:39634108:G:A	5	39634108	-0.395211857230813	0.210965551957947	0.0610203702244935
chr5:39978357:G:A	5	39978357	0.0655578575481398	0.108277236100564	0.544871418242413
chr5:40238036:C:A	5	40238036	0.494622826092679	0.268178522063927	0.0651279300613072
chr5:44011742:G:T	5	44011742	-0.180130420178587	0.189955580613445	0.342988692219079
chr5:50222627:G:A	5	50222627	0.325142352862738	0.325100664681781	0.317248455251588
chr5:54814079:C:T	5	54814079	0.00608805338388088	0.170855991053061	0.971575266189533
chr5:66989845:C:A	5	66989845	0.035422899956133	0.120008232427336	0.767863572574587
chr5:66992139:G:A	5	66992139	0.329211650554553	0.162558554344901	0.0428480526718681
chr5:73076502:T:C	5	73076502	0.0290548579046888	0.108664618963893	0.789175802631531
chr5:76998986:C:A	5	76998986	-0.178025606175597	0.153112530587336	0.244946823162683
chr5:77675144:G:C	5	77675144	-0.272801104284964	0.326085477172027	0.402820904525309
chr5:80530472:T:A	5	80530472	0.122586516774221	0.21017415468329	0.559717198871451
chr5:81710558:G:T	5	81710558	-0.0507389202489987	0.123745740946527	0.681787176899289
chr5:82792281:C:G	5	82792281	-0.0786743966434425	0.162395279322495	0.628057786920135
chr5:84879932:A:G	5	84879932	-0.0475357469291338	0.108801175292222	0.662180449391028
chr5:85476293:A:G	5	85476293	0.0595278913930973	0.230885639449806	0.796542633265455
chr5:85809583:T:C	5	85809583	0.0531445221511586	0.127534900193406	0.676893671479497
chr5:92192959:A:T	5	92192959	0.0352101086487527	0.194865222876087	0.85661126482227
chr5:94648523:C:G	5	94648523	0.253922694921701	0.148654343118444	0.087610037357423
chr5:98024666:G:A	5	98024666	-0.32889799987081	0.229464635241446	0.151764231867483
chr5:101328324:T:C	5	101328324	0.129619608766779	0.159637807794816	0.416814244975032
chr5:101825779:A:C	5	101825779	-0.340290883523072	0.161499386391483	0.0351113129884115
chr5:106773905:G:A	5	106773905	-0.0769531756803918	0.145074369436288	0.595807246822917
chr5:110045491:C:T	5	110045491	-0.258532106106323	0.244091759085199	0.289527145002463
chr5:114915760:G:T	5	114915760	0.0113624622102337	0.146419630175881	0.938144618437078
chr5:115102683:A:G	5	115102683	-0.207891007609241	0.160361359523415	0.194840844740572
chr5:117238479:G:A	5	117238479	-0.155968381923349	0.225415217566697	0.488990120410508
chr5:121740415:G:T	5	121740415	-0.234446672401268	0.182900476910934	0.199903526984334
chr5:137227416:A:T	5	137227416	-0.0375403615827397	0.19407120292561	0.846617506235396
chr5:137406489:C:T	5	137406489	-0.235245660730465	0.206344093102181	0.254259257995948
chr5:140638650:G:A	5	140638650	-0.157948872705007	0.149016034394097	0.289169401496915
chr5:142682003:T:C	5	142682003	-0.080532022080376	0.128732526232902	0.531592864299647
chr5:144183699:A:G	5	144183699	-0.0502323711402025	0.146545528245498	0.731766565919553
chr5:145690757:G:T	5	145690757	0.052990432193598	0.180717435411441	0.76935202788219
chr5:147282093:C:T	5	147282093	0.0987647251518228	0.220254854493502	0.653856520667688
chr5:148033208:G:T	5	148033208	-0.113246392942657	0.238527195313445	0.634948418465146
chr5:151763317:T:C	5	151763317	-0.0390382217227345	0.202535107764249	0.847156388570505
chr5:153541577:C:T	5	153541577	-0.31254663974489	0.293713634260209	0.287274207157849
chr5:160435085:T:G	5	160435085	-0.0456873117149261	0.333887704105116	0.891161720383693
chr5:164252995:G:C	5	164252995	0.121212615440512	0.230160666934056	0.598441189353093
chr5:168245100:T:C	5	168245100	0.119109739108007	0.109920598041197	0.278543082385388
chr5:169455657:C:T	5	169455657	-0.0527440677464832	0.127339617559176	0.678727652435059
chr5:169808985:G:C	5	169808985	0.0098090237380725	0.194469640717599	0.959771863741549
chr5:172672695:T:C	5	172672695	-0.110618297978074	0.14347977136313	0.440725958720954
chr5:173346700:A:C	5	173346700	-0.0835334579631277	0.198255606869577	0.673505202976762
chr5:177122146:G:C	5	177122146	-0.00746076697468594	0.174366998824831	0.96587075006636
chr6:1084246:G:A	6	1084246	-0.164424303780561	0.248460681777655	0.508117401092086
chr6:3041612:C:A	6	3041612	-0.0749602122424754	0.129082641503579	0.561432623164482
chr6:3673174:A:G	6	3673174	0.380599033122791	0.242632705457247	0.116736010982273
chr6:3786319:G:C	6	3786319	-0.0939136692667274	0.167758818616063	0.575606581789248
chr6:6090729:G:T	6	6090729	0.160844802882238	0.206002324025066	0.434925307461736
chr6:6354181:A:T	6	6354181	0.113394994717045	0.156505546216871	0.468732451046643
chr6:6456261:T:C	6	6456261	0.212151143592026	0.161666949994305	0.18942810108616
chr6:7642514:C:G	6	7642514	-0.0758357170301137	0.14654667112565	0.604817575774669
chr6:12212257:G:A	6	12212257	0.244987167482097	0.302276281283736	0.417667610964547
chr6:21494280:T:C	6	21494280	0.173136621014831	0.162583202481377	0.286916261627252
chr6:23163726:T:C	6	23163726	0.203926146867018	0.265611309251095	0.442628869716309
chr6:23344439:T:A	6	23344439	0.0732278263382267	0.162879443132245	0.653011158643253
chr6:24077828:C:T	6	24077828	-0.570157452189343	0.446074031396514	0.201190275879754
chr6:26287827:G:A	6	26287827	0.151355858855566	0.144236774178457	0.294013872198203
chr6:27261142:G:T	6	27261142	0.124780424907057	0.265555492692214	0.638437498493651
chr6:31108549:A:G	6	31108549	-0.0486364223841468	0.115691763371827	0.674195761490011
chr6:31845997:T:C	6	31845997	-0.105886846516133	0.163879044702551	0.518196435190514
chr6:32660000:G:C	6	32660000	-0.144979054629597	0.270157910329979	0.591512437595265
chr6:33148933:A:G	6	33148933	-0.082245655920685	0.13301629970246	0.536369288800274
chr6:37400014:G:T	6	37400014	-0.191928199891241	0.12716850428375	0.131236645005474
chr6:39124093:C:T	6	39124093	0.0805730206228655	0.129585322731301	0.534089286379113
chr6:45195864:C:T	6	45195864	0.0507941158970424	0.140249079144713	0.71722442692793
chr6:46738257:G:A	6	46738257	0.255784948348709	0.189962400262127	0.178140342495701
chr6:47717919:C:A	6	47717919	-0.131695894414778	0.167440342843417	0.43156040272224
chr6:48859012:C:A	6	48859012	-0.375672662117645	0.235858535535721	0.111207741854986
chr6:49860743:T:G	6	49860743	-0.141705797331724	0.174795403464708	0.417540721465117
chr6:53292416:C:G	6	53292416	-0.292475561976385	0.165576946192104	0.0773283153238005
chr6:54457248:C:T	6	54457248	0.0652585203843595	0.196955167600598	0.740389999862077
chr6:57513520:G:A	6	57513520	0.0222949582975415	0.288620809543554	0.938427420343685
chr6:67461006:G:C	6	67461006	0.107766439370896	0.192252888690228	0.575107598894717
chr6:69504128:A:G	6	69504128	0.396559993483027	0.164840847000832	0.0161408792634564
chr6:81137001:T:C	6	81137001	-0.0250780692709117	0.137867906744478	0.855661790616023
chr6:84758749:C:T	6	84758749	0.21079560727599	0.153842042779081	0.170621962422232
chr6:86667874:G:T	6	86667874	0.199468007428302	0.192437478805617	0.299953042940412
chr6:87387916:G:T	6	87387916	-0.0770372382797497	0.166412541415775	0.643415057857097
chr6:88566465:G:A	6	88566465	-0.0703271769412226	0.115068834416531	0.541083835287291
chr6:93273487:T:C	6	93273487	0.224717493734207	0.257135420789157	0.382158207071119
chr6:97788153:C:A	6	97788153	-0.0594055421575426	0.30058775441423	0.843333560874084
chr6:98771646:C:T	6	98771646	0.0542862520214745	0.239238860079257	0.820491898386103
chr6:104918249:A:G	6	104918249	-0.0526060816684098	0.152420633440294	0.729990976525494
chr6:107129138:A:G	6	107129138	0.101128780451465	0.140777582440286	0.472536235453132
chr6:112187089:T:C	6	112187089	0.128829933780708	0.141758184668378	0.363455350722023
chr6:118046853:T:C	6	118046853	-0.243175981445748	0.159212473352033	0.126669615732561
chr6:121081137:A:G	6	121081137	-0.173910445489117	0.155376818325166	0.263019936070945
chr6:123103197:T:C	6	123103197	0.0991239581487671	0.130399788935409	0.447162368019568
chr6:127784009:G:A	6	127784009	0.153848413392344	0.145768159969773	0.291227691283088
chr6:129527930:G:A	6	129527930	0.0124454153342615	0.140834489240702	0.929583329575961
chr6:137254996:T:C	6	137254996	0.366544750351836	0.176529548446558	0.0378576015664189
chr6:138165202:C:G	6	138165202	0.207997222763651	0.227321973612021	0.360197133644022
chr6:139464917:T:A	6	139464917	0.149851129978705	0.137222155044562	0.274818569864779
chr6:151547601:G:A	6	151547601	0.132557721278874	0.12853885517283	0.302416206260234
chr6:152638179:C:T	6	152638179	0.0980521839898973	0.157742712787156	0.534207782489529
chr6:153842833:G:A	6	153842833	-0.0659022753504291	0.152925173430821	0.66650866423205
chr6:156754666:T:G	6	156754666	0.0292647636073939	0.261431859301173	0.910870733977582
chr6:160701242:A:G	6	160701242	0.231677813724363	0.155558395995184	0.136400444514512
chr6:160909689:G:C	6	160909689	0.0867036503155212	0.213110001122944	0.684118690528188
chr6:161970870:T:G	6	161970870	-0.110372870587264	0.167060811063243	0.508820877826531
chr6:162760256:C:T	6	162760256	-0.241805359912299	0.19285187545927	0.209900234136107
chr6:163629327:G:A	6	163629327	0.193359907840817	0.134053722942846	0.149187843720646
chr6:167509019:C:T	6	167509019	-0.0485312957955042	0.137779298396602	0.724658739774754
chr7:6986920:C:A	7	6986920	0.135955093731512	0.155435996699224	0.381753871351501
chr7:7863676:G:A	7	7863676	0.314458251963211	0.167712006283025	0.0607941671061231
chr7:8111839:A:G	7	8111839	-0.156948900798973	0.160058056349895	0.326802453417587
chr7:9602661:C:A	7	9602661	0.211049330548224	0.145175046995002	0.146013517456283
chr7:10804524:T:C	7	10804524	-0.391067695078722	0.591253236791508	0.508341941530233
chr7:11334355:C:A	7	11334355	0.150633668504479	0.175719118278948	0.391311595118372
chr7:12476280:G:A	7	12476280	-0.0730165260131603	0.134975896459805	0.588535331949664
chr7:12972158:C:G	7	12972158	-0.164341454761669	0.191472724827525	0.390725632824988
chr7:20850990:A:T	7	20850990	0.0615546494060025	0.111051373242888	0.579380493190143
chr7:22822020:C:A	7	22822020	0.0452658036286001	0.119912753544682	0.70580987686151
chr7:24140802:T:C	7	24140802	0.126199228424148	0.125162038626612	0.31331680950059
chr7:24278575:A:G	7	24278575	-0.439176000168877	0.265899798427317	0.0986039279383938
chr7:24620726:T:A	7	24620726	0.202000822332873	0.134992165148845	0.134552253963054
chr7:24740434:C:T	7	24740434	-0.275004053865372	0.129993775072352	0.0343858991928856
chr7:28505993:C:T	7	28505993	-0.0215044592259805	0.181307726043273	0.905586309572629
chr7:36413989:G:A	7	36413989	-0.0882250313602208	0.212738086056277	0.678352766577375
chr7:41157573:G:A	7	41157573	-0.0539135451614139	0.176452017527276	0.759953202094591
chr7:43755241:C:T	7	43755241	0.168515997171662	0.130451674393727	0.196430334237994
chr7:44689517:A:G	7	44689517	-0.0481876756703377	0.182820287155354	0.792103974427632
chr7:46192346:C:G	7	46192346	0.0875079806632542	0.135526552875757	0.518480899277509
chr7:46368666:G:A	7	46368666	0.398251292500765	0.239637265515981	0.0965343991930051
chr7:47748540:G:T	7	47748540	-0.548740689167733	0.375578548649318	0.144000514298219
chr7:48301675:T:C	7	48301675	-0.188594945110948	0.187047244635808	0.313322757570638
chr7:51890159:C:T	7	51890159	-0.048079105685394	0.18082629894955	0.790327329661466
chr7:53046603:C:G	7	53046603	-0.011288872113006	0.203482246270174	0.955757327325826
chr7:55663907:C:A	7	55663907	0.0143913630709506	0.12869882855613	0.910964527032158
chr7:56122201:A:G	7	56122201	0.183873526460943	0.146249086668386	0.208658513721738
chr7:62910214:G:T	7	62910214	-0.188285039530318	0.196404635320139	0.337730640959417
chr7:65406204:G:T	7	65406204	-0.144118145355512	0.195982801670739	0.462119554116116
chr7:67766433:G:A	7	67766433	0.0657754388835001	0.134513063163273	0.624849323290771
chr7:68433432:T:C	7	68433432	-0.0510255053908126	0.112556639478189	0.650309828579588
chr7:71020152:T:G	7	71020152	0.219881155916812	0.171301573903571	0.199285105836175
chr7:71553830:T:C	7	71553830	0.00741028197831297	0.160903291296049	0.963267002696609
chr7:78390279:T:G	7	78390279	-0.0260977982940422	0.1159423025656	0.821906942672482
chr7:83524616:A:T	7	83524616	-0.0291878955466431	0.12491426108169	0.815246275228016
chr7:84786535:C:A	7	84786535	-0.17053358126403	0.174193472690534	0.32758516610421
chr7:86620755:G:A	7	86620755	0.0772724252285665	0.174116761512706	0.657189653165367
chr7:89207269:G:A	7	89207269	0.0753276607074973	0.152739212549221	0.621886630013959
chr7:91097147:A:G	7	91097147	-0.15267098818557	0.18793354949792	0.416581154150402
chr7:96212691:T:C	7	96212691	0.126743773995545	0.201310385771421	0.528960370535506
chr7:103095283:G:A	7	103095283	-0.00978040653099621	0.167297579849094	0.953381318678494
chr7:104663551:G:A	7	104663551	0.55512106770819	0.271319282695202	0.0407557124034708
chr7:113434486:A:C	7	113434486	-0.056451259692458	0.123254315584595	0.646947876326627
chr7:113749820:G:A	7	113749820	0.0696569324901856	0.145581450300431	0.632312906477919
chr7:117145973:C:G	7	117145973	-0.139025871560338	0.184206929590494	0.450413036550272
chr7:119808046:G:A	7	119808046	0.261132676395936	0.178284436427169	0.143003608068156
chr7:122582926:C:G	7	122582926	0.0710499311243817	0.194080996987302	0.714302459951552
chr7:124802410:A:T	7	124802410	0.0818581633349785	0.108537755203158	0.45073473350214
chr7:129047886:A:G	7	129047886	-0.167987028987631	0.262911359207547	0.522855914674795
chr7:131384702:T:A	7	131384702	0.133733803530735	0.153640681161992	0.384064229755723
chr7:136870573:G:A	7	136870573	0.295450980943911	0.198572225394748	0.136783422039485
chr7:142873374:T:C	7	142873374	-0.0805169530028122	0.151901862280639	0.596071007366307
chr7:143187070:C:T	7	143187070	-0.0324452548542027	0.279606935025812	0.907621786875657
chr7:145116884:A:G	7	145116884	-0.0657558567772015	0.158205076385973	0.677675770571171
chr7:149242006:T:C	7	149242006	0.199753427703745	0.138110309332735	0.14808396688261
chr7:153502245:G:A	7	153502245	0.215240667498415	0.160578722418612	0.180113417498586
chr7:153952270:G:A	7	153952270	0.0487330845588494	0.16943048947251	0.773630914075866
chr7:154426289:T:C	7	154426289	0.0445443118129117	0.245793545738773	0.856189770096007
chr7:156975524:A:T	7	156975524	0.0872494476900474	0.187815051261896	0.642253876577415
chr7:157677820:C:T	7	157677820	-0.0251715705689869	0.19948304494122	0.899586268236325
chr8:276778:A:T	8	276778	0.106103700829458	0.141013777198347	0.451789507854741
chr8:1102873:G:T	8	1102873	-0.0441089325331158	0.196905304031359	0.822748829039389
chr8:8710521:T:C	8	8710521	-0.0991763430245408	0.113731064545447	0.383194684266946
chr8:9029509:T:C	8	9029509	-0.017718207950272	0.149026501756864	0.905360127207548
chr8:9109096:A:G	8	9109096	-0.155945170308931	0.134935221228552	0.247802265446606
chr8:9827297:A:G	8	9827297	-0.135618051284019	0.111337321475734	0.223192594699264
chr8:10675470:T:G	8	10675470	-0.295064379851439	0.212534650561424	0.165042096850996
chr8:13032868:C:A	8	13032868	0.0558197485587571	0.140288659524877	0.690709727724747
chr8:14391498:A:G	8	14391498	-0.547952279769313	0.489587952416646	0.263050083274183
chr8:16627132:C:G	8	16627132	-0.135482372300663	0.277786043781358	0.625746747577197
chr8:17129593:A:G	8	17129593	-0.470092525993472	0.249632302064162	0.0596814233378841
chr8:20741226:C:T	8	20741226	0.138151946262176	0.154278821592203	0.370536277109177
chr8:23115837:G:A	8	23115837	-0.133727823817847	0.187763627220454	0.47633246732859
chr8:25783762:T:C	8	25783762	-0.107786827394918	0.165534893980424	0.514954415408806
chr8:27010051:G:C	8	27010051	0.244522458389932	0.21523512851926	0.255926713382967
chr8:27022227:G:T	8	27022227	0.091613789950767	0.132894680209188	0.490589585052444
chr8:28150898:A:G	8	28150898	0.228958234505941	0.140260828949936	0.102600566612352
chr8:28528484:G:T	8	28528484	-0.333542333504115	0.15508654083708	0.0315010525590261
chr8:29917542:C:T	8	29917542	0.194438937642521	0.19131193615797	0.309465107044863
chr8:37085597:G:A	8	37085597	0.156423380316987	0.155157079361203	0.313376979147934
chr8:41788192:C:T	8	41788192	-0.156994419753918	0.143803407674957	0.274952022656316
chr8:42055528:T:G	8	42055528	0.0406260783129887	0.148796592339155	0.784829407135939
chr8:50763512:C:T	8	50763512	-0.0870427459441633	0.179272852662799	0.627298863872811
chr8:51570259:T:G	8	51570259	-0.479419026875788	0.325599339579819	0.140907456426061
chr8:53142705:G:A	8	53142705	0.0889573964575991	0.112886207689736	0.430680825531928
chr8:60609620:T:A	8	60609620	-0.0584503261655487	0.165485752582368	0.723935072607406
chr8:61304314:G:C	8	61304314	0.0498027166855672	0.154201105887547	0.746716068668207
chr8:61926940:A:T	8	61926940	0.0862921557489143	0.11619259344163	0.457684611644369
chr8:63445672:G:A	8	63445672	0.0690314522027196	0.153579585135472	0.653083083135904
chr8:65343369:C:A	8	65343369	0.0944329444973429	0.13132868572535	0.472105172733114
chr8:65418628:G:T	8	65418628	0.06371858759485	0.151482611782581	0.674023082268574
chr8:71273350:T:A	8	71273350	0.280181152773937	0.180499853694671	0.120602078818957
chr8:72033005:T:C	8	72033005	0.074455680978819	0.232639269281995	0.74893211294013
chr8:72065200:T:A	8	72065200	0.137770111446468	0.149353130797308	0.356296287511343
chr8:73211475:T:C	8	73211475	-0.163557097865833	0.174082605060505	0.347454959285222
chr8:75992459:A:G	8	75992459	0.0960416565677908	0.245811942017273	0.696010184746376
chr8:78402394:T:A	8	78402394	0.200026753684374	0.293691629322246	0.495822468256103
chr8:79795588:T:G	8	79795588	-0.161112655507822	0.264833515785601	0.542952395778779
chr8:86323708:T:C	8	86323708	0.0153012931546846	0.114023546992859	0.893249050406824
chr8:89525432:A:G	8	89525432	0.0358535855072272	0.147521656183618	0.80797481933455
chr8:92001032:A:G	8	92001032	0.266272000990979	0.158082031052328	0.092106067140268
chr8:92645879:A:G	8	92645879	0.312718214336277	0.150985596061919	0.0383420598959231
chr8:95906161:G:A	8	95906161	-0.266407428377748	0.141235904798785	0.0592601263838698
chr8:96365126:C:T	8	96365126	0.0184850582679677	0.113456823145123	0.870576755514532
chr8:97430280:G:A	8	97430280	0.0676404701375579	0.26064864956934	0.795243131563827
chr8:98002322:C:T	8	98002322	-0.148748991857961	0.16545971542967	0.368650382466181
chr8:98018653:A:G	8	98018653	0.0319652335214438	0.134536855922555	0.812195521572498
chr8:104471980:T:G	8	104471980	0.154958513147194	0.218932064176376	0.479074010754356
chr8:106920372:G:A	8	106920372	0.495943659739366	0.174829698572137	0.00455789464539313
chr8:108142424:A:G	8	108142424	0.130329863458847	0.12465958813694	0.295798373306865
chr8:109421925:C:T	8	109421925	-0.00195603229464751	0.118318027587666	0.98680998228252
chr8:116252872:C:T	8	116252872	-0.089947205942868	0.120914412473496	0.456942106728561
chr8:116821900:C:T	8	116821900	0.22457603702965	0.198154059047084	0.257071254921441
chr8:119015250:G:A	8	119015250	-0.0953190182316163	0.38091073369109	0.802401923564306
chr8:121384602:C:T	8	121384602	-0.0109329103705346	0.126646306147965	0.931207011094329
chr8:127029052:C:T	8	127029052	0.229392982848017	0.146957024607449	0.118534881821663
chr8:128437247:A:G	8	128437247	-0.0372728099724822	0.122859636029619	0.76160243406748
chr8:131111695:G:T	8	131111695	0.122462174987697	0.19105900281143	0.521545282726747
chr8:131315237:G:A	8	131315237	-0.114658496666459	0.127411663938885	0.368170377848483
chr8:135895676:A:T	8	135895676	0.0911022617014671	0.171018514544118	0.594238436344436
chr8:138585221:A:T	8	138585221	-0.0521395316580023	0.216200301808485	0.809428720872543
chr8:141605122:C:T	8	141605122	0.151733126929468	0.144626510514137	0.294114739562087
chr9:733358:A:C	9	733358	0.0442358357700169	0.127830084598658	0.72930375722487
chr9:5461379:C:T	9	5461379	0.126055282485272	0.146329964178676	0.388992750595058
chr9:11397008:T:G	9	11397008	0.0425463426029393	0.179597997438697	0.812736197172234
chr9:11517950:T:C	9	11517950	0.296034951836943	0.326218188195306	0.364155499548871
chr9:11955148:T:G	9	11955148	0.097157812701122	0.152115992361132	0.523012430685621
chr9:12389360:A:G	9	12389360	-0.0175671883641738	0.149383885417387	0.906386496275516
chr9:12615226:G:C	9	12615226	0.0282250309601332	0.110765596841335	0.798863929389304
chr9:13582959:T:A	9	13582959	0.451652107787969	0.200514789572137	0.0242930399151591
chr9:13820455:C:G	9	13820455	-0.236822705258782	0.14984681860933	0.114007971095108
chr9:14098421:G:A	9	14098421	-0.0216060322893765	0.128676307294944	0.866654122512089
chr9:18952915:A:G	9	18952915	-0.0152487861517649	0.138116229333447	0.912087821319201
chr9:21476808:G:A	9	21476808	-0.956592977879498	0.461421332412286	0.0381588577841956
chr9:29651949:A:G	9	29651949	0.0940600373486155	0.124715605121337	0.450731409964702
chr9:32058643:A:T	9	32058643	-0.0926249626922587	0.182580236446628	0.611936620211879
chr9:37013405:C:T	9	37013405	-0.0192018084591069	0.142399809860599	0.892734947257689
chr9:37992585:C:T	9	37992585	0.0655634739708813	0.162363330528886	0.68635453734263
chr9:72294932:G:A	9	72294932	-0.386917371454923	0.36498331252467	0.289100900234296
chr9:73616570:C:T	9	73616570	0.0253123478101934	0.173287706349443	0.883865160649389
chr9:76464251:C:G	9	76464251	-0.0917881955206344	0.249121239838692	0.712539292970512
chr9:79067117:C:T	9	79067117	0.360580586759443	0.216031128921744	0.0950947846437338
chr9:82773489:T:C	9	82773489	-0.0857656521738595	0.371053986016282	0.817205551268364
chr9:89995415:A:G	9	89995415	0.0886512215807375	0.193699602069379	0.647186855965206
chr9:91844381:C:T	9	91844381	-0.0673246255027427	0.182641793883674	0.712414220921335
chr9:94568472:C:A	9	94568472	-0.113746121327882	0.154372987339207	0.461227813006372
chr9:95559980:C:T	9	95559980	-0.343776334268318	0.298582243116372	0.249583222156634
chr9:96162075:C:T	9	96162075	0.215402309874239	0.136159718678583	0.113653535848853
chr9:97240484:A:G	9	97240484	0.386504713486833	0.171651921649162	0.0243426802857496
chr9:100192956:A:G	9	100192956	0.0333307603899925	0.161791929879559	0.836783076247316
chr9:100529836:G:C	9	100529836	0.0879043750773265	0.146976754536705	0.549784204251813
chr9:101460357:C:T	9	101460357	0.0686512563749467	0.192448190640701	0.721297004936654
chr9:103293239:C:G	9	103293239	0.0768181921050511	0.192698024844272	0.690154462558459
chr9:105684376:G:T	9	105684376	-0.273293218630174	0.42321208179052	0.518435126067124
chr9:106822394:G:C	9	106822394	0.00312803479110054	0.244084064147785	0.989775070488458
chr9:107904127:G:A	9	107904127	-0.207029120005321	0.136772741971978	0.130108956921706
chr9:117420412:T:C	9	117420412	-0.00497708142055924	0.148008717542131	0.973174633169448
chr9:117972207:C:A	9	117972207	-0.160431836847669	0.152321262322204	0.292228030490431
chr9:118511323:G:A	9	118511323	0.269820848500258	0.163612624528447	0.0991180491206559
chr9:121356498:A:G	9	121356498	0.257368434226626	0.179566817554016	0.151779575664439
chr9:124044726:T:G	9	124044726	0.162403124322828	0.158417328860656	0.305287652526106
chr9:125005426:C:T	9	125005426	0.319473489759783	0.143920227177688	0.0264326444635116
chr9:129533341:A:G	9	129533341	-0.076919487259787	0.120990805859319	0.524941631237544
chr9:136630984:C:T	9	136630984	-0.139739391760676	0.11322513699949	0.217138496299476
chr10:2050300:A:G	10	2050300	0.0372010112038299	0.135300561319459	0.783353960443808
chr10:3113976:C:T	10	3113976	-0.302656953909371	0.16789003999874	0.071433864549364
chr10:4591592:T:C	10	4591592	-0.341734056777941	0.216030236713744	0.11367681324864
chr10:7462546:C:T	10	7462546	-0.0255887700648639	0.160842428224429	0.873596261346875
chr10:7849544:T:G	10	7849544	0.106063888735668	0.172697618344583	0.53910991101817
chr10:9367893:G:A	10	9367893	0.049106155512676	0.126339616912023	0.697510107928344
chr10:10628189:C:T	10	10628189	0.226598247589751	0.144725744417434	0.117417005905441
chr10:14014383:T:C	10	14014383	0.147826940469134	0.130143079713786	0.256006728307947
chr10:16341555:C:T	10	16341555	0.0467764632820751	0.150720654998567	0.756293258507408
chr10:18075702:C:T	10	18075702	0.0341948275408113	0.166497116064204	0.837276887897996
chr10:20923823:C:G	10	20923823	0.355935201914548	0.209595094712456	0.0894692895493887
chr10:26220185:A:C	10	26220185	0.148453922004359	0.218303850679055	0.49648327737346
chr10:27289376:T:C	10	27289376	0.179302055296796	0.145786967987155	0.218737987971367
chr10:27674317:A:G	10	27674317	-0.216186928131734	0.140090276115704	0.122782925598577
chr10:28771902:G:A	10	28771902	-0.279103911464614	0.229009988480636	0.222942429776577
chr10:28891836:C:T	10	28891836	0.140707645166625	0.128782810266625	0.27457100895559
chr10:30622484:G:A	10	30622484	-0.148634900702414	0.157017428736724	0.343835493030897
chr10:35177843:G:T	10	35177843	-0.0880402548270994	0.17599695681053	0.616907947781606
chr10:43613180:G:A	10	43613180	0.243420999271808	0.205923461132599	0.237168190221538
chr10:44139011:T:C	10	44139011	0.193257280244891	0.238187715555683	0.417155840772697
chr10:45036473:A:G	10	45036473	-0.270142593690081	0.172755024295592	0.117880473163201
chr10:51560095:T:G	10	51560095	0.0400713146343757	0.127803120220854	0.753870885755514
chr10:54072488:A:G	10	54072488	0.00490293909386581	0.154615160702239	0.974702843733389
chr10:54082016:C:T	10	54082016	0.0451341388656417	0.169827554899675	0.790420568580025
chr10:55299918:G:C	10	55299918	-0.184383010243192	0.183677888097751	0.315456268095856
chr10:56747004:T:C	10	56747004	0.247032540035613	0.175413947747123	0.159047187147135
chr10:57761967:T:C	10	57761967	0.397547919532668	0.176757824427682	0.0245054520548137
chr10:61894829:G:A	10	61894829	0.15009270808985	0.193050639714375	0.436876556190808
chr10:62473064:C:G	10	62473064	-0.219477498339883	0.196229065430152	0.263363755178261
chr10:65713195:A:G	10	65713195	-0.0646482001024058	0.25845984246919	0.802487894557741
chr10:69232402:C:A	10	69232402	0.0907496851780898	0.134694134534951	0.500472571441523
chr10:79437519:C:T	10	79437519	-0.0361805371443042	0.172201074583888	0.833584679044376
chr10:81546102:G:A	10	81546102	0.131309257779121	0.165939948893099	0.428765516272636
chr10:82354363:C:G	10	82354363	-0.00088568692249965	0.142933580020487	0.995055945574332
chr10:84591955:C:T	10	84591955	-0.0944590454732085	0.189951927584174	0.618992537966082
chr10:84989741:G:A	10	84989741	0.0488974327417399	0.154683936088486	0.751917575590052
chr10:86779196:C:A	10	86779196	0.00989597773443612	0.237758804309909	0.966800099411908
chr10:91053424:A:C	10	91053424	-0.0458009031621415	0.140257126080322	0.74400859704279
chr10:93612452:G:A	10	93612452	-0.0874507211042423	0.205154056415673	0.669912175634946
chr10:93671121:T:C	10	93671121	0.144023426601545	0.152505070693324	0.344973193675901
chr10:101249704:C:T	10	101249704	-0.0634779028538407	0.255556322938605	0.803831859327311
chr10:102352980:T:C	10	102352980	-0.292285257199088	0.186396281990517	0.116861242415873
chr10:104637359:T:C	10	104637359	-0.248674338467276	0.274852483674715	0.365594850077607
chr10:108480456:T:C	10	108480456	-0.0257249700239718	0.184811583930003	0.889295539548291
chr10:109264424:C:T	10	109264424	0.0549836251427371	0.200172080659221	0.78356072376623
chr10:111352001:T:G	10	111352001	0.136004792248672	0.166043993450396	0.412735693383499
chr10:118828443:C:T	10	118828443	0.26997925717876	0.131832385168576	0.0405700103069545
chr10:120152982:A:G	10	120152982	0.272056914595958	0.16798593538965	0.105335001303935
chr10:121580593:A:G	10	121580593	0.0713872175532102	0.137387412100279	0.603338753682881
chr10:121611573:C:G	10	121611573	0.182385707361943	0.1583134643565	0.249298760766445
chr10:121734173:T:C	10	121734173	-0.114594608626415	0.123412556940337	0.353122853066518
chr10:121910644:T:A	10	121910644	-0.0794416071481734	0.201011321674007	0.692688196969355
chr10:122561189:A:G	10	122561189	-0.0157205022860689	0.138154251225074	0.909404667384863
chr10:123750431:C:G	10	123750431	-0.104726366835963	0.173409811812374	0.545894096322866
chr10:127533155:T:C	10	127533155	0.0823325226268648	0.113725243079099	0.46909031600341
chr10:129953349:A:G	10	129953349	-0.0575518707281049	0.166010908297514	0.728835316961814
chr10:130263340:C:T	10	130263340	-0.426145840671854	0.331473010075512	0.198578336800161
chr10:130662147:G:T	10	130662147	0.256546009839052	0.2061403097966	0.213307758797736
chr10:131485315:A:G	10	131485315	0.153553491728692	0.188832367826582	0.416118547320065
chr10:131819683:A:G	10	131819683	0.143005625152995	0.118766937467403	0.228556280314035
chr10:131953941:A:C	10	131953941	0.215319387476247	0.15374692302923	0.161369829431138
chr11:388357:C:T	11	388357	0.150017298448295	0.146469088514709	0.305729025154054
chr11:2257707:C:T	11	2257707	0.321082071123523	0.164361045558517	0.0507583832657217
chr11:3623903:G:A	11	3623903	-0.12008605810062	0.152619225054313	0.431378806547316
chr11:5806222:C:T	11	5806222	-0.03756749566034	0.13431314362515	0.779707053435591
chr11:9789492:C:A	11	9789492	-0.0132618258039143	0.124354535593932	0.915070385349306
chr11:14569664:T:G	11	14569664	-0.142360553322337	0.219527804005983	0.516671117034468
chr11:21819583:A:G	11	21819583	-0.37857680186179	0.376217612331028	0.314285317484638
chr11:36019710:C:A	11	36019710	0.0625790567916047	0.118614584229226	0.59778868587057
chr11:39635569:C:T	11	39635569	-0.297388753547319	0.24905861789377	0.232457921871685
chr11:40512905:C:G	11	40512905	0.0337364421914982	0.22079740825387	0.878561004523287
chr11:41632790:A:T	11	41632790	0.0579762426846699	0.201988754728386	0.774091584544989
chr11:42744986:A:G	11	42744986	-0.133212050080482	0.127384266892247	0.295676641869527
chr11:43201079:C:T	11	43201079	0.018123654840333	0.191973753440487	0.924785902206347
chr11:43982585:G:A	11	43982585	0.249360236944471	0.18405894420469	0.175486170545509
chr11:44330300:A:G	11	44330300	0.0701347246857301	0.140282279924642	0.617107278557801
chr11:49875094:A:G	11	49875094	-0.0791741934245536	0.145920119885445	0.587414978238474
chr11:50253126:G:T	11	50253126	0.00812607359545289	0.146115564904025	0.955649297373449
chr11:55906271:G:A	11	55906271	-0.082378280667905	0.150248373899494	0.583499190936116
chr11:56124264:C:A	11	56124264	0.427630168549267	0.223614349017372	0.0558305896674477
chr11:57305789:G:A	11	57305789	-0.186204725964067	0.162930480254468	0.253101826771864
chr11:58998793:A:C	11	58998793	0.0612764532002936	0.156552821787437	0.695493667317965
chr11:60456695:C:T	11	60456695	0.259211370837091	0.229804614733341	0.259335052557121
chr11:62505064:A:G	11	62505064	0.724296387487591	0.27358805821378	0.00811139049604659
chr11:63184971:C:T	11	63184971	-0.129617264688903	0.121323854800895	0.285359226487994
chr11:65009160:T:C	11	65009160	-0.390753453956065	0.485848363727189	0.421240833179371
chr11:70801858:T:C	11	70801858	0.149369392031109	0.120916852639342	0.216716400144328
chr11:71334794:T:G	11	71334794	0.303656420901991	0.183749766361754	0.098421655980505
chr11:72713691:C:T	11	72713691	-0.410599768416259	0.317359470480766	0.195734419610053
chr11:77208574:G:A	11	77208574	-0.323281761125717	0.176729128688804	0.0673621631258484
chr11:77376654:A:G	11	77376654	0.186678185285291	0.190962284083162	0.328289152079387
chr11:77897055:A:G	11	77897055	-0.198425169891788	0.210704360375105	0.346334409455431
chr11:79339250:G:A	11	79339250	0.120899933539914	0.322725855515299	0.7079422357084
chr11:81783030:C:T	11	81783030	-0.166839730248925	0.124320245964081	0.179590883410021
chr11:83962252:C:T	11	83962252	-0.0678525265252994	0.200117186657271	0.734561544861097
chr11:86328783:G:T	11	86328783	0.231029300569564	0.154501531185309	0.134830828075033
chr11:86644523:C:T	11	86644523	-0.154328599608831	0.330010038681622	0.640036192109156
chr11:93046218:A:C	11	93046218	0.0965751304270176	0.122004205997887	0.42861019700475
chr11:99371984:G:C	11	99371984	-0.0254170948053592	0.394846256748284	0.948673920550603
chr11:100626548:G:A	11	100626548	0.0970076161876191	0.159771599932764	0.543741862653966
chr11:104129521:G:A	11	104129521	0.388209309750511	0.205866818480391	0.0593312994968797
chr11:108728662:A:G	11	108728662	-0.238160410047166	0.272529928721039	0.382179698609168
chr11:110338613:G:A	11	110338613	0.401901083076759	0.231848522658905	0.0830132188361408
chr11:110396347:G:A	11	110396347	0.0622910923703678	0.147378126861712	0.672542089624236
chr11:113789228:G:C	11	113789228	0.217704752392396	0.27080419997731	0.421443520047374
chr11:113800784:C:T	11	113800784	0.0194041009206228	0.189830611812629	0.918583659712779
chr11:115616504:A:T	11	115616504	0.0550600329408205	0.193181723546086	0.775631285741376
chr11:119630310:G:A	11	119630310	-0.263675471908578	0.16991801247358	0.120714734241643
chr11:123267436:G:A	11	123267436	0.321694879046221	0.162112489635386	0.0472120530575078
chr11:125907492:T:C	11	125907492	0.0786457905800086	0.132829279418662	0.553795855318863
chr11:126829359:G:A	11	126829359	0.0725744403288805	0.150556384858126	0.629776396204421
chr11:130038952:T:C	11	130038952	0.354778394805681	0.215480310839163	0.0996703470199425
chr11:130290657:C:T	11	130290657	0.336378091122442	0.180189748395938	0.0619296242166695
chr11:131355535:G:A	11	131355535	0.0394612969476726	0.144270651508583	0.784451451617198
chr11:133238417:A:G	11	133238417	0.0486862864371732	0.121334067563214	0.688230054083078
chr11:133300920:A:C	11	133300920	-0.302053766218064	0.311227214816999	0.331784912052971
chr11:133409278:A:G	11	133409278	-0.00303528003132567	0.155434880670103	0.98442016904106
chr11:134309503:C:T	11	134309503	-0.240968648836563	0.20302398124295	0.235268067054291
chr12:5192681:C:T	12	5192681	-0.111251226775782	0.135254221136662	0.410772912798691
chr12:5448727:G:A	12	5448727	-0.00572228086467127	0.139985790219332	0.967393488076848
chr12:6639294:C:T	12	6639294	0.215702000566971	0.176926135922618	0.222781899087609
chr12:19523028:C:A	12	19523028	0.129188542372882	0.12293083189507	0.293302535833879
chr12:19758400:A:T	12	19758400	-0.041039848303515	0.277266186071482	0.882330094174824
chr12:20003679:T:A	12	20003679	0.249635047510324	0.135283454462264	0.0649976838047275
chr12:21333090:G:A	12	21333090	-0.00241163398056709	0.126609509699278	0.984802964849268
chr12:25518059:A:T	12	25518059	0.0778407679599571	0.156576811778211	0.619089555457854
chr12:28965843:C:T	12	28965843	0.0718669690317486	0.115285864831375	0.533034458005763
chr12:32086665:A:C	12	32086665	-0.0971697637673481	0.162496984018806	0.549854028486993
chr12:44631613:C:T	12	44631613	0.330042080116146	0.197326158979462	0.094411710895674
chr12:48567461:T:G	12	48567461	-0.568778020913165	0.313690647932703	0.0698038610402134
chr12:51039498:T:C	12	51039498	0.152085598720466	0.193118829161766	0.430975530417436
chr12:52880890:G:T	12	52880890	0.228406648171807	0.154993712631231	0.14057556735988
chr12:53646626:C:G	12	53646626	0.0976495130115569	0.144837324431177	0.500183340665418
chr12:53680144:C:A	12	53680144	0.0169913861352475	0.127165613966332	0.893706073151191
chr12:54366280:G:A	12	54366280	-0.0401236453483761	0.138417990507143	0.771913358373468
chr12:55599330:T:C	12	55599330	-0.381698637838319	0.232288048218801	0.100338962581074
chr12:56675083:C:T	12	56675083	-0.0670796504067614	0.153035168739701	0.66114828998739
chr12:57436134:C:T	12	57436134	-0.0003371009551066	0.147152243121497	0.998172182723462
chr12:58724212:C:T	12	58724212	-0.0261533193229095	0.212265187624855	0.901940338668961
chr12:59048769:A:C	12	59048769	-0.000713300695391908	0.121889189649466	0.995330772439581
chr12:59161225:G:A	12	59161225	-0.245056733521715	0.277276398087592	0.376804472849405
chr12:59226687:C:T	12	59226687	-0.0939309087748488	0.159565983796855	0.5560860255854
chr12:63113400:T:C	12	63113400	0.0366360211949623	0.164332578191178	0.823583548278516
chr12:64271340:C:T	12	64271340	-0.072514988234047	0.183144666934687	0.692146516966613
chr12:64756705:C:T	12	64756705	0.049383803047242	0.176707739172884	0.779887235653555
chr12:67050802:C:T	12	67050802	0.108884663605709	0.14429820939081	0.450500525346785
chr12:71564908:A:G	12	71564908	0.123018950281133	0.138950461503582	0.375971153251615
chr12:73909094:G:A	12	73909094	0.0318619233456306	0.107260272679469	0.766426490518779
chr12:81126959:G:A	12	81126959	0.0190212024907163	0.0952763372149327	0.841760216697519
chr12:83608380:A:G	12	83608380	0.0431619407029981	0.128196892491277	0.736354548828612
chr12:90727178:A:C	12	90727178	-0.0580640557375081	0.140590947934443	0.679606643751522
chr12:92596791:C:T	12	92596791	-0.0450321794347477	0.142115316095278	0.751341716631341
chr12:95914573:A:T	12	95914573	-0.256230406130375	0.206565801458294	0.214816410123424
chr12:101611098:G:C	12	101611098	-0.0557495350620392	0.242229849688187	0.817974138029696
chr12:105967464:T:C	12	105967464	-0.0838627977708507	0.152114531552643	0.581418772245512
chr12:109533295:C:T	12	109533295	-0.116354431832321	0.152237718885484	0.444691838177228
chr12:112209515:G:A	12	112209515	0.369168071589279	0.181356456182203	0.0417911643285622
chr12:120976632:C:A	12	120976632	-0.34906059194232	0.282885781413383	0.217229859344507
chr12:125875525:T:C	12	125875525	0.225882599268601	0.155837868524099	0.147205863867376
chr12:126449337:A:G	12	126449337	0.00427541837271555	0.12570730106769	0.972868459251734
chr12:131091094:G:A	12	131091094	-0.197141228465268	0.228785141906988	0.38885967082778
chr12:132776953:G:A	12	132776953	-0.132271201471906	0.280651705582295	0.637426381767429
chr13:19545220:A:G	13	19545220	0.145433842214259	0.135985448859718	0.284853024268726
chr13:22977365:T:G	13	22977365	-0.0928259033671786	0.199718347894786	0.642086108267105
chr13:24330599:T:C	13	24330599	-0.0211086455355345	0.153760001861595	0.890807049667411
chr13:24623185:A:C	13	24623185	-0.394359040076589	0.150214810783873	0.00865724874722384
chr13:25202506:T:G	13	25202506	0.161846333540885	0.18394493774155	0.378933563788815
chr13:26234118:A:T	13	26234118	0.249217156863894	0.159047093365074	0.117128857345877
chr13:26494236:G:A	13	26494236	0.0999352009552781	0.138714348898438	0.471254859579027
chr13:27255876:A:G	13	27255876	0.384096857211768	0.21976497136457	0.0805052547377062
chr13:42909938:A:G	13	42909938	0.0112172052762404	0.143631699401976	0.937750891079484
chr13:45470952:C:T	13	45470952	-0.0319374275972625	0.346598337716365	0.926582551966493
chr13:45708351:G:A	13	45708351	0.150954034443407	0.174537158850862	0.387103597649495
chr13:45809177:C:G	13	45809177	-0.124453278342278	0.134437381665916	0.354584143959389
chr13:50558767:A:T	13	50558767	0.208606096205075	0.198877134845686	0.294215189863267
chr13:58710908:G:A	13	58710908	-0.122416534766251	0.170403008132054	0.472514254556745
chr13:58934154:C:T	13	58934154	-0.047642519913201	0.118318849510476	0.687196797018494
chr13:70397215:T:C	13	70397215	0.111492714498678	0.143337273017124	0.436666428355152
chr13:70990050:T:C	13	70990050	-0.302955423403535	0.455518915588096	0.506000866214248
chr13:75832713:T:C	13	75832713	-0.0647444101634961	0.223662386456053	0.772218795027728
chr13:86776101:G:A	13	86776101	0.290124605775742	0.144253022468277	0.0443021934769388
chr13:91472230:T:C	13	91472230	0.15120202918069	0.149905172351538	0.313141952206037
chr13:93235990:C:T	13	93235990	-0.342094764531477	0.174746737036181	0.0502698765990419
chr13:96765286:G:A	13	96765286	-0.251246063665093	0.191353506548422	0.189184868385106
chr13:102180181:A:G	13	102180181	0.0843951885311097	0.143501069758318	0.556454839440385
chr13:104405113:C:T	13	104405113	-0.19338094467553	0.40504036638818	0.633051521955332
chr13:106009559:G:C	13	106009559	0.0127261289679012	0.174958986068286	0.942014780746965
chr13:106084136:A:G	13	106084136	0.0280955420754991	0.170457329083606	0.869082128629774
chr13:112716578:T:C	13	112716578	-0.205800444881885	0.228583025259336	0.367943986133569
chr14:21167555:A:G	14	21167555	-0.164538572981579	0.287082457186606	0.56654959086914
chr14:26929954:A:G	14	26929954	-0.0453159647658089	0.131986536104149	0.731344359229023
chr14:27823594:G:A	14	27823594	0.0387980760018155	0.160296138513815	0.808749175587047
chr14:34182794:A:C	14	34182794	-0.328100303649235	0.271757531940138	0.227306097881561
chr14:38216062:T:A	14	38216062	0.0971603565359713	0.142347440390443	0.494886304135241
chr14:38962987:G:A	14	38962987	-0.26237426347031	0.3465065982561	0.448930971166984
chr14:39925237:C:T	14	39925237	0.0961781877479347	0.178668653451518	0.590366661311492
chr14:44446011:A:G	14	44446011	-0.0583021194788063	0.174256829985172	0.737945097494336
chr14:48685878:C:A	14	48685878	0.124342746674816	0.213192720941082	0.559731039681729
chr14:51426205:T:C	14	51426205	-0.30766120981368	0.233313000557174	0.187281818038139
chr14:52881822:T:G	14	52881822	-0.139175243020504	0.224780127590339	0.535809848664912
chr14:53358297:A:G	14	53358297	-0.00439227173678319	0.155807977291969	0.977510383281433
chr14:56254615:G:A	14	56254615	0.124809287947486	0.135342637351137	0.356438490472923
chr14:57978070:T:C	14	57978070	0.0128931919854916	0.114225100923099	0.910129422714145
chr14:62445185:T:C	14	62445185	0.0219140459848646	0.145384976939262	0.880187793206851
chr14:67518615:G:A	14	67518615	0.11094757005108	0.126920655380731	0.382037089649438
chr14:68863518:T:G	14	68863518	-0.116223430837337	0.125791725299638	0.355519939106917
chr14:77734277:G:A	14	77734277	-0.0959930975044828	0.196052991520053	0.624396930449695
chr14:81022028:G:A	14	81022028	-0.389399890775869	0.284115210222287	0.170508922674364
chr14:81884763:T:G	14	81884763	-0.195317128034367	0.256237902281303	0.445911305421906
chr14:82929256:T:A	14	82929256	0.435692891253952	0.25761289825997	0.0907853027175125
chr14:84531019:T:G	14	84531019	-0.155764152229212	0.205606864540613	0.448700989640095
chr14:84812257:C:T	14	84812257	0.2612353459801	0.198487771220746	0.188131029357732
chr14:90804831:C:G	14	90804831	0.20676419430844	0.154884226839376	0.181889550788575
chr14:91397629:G:T	14	91397629	-0.242291499268447	0.276965098666124	0.381677960691151
chr14:91532430:A:C	14	91532430	0.239974462390025	0.191832091133142	0.210948710731147
chr14:91961156:T:C	14	91961156	-0.0638863581861192	0.128134772398645	0.618070219990663
chr14:92998270:C:G	14	92998270	-0.26727707910034	0.254319585126305	0.293281715053399
chr14:93757265:G:A	14	93757265	-0.124096660076864	0.238807348412578	0.60330631170679
chr14:93769225:C:T	14	93769225	0.307307335061217	0.19448443398993	0.11408104648633
chr14:98340169:A:G	14	98340169	0.0549412809617906	0.157391165920712	0.727033196713174
chr14:100721312:C:T	14	100721312	-0.0609476843979473	0.173332517640022	0.725121080768229
chr14:102093442:A:G	14	102093442	-0.52522246646738	0.242058347465154	0.0300206653009576
chr15:24165057:A:G	15	24165057	0.0373136884072259	0.193127354743825	0.846796323264705
chr15:26353849:A:G	15	26353849	0.131411734996066	0.118108083884482	0.265863232011048
chr15:28182824:G:A	15	28182824	0.0743327621114628	0.220479925419335	0.736010817851086
chr15:33665926:A:G	15	33665926	0.518551336253139	0.251562954274628	0.0392726777820656
chr15:34880184:A:T	15	34880184	-0.157793659942377	0.159808248961333	0.323449666384595
chr15:37080410:C:T	15	37080410	0.0238376001401496	0.150534156593345	0.874178307575337
chr15:37762539:C:G	15	37762539	0.0169380458872951	0.190498235098457	0.929149899233587
chr15:52558833:C:G	15	52558833	0.0534340769084414	0.249667487571945	0.83053070734146
chr15:55712443:A:G	15	55712443	0.204601259092218	0.175302541162689	0.243156943228841
chr15:57522102:A:T	15	57522102	-0.142150618273046	0.163376837586691	0.384257691959773
chr15:57590535:T:C	15	57590535	-0.170105244503435	0.298136089857578	0.568296308698796
chr15:58439508:G:A	15	58439508	-0.0246384609910582	0.240154536976565	0.918285051588326
chr15:69786285:T:C	15	69786285	0.105144807714896	0.184326137741378	0.568387378294296
chr15:71331250:T:C	15	71331250	0.108373296656983	0.171570926177841	0.527613621566986
chr15:74245092:G:C	15	74245092	-0.1032109840272	0.466306401837707	0.82482983550816
chr15:76807237:T:C	15	76807237	0.139793199699053	0.198099219022774	0.480391736758939
chr15:77734259:G:A	15	77734259	-0.0595218491914766	0.145400826868646	0.682272629806987
chr15:79750604:G:T	15	79750604	0.00120494346189524	0.142923439575148	0.993273360905932
chr15:81697597:G:A	15	81697597	0.422792773582918	0.145443039751041	0.00364994559678034
chr15:87989871:C:T	15	87989871	-0.0937302629400985	0.19031789778466	0.622370755945769
chr15:88891382:T:C	15	88891382	-0.063574221788698	0.139348268306674	0.648227890056
chr15:89804552:C:T	15	89804552	-0.105185621261009	0.312937810119617	0.736778052978005
chr15:94791129:A:G	15	94791129	0.024249375607005	0.140589408976016	0.863057307451788
chr15:97043895:A:G	15	97043895	-0.107588521945635	0.203230474996324	0.596533770762501
chr15:98725394:C:T	15	98725394	-0.0191854722534259	0.230915207839462	0.933784358469547
chr15:100978492:T:G	15	100978492	-0.041660657481665	0.252481512288612	0.868940216328666
chr16:2671727:C:T	16	2671727	0.0806991871613105	0.152119639835594	0.595766592938901
chr16:4957642:T:C	16	4957642	-0.1335339815518	0.137131077729206	0.330171287888695
chr16:5603936:C:T	16	5603936	-0.145680276936245	0.369166772909231	0.693123980939075
chr16:5884026:G:T	16	5884026	-0.273629752483614	0.125505707292613	0.0292413352776553
chr16:6848656:G:A	16	6848656	-0.253982476622921	0.165656845176689	0.125230447891642
chr16:7909855:G:A	16	7909855	-0.069756002194508	0.147147331173197	0.635460327902724
chr16:8273542:C:G	16	8273542	-0.0972857063165058	0.238358238716807	0.683164196859491
chr16:12394716:C:T	16	12394716	0.0909153949835901	0.151754321548465	0.549108921818205
chr16:13985277:C:A	16	13985277	0.329950763499319	0.213661173020249	0.12252268338396
chr16:17779668:G:A	16	17779668	0.0209553602931027	0.117246234608327	0.85815010847452
chr16:29740733:G:C	16	29740733	0.104673560104128	0.150626207006392	0.48710378907382
chr16:31127124:G:A	16	31127124	-0.00724930341364003	0.182405668811371	0.968298216741003
chr16:56688556:C:T	16	56688556	-0.0391870347060226	0.186600598865227	0.833663871247117
chr16:60324635:A:C	16	60324635	0.280148621428528	0.139420073173438	0.0444963063029187
chr16:60499572:C:T	16	60499572	0.128229360517706	0.146046007554368	0.379940129670804
chr16:62273123:C:T	16	62273123	0.155655608981921	0.125850809616986	0.216151523486132
chr16:65972427:C:T	16	65972427	-0.132494611615952	0.12773232019702	0.299603813521789
chr16:69246420:T:C	16	69246420	-0.00520913633655571	0.151868969752244	0.972637763811289
chr16:71908403:G:A	16	71908403	-0.163667880702211	0.176794737990774	0.354575470009323
chr16:72103328:C:A	16	72103328	0.103594140306171	0.143450855971753	0.470197526261859
chr16:74837740:A:C	16	74837740	-0.111462195610494	0.250849811170333	0.656797965763277
chr16:79886631:C:T	16	79886631	0.149997851777702	0.146864561352306	0.307095959088109
chr16:81396153:C:A	16	81396153	0.0618686440511559	0.129366024883379	0.632475895205456
chr16:82294878:C:G	16	82294878	-0.0189636093387186	0.200033175912659	0.924471843345135
chr16:82421890:A:G	16	82421890	-0.0172413544521494	0.141747993052486	0.903189002267593
chr16:83827178:T:C	16	83827178	-0.0929363320512926	0.137355132928588	0.498651235356845
chr16:84032337:C:T	16	84032337	-0.237080637075471	0.302871298500682	0.433758171846973
chr16:89303022:G:A	16	89303022	-0.325380733635868	0.228462519446746	0.154382994459697
chr16:89331863:A:T	16	89331863	0.00533875424886115	0.140330257500817	0.969652430410254
chr16:89337630:T:C	16	89337630	0.0915540230280111	0.126382671186491	0.468808467078325
chr16:89479873:T:G	16	89479873	-0.0441694341400742	0.155648191736726	0.77658099976779
chr16:90035976:C:A	16	90035976	0.170902382841932	0.153943288966753	0.266928123663177
chr17:2489248:C:G	17	2489248	-0.00136355625837204	0.159258598993491	0.993168675343124
chr17:4018176:C:A	17	4018176	-0.459286274615449	0.248550973447984	0.0646232545995036
chr17:4147521:T:C	17	4147521	-0.485993254850092	0.341811597296876	0.155079625230857
chr17:6949267:T:C	17	6949267	0.185607035598042	0.157087633500879	0.237383943447516
chr17:7929448:A:G	17	7929448	0.23459912160138	0.124185305240191	0.0588777168730491
chr17:10308301:C:T	17	10308301	-0.597301654623334	0.513927070405205	0.245141897218167
chr17:12174148:T:C	17	12174148	0.110923238304862	0.192414759784832	0.564290863184304
chr17:14402381:C:T	17	14402381	-0.0284564272941164	0.257200996277475	0.91190272380286
chr17:15219976:C:T	17	15219976	-0.055028148191703	0.170235051294143	0.746507394625628
chr17:16482403:T:A	17	16482403	-0.068817790836104	0.196143634812821	0.725697837136102
chr17:18684803:A:G	17	18684803	-0.224900011098973	0.169537988567438	0.184658771252838
chr17:20040710:T:C	17	20040710	0.0433797760936002	0.21297809375852	0.83860211199005
chr17:21275023:A:C	17	21275023	0.0250154771859989	0.138520205499981	0.856688763753246
chr17:30609729:C:T	17	30609729	-0.482070793484482	0.370815045300126	0.193590585457178
chr17:31554254:C:T	17	31554254	-0.0589540476391721	0.169452254097512	0.727908156508731
chr17:33472425:T:G	17	33472425	0.399691956523073	0.155537493973287	0.0101772909285145
chr17:44156671:T:A	17	44156671	0.0282016987845958	0.135093650033792	0.834638208372615
chr17:45754773:C:T	17	45754773	-0.0590304229928263	0.18841386121966	0.754051297541389
chr17:48779278:C:T	17	48779278	-0.0667303297270595	0.143886676278974	0.642812509925857
chr17:52703044:C:G	17	52703044	0.00655245059631686	0.182044127086522	0.971287343393354
chr17:53282498:G:T	17	53282498	-0.122523565669687	0.15648822981707	0.433652323218087
chr17:58411807:C:T	17	58411807	-0.244009863905117	0.19796355320109	0.217725059132202
chr17:61409438:A:G	17	61409438	-0.115646830106194	0.143495959233692	0.420286701425642
chr17:61905160:C:T	17	61905160	0.0747484742589185	0.211269203381024	0.723483700207579
chr17:66262233:G:T	17	66262233	-0.13396559981982	0.139489994561847	0.336856069510766
chr17:66751216:C:T	17	66751216	0.406989892159698	0.153043596689887	0.00783016016658866
chr17:66971178:A:G	17	66971178	0.25379640474527	0.201963328896479	0.208881858298195
chr17:68771033:G:A	17	68771033	-0.10573179581962	0.153795410341373	0.491778140681876
chr17:69081332:C:T	17	69081332	-0.108167519360519	0.224207772436475	0.629491125713696
chr17:69213412:T:C	17	69213412	0.236047141999149	0.129960560757993	0.0693246301109037
chr17:72829246:G:A	17	72829246	0.096201629923518	0.142601930061368	0.499919380483766
chr17:73506492:C:T	17	73506492	0.305674928944009	0.151684847617967	0.0438839571456022
chr17:75360149:C:G	17	75360149	-0.365781395761183	0.326912721800994	0.263184432652411
chr17:77625920:A:T	17	77625920	0.204158836033569	0.140133632675061	0.145147637510132
chr18:1137045:A:T	18	1137045	0.0674780230071038	0.122788882036509	0.582631453374024
chr18:4080016:T:A	18	4080016	0.24991690897274	0.188131559777871	0.184040830954047
chr18:8920896:G:C	18	8920896	0.0942609520142466	0.157495360169026	0.549506448063024
chr18:9609299:C:T	18	9609299	-0.0118700811722343	0.175559843635902	0.946093917590912
chr18:10572326:C:T	18	10572326	0.22826549418961	0.152554436461727	0.134578413282537
chr18:11017906:C:T	18	11017906	0.0379495945427426	0.136596165709792	0.781148020974207
chr18:12120157:A:G	18	12120157	-0.842328548781612	0.552275586511826	0.12721020294728
chr18:14686017:A:G	18	14686017	0.128375615185381	0.147272635376444	0.383379252448622
chr18:14895123:C:T	18	14895123	-0.377191699995499	0.141803094474129	0.00781480654385336
chr18:30059135:A:G	18	30059135	0.19315310994346	0.124050366085966	0.119457681947342
chr18:32490781:T:C	18	32490781	-0.152258144426474	0.156029768138886	0.329149935952222
chr18:36255061:C:A	18	36255061	-0.160586912935188	0.148345652056518	0.279022198974936
chr18:42762909:A:C	18	42762909	-0.00867396088306912	0.167986365305583	0.958819602134707
chr18:43928870:G:A	18	43928870	-0.105362946707108	0.245448222901786	0.667728560504034
chr18:44831686:A:G	18	44831686	-0.587355318526907	0.473407152468288	0.21471732461974
chr18:45461168:C:T	18	45461168	0.337414495897885	0.163520668008063	0.0390711861099611
chr18:47992191:T:C	18	47992191	0.207606072597032	0.238802846595718	0.384649270136271
chr18:49146783:T:G	18	49146783	-0.159538518834817	0.164427072454788	0.331912341281059
chr18:49872731:C:G	18	49872731	0.122178282187993	0.194426599546517	0.529739892302966
chr18:50485733:T:C	18	50485733	0.107673964082676	0.19652699240992	0.583771662761902
chr18:58120958:C:T	18	58120958	0.0226744505314263	0.198486430507436	0.909050097168422
chr18:59256389:C:T	18	59256389	-0.102656538437848	0.176728630610752	0.561327390942893
chr18:62622293:T:A	18	62622293	0.396358384235575	0.165942524121128	0.0169160140005912
chr18:62998306:G:A	18	62998306	-0.138879426249025	0.136352025422904	0.30842337229284
chr18:66103927:C:T	18	66103927	-0.0915208946564943	0.151774561245306	0.546505032698102
chr18:66206557:C:T	18	66206557	-0.0331084470687365	0.165767886337134	0.841693509151671
chr18:68001558:G:A	18	68001558	0.16120114402088	0.137869988894289	0.242312680813451
chr18:69946690:A:G	18	69946690	0.00170107628614054	0.257743826761458	0.994734102192732
chr18:71730181:C:T	18	71730181	0.00611861532140032	0.156165204687367	0.968746559477879
chr18:72912108:T:C	18	72912108	-0.0808431226492555	0.128206348801507	0.528321488590557
chr18:73248491:G:A	18	73248491	0.320026112969999	0.182268106462979	0.079122778404197
chr18:77734991:G:A	18	77734991	-0.453410959985508	0.392121701955644	0.247557805139513
chr19:2907557:G:A	19	2907557	-0.233030590125786	0.153639561644079	0.129333456545523
chr19:16021187:G:A	19	16021187	-0.148806646268813	0.31735587541615	0.639144548363088
chr19:17584922:G:A	19	17584922	-0.140407811439181	0.171897215284283	0.414035530220065
chr19:18704666:C:T	19	18704666	-0.288203225192847	0.242620331431508	0.234881687635372
chr19:18737022:C:T	19	18737022	-0.045478224488248	0.143034346647564	0.750520456897577
chr19:18805179:A:G	19	18805179	-0.224987787978641	0.168973766113344	0.183026065993677
chr19:21560366:G:T	19	21560366	0.0532808677568032	0.133347493872555	0.689477622665394
chr19:21659434:G:C	19	21659434	0.0040003035974236	0.159097624189049	0.979940340299365
chr19:33474662:T:C	19	33474662	-0.141686866165295	0.123111302332577	0.249779833698622
chr19:37956680:C:T	19	37956680	-0.0587660797305118	0.189655982527168	0.756670321205921
chr19:38120117:A:T	19	38120117	-0.225635677089681	0.199856747966073	0.258903303435077
chr19:44380983:T:C	19	44380983	0.181332243190453	0.193057167999643	0.347593634116657
chr19:44819986:A:G	19	44819986	-0.473070845927021	0.248319961611602	0.0567689120302337
chr19:48685001:C:T	19	48685001	0.13906401565406	0.166103149692678	0.402471838484773
chr19:51210487:G:T	19	51210487	0.159062662720063	0.160727253448513	0.322348457673077
chr19:51552139:T:A	19	51552139	0.128031812757385	0.135345095981825	0.344166102674997
chr19:52714810:C:T	19	52714810	0.0588711621092165	0.166181210061738	0.723144913712108
chr19:53330671:T:C	19	53330671	0.0268728812258651	0.140111357589322	0.847901538697328
chr19:54944544:G:A	19	54944544	0.127675930634675	0.152913652675223	0.403743370577194
chr19:57195010:G:C	19	57195010	-0.23646385186335	0.182198102524062	0.194342573150847
chr20:1709120:A:G	20	1709120	-0.0561671098019865	0.144014065444531	0.696528206916945
chr20:1735934:T:G	20	1735934	0.0700080873052492	0.172974231358713	0.68567502460459
chr20:1906500:G:T	20	1906500	0.395758247815912	0.137501702679495	0.00399943674763348
chr20:3649460:G:A	20	3649460	0.176071200819683	0.159208832035681	0.268763949704113
chr20:5407753:C:T	20	5407753	0.286748248444866	0.156969198992264	0.0677328013430241
chr20:5860313:T:C	20	5860313	0.027964065762554	0.156205728474138	0.857921413282903
chr20:7000966:A:C	20	7000966	0.557897189468533	0.184912454364231	0.00255215517328633
chr20:12129436:G:A	20	12129436	0.306097828191536	0.188524938530542	0.104451307412244
chr20:13244402:C:A	20	13244402	0.101121242551558	0.241070243607607	0.674874168088395
chr20:31347432:T:C	20	31347432	-0.0792316789452339	0.135957254214327	0.560048787272592
chr20:37593342:C:T	20	37593342	0.214642657507695	0.162153445210107	0.185602407345396
chr20:38200488:G:A	20	38200488	-0.10638239819686	0.140693572989342	0.449572250196831
chr20:38350608:A:G	20	38350608	0.0136313083070767	0.13188707767936	0.917680507154778
chr20:45729681:A:G	20	45729681	-0.126295972276735	0.125896359338458	0.315776846814827
chr20:48501317:C:T	20	48501317	0.0103974553019483	0.121244018517038	0.931660035339725
chr20:49036824:T:G	20	49036824	0.0973846507766311	0.120865602182143	0.420400412674756
chr20:50371082:C:T	20	50371082	-0.029484673969242	0.15321362542109	0.847396315612659
chr20:52513956:G:A	20	52513956	-0.321272416251764	0.220767017305123	0.14559854107208
chr20:54253971:A:G	20	54253971	0.185105937292583	0.164595976450981	0.260755219776335
chr20:58480201:T:G	20	58480201	-0.00832538297717282	0.164440600272663	0.959621542309629
chr20:60073360:C:T	20	60073360	-0.0182390134869157	0.132117981843473	0.890200147246452
chr21:14869783:A:G	21	14869783	-0.263594524006452	0.27188682524887	0.332295327300062
chr21:15297615:T:C	21	15297615	0.0251883348633306	0.137829373601542	0.854994086148677
chr21:15686888:A:G	21	15686888	-0.32724047920856	0.260114131294032	0.208368257317698
chr21:18805376:C:A	21	18805376	0.355162655293252	0.307667884223345	0.24834840281454
chr21:22007486:G:T	21	22007486	0.215312250415672	0.202936878049588	0.288698359909139
chr21:24026351:C:T	21	24026351	0.0341040314868772	0.163014122543292	0.834285039377997
chr21:26647335:G:C	21	26647335	-0.153774016226535	0.117110770257651	0.189161153752785
chr21:28043199:C:G	21	28043199	-0.0352702808231758	0.166614661183999	0.832350654602052
chr21:29538421:G:A	21	29538421	0.513651585789236	0.214293940678129	0.0165322374398886
chr21:31885030:A:G	21	31885030	0.0272766010027327	0.14225336804735	0.847940694294444
chr21:35502622:A:T	21	35502622	0.00921408245048886	0.17030683034024	0.956853233043505
chr21:36306638:T:G	21	36306638	0.0703955663646975	0.150936380069173	0.640934717745604
chr21:41442549:G:A	21	41442549	0.251567557544937	0.143093524245612	0.0787366394157638
chr21:42627184:G:A	21	42627184	0.261269442621963	0.260674252458001	0.31620679948213
chr22:20147688:T:C	22	20147688	-0.250631443817022	0.20365317570477	0.21844339141258
chr22:23891985:A:G	22	23891985	0.0398390931442709	0.136718209973312	0.770748732779915
chr22:24245985:G:T	22	24245985	-0.177221767096485	0.154980902697532	0.252828096513149
chr22:28624303:G:A	22	28624303	0.349835890062845	0.186661599226161	0.0609067609465568
chr22:30376697:C:T	22	30376697	0.139086440114913	0.196908104912684	0.479969242973629
chr22:30662128:G:A	22	30662128	-0.221467049847144	0.150736116764966	0.141768572073303
chr22:36298345:C:A	22	36298345	-0.181043168176736	0.226224051358806	0.423547091810107
chr22:36977479:G:A	22	36977479	0.0187073675632721	0.179026762327814	0.916776686536633
chr22:42350572:C:T	22	42350572	-0.0928063374351611	0.204391676817311	0.649784752597522
chr22:42475109:T:G	22	42475109	0.186089912617284	0.14060620973602	0.185674843039364
chr22:44719519:A:G	22	44719519	0.0259862097578113	0.118740829983959	0.826768345577988
chr22:44805054:T:C	22	44805054	0.287267192372706	0.279613818690602	0.30424569407138
chr22:45210278:T:C	22	45210278	-0.100392797591317	0.15349556038194	0.513083679684406
chr22:47062473:C:T	22	47062473	0.0588630315001838	0.373557539469393	0.874792332723491
chr22:48785864:A:G	22	48785864	0.626738630348902	0.22378777068478	0.00510086898172435
chr22:49668266:A:G	22	49668266	0.113708072314973	0.128781527076799	0.377261512289539
chr22:49926053:G:A	22	49926053	0.108902570682629	0.236568291759168	0.645270000083411
