SNP	CHR	POS	est	stderr	pval
chr1:1837340:C:T	1	1837340	0.188977832382534	0.0890304435344174	0.0337856771836182
chr1:2261200:G:C	1	2261200	0.0573549650563844	0.0564341624932262	0.309478739750415
chr1:14678191:A:C	1	14678191	0.0988814499842331	0.0575064127532338	0.0855259832168669
chr1:14985097:C:T	1	14985097	0.0334088415468181	0.0803049854523433	0.677392074333159
chr1:15065941:C:T	1	15065941	-0.235174608111406	0.139243268561919	0.0912294393449509
chr1:20215506:G:C	1	20215506	0.0199226963900882	0.0752755804793092	0.791268720378482
chr1:20533654:G:C	1	20533654	-0.0818109249100585	0.114921567796521	0.476536074349751
chr1:22009627:T:C	1	22009627	0.0363038811864407	0.0697716186609853	0.602837436596297
chr1:22126221:C:T	1	22126221	-0.150925135719567	0.0697405785497391	0.0304571709795229
chr1:23180575:A:G	1	23180575	0.0671871359299865	0.0606952733584399	0.268311962692305
chr1:26058659:G:C	1	26058659	0.111235510607942	0.0764905422287672	0.145880124823972
chr1:26181362:A:G	1	26181362	-0.0173017083643058	0.0735694091230493	0.814072670857373
chr1:26848285:C:T	1	26848285	-0.467459292829447	0.205311778761548	0.0227965900792735
chr1:28670719:C:T	1	28670719	-0.0209071373312694	0.0615555266353376	0.734122533571539
chr1:29753056:A:C	1	29753056	-0.0152210432346424	0.0566822361548151	0.788289181360372
chr1:29908726:A:G	1	29908726	0.0310819442819189	0.0574580939169038	0.588542185771144
chr1:31886486:G:T	1	31886486	-0.014631178794182	0.0627770459660767	0.815710356388479
chr1:37838865:C:T	1	37838865	0.0195925628592031	0.110281067290481	0.858989798225626
chr1:39880059:T:C	1	39880059	-0.0846953880453209	0.0503685837247944	0.0926634687015295
chr1:41175014:G:A	1	41175014	-0.0297908397701512	0.0828967652456663	0.719316245823142
chr1:41597921:C:T	1	41597921	0.0954100164061349	0.147876948302565	0.518798421525065
chr1:42635725:A:G	1	42635725	0.0838777649346531	0.0578990019086427	0.147423885518057
chr1:43202709:G:A	1	43202709	0.0216815285423711	0.0665419932912689	0.744551264070868
chr1:47498869:G:A	1	47498869	-0.085650171478855	0.0798162109548313	0.283229648749994
chr1:51034150:G:A	1	51034150	-0.0620891918991088	0.0946895355869443	0.512008582268335
chr1:54900240:G:A	1	54900240	-0.00506360008978936	0.0616102231555528	0.934497485926263
chr1:55459433:C:T	1	55459433	0.070846776126409	0.100697387747288	0.481706074242404
chr1:56563907:C:T	1	56563907	-0.16240051102468	0.123091658511579	0.187053401467366
chr1:65351414:T:A	1	65351414	0.0155566610605473	0.052288140805189	0.766071097234118
chr1:66254178:T:A	1	66254178	0.0587683960000654	0.0698522274825738	0.400166123732031
chr1:73302339:T:C	1	73302339	0.0500815962007177	0.0515676601298555	0.331457531166825
chr1:73563666:T:C	1	73563666	-0.0317246483998056	0.0942386654962263	0.736387146355311
chr1:76062379:T:C	1	76062379	-0.062165204587594	0.0495262042590871	0.209406803071874
chr1:86928231:G:T	1	86928231	0.0195506829735969	0.0673041904574353	0.771447211104954
chr1:88611347:G:A	1	88611347	0.0585040991048403	0.0693479067733065	0.398875191136388
chr1:91057167:C:A	1	91057167	-0.0440899133539523	0.102218949179638	0.666229762752292
chr1:91093925:G:A	1	91093925	0.0650886048472272	0.0730830644520625	0.373137721624428
chr1:92475800:A:G	1	92475800	-0.0427662818384204	0.0509346334454229	0.401115481627476
chr1:94752415:G:A	1	94752415	-0.00318292224848038	0.0633633957232998	0.959936855509116
chr1:95614324:G:A	1	95614324	0.137246591981822	0.0881838510286597	0.119620426404435
chr1:99691102:T:C	1	99691102	-0.00977416792290878	0.0656477827253979	0.881642000084458
chr1:104937367:T:A	1	104937367	0.116374363074231	0.0661980409968109	0.0787521180117668
chr1:115841221:A:T	1	115841221	-0.182726527714961	0.161352204736333	0.25743689936028
chr1:153704237:C:A	1	153704237	0.100299970303206	0.0674599013628749	0.137065335020158
chr1:155857667:G:T	1	155857667	0.158783957794416	0.0899050147499955	0.0773740151527075
chr1:157334223:T:C	1	157334223	-0.125783927913214	0.085869976636735	0.142970450923207
chr1:159540226:C:T	1	159540226	0.0879736334026944	0.0583478902145446	0.131620270120976
chr1:165647351:T:C	1	165647351	-0.0722478794709941	0.0714930841766891	0.312228218494352
chr1:167545338:A:T	1	167545338	0.10608762390166	0.0908256286354585	0.242792155388272
chr1:168863629:G:A	1	168863629	-0.0664780052894787	0.0843539230498074	0.430647377893111
chr1:171350391:G:A	1	171350391	0.126100531900777	0.0573432485976641	0.027874539478757
chr1:173013575:C:G	1	173013575	-0.0476246120710425	0.0629563611461623	0.449367323566163
chr1:178947344:C:A	1	178947344	0.0851042129783099	0.0794359616450263	0.284009282252737
chr1:182872646:T:G	1	182872646	-0.236415946223931	0.140796157797244	0.0931254737123344
chr1:185127444:C:G	1	185127444	0.0366082311408779	0.0702511938112043	0.602293798673362
chr1:185619557:C:T	1	185619557	0.236964471814389	0.0895530866578802	0.00814309853387274
chr1:186638909:G:T	1	186638909	-0.0177603058130058	0.0839579900112267	0.832467478470877
chr1:188272062:T:C	1	188272062	0.0216184560204871	0.0563213086656858	0.701095921680786
chr1:193365737:C:T	1	193365737	-0.0558503785609388	0.0694309127158185	0.421164734162722
chr1:193791070:G:T	1	193791070	0.0576283283489273	0.115380142688939	0.617451926963585
chr1:195033388:T:C	1	195033388	-0.0815157680172409	0.074294110263763	0.272552383472622
chr1:195907914:A:G	1	195907914	-0.0303777265064996	0.0629939393408139	0.62964077322122
chr1:196692375:G:C	1	196692375	0.0112297236188794	0.0532091519608135	0.832849251375223
chr1:197559019:A:G	1	197559019	-0.0153329021888629	0.0830420597554955	0.853511256126181
chr1:199160726:G:A	1	199160726	-0.00528486300243239	0.0865477086691745	0.951309033394769
chr1:204277152:T:C	1	204277152	0.0587670431589367	0.0678701010126306	0.386558557065322
chr1:207498131:C:T	1	207498131	-0.049321431970119	0.0705701832254262	0.484615139353505
chr1:208744577:C:T	1	208744577	0.0795691806173441	0.0874616480013576	0.362948661243527
chr1:210496535:G:A	1	210496535	0.0264978606785467	0.0759356861568459	0.727125828770605
chr1:212937214:T:G	1	212937214	0.00600318770619615	0.0633312898779766	0.924481445096147
chr1:219750864:A:G	1	219750864	0.0147886997555079	0.0559566502848979	0.791557612936463
chr1:221920463:G:A	1	221920463	-0.0537665198358348	0.0739776694430665	0.467352212597118
chr1:227462684:A:G	1	227462684	0.114190003733193	0.0989432741929198	0.248460950839413
chr1:234456961:G:A	1	234456961	0.0875558471132006	0.0851320193922606	0.303728137711159
chr1:237308322:A:G	1	237308322	-0.0404942475041211	0.0449481650269866	0.367636219411402
chr1:239000642:T:C	1	239000642	0.0929318364135749	0.120874273215003	0.44199389835829
chr1:242239801:C:T	1	242239801	0.0711026317977698	0.124709044455936	0.568577215380566
chr1:244583991:C:T	1	244583991	0.0127807097065035	0.0764800200176233	0.867282123725836
chr1:246213578:G:A	1	246213578	0.186007211458025	0.0847015979869449	0.0280898289428563
chr1:247190028:T:C	1	247190028	0.0659017315948489	0.0651233381107344	0.311560715535541
chr1:247897239:C:T	1	247897239	0.012062367150246	0.0845779592243521	0.88659162161574
chr2:3248328:A:G	2	3248328	0.0164311292010961	0.0637422613046161	0.796580949674379
chr2:4505759:T:G	2	4505759	-0.150158617080221	0.101369736086356	0.13852762855889
chr2:6804400:G:A	2	6804400	-0.122015124140609	0.0866626729267295	0.159151296252652
chr2:9411790:A:C	2	9411790	-0.0321165822288743	0.0684248493192952	0.638805076293136
chr2:12096367:C:T	2	12096367	0.0169371387261461	0.0741430836482877	0.819305320893466
chr2:13545005:C:T	2	13545005	0.0280512901230798	0.0612576137537589	0.647007529177325
chr2:16009716:A:G	2	16009716	-0.11671379131336	0.0627101914907568	0.0627213796288438
chr2:16367899:A:T	2	16367899	-0.0663419723347372	0.0737716045383905	0.368498890344076
chr2:17630111:A:C	2	17630111	-0.100648731796879	0.0654678791678903	0.124201313927456
chr2:17928966:C:G	2	17928966	-0.0591661337100401	0.0738357129664608	0.422945629956783
chr2:18261494:A:T	2	18261494	0.0956037018022691	0.0712134848014155	0.179435757409873
chr2:19530615:T:C	2	19530615	0.0803407071136217	0.0586405327289567	0.170669988779107
chr2:19562158:T:C	2	19562158	-0.00619197157247326	0.0938647840613567	0.947404154690752
chr2:27383116:G:A	2	27383116	0.0162326479256678	0.0589407785979301	0.78300428468392
chr2:37762298:C:T	2	37762298	0.00313251602635349	0.0603422308439448	0.95859841457402
chr2:42010994:T:A	2	42010994	0.0870309715277545	0.0647038694291431	0.178603938314736
chr2:45824390:C:G	2	45824390	-0.0427975450503928	0.0744090013419568	0.565178876912131
chr2:46742820:T:C	2	46742820	-0.171861708778889	0.133269538873368	0.197196583868784
chr2:49789441:T:C	2	49789441	-0.00736641683371532	0.072109276299178	0.918632614086823
chr2:49994518:G:A	2	49994518	0.138924568848595	0.0607187300598519	0.0221374113295267
chr2:51284042:G:A	2	51284042	0.0368704462616677	0.070331650857071	0.600113782256265
chr2:51344078:G:A	2	51344078	0.0487880430558083	0.0627302650797808	0.436720363100406
chr2:57278002:C:A	2	57278002	0.107788472214717	0.0588771908385585	0.0671402629560687
chr2:57368273:A:G	2	57368273	-0.0560131818859215	0.0718829416878234	0.435845574603603
chr2:60075157:T:C	2	60075157	0.207428371836579	0.116073260867554	0.0739298935913945
chr2:60373837:A:G	2	60373837	0.0557734099747296	0.0667145019132989	0.403154174697406
chr2:61147014:T:C	2	61147014	-0.035237374044954	0.0586609956857007	0.548043067662546
chr2:61693274:A:G	2	61693274	-0.0110177401573459	0.0645435619102399	0.864457784925941
chr2:65295480:C:T	2	65295480	-0.000332891624451535	0.0728606182596604	0.996354571648813
chr2:66031496:T:C	2	66031496	0.0436641246804032	0.0527998137770818	0.408251245674893
chr2:69165635:T:C	2	69165635	0.018848476210096	0.0719368148414638	0.793310395717459
chr2:71204755:G:A	2	71204755	-0.0953340915804152	0.102712521100961	0.35332236828921
chr2:72022684:A:G	2	72022684	0.0205535789226878	0.118191477488947	0.861943514105705
chr2:76651386:C:A	2	76651386	-0.00922810157717226	0.0631777979974509	0.883869619756942
chr2:79784490:C:G	2	79784490	0.124181712749464	0.0555466680837989	0.0253761178872641
chr2:82619301:T:C	2	82619301	-0.00688114302305603	0.0696464551660657	0.92129623338275
chr2:83181917:T:C	2	83181917	0.133924578485613	0.113183721920516	0.236710294018559
chr2:83400799:T:A	2	83400799	0.209911452564301	0.0968798737353761	0.0302562952677354
chr2:85744328:G:A	2	85744328	0.018301768037519	0.0808756241980657	0.820971807525208
chr2:85757440:T:A	2	85757440	0.0377613449978927	0.0574915420820904	0.511299455412532
chr2:99811694:T:C	2	99811694	-0.0349877735016872	0.0733247006859525	0.633246645015857
chr2:101228073:A:C	2	101228073	0.00452056762282019	0.0662404569395543	0.945590754172347
chr2:106861882:T:C	2	106861882	-0.00967999078857775	0.06449272709969	0.880690216256633
chr2:108083619:T:C	2	108083619	-0.053688522890228	0.0613259157503966	0.381322453219417
chr2:114129906:T:C	2	114129906	-0.186952173354846	0.159809719215182	0.242064427711715
chr2:118004610:C:T	2	118004610	0.000668573314947384	0.0598633737641741	0.991089155139672
chr2:119455921:A:G	2	119455921	0.0711570636472446	0.0590631188125478	0.228294784922892
chr2:120644763:G:A	2	120644763	0.0204191887362452	0.0503140770932528	0.684864201445395
chr2:120916837:A:G	2	120916837	0.00646445793910368	0.0500796643528221	0.897291584411284
chr2:122628686:C:A	2	122628686	-0.0258455034237776	0.0860991506705838	0.764037553105219
chr2:122629789:A:C	2	122629789	-0.0886836714144823	0.093842237535093	0.344643877599911
chr2:126391403:A:G	2	126391403	-0.123191447697886	0.0987670648825179	0.212290160978115
chr2:127192867:G:A	2	127192867	0.119175632148099	0.0589975012664241	0.0433821927201493
chr2:130915743:C:T	2	130915743	0.137672240662475	0.0577364487104322	0.0171026066635254
chr2:136107122:C:T	2	136107122	-0.148448019085808	0.109926877560082	0.176879651074784
chr2:136507185:G:C	2	136507185	0.00607116329221077	0.0590258356773487	0.918077233273541
chr2:141023592:C:T	2	141023592	-0.0772919808380969	0.0743193607093293	0.298340865239014
chr2:143017176:T:C	2	143017176	0.0758826880254751	0.0882903942868659	0.390082870674756
chr2:143920023:G:T	2	143920023	0.0281349863581061	0.0783896528673689	0.719660929226954
chr2:144729333:C:T	2	144729333	-0.0778915805052243	0.0552905568820695	0.158903709259416
chr2:148561010:G:C	2	148561010	0.0222214359775691	0.0778582059766151	0.775330781010642
chr2:154835349:G:T	2	154835349	0.0231933758364291	0.0679000783547194	0.732666247040021
chr2:164974626:C:A	2	164974626	-0.147229481775599	0.108053614840569	0.173021373227492
chr2:167086954:T:G	2	167086954	0.0567695592133647	0.0495936776153598	0.252336154942488
chr2:167199229:C:T	2	167199229	-0.0712512741812781	0.128258073875779	0.578531842116844
chr2:167657344:C:T	2	167657344	-0.00799069967115884	0.0817641187567015	0.922147738556485
chr2:167884398:C:T	2	167884398	-0.0304440058337861	0.0900031128756623	0.735171007685729
chr2:168647356:T:G	2	168647356	-0.0167358017036349	0.0488346054397175	0.731821352240726
chr2:170041677:A:G	2	170041677	0.0563040391810694	0.0872899884472213	0.518912362853164
chr2:171274449:C:A	2	171274449	0.0445270105801071	0.0755707863850544	0.555720875425739
chr2:177787584:G:A	2	177787584	-0.131826889629549	0.0754674915026352	0.0806714032076226
chr2:179648558:C:T	2	179648558	0.0913184483769592	0.081880380054297	0.264736218226163
chr2:180833197:G:A	2	180833197	0.20874376476554	0.0965839452368273	0.0306746636030143
chr2:183527028:C:T	2	183527028	-0.00303374970547261	0.0771154477743558	0.968619026519057
chr2:184516924:T:A	2	184516924	0.0785575451144411	0.0659057188968411	0.233273571732002
chr2:191922008:C:T	2	191922008	0.0356102884899352	0.0796858477870008	0.654959196721448
chr2:195817951:G:C	2	195817951	0.0374484276868052	0.144159468138182	0.795040536944006
chr2:197010424:G:A	2	197010424	0.126253192725538	0.0894271252866816	0.15800893342105
chr2:209101337:G:A	2	209101337	-0.00961076553948688	0.0557197946489383	0.863057145103816
chr2:209103516:A:G	2	209103516	-0.062514557953554	0.0681485850206166	0.35897115238375
chr2:210957182:G:A	2	210957182	0.0574910889285798	0.0648503442380161	0.375337699366489
chr2:214802180:T:C	2	214802180	-0.0619705186688309	0.0665008959011238	0.351401157684216
chr2:215209936:A:G	2	215209936	-0.0249981549600924	0.060736784862026	0.680645977120507
chr2:215367000:G:A	2	215367000	0.0338769151774541	0.138735234743302	0.807088370593481
chr2:220997842:C:T	2	220997842	-0.0271443016720395	0.0552176130858625	0.623010811532284
chr2:226027918:G:A	2	226027918	0.111432478939484	0.0757635169960075	0.141347004379964
chr2:228947684:G:A	2	228947684	-0.0524682570918357	0.0592674735681719	0.376006106337892
chr2:233152507:T:C	2	233152507	0.00974734273292727	0.0617969768776638	0.874668213607764
chr2:235620294:A:T	2	235620294	0.0610917089266347	0.048810748805707	0.21071434213554
chr2:237288548:A:G	2	237288548	0.0854434051806885	0.0714493888280653	0.231751529828025
chr2:237513585:T:C	2	237513585	0.102983243846891	0.062434872127907	0.0990553342162224
chr2:237920759:T:G	2	237920759	0.0605326470391626	0.0594693942373428	0.308735466600662
chr2:240429648:C:T	2	240429648	0.0466325798450353	0.0644644037217831	0.469443411255481
chr3:9841346:T:C	3	9841346	0.0594401387072119	0.123884031781857	0.631366282008063
chr3:10127208:T:G	3	10127208	0.00424249342929578	0.076895092451865	0.956001048347743
chr3:14082905:A:G	3	14082905	0.0238861223584353	0.056577791387626	0.672892214510487
chr3:16798495:T:G	3	16798495	0.0537480751678783	0.0753521053535387	0.475664912477455
chr3:18882818:T:C	3	18882818	-0.0192103999095317	0.0527260092347682	0.715601220824262
chr3:20179943:G:A	3	20179943	0.0605018485829095	0.0972289738284711	0.53376992243762
chr3:22245167:A:G	3	22245167	-0.0172335112443481	0.0738880246812477	0.815576430032133
chr3:24009496:G:A	3	24009496	-0.0380415201943187	0.0580906681313734	0.512554955636353
chr3:24010534:C:T	3	24010534	0.0528859455794967	0.0601814297802971	0.379523197208784
chr3:33111016:C:A	3	33111016	0.06641306111277	0.0961955802639601	0.489945078562174
chr3:33421913:A:G	3	33421913	-0.00217105269189548	0.0551455219481995	0.968595781117956
chr3:34471110:A:G	3	34471110	-0.123026904960669	0.0559158996140159	0.0277917664496562
chr3:34498029:C:T	3	34498029	-0.141347530462618	0.110363589846306	0.200283520082176
chr3:35230331:G:A	3	35230331	-0.0350152044889747	0.0643718119730709	0.586474198131546
chr3:41413926:T:C	3	41413926	0.0640266489034807	0.0590035676689187	0.277863274938192
chr3:42098050:T:C	3	42098050	0.0670517068031698	0.0667806632009788	0.315350314015467
chr3:46489654:A:G	3	46489654	-0.0525835170118655	0.0564973508074327	0.351995649424564
chr3:56959175:A:G	3	56959175	0.0938477421862719	0.0752103368468249	0.212102926153523
chr3:64441608:G:A	3	64441608	0.103315298277601	0.0584606074613394	0.077184108059713
chr3:66150510:T:A	3	66150510	-0.00301908471992768	0.0737500393296229	0.967346343537768
chr3:66995763:G:T	3	66995763	0.00102100542953256	0.0610365374547405	0.98665378948096
chr3:68498445:T:C	3	68498445	-0.0816607636674198	0.06174252944695	0.185967926501699
chr3:68824246:G:A	3	68824246	-0.0200093998742351	0.0623687870164913	0.748343817463744
chr3:69021248:A:C	3	69021248	0.166733220218491	0.0702074437296121	0.0175553565153683
chr3:69617754:T:G	3	69617754	-0.53067037055977	0.0880047367770516	1.63938840280764e-09
chr3:74191731:G:A	3	74191731	-0.0848526015351267	0.0631625770016959	0.17914250948935
chr3:74732240:G:A	3	74732240	-0.0210160821392433	0.0585191134583975	0.719496396326935
chr3:75709324:A:T	3	75709324	-0.0236766975406633	0.0654580645100493	0.717570340154379
chr3:84465702:T:C	3	84465702	-0.145023722632998	0.0742558632828341	0.050816369246346
chr3:84817748:G:A	3	84817748	-0.0614003135138247	0.0653827891288977	0.347684616030099
chr3:85705423:A:G	3	85705423	0.0332063667990836	0.0615643961558366	0.589627336277735
chr3:88069353:C:T	3	88069353	-0.0558991842452981	0.0768901841778878	0.467225793631088
chr3:93986190:G:A	3	93986190	-0.0377279510420231	0.0810866833461482	0.641731493838352
chr3:101022648:G:A	3	101022648	0.141492936999432	0.075203995228085	0.0599100436657134
chr3:105622159:T:C	3	105622159	0.0217561711450905	0.11236656589434	0.846475132629086
chr3:106664728:C:T	3	106664728	-0.0314245313560001	0.0596130329492941	0.598095006293955
chr3:110774699:C:T	3	110774699	0.122005405801695	0.0641088501709018	0.0570277970180783
chr3:113428518:G:A	3	113428518	-0.0447745514190539	0.0613916611592545	0.465802104808666
chr3:121058963:T:G	3	121058963	0.102003483823094	0.0868652009233052	0.240285584955536
chr3:122312606:G:A	3	122312606	0.013031300561492	0.0821975062340768	0.874034103525271
chr3:124193435:A:C	3	124193435	-0.0384635452052822	0.0633431327383424	0.543701483682493
chr3:124804582:A:T	3	124804582	0.0152536241864546	0.104894029986357	0.884379768939955
chr3:126773646:G:T	3	126773646	0.00710783111004833	0.0656185457053663	0.913741492710813
chr3:131110446:C:G	3	131110446	0.132230405019132	0.105405799746834	0.209664360406234
chr3:131209978:G:T	3	131209978	-0.0610883401202599	0.0926914469223229	0.509863370500338
chr3:133982842:C:T	3	133982842	-0.0212258278164254	0.0564755369959963	0.707035032457457
chr3:134929007:C:T	3	134929007	-0.140907425976384	0.189556478109877	0.457267834135855
chr3:137777496:C:T	3	137777496	-0.123957771140423	0.125849256716061	0.324638694954383
chr3:146265901:G:T	3	146265901	-0.0233151166456184	0.063176222274112	0.712091260965107
chr3:148006706:G:A	3	148006706	0.156089901635548	0.112687145377746	0.166003073004354
chr3:149679065:C:A	3	149679065	-0.0911852214764721	0.0557509137521957	0.101926985677718
chr3:150888061:C:A	3	150888061	0.17297403162414	0.118048424909711	0.142844458647257
chr3:152663712:G:C	3	152663712	0.018790345884521	0.0577705728043869	0.744985750859537
chr3:159417151:A:G	3	159417151	0.0673895552949001	0.0701310543806299	0.336597968438273
chr3:164899350:G:A	3	164899350	-0.0476704423266874	0.095045182035105	0.615980165343592
chr3:168053836:T:C	3	168053836	-0.0119899998242224	0.0643382302685941	0.852163345165799
chr3:171028381:G:A	3	171028381	-0.0154714014268042	0.0734198816532189	0.833101898752104
chr3:174497130:T:C	3	174497130	-0.00990806377382811	0.0637448132851512	0.876479769587871
chr3:176663180:T:G	3	176663180	-0.0110521766198004	0.0820961527188805	0.892908547187644
chr3:196706550:C:T	3	196706550	0.0181291996647649	0.0588076351185393	0.757869517184425
chr4:332191:G:A	4	332191	-0.066039227051275	0.0519027425211494	0.203243504271552
chr4:8816874:T:C	4	8816874	0.0371482739043829	0.0543839450449324	0.494559909079041
chr4:9851274:C:G	4	9851274	0.0413157595629863	0.0618095851340145	0.503855242463432
chr4:10725805:A:G	4	10725805	0.0407000578723416	0.0570296714793487	0.475434599178809
chr4:13219910:C:T	4	13219910	-0.0710144793936775	0.0713092874822352	0.31931536265615
chr4:18747099:A:G	4	18747099	-0.0437418766328404	0.0548745672245331	0.425378573448822
chr4:20840555:C:T	4	20840555	-0.0329826076633429	0.0672173601674111	0.623648654356192
chr4:21137718:C:T	4	21137718	-0.0169527154102772	0.0684619510891718	0.804426546354562
chr4:26851610:T:C	4	26851610	0.135951862732584	0.0843878467757977	0.10717186684253
chr4:32302160:A:T	4	32302160	-0.0592807500732161	0.0776622883997393	0.445275862473877
chr4:34501888:A:G	4	34501888	-0.0905274369167448	0.0963745117563078	0.347561517305775
chr4:40603484:A:G	4	40603484	-0.0342400945652072	0.0642797422005529	0.594259836196465
chr4:41002348:C:T	4	41002348	0.266614118371131	0.123936899541732	0.0314597422252826
chr4:44018406:T:G	4	44018406	-0.0599024459283908	0.077885218639234	0.44182690390707
chr4:44680448:T:C	4	44680448	0.00759349033180239	0.0493929365612521	0.877817613557383
chr4:55337032:C:T	4	55337032	0.0100516596613605	0.054505572086072	0.85368769342157
chr4:55659669:G:A	4	55659669	-0.0410217868649166	0.075006195515996	0.584439205177152
chr4:56719096:C:T	4	56719096	-0.109467324461584	0.0734873888664357	0.136327616149616
chr4:58944563:C:T	4	58944563	-0.0712607134565809	0.0891606180490323	0.424151385147006
chr4:61158247:C:G	4	61158247	0.0159767307020295	0.0583342143680569	0.784174785695327
chr4:64485722:G:A	4	64485722	0.134917524971801	0.0882864693976684	0.126468111226233
chr4:67708732:C:T	4	67708732	-0.013843923654447	0.0694276239533492	0.841949235910486
chr4:67911021:C:T	4	67911021	-0.0510383035502489	0.0605278953642149	0.399105677104249
chr4:90022599:G:T	4	90022599	-0.0870960050000569	0.0615014582669312	0.156728189002275
chr4:95020597:A:T	4	95020597	0.13074182134495	0.0721042459760823	0.0697958426890568
chr4:95433170:T:C	4	95433170	-0.0468178208144722	0.0749577539020687	0.53224055849498
chr4:97398054:G:A	4	97398054	0.0103087856564607	0.0583833630947426	0.85984568623639
chr4:98823404:T:C	4	98823404	-0.0201187585573757	0.0787519834430912	0.798360216021284
chr4:99262681:C:G	4	99262681	0.0541109541769917	0.0595882373882158	0.363835357274697
chr4:99355957:G:T	4	99355957	0.0627607746924687	0.0564992664314084	0.266643858097397
chr4:101085120:T:C	4	101085120	0.0652687386821982	0.0688622953110532	0.343223478362486
chr4:102399971:C:T	4	102399971	-0.0429355028045204	0.0732744066734827	0.557905775260712
chr4:102884286:T:C	4	102884286	0.0218369151179713	0.0578848555786459	0.705989708456708
chr4:105992845:C:T	4	105992845	-0.0532727946433981	0.0608917592744128	0.381640879834945
chr4:108791253:G:A	4	108791253	-0.000638074412304056	0.0619866375962085	0.991786927777755
chr4:110191180:A:G	4	110191180	0.205349402406391	0.104677934544434	0.0497944191654017
chr4:110957298:T:A	4	110957298	-0.00108148607493761	0.0639433217819163	0.986505863631629
chr4:113348012:C:T	4	113348012	0.01832356160275	0.057252849872097	0.748933247988802
chr4:115515844:A:G	4	115515844	-0.0251759193199344	0.111373688451993	0.82116325120379
chr4:115522695:G:A	4	115522695	0.0135761687098212	0.0560452476131482	0.808597410665496
chr4:120770744:A:C	4	120770744	-0.0311056094863141	0.0654367787610271	0.634534948530893
chr4:123964831:A:G	4	123964831	-0.0215601993246007	0.0637730176945069	0.735305058243162
chr4:125256344:T:C	4	125256344	-0.0321636893206855	0.0954664891368751	0.736184158657088
chr4:126268710:T:G	4	126268710	-0.0961317526836501	0.0676219555542973	0.155140769654596
chr4:134094420:T:C	4	134094420	0.0666942615815017	0.0889481650094871	0.453368887957708
chr4:134350906:C:T	4	134350906	-0.0531516768889506	0.0543258855781585	0.327883531646331
chr4:138952375:G:A	4	138952375	0.0112762045113865	0.0532471463485583	0.832285648870654
chr4:141012527:T:G	4	141012527	-0.24853696915503	0.13917606558684	0.0741358932470423
chr4:141618953:G:A	4	141618953	-0.0247481956183516	0.0777714952345465	0.750320497140444
chr4:143626434:A:G	4	143626434	-0.186255649376207	0.151427035635745	0.218696126693527
chr4:149616644:T:G	4	149616644	-0.0495971827323015	0.0773085156248424	0.52116620845053
chr4:154030957:C:G	4	154030957	-0.164672988100011	0.118342037492	0.164073749718522
chr4:168588553:A:C	4	168588553	-0.0159959129158444	0.0965838153755624	0.868458439984062
chr4:171334248:A:T	4	171334248	-0.0354105346832957	0.105494070315655	0.737124448635308
chr4:171974219:A:G	4	171974219	0.0449893197721101	0.0673900580084967	0.504391638616697
chr4:176312841:C:T	4	176312841	-0.146487251111264	0.0775271089157276	0.0588252447036698
chr4:179329624:T:G	4	179329624	-0.0699804178231738	0.0578107144171203	0.226083455481475
chr4:183032183:A:G	4	183032183	-0.112904170599201	0.074284640102121	0.128539676717782
chr4:184991673:A:G	4	184991673	-0.0197100109781833	0.0586805193407079	0.736956242822557
chr4:189912372:C:T	4	189912372	0.0522497494991657	0.0611836433435511	0.393114787277781
chr5:79496:A:G	5	79496	-0.0771244457434924	0.0904886025620569	0.394041414028535
chr5:5313703:A:G	5	5313703	-0.0555736577032276	0.0672558648759972	0.408632782015806
chr5:7364955:T:A	5	7364955	0.0695331338340062	0.0897568141483896	0.438526631457084
chr5:8067079:G:C	5	8067079	0.043115207282285	0.0631923455063447	0.495058577673229
chr5:13911296:G:T	5	13911296	0.0304524706600785	0.0657482318255088	0.643244021015581
chr5:15621966:C:G	5	15621966	0.023489627618942	0.063724245790462	0.712415710588712
chr5:15997511:T:A	5	15997511	-0.0322495752559003	0.093871352396799	0.731184154410899
chr5:17902851:T:C	5	17902851	-0.0462388278527481	0.0787396782277424	0.557044755508826
chr5:20719353:A:C	5	20719353	0.0465436698125659	0.101992550600049	0.648142760147594
chr5:20732163:G:T	5	20732163	0.0213517384550512	0.052865810408092	0.686296861263693
chr5:21913130:A:C	5	21913130	0.0660099050034971	0.0608148669569944	0.277733988624563
chr5:23682774:A:T	5	23682774	-0.0507216496017261	0.122521799780956	0.67888830612511
chr5:23787194:A:C	5	23787194	0.118299118620461	0.0610768924982861	0.0527589986768613
chr5:23895775:T:G	5	23895775	0.0790330615908062	0.0526426497700421	0.133274785526325
chr5:25693600:A:G	5	25693600	0.0797747125198451	0.0808746925852021	0.323937376063496
chr5:33466391:T:A	5	33466391	0.0315606415091477	0.0640494941428189	0.622186449382387
chr5:33624899:A:G	5	33624899	0.156730649658324	0.0932946450045836	0.0929663961774597
chr5:39550509:T:G	5	39550509	0.0738024604863357	0.0552164569626437	0.18135238666189
chr5:39634108:G:A	5	39634108	-0.0355560331206059	0.0747354554944207	0.634246391764316
chr5:39978357:G:A	5	39978357	0.0369506403334669	0.0528882329198625	0.484767521419261
chr5:40238036:C:A	5	40238036	0.0705770946154569	0.119919398982546	0.556171395567567
chr5:44011742:G:T	5	44011742	0.125974314689413	0.100917435479096	0.211924551570484
chr5:50222627:G:A	5	50222627	-0.168057111507729	0.110787703760963	0.129284540586068
chr5:54814079:C:T	5	54814079	-0.0414397542797073	0.0651320873573504	0.524618854546955
chr5:66989845:C:A	5	66989845	0.0404690805242485	0.0574152457657332	0.480904189939542
chr5:66992139:G:A	5	66992139	0.0347253382937997	0.0693883596434499	0.616758926848388
chr5:73076502:T:C	5	73076502	-0.0713878278894962	0.0644313574272656	0.267876000307474
chr5:76998986:C:A	5	76998986	-0.0362750408864375	0.0566199347290214	0.52173312325007
chr5:77675144:G:C	5	77675144	-0.0365759232894325	0.111587300952206	0.7430791095737
chr5:80530472:T:A	5	80530472	0.0759574514967332	0.0693299861874238	0.273256901547144
chr5:81710558:G:T	5	81710558	0.0173907497348359	0.0521279590808419	0.738668929931407
chr5:82792281:C:G	5	82792281	0.0284191139270297	0.0976627777640074	0.771057227313006
chr5:84879932:A:G	5	84879932	0.0523658117175843	0.0535335525880134	0.327981969467086
chr5:85476293:A:G	5	85476293	-0.0839962474513352	0.0906639898045512	0.354208766070022
chr5:85809583:T:C	5	85809583	-0.133458230268273	0.0718199014666976	0.0631356978551713
chr5:92192959:A:T	5	92192959	-0.0153072382909634	0.0600336485432755	0.798740365854615
chr5:94648523:C:G	5	94648523	-0.0418998024089456	0.0789810807593806	0.595762333312884
chr5:98024666:G:A	5	98024666	0.109291680896336	0.0681849364779688	0.108963061087091
chr5:101328324:T:C	5	101328324	-0.100001206221967	0.0948872079685848	0.291930740530586
chr5:101825779:A:C	5	101825779	-0.040915769149754	0.0563911834993145	0.468102220528043
chr5:106773905:G:A	5	106773905	0.00354275011266913	0.0655124755123266	0.956873427918616
chr5:110045491:C:T	5	110045491	0.134604764787378	0.083452919169951	0.106756988365683
chr5:114915760:G:T	5	114915760	-0.0523041778024685	0.0758640150730949	0.49054234512204
chr5:115102683:A:G	5	115102683	-0.0583135453220381	0.0711251934152244	0.412289154485426
chr5:117238479:G:A	5	117238479	0.0437794814048471	0.0710589908316965	0.537828177024747
chr5:121740415:G:T	5	121740415	-0.0240518923871143	0.0610015847021105	0.693372057632487
chr5:137227416:A:T	5	137227416	0.0315213573806589	0.0862715064171102	0.714832315898341
chr5:137406489:C:T	5	137406489	-0.1408130417633	0.0807849292257845	0.0813229984714385
chr5:140638650:G:A	5	140638650	-0.111626413978096	0.0593782477739631	0.0601188475985563
chr5:142682003:T:C	5	142682003	-0.0673206804661755	0.0570317096179846	0.237838022237206
chr5:144183699:A:G	5	144183699	0.0723943603353373	0.0759895002935531	0.340747673082526
chr5:145690757:G:T	5	145690757	-0.0455012546055783	0.0959485375189595	0.635339026171233
chr5:147282093:C:T	5	147282093	0.0339374095798353	0.0841032943370161	0.686565302742939
chr5:148033208:G:T	5	148033208	-0.103878799509498	0.115610862902289	0.36890780227126
chr5:151763317:T:C	5	151763317	-0.134918597125482	0.0737190967166134	0.0672242832142326
chr5:153541577:C:T	5	153541577	0.0182348772854008	0.0924920934384221	0.843709640197046
chr5:160435085:T:G	5	160435085	0.121796990641935	0.0915554543956754	0.18341667854684
chr5:164252995:G:C	5	164252995	-0.0792374615250212	0.134838723859372	0.556769804738895
chr5:168245100:T:C	5	168245100	-0.0657407240476309	0.0491002656943603	0.180600721074198
chr5:169455657:C:T	5	169455657	0.0176132282519843	0.0681377970272721	0.79602549152928
chr5:169808985:G:C	5	169808985	0.109361897694145	0.0902985512889236	0.225851470178349
chr5:172672695:T:C	5	172672695	-0.0198150223570107	0.0679140683496462	0.770465471914224
chr5:173346700:A:C	5	173346700	0.0192049018707649	0.0844274384674817	0.820056522128276
chr5:177122146:G:C	5	177122146	-0.0835726640107575	0.114539931826272	0.465611609612587
chr6:1084246:G:A	6	1084246	0.0990616284261145	0.101309561159659	0.328167686907301
chr6:3041612:C:A	6	3041612	-0.000654096366312783	0.0537439102188913	0.990289495014839
chr6:3673174:A:G	6	3673174	-0.0742827985152093	0.0974736395895391	0.446011724511726
chr6:3786319:G:C	6	3786319	-0.00187903761690123	0.0588462461280869	0.974526831093599
chr6:6090729:G:T	6	6090729	-0.0934469848110708	0.0924483660463898	0.312111249640603
chr6:6354181:A:T	6	6354181	-0.0302107537450249	0.0657984083181302	0.646132842098351
chr6:6456261:T:C	6	6456261	0.0590306030799073	0.0707585375606755	0.404137787042028
chr6:7642514:C:G	6	7642514	-0.0264563361058266	0.0609092950108939	0.664029725166056
chr6:12212257:G:A	6	12212257	0.145252995996787	0.110055038651123	0.186894652478018
chr6:21494280:T:C	6	21494280	0.056369761937981	0.0849864537517579	0.507151643357045
chr6:23163726:T:C	6	23163726	0.00944092619139865	0.105082667097388	0.928412097281699
chr6:23344439:T:A	6	23344439	0.0487588536022278	0.0622247137080619	0.433278931370649
chr6:24077828:C:T	6	24077828	-0.211827677559019	0.12326551654156	0.0857115349742266
chr6:26287827:G:A	6	26287827	0.138097359661089	0.0718628413976792	0.0546460798337419
chr6:27261142:G:T	6	27261142	0.126622107764934	0.128054093822282	0.322752521349951
chr6:31108549:A:G	6	31108549	-0.0711131006747076	0.0574234986590153	0.215568813700259
chr6:31845997:T:C	6	31845997	-0.0669713116305863	0.0970231847327742	0.490030126390515
chr6:32660000:G:C	6	32660000	0.0147303865174577	0.0746670285770506	0.843607642223099
chr6:33148933:A:G	6	33148933	0.0280802049134933	0.0544326175259966	0.60594456010484
chr6:37400014:G:T	6	37400014	-0.104713729996368	0.0642040574687907	0.10290046768749
chr6:39124093:C:T	6	39124093	0.0571367451002138	0.0588065870200072	0.331247338561346
chr6:45195864:C:T	6	45195864	-0.0544210036680204	0.0594380335650253	0.359880790795507
chr6:46738257:G:A	6	46738257	-0.0973113460368949	0.0755046547088232	0.197463264378859
chr6:47717919:C:A	6	47717919	-0.105176007052249	0.0533109195273121	0.0485093209804089
chr6:48859012:C:A	6	48859012	-0.0109399906763782	0.0819716702364162	0.893829099117381
chr6:49860743:T:G	6	49860743	-0.0156199057014582	0.0890441357341752	0.860751537639777
chr6:53292416:C:G	6	53292416	-0.0503465445140103	0.0587137708434674	0.391173450762075
chr6:54457248:C:T	6	54457248	0.0852868592709484	0.0871887759481479	0.327982230019339
chr6:57513520:G:A	6	57513520	-0.00245274764729586	0.119519307223516	0.983627146358355
chr6:67461006:G:C	6	67461006	0.113622899385182	0.0930637827964853	0.222118485196405
chr6:69504128:A:G	6	69504128	0.040771954467913	0.0713476019565269	0.567691155193625
chr6:81137001:T:C	6	81137001	-0.00855850421689854	0.0491318136352693	0.86171240777815
chr6:84758749:C:T	6	84758749	-0.00266911690975574	0.073022240227638	0.97084212919111
chr6:86667874:G:T	6	86667874	0.245713243500058	0.105366450198402	0.0197013493982467
chr6:87387916:G:T	6	87387916	-0.0951271860550043	0.0611616062676796	0.119864752265829
chr6:88566465:G:A	6	88566465	0.159822117399043	0.0503165584094132	0.00149149917389324
chr6:93273487:T:C	6	93273487	0.0615778897142791	0.0974689758914324	0.52753775069688
chr6:97788153:C:A	6	97788153	-0.0958586856112088	0.107861973431719	0.374155610174269
chr6:98771646:C:T	6	98771646	0.129326782374591	0.0924362497453427	0.161785510433405
chr6:104918249:A:G	6	104918249	-0.0834369646660454	0.0618347284178959	0.177223150724385
chr6:107129138:A:G	6	107129138	0.00817977560292886	0.0550064364589236	0.881785792078274
chr6:112187089:T:C	6	112187089	0.067025749637531	0.059330000420905	0.258598052356241
chr6:118046853:T:C	6	118046853	-0.0693251886352741	0.0651768577825984	0.287488507592704
chr6:121081137:A:G	6	121081137	-0.119477140214182	0.106187110259417	0.260522631393696
chr6:123103197:T:C	6	123103197	-0.0682352988708242	0.0773187234211077	0.377495815411648
chr6:127784009:G:A	6	127784009	0.00995161698581247	0.0675863241460463	0.882940176291584
chr6:129527930:G:A	6	129527930	-0.0226648541624946	0.0725052546237016	0.754587600834213
chr6:137254996:T:C	6	137254996	0.0226689771372484	0.0659017880920148	0.73086041331439
chr6:138165202:C:G	6	138165202	-0.0972998454745077	0.148884304720808	0.513416881145187
chr6:139464917:T:A	6	139464917	0.00267549971067391	0.0844992229516736	0.974740794118973
chr6:151547601:G:A	6	151547601	-0.0558724770803721	0.0503080131036866	0.266737158310342
chr6:152638179:C:T	6	152638179	-0.0262683037508715	0.0738393864603669	0.722028384845861
chr6:153842833:G:A	6	153842833	0.0202363967680717	0.0695419501809011	0.771054736898958
chr6:156754666:T:G	6	156754666	0.00614579208653778	0.135579866788762	0.963844529877618
chr6:160701242:A:G	6	160701242	0.113214066183896	0.0680487916906888	0.0961686018441319
chr6:160909689:G:C	6	160909689	-0.146472161564344	0.11346555752835	0.196739965103508
chr6:161970870:T:G	6	161970870	0.188511054628892	0.0811553727610201	0.0201876774660484
chr6:162760256:C:T	6	162760256	-0.0596482417368081	0.0674946280397608	0.376832269084128
chr6:163629327:G:A	6	163629327	-0.000928472683145794	0.0561606333153303	0.98680961680999
chr6:167509019:C:T	6	167509019	0.119869796494095	0.0830929736147701	0.149133615010004
chr7:6986920:C:A	7	6986920	0.196831913706963	0.0688960854412052	0.00427748029707442
chr7:7863676:G:A	7	7863676	0.00327599227165901	0.0698765061521564	0.962606796211038
chr7:8111839:A:G	7	8111839	0.00370915619157226	0.0600907422218907	0.950781100209336
chr7:9602661:C:A	7	9602661	-0.0677006100271967	0.0685206118002423	0.323136598341442
chr7:10804524:T:C	7	10804524	0.214184610872025	0.111328662192353	0.054367797539332
chr7:11334355:C:A	7	11334355	-0.00998660796103478	0.0691285269270113	0.885133802808901
chr7:12476280:G:A	7	12476280	0.071754193647192	0.0603687366305513	0.234597673375928
chr7:12972158:C:G	7	12972158	0.0193285416863282	0.0971184416654002	0.842246862783976
chr7:20850990:A:T	7	20850990	-0.0396654023898718	0.0551194505564305	0.471755157806312
chr7:22822020:C:A	7	22822020	0.128836584952029	0.0530803124541272	0.0152158252434365
chr7:24140802:T:C	7	24140802	0.0090518647204988	0.0584262215520314	0.876877983978985
chr7:24278575:A:G	7	24278575	0.0486655111806057	0.0866620929070845	0.574419407833424
chr7:24620726:T:A	7	24620726	0.0193943439202954	0.0523454089509021	0.711004712236456
chr7:24740434:C:T	7	24740434	-0.0288655882018733	0.045901046462605	0.529437061806055
chr7:28505993:C:T	7	28505993	0.0242158862685017	0.0572115912666668	0.672099095379024
chr7:36413989:G:A	7	36413989	0.144682447357194	0.0871465854705385	0.0968703336208641
chr7:41157573:G:A	7	41157573	-0.0381378257397283	0.0873524210557727	0.662403466285697
chr7:43755241:C:T	7	43755241	0.0126060684402151	0.0632109368671982	0.8419274927471
chr7:44689517:A:G	7	44689517	-0.0520291382318135	0.0720981840895548	0.470514094068787
chr7:46192346:C:G	7	46192346	0.0537255544904198	0.0507714748611125	0.289971634861805
chr7:46368666:G:A	7	46368666	0.124082191310756	0.0983667270586073	0.207155975833972
chr7:47748540:G:T	7	47748540	0.312865167474994	0.116023036232667	0.00700559875549001
chr7:48301675:T:C	7	48301675	0.0766539237158591	0.0590238556277817	0.194048984038681
chr7:51890159:C:T	7	51890159	0.0431925186820382	0.0718940701160781	0.547986533856776
chr7:53046603:C:G	7	53046603	0.0685350963855322	0.0897479959957183	0.445082225608696
chr7:55663907:C:A	7	55663907	-0.0684379345796778	0.0662313767437503	0.30145608942895
chr7:56122201:A:G	7	56122201	0.00898827803234786	0.0599924240125205	0.880903827624875
chr7:62910214:G:T	7	62910214	0.0774517332384435	0.0737748082281966	0.293791752471266
chr7:65406204:G:T	7	65406204	0.0833552776793354	0.0823847678689208	0.311643154602602
chr7:67766433:G:A	7	67766433	-0.109227974426402	0.0618560514674337	0.0774224663861183
chr7:68433432:T:C	7	68433432	-0.0312788152589978	0.0510960600220199	0.540433830616929
chr7:71020152:T:G	7	71020152	0.0436411868959226	0.0764161778530348	0.567932677101064
chr7:71553830:T:C	7	71553830	0.0578063305583235	0.0681174095580167	0.396088407126947
chr7:78390279:T:G	7	78390279	0.122017661771522	0.0549111929935923	0.0262771637383601
chr7:83524616:A:T	7	83524616	-0.00137870553875897	0.0577576241881689	0.980955875188614
chr7:84786535:C:A	7	84786535	0.0204237023942503	0.062016970886797	0.741910495133854
chr7:86620755:G:A	7	86620755	0.0662049411720512	0.0705642111986227	0.348130001098313
chr7:89207269:G:A	7	89207269	0.0351828845602	0.0790331175357548	0.656199541678965
chr7:91097147:A:G	7	91097147	0.0524894906978872	0.0745689106419425	0.481491422554206
chr7:96212691:T:C	7	96212691	0.0335205587558733	0.108127856447507	0.756554463186743
chr7:103095283:G:A	7	103095283	-0.068088698886995	0.0990731905754604	0.491921075895979
chr7:104663551:G:A	7	104663551	0.252510328228419	0.108276596506906	0.0196961706108789
chr7:113434486:A:C	7	113434486	0.0201537570509058	0.0573518931154332	0.725284334985795
chr7:113749820:G:A	7	113749820	-0.0354523199372441	0.057011271116913	0.53404210863541
chr7:117145973:C:G	7	117145973	0.122171799889667	0.0587840629179493	0.0376803555164207
chr7:119808046:G:A	7	119808046	0.121959535627185	0.072038632494686	0.0904604062038646
chr7:122582926:C:G	7	122582926	-0.0028244594573133	0.0732799834323897	0.96925443176513
chr7:124802410:A:T	7	124802410	-0.104917724751777	0.0529996535667429	0.0477493193423437
chr7:129047886:A:G	7	129047886	0.0273905758302129	0.090980423689873	0.763368662743829
chr7:131384702:T:A	7	131384702	0.0297337208057647	0.0599470852153723	0.619894804758339
chr7:136870573:G:A	7	136870573	-0.0216980213770342	0.0987857310867127	0.82614583290594
chr7:142873374:T:C	7	142873374	-0.0834243253349694	0.0632366110744572	0.187088580193783
chr7:143187070:C:T	7	143187070	-0.0139019297467043	0.0816279797243808	0.864767613956716
chr7:145116884:A:G	7	145116884	0.0145282597867588	0.0654366332568293	0.824298094359515
chr7:149242006:T:C	7	149242006	-0.0577940919270875	0.0539920852148728	0.284431266882637
chr7:153502245:G:A	7	153502245	0.000483466061093645	0.0643895746290307	0.994009177984035
chr7:153952270:G:A	7	153952270	-0.00817597392910817	0.0613525830619671	0.893986101704853
chr7:154426289:T:C	7	154426289	0.00136285806645787	0.0879836515218845	0.987641341228474
chr7:156975524:A:T	7	156975524	0.197722911563195	0.0723659349045996	0.00629005247593095
chr7:157677820:C:T	7	157677820	-0.179329787804692	0.0828318646148255	0.0303887938900569
chr8:276778:A:T	8	276778	0.00232671574602453	0.0653405198090345	0.971594068745404
chr8:1102873:G:T	8	1102873	-0.105773244756163	0.0843412051286842	0.209801612497925
chr8:8710521:T:C	8	8710521	-0.0795212020171694	0.0614524601107573	0.19565576080773
chr8:9029509:T:C	8	9029509	0.0794737090797127	0.0788286034883094	0.313366306204019
chr8:9109096:A:G	8	9109096	-0.0187298663110418	0.0645375484973796	0.771650556297421
chr8:9827297:A:G	8	9827297	0.197717748650298	0.069915274476421	0.00468453474993202
chr8:10675470:T:G	8	10675470	-0.111951752550986	0.131317301826966	0.393920784654143
chr8:13032868:C:A	8	13032868	0.169037890226892	0.0759714186379263	0.0260799270683902
chr8:14391498:A:G	8	14391498	0.0852329843266202	0.0958438124111123	0.373847018020495
chr8:16627132:C:G	8	16627132	-0.104982242692594	0.142293825966906	0.460645142727219
chr8:17129593:A:G	8	17129593	0.000591302648997023	0.0834974679137599	0.994349681220203
chr8:20741226:C:T	8	20741226	0.0740422845448138	0.0576716299151619	0.199191031659782
chr8:23115837:G:A	8	23115837	0.0489053178341452	0.0802865333002859	0.542435122120097
chr8:25783762:T:C	8	25783762	-0.0811170132758266	0.0737379408344328	0.271300934244027
chr8:27010051:G:C	8	27010051	0.201088313173797	0.0902929282877262	0.0259428612436297
chr8:27022227:G:T	8	27022227	-0.000354267474236466	0.0539118031068993	0.9947569456499
chr8:28150898:A:G	8	28150898	-0.0324014298886756	0.0604573363461094	0.592000875270937
chr8:28528484:G:T	8	28528484	0.0529794701050835	0.0652112772920517	0.416546062922165
chr8:29917542:C:T	8	29917542	-0.0275675567772016	0.13490815147525	0.838085351623183
chr8:37085597:G:A	8	37085597	0.0406740121706038	0.0912500737194837	0.655783449551221
chr8:41788192:C:T	8	41788192	0.0460651009102447	0.0674516453325787	0.49464780868266
chr8:42055528:T:G	8	42055528	0.0686166761009676	0.0856111154715027	0.422846522499479
chr8:50763512:C:T	8	50763512	0.125730521281488	0.0828344411546461	0.12905141108268
chr8:51570259:T:G	8	51570259	-0.0740489678350677	0.0942296746740727	0.431964212104984
chr8:53142705:G:A	8	53142705	0.00845929206005724	0.0581550648306854	0.884346930468916
chr8:60609620:T:A	8	60609620	-0.170167730218742	0.136698496447983	0.213190639703463
chr8:61304314:G:C	8	61304314	0.00842689553137867	0.0587960798550957	0.886034219205539
chr8:61926940:A:T	8	61926940	-0.0187300143968398	0.0605216758756667	0.756959362452623
chr8:63445672:G:A	8	63445672	0.0198186328317863	0.0685325137437312	0.772439164096674
chr8:65343369:C:A	8	65343369	0.0613754121403067	0.0588415719318457	0.296919543790923
chr8:65418628:G:T	8	65418628	0.0385826149651278	0.0593229305695795	0.515444970837056
chr8:71273350:T:A	8	71273350	0.0532802170982771	0.0929693072394986	0.566580576645156
chr8:72033005:T:C	8	72033005	0.00269832183134572	0.0915606189841292	0.976489480366069
chr8:72065200:T:A	8	72065200	0.0664293630711594	0.057505915859072	0.248019007120796
chr8:73211475:T:C	8	73211475	0.0148238939582027	0.0722097823488967	0.837346121934467
chr8:75992459:A:G	8	75992459	-0.0742746609530086	0.134506578553951	0.580810681058184
chr8:78402394:T:A	8	78402394	-0.207004950684391	0.185172810077379	0.263609090784686
chr8:79795588:T:G	8	79795588	-0.108818506379612	0.1168119831144	0.351558937928114
chr8:86323708:T:C	8	86323708	-0.0620214079009727	0.0585181700387728	0.289205650312568
chr8:89525432:A:G	8	89525432	0.0261491205052031	0.0614301808154017	0.670346718443458
chr8:92001032:A:G	8	92001032	0.00249882401700749	0.0772912847660146	0.974208918381503
chr8:92645879:A:G	8	92645879	-0.0532825999271234	0.0839734929038571	0.525743544860384
chr8:95906161:G:A	8	95906161	0.0159021001189267	0.0531545773280378	0.764812559823369
chr8:96365126:C:T	8	96365126	-0.0502242786393383	0.0511360278094218	0.326016044678752
chr8:97430280:G:A	8	97430280	-0.0421883348832566	0.131051443294295	0.747511831420856
chr8:98002322:C:T	8	98002322	0.0452882258703309	0.0508595106589724	0.373220351474852
chr8:98018653:A:G	8	98018653	-0.0174837021185834	0.0700219545546148	0.802827972599824
chr8:104471980:T:G	8	104471980	0.126700640911882	0.0739830114150478	0.0867927836213827
chr8:106920372:G:A	8	106920372	-0.0792360566813083	0.0758979971606374	0.296494243032044
chr8:108142424:A:G	8	108142424	0.0418696841120179	0.0614674419657969	0.495764888956092
chr8:109421925:C:T	8	109421925	-0.11734309456943	0.0717723350982324	0.10206269809969
chr8:116252872:C:T	8	116252872	-0.0529249347076337	0.0572141758057908	0.354949342021328
chr8:116821900:C:T	8	116821900	0.0660018486855282	0.080882616348245	0.41448858318927
chr8:119015250:G:A	8	119015250	-0.225956275947201	0.163551798302874	0.16710749394978
chr8:121384602:C:T	8	121384602	-0.0651124432066767	0.0600894369775584	0.278545665547025
chr8:127029052:C:T	8	127029052	-0.0790646370125806	0.0580800582271964	0.173417522904916
chr8:128437247:A:G	8	128437247	-0.126780704513877	0.0610448425590349	0.0378158243262636
chr8:131111695:G:T	8	131111695	0.0511390612081477	0.100504520174329	0.610875949298342
chr8:131315237:G:A	8	131315237	-0.0554589838492682	0.0537008379274818	0.301725759134581
chr8:135895676:A:T	8	135895676	-0.0728823651500888	0.0819694916030027	0.373927769272971
chr8:138585221:A:T	8	138585221	-0.0819965530379641	0.0952541384274244	0.389337849556847
chr8:141605122:C:T	8	141605122	-0.0871738303749374	0.0612382540515429	0.154585700471302
chr9:733358:A:C	9	733358	-0.0681227073055999	0.066435842289314	0.305178786005822
chr9:5461379:C:T	9	5461379	0.00081345078972118	0.0670517887601052	0.990320557918696
chr9:11397008:T:G	9	11397008	-0.0146630329652722	0.125555502075328	0.907030218251082
chr9:11517950:T:C	9	11517950	0.0219372404901292	0.139849607402369	0.875352755576754
chr9:11955148:T:G	9	11955148	-0.0549104284744995	0.0661396060077382	0.406414368631603
chr9:12389360:A:G	9	12389360	0.0489881112932229	0.0687885299695017	0.476368657600857
chr9:12615226:G:C	9	12615226	0.0044931764585137	0.058863982959455	0.939155360925991
chr9:13582959:T:A	9	13582959	-0.0181691675016988	0.0765042419967033	0.812274901089319
chr9:13820455:C:G	9	13820455	0.00424869209723167	0.0846908270437116	0.95998923920045
chr9:14098421:G:A	9	14098421	0.0980253472474383	0.0550243454107867	0.0748323595489074
chr9:18952915:A:G	9	18952915	0.0371841496926242	0.0486969403945442	0.44511585839937
chr9:21476808:G:A	9	21476808	-0.0871208971026596	0.119262126286732	0.465085054357665
chr9:29651949:A:G	9	29651949	0.0210132306931554	0.0550388610505026	0.702617892434965
chr9:32058643:A:T	9	32058643	-0.0869366317949693	0.0732205468714121	0.235099203038469
chr9:37013405:C:T	9	37013405	0.0826523134668005	0.0541193098315684	0.126705299077206
chr9:37992585:C:T	9	37992585	-0.0166580154346607	0.0558976422176345	0.765696090075501
chr9:72294932:G:A	9	72294932	-0.0803456188436456	0.149007964487859	0.589746432334757
chr9:73616570:C:T	9	73616570	0.124628403877381	0.0668028571210648	0.0620952671012668
chr9:76464251:C:G	9	76464251	0.235496602016004	0.106131928736568	0.0264932301672691
chr9:79067117:C:T	9	79067117	-0.00511841461340508	0.10017876172531	0.959251563912063
chr9:82773489:T:C	9	82773489	0.179607326326511	0.0848824995167608	0.0343488583902954
chr9:89995415:A:G	9	89995415	-0.157998943606812	0.0914431592955384	0.0840173153528202
chr9:91844381:C:T	9	91844381	-0.125429298532449	0.0911702065629388	0.168892636633441
chr9:94568472:C:A	9	94568472	-0.114447803207132	0.0630694153834772	0.0695804233168456
chr9:95559980:C:T	9	95559980	-0.0361120808550183	0.0788486200350553	0.646957790909244
chr9:96162075:C:T	9	96162075	-0.0301948140668279	0.0529980019646761	0.568857480606856
chr9:97240484:A:G	9	97240484	0.115681173971714	0.0705874725935183	0.10124776554641
chr9:100192956:A:G	9	100192956	-0.000397535339724539	0.0660658785141524	0.995198952878596
chr9:100529836:G:C	9	100529836	-0.0313449968225684	0.0737471078319557	0.670812199929995
chr9:101460357:C:T	9	101460357	0.0890864180416748	0.0789756135791988	0.259309620364371
chr9:103293239:C:G	9	103293239	-0.0991784936729588	0.108444209037105	0.360423838490526
chr9:105684376:G:T	9	105684376	-0.0725514568401723	0.113967132298936	0.524385537146003
chr9:106822394:G:C	9	106822394	0.0778251272413515	0.0927082317191419	0.401209562326882
chr9:107904127:G:A	9	107904127	-0.0434692150643377	0.0601233089822895	0.469679243806586
chr9:117420412:T:C	9	117420412	0.00664029147164124	0.0548897817020928	0.903710834970037
chr9:117972207:C:A	9	117972207	-0.0292916032632464	0.0579225846260481	0.613065423160307
chr9:118511323:G:A	9	118511323	0.186272948559815	0.0868424113714897	0.0319565518318888
chr9:121356498:A:G	9	121356498	0.107011995988516	0.0919566613607416	0.244536663862099
chr9:124044726:T:G	9	124044726	-0.0453068913660339	0.0612013406986277	0.459122552050938
chr9:125005426:C:T	9	125005426	0.0215714914769399	0.0728505433144826	0.767149042930039
chr9:129533341:A:G	9	129533341	-0.071130857053515	0.0613830374673707	0.24653643403638
chr9:136630984:C:T	9	136630984	-0.0174884180383126	0.0539568107976244	0.745848076398898
chr10:2050300:A:G	10	2050300	0.172659197987159	0.0599203163329188	0.00395812251210692
chr10:3113976:C:T	10	3113976	-0.0677097763439445	0.0596669733726774	0.256461268786938
chr10:4591592:T:C	10	4591592	-0.20671562912506	0.0931459065069134	0.0264685706551079
chr10:7462546:C:T	10	7462546	0.0323294383514009	0.0589441427623974	0.583365212488332
chr10:7849544:T:G	10	7849544	-0.108382365007344	0.0902807634318597	0.229943886294572
chr10:9367893:G:A	10	9367893	-0.0266199645514673	0.0599055588650638	0.656778341105938
chr10:10628189:C:T	10	10628189	-0.0279970173118995	0.065122864073229	0.667260587923068
chr10:14014383:T:C	10	14014383	-0.0828237819387048	0.0612780397602817	0.176501307730386
chr10:16341555:C:T	10	16341555	0.112190680195388	0.0603795715734196	0.0631562298533542
chr10:18075702:C:T	10	18075702	-0.119438927354187	0.0743587814922833	0.108218593917691
chr10:20923823:C:G	10	20923823	-0.105107452295351	0.110001137198536	0.339318629898957
chr10:26220185:A:C	10	26220185	0.162359518194825	0.095418921461054	0.0888408339508675
chr10:27289376:T:C	10	27289376	0.0478828278971127	0.0577890676067459	0.407342478697414
chr10:27674317:A:G	10	27674317	0.116116921313643	0.0588937391093538	0.0486513585281156
chr10:28771902:G:A	10	28771902	-0.0607665208773438	0.0820556887935432	0.458964999531645
chr10:28891836:C:T	10	28891836	0.0366515887989377	0.0524346819752046	0.484555056980594
chr10:30622484:G:A	10	30622484	0.034720699771405	0.068657515852129	0.613061193799828
chr10:35177843:G:T	10	35177843	-0.100318127818928	0.0809642958493057	0.21533010564731
chr10:43613180:G:A	10	43613180	0.115260438588835	0.0975621908137336	0.237441959991251
chr10:44139011:T:C	10	44139011	-0.0748857138025211	0.110179579077622	0.496713669670635
chr10:45036473:A:G	10	45036473	-0.125666022017117	0.0701233589221583	0.0731216299547202
chr10:51560095:T:G	10	51560095	-0.137173603284402	0.0632343005084818	0.0300605929265731
chr10:54072488:A:G	10	54072488	-0.0677966173789272	0.0521246618268759	0.193373843152441
chr10:54082016:C:T	10	54082016	0.0754368642763435	0.057239093250194	0.187528566904887
chr10:55299918:G:C	10	55299918	-0.0810897812111291	0.0723571753229723	0.262420908966443
chr10:56747004:T:C	10	56747004	0.0636595697811228	0.0826965176780672	0.441420042914145
chr10:57761967:T:C	10	57761967	0.0614693368201293	0.0732008072590321	0.401056549070844
chr10:61894829:G:A	10	61894829	0.191006086015785	0.112883513113362	0.0906338436989675
chr10:62473064:C:G	10	62473064	0.157634843789632	0.163790119016266	0.335838801649947
chr10:65713195:A:G	10	65713195	-0.0738894097565685	0.112691348341396	0.512030345525885
chr10:69232402:C:A	10	69232402	0.010863672380533	0.0554040900140152	0.844547007458392
chr10:79437519:C:T	10	79437519	-0.0229904983165541	0.0697601174586528	0.741728615889862
chr10:81546102:G:A	10	81546102	0.0692037456077908	0.0987911927330775	0.483611850119386
chr10:82354363:C:G	10	82354363	-0.00737202407361927	0.0967333689504375	0.939252240599647
chr10:84591955:C:T	10	84591955	0.0738290261252966	0.0898050323539733	0.411018027213138
chr10:84989741:G:A	10	84989741	0.0304741131582611	0.0655983397173663	0.642249329358587
chr10:86779196:C:A	10	86779196	-0.0709416243379244	0.0921701927804742	0.44148928378701
chr10:91053424:A:C	10	91053424	-0.0709949454111788	0.0576991321956375	0.218534813484009
chr10:93612452:G:A	10	93612452	-0.0950603193611525	0.0964114793018469	0.324140234727147
chr10:93671121:T:C	10	93671121	-0.0194074117706267	0.0595358581889551	0.744440596247006
chr10:101249704:C:T	10	101249704	-0.0217527840710789	0.0836766851102726	0.794892849163172
chr10:102352980:T:C	10	102352980	-0.00676984057608361	0.0587418547112428	0.90824910271918
chr10:104637359:T:C	10	104637359	0.0687843321235621	0.0932311311726192	0.460646400531593
chr10:108480456:T:C	10	108480456	-0.0308191363008669	0.0598364148487497	0.606513516752694
chr10:109264424:C:T	10	109264424	-0.0448886735652185	0.0707877381897617	0.525995569592634
chr10:111352001:T:G	10	111352001	-0.0827366666530704	0.0778484534747392	0.28787656161071
chr10:118828443:C:T	10	118828443	0.130517932559379	0.0593946801634588	0.0279870111810658
chr10:120152982:A:G	10	120152982	0.155263942350403	0.0700233836018677	0.0266015311183616
chr10:121580593:A:G	10	121580593	-0.0272815624550904	0.0607175950268617	0.653201632204644
chr10:121611573:C:G	10	121611573	0.0611336121251663	0.0698001322286182	0.381118078217353
chr10:121734173:T:C	10	121734173	-0.104022579884796	0.0661019683634249	0.115564127154637
chr10:121910644:T:A	10	121910644	0.187936348997691	0.0753135353802718	0.0125820143368474
chr10:122561189:A:G	10	122561189	0.0681121914233804	0.0593499151177881	0.251118219907246
chr10:123750431:C:G	10	123750431	-0.000974654247543673	0.0758417747673175	0.98974654570333
chr10:127533155:T:C	10	127533155	-0.0165404101863607	0.0543033904134764	0.760676466377689
chr10:129953349:A:G	10	129953349	-0.162803193989688	0.0937403550364305	0.0824320005559738
chr10:130263340:C:T	10	130263340	0.0813190390434442	0.108339647387879	0.45289731239377
chr10:130662147:G:T	10	130662147	0.0412949000817589	0.0891981838777215	0.643395378375418
chr10:131485315:A:G	10	131485315	0.151890630303887	0.0932376714408372	0.103298344465821
chr10:131819683:A:G	10	131819683	0.0702657857957613	0.0571181508487788	0.21862853438802
chr10:131953941:A:C	10	131953941	0.045848437893784	0.0655429682977418	0.484228827465428
chr11:388357:C:T	11	388357	-0.028711449169933	0.0550977366639176	0.602296875866496
chr11:2257707:C:T	11	2257707	-0.0322473223245967	0.0619363034696638	0.602608519883288
chr11:3623903:G:A	11	3623903	-0.0534530016114816	0.0764279848431954	0.484308063414115
chr11:5806222:C:T	11	5806222	-0.0679381177193141	0.0586547390795957	0.246753222543518
chr11:9789492:C:A	11	9789492	-0.0469893000165894	0.0705827485523331	0.505581458920346
chr11:14569664:T:G	11	14569664	0.0372864325603351	0.0683031826195095	0.585137444385868
chr11:21819583:A:G	11	21819583	-0.153957361332031	0.148499848320388	0.299851932449437
chr11:36019710:C:A	11	36019710	0.0287828506310095	0.0590712200058088	0.626076393791141
chr11:39635569:C:T	11	39635569	0.000876767159942505	0.0845968771888813	0.991730824114608
chr11:40512905:C:G	11	40512905	0.0763798051051574	0.0738378085503934	0.300936699370552
chr11:41632790:A:T	11	41632790	-0.0686165298443446	0.113687304950738	0.546139605783211
chr11:42744986:A:G	11	42744986	-0.0592300584341808	0.0591064423579394	0.31629944403579
chr11:43201079:C:T	11	43201079	-0.0482567896707476	0.0859276757942951	0.574390111511546
chr11:43982585:G:A	11	43982585	0.103574579246917	0.122823719739224	0.399072808529826
chr11:44330300:A:G	11	44330300	0.0320154115571215	0.0736547231432362	0.663802834071025
chr11:49875094:A:G	11	49875094	-0.0864801369363438	0.0603668918536469	0.151979155960743
chr11:50253126:G:T	11	50253126	0.0579866027381371	0.06439136968693	0.36783626361189
chr11:55906271:G:A	11	55906271	-0.0577502557023321	0.0746910596671625	0.439410931541159
chr11:56124264:C:A	11	56124264	0.0306865839764955	0.0914417618084334	0.737183009358965
chr11:57305789:G:A	11	57305789	-0.0109446500656623	0.0578007870214863	0.849817546451852
chr11:58998793:A:C	11	58998793	0.00667479170327288	0.0706257182388414	0.924704544452207
chr11:60456695:C:T	11	60456695	-0.0404028524238838	0.102424385589793	0.693237638990972
chr11:62505064:A:G	11	62505064	-0.0630795163359037	0.117660772524004	0.59188018238221
chr11:63184971:C:T	11	63184971	-0.0887987827872345	0.0577801201008319	0.124332567444507
chr11:65009160:T:C	11	65009160	0.0582638041647472	0.110851813192242	0.599165585292357
chr11:70801858:T:C	11	70801858	0.079104084800944	0.0486440048597071	0.103910595746698
chr11:71334794:T:G	11	71334794	-0.00322744702737348	0.0793820218991144	0.967569220106592
chr11:72713691:C:T	11	72713691	0.0104434066937638	0.102636364343824	0.918953902523362
chr11:77208574:G:A	11	77208574	0.0506854153645927	0.0579228169696389	0.381546190037108
chr11:77376654:A:G	11	77376654	-0.0110784108531093	0.0678321514272059	0.870265746130221
chr11:77897055:A:G	11	77897055	0.141693534091212	0.0812107148369466	0.0810259524834585
chr11:79339250:G:A	11	79339250	-0.0324753243571287	0.0970984944507401	0.7380343200779
chr11:81783030:C:T	11	81783030	-0.0832213151918972	0.0719781678121999	0.247598464629696
chr11:83962252:C:T	11	83962252	-0.0901950279251496	0.100042353588866	0.367286166271679
chr11:86328783:G:T	11	86328783	0.0503909149363784	0.065656161783899	0.442786006160633
chr11:86644523:C:T	11	86644523	0.0838542552209374	0.0938841806365684	0.371767728828609
chr11:93046218:A:C	11	93046218	0.0397527913692017	0.0614900140694139	0.517960890213425
chr11:99371984:G:C	11	99371984	-0.163637444075384	0.148243060655126	0.269660138291117
chr11:100626548:G:A	11	100626548	0.0355597147978153	0.0871154418961315	0.683133661952264
chr11:104129521:G:A	11	104129521	0.116208831751395	0.0723663930451759	0.1083091205809
chr11:108728662:A:G	11	108728662	-0.0168167308034423	0.0865299802445567	0.845905193248421
chr11:110338613:G:A	11	110338613	-0.0609445796891735	0.118208817860394	0.606156780202613
chr11:110396347:G:A	11	110396347	-0.00117588854210817	0.0570469977353439	0.983554666929683
chr11:113789228:G:C	11	113789228	0.123885825048727	0.115057897938327	0.281602713355286
chr11:113800784:C:T	11	113800784	0.0226258103647264	0.0774196795895317	0.770096383532277
chr11:115616504:A:T	11	115616504	0.0754023613823819	0.0705434899779085	0.285124793939824
chr11:119630310:G:A	11	119630310	0.0562433305053593	0.0662717746306938	0.396061050906477
chr11:123267436:G:A	11	123267436	0.0149954643534586	0.0697040916674214	0.82966570631817
chr11:125907492:T:C	11	125907492	0.0347862051536538	0.0650465633113529	0.592795572480945
chr11:126829359:G:A	11	126829359	0.00773785790612222	0.0784083736581151	0.921387087327597
chr11:130038952:T:C	11	130038952	0.0943577434331807	0.077076119602576	0.220871123871448
chr11:130290657:C:T	11	130290657	0.172854022041251	0.0939025249524161	0.0656535985084181
chr11:131355535:G:A	11	131355535	0.0246709366578001	0.0579016559871186	0.670047047908222
chr11:133238417:A:G	11	133238417	0.0358496981955972	0.0520488831952347	0.490968151375802
chr11:133300920:A:C	11	133300920	0.0222391243499753	0.0923199684039291	0.809638969410579
chr11:133409278:A:G	11	133409278	0.0789360183253006	0.0953410408492749	0.407708300208481
chr11:134309503:C:T	11	134309503	-0.0862549292008646	0.0792551651805827	0.276454154772656
chr12:5192681:C:T	12	5192681	-0.00321820627797734	0.0610923357003718	0.957988673971792
chr12:5448727:G:A	12	5448727	-0.0459286646422708	0.0647870451518788	0.478375726698399
chr12:6639294:C:T	12	6639294	0.0386155699922134	0.0790491893734545	0.625195358582358
chr12:19523028:C:A	12	19523028	-0.0356833159881931	0.0578455495386372	0.537318972456315
chr12:19758400:A:T	12	19758400	-0.00459528338083148	0.115606156898037	0.968292862044235
chr12:20003679:T:A	12	20003679	-0.0366536060894402	0.0842131753118886	0.66338251141828
chr12:21333090:G:A	12	21333090	0.0852910657542398	0.0640345527231761	0.182875370859692
chr12:25518059:A:T	12	25518059	-0.013237194900646	0.0709300714762331	0.851956097615715
chr12:28965843:C:T	12	28965843	0.0336166441505285	0.048958617307409	0.492313488512415
chr12:32086665:A:C	12	32086665	0.0949585809207431	0.0569006071334442	0.0951471013350891
chr12:44631613:C:T	12	44631613	-0.0403418613582444	0.0919594900325903	0.660884970774893
chr12:48567461:T:G	12	48567461	-0.139977922055777	0.102085815192069	0.170319174886722
chr12:51039498:T:C	12	51039498	-0.122412086533356	0.0979041305782284	0.211180459911359
chr12:52880890:G:T	12	52880890	0.118796339667829	0.0839740940494181	0.157162800996538
chr12:53646626:C:G	12	53646626	0.00122148973960444	0.0786651793339009	0.987611181344502
chr12:53680144:C:A	12	53680144	-0.0949652340821192	0.0562402866433559	0.0913033189848904
chr12:54366280:G:A	12	54366280	-0.0161006375820558	0.0557574486316679	0.772763442095746
chr12:55599330:T:C	12	55599330	-0.0383577284330978	0.0846244712143654	0.650354380309992
chr12:56675083:C:T	12	56675083	-0.0299339298085975	0.0615184635891941	0.62655282196725
chr12:57436134:C:T	12	57436134	-0.107480785233661	0.0659255341818919	0.10303045956146
chr12:58724212:C:T	12	58724212	0.0952543627910389	0.0712601490947901	0.181316359228065
chr12:59048769:A:C	12	59048769	-0.0121142380928358	0.0641873437602518	0.850302475118843
chr12:59161225:G:A	12	59161225	0.0303697810955002	0.102381099421755	0.766745457724872
chr12:59226687:C:T	12	59226687	-0.0558268283743208	0.0631553636876725	0.376717694139813
chr12:63113400:T:C	12	63113400	0.0612513987589328	0.0633103905893792	0.333305223223532
chr12:64271340:C:T	12	64271340	0.00733627483538879	0.0685123193195523	0.914725795195308
chr12:64756705:C:T	12	64756705	0.0187679903575607	0.0613610687222832	0.759710077759845
chr12:67050802:C:T	12	67050802	-0.0283874497988893	0.0678580391202607	0.675701589121774
chr12:71564908:A:G	12	71564908	-0.0149108381155591	0.0682629291377856	0.827092192906162
chr12:73909094:G:A	12	73909094	-0.00334450357988359	0.0618195510972114	0.956854643387749
chr12:81126959:G:A	12	81126959	0.0115898609223975	0.0544176976000141	0.831342853636678
chr12:83608380:A:G	12	83608380	0.0199833264286597	0.0573865276630466	0.727672485551888
chr12:90727178:A:C	12	90727178	-0.0431776572661491	0.0665790315846819	0.516650391497099
chr12:92596791:C:T	12	92596791	-0.00114313080992109	0.0616800158909769	0.985213456909055
chr12:95914573:A:T	12	95914573	0.0606797596215545	0.0638472285422248	0.341914186212244
chr12:101611098:G:C	12	101611098	0.264327721115743	0.12289376295767	0.0314869675280903
chr12:105967464:T:C	12	105967464	-0.0363627975134753	0.0538571679631105	0.499567134195304
chr12:109533295:C:T	12	109533295	-0.00602450001663465	0.0725595490044155	0.933828993164488
chr12:112209515:G:A	12	112209515	0.0282791639194383	0.0750733457327471	0.706406120634711
chr12:120976632:C:A	12	120976632	-0.0532677958335066	0.105856517490015	0.614818376983031
chr12:125875525:T:C	12	125875525	0.118244545794057	0.0658450123465919	0.0725261552774147
chr12:126449337:A:G	12	126449337	-0.0495722579281472	0.0492060052516209	0.313721815442911
chr12:131091094:G:A	12	131091094	0.140019706083392	0.0681506106704279	0.0399212566490232
chr12:132776953:G:A	12	132776953	0.0509464496863116	0.101799150455172	0.616750890631394
chr13:19545220:A:G	13	19545220	-0.0291558206489309	0.0717049833744237	0.68429591271758
chr13:22977365:T:G	13	22977365	0.0507070845005339	0.0813249729342793	0.532948216167751
chr13:24330599:T:C	13	24330599	0.0712354428950299	0.0615697025343918	0.247277024884847
chr13:24623185:A:C	13	24623185	0.0526552438890765	0.077589791900483	0.497368380758435
chr13:25202506:T:G	13	25202506	0.0148146911523856	0.0905761452083324	0.870077041860275
chr13:26234118:A:T	13	26234118	0.097245711305143	0.0630999072372386	0.123283023954562
chr13:26494236:G:A	13	26494236	0.123421503376741	0.0665442202298727	0.0636349174588297
chr13:27255876:A:G	13	27255876	-0.0449299899609267	0.107139714026572	0.674953874660957
chr13:42909938:A:G	13	42909938	0.0301138269380334	0.0666785950063518	0.651538006275126
chr13:45470952:C:T	13	45470952	0.0116606233434494	0.0875273022987882	0.894017260597286
chr13:45708351:G:A	13	45708351	0.0161305480322325	0.0780461259695871	0.836260030857737
chr13:45809177:C:G	13	45809177	-0.0108175751948878	0.058705177329049	0.853802019342104
chr13:50558767:A:T	13	50558767	-0.0591429698486623	0.0781738557367831	0.449315371910785
chr13:58710908:G:A	13	58710908	0.0965892977333748	0.0599451007897982	0.107115234507015
chr13:58934154:C:T	13	58934154	-0.132197103918339	0.0603701133340688	0.0285403916273604
chr13:70397215:T:C	13	70397215	0.0992287674999247	0.0525471889893801	0.0589757029973847
chr13:70990050:T:C	13	70990050	-0.268425295831582	0.197755106114148	0.174666168843005
chr13:75832713:T:C	13	75832713	-0.0699909130000406	0.0862463079727911	0.417065054566385
chr13:86776101:G:A	13	86776101	-0.0807657997302226	0.0634213550115701	0.202847918658841
chr13:91472230:T:C	13	91472230	-0.0159079951591028	0.0553477551331958	0.773791532384805
chr13:93235990:C:T	13	93235990	-0.0282165959581594	0.0586497003180274	0.630442700005711
chr13:96765286:G:A	13	96765286	-0.0658985198792007	0.0708121952487158	0.352055465073669
chr13:102180181:A:G	13	102180181	0.0467817620256467	0.0615455104472014	0.447184911513731
chr13:104405113:C:T	13	104405113	-0.220136278401716	0.121978665862047	0.0711198683693623
chr13:106009559:G:C	13	106009559	-0.107557396862426	0.0642376066791858	0.0940582860550361
chr13:106084136:A:G	13	106084136	-0.128354149625698	0.0736469790246187	0.0813633495131806
chr13:112716578:T:C	13	112716578	-0.0261741815113619	0.0931272878089065	0.778665813418903
chr14:21167555:A:G	14	21167555	-0.232589593354391	0.130209834517118	0.0740559592247768
chr14:26929954:A:G	14	26929954	0.0890827918941682	0.055397571546853	0.107821354767938
chr14:27823594:G:A	14	27823594	-0.0284317040984698	0.0786297464847842	0.717658685075125
chr14:34182794:A:C	14	34182794	-0.314840992317727	0.147541648801917	0.0328499309271738
chr14:38216062:T:A	14	38216062	-0.0425306642342515	0.0618810682153947	0.49189567351563
chr14:38962987:G:A	14	38962987	0.0570146649102932	0.102912945233211	0.579572905595649
chr14:39925237:C:T	14	39925237	0.0876954772520793	0.077681413501013	0.25893497234789
chr14:44446011:A:G	14	44446011	-0.018663412009987	0.0763913340028392	0.806988253484784
chr14:48685878:C:A	14	48685878	-0.200505108380666	0.124746631886606	0.107988843318941
chr14:51426205:T:C	14	51426205	0.103305907800621	0.0621267479837519	0.0963474769498095
chr14:52881822:T:G	14	52881822	0.0706049669178576	0.0677090087896411	0.29705452898052
chr14:53358297:A:G	14	53358297	0.013431467849128	0.0686347854235079	0.844849086164408
chr14:56254615:G:A	14	56254615	-0.0124849592209979	0.0574755872749168	0.828035378406035
chr14:57978070:T:C	14	57978070	-0.0340666896114118	0.0531662331370356	0.521679919676872
chr14:62445185:T:C	14	62445185	-0.0769187114159998	0.060410173156284	0.202920778996697
chr14:67518615:G:A	14	67518615	0.0403955592101483	0.0530201917098681	0.446125598632714
chr14:68863518:T:G	14	68863518	-0.0473064339873243	0.0619351913470785	0.444983214634219
chr14:77734277:G:A	14	77734277	0.105141407481642	0.101754589909299	0.301470930800719
chr14:81022028:G:A	14	81022028	-0.125658394162468	0.0978655494419893	0.199145428179782
chr14:81884763:T:G	14	81884763	0.0189698588602085	0.111682696798166	0.865124211035126
chr14:82929256:T:A	14	82929256	-0.0775461823185094	0.0952188574144207	0.415416170397872
chr14:84531019:T:G	14	84531019	-0.0567304863351922	0.0783233435350422	0.468874613264967
chr14:84812257:C:T	14	84812257	-0.11112995827851	0.133724254933756	0.405952074433216
chr14:90804831:C:G	14	90804831	0.0725853281493656	0.0624983270036943	0.245480757295004
chr14:91397629:G:T	14	91397629	-0.0689760886556287	0.0917782959946807	0.452320998506599
chr14:91532430:A:C	14	91532430	0.167816396579165	0.0829344039724765	0.0430233248294862
chr14:91961156:T:C	14	91961156	0.0869660132937963	0.0660855793584474	0.18818729446065
chr14:92998270:C:G	14	92998270	0.10236857059541	0.0893400253954971	0.251865085859737
chr14:93757265:G:A	14	93757265	-0.0697393034568515	0.117324932698928	0.552236837598302
chr14:93769225:C:T	14	93769225	0.127793587895761	0.0853963869343817	0.134529827210491
chr14:98340169:A:G	14	98340169	0.00762538299900199	0.0647638350886132	0.906272582196924
chr14:100721312:C:T	14	100721312	-0.0508775411885054	0.0856106690413633	0.552318348004575
chr14:102093442:A:G	14	102093442	-0.0391958564995664	0.0920339072094801	0.670191677772777
chr15:24165057:A:G	15	24165057	-0.12527185142267	0.0873861171019756	0.151702409305398
chr15:26353849:A:G	15	26353849	0.119465930058587	0.0510478632386582	0.0192696545933909
chr15:28182824:G:A	15	28182824	0.00342539875687309	0.0984573709483688	0.972246653464955
chr15:33665926:A:G	15	33665926	0.00366362212442883	0.156858726700026	0.981366151284903
chr15:34880184:A:T	15	34880184	-0.08091793455374	0.0683527255391967	0.236480784206163
chr15:37080410:C:T	15	37080410	0.0589498636635155	0.0590317230802565	0.317982055801795
chr15:37762539:C:G	15	37762539	0.11873465907475	0.0971581425723087	0.221678791385696
chr15:52558833:C:G	15	52558833	0.0830579282778835	0.0889746737060335	0.350561462270852
chr15:55712443:A:G	15	55712443	0.0675995094674876	0.0951091267147604	0.477234623262468
chr15:57522102:A:T	15	57522102	-0.0539863142496398	0.0602556658160857	0.370277248001602
chr15:57590535:T:C	15	57590535	0.144433096970511	0.11816426410005	0.221591265800294
chr15:58439508:G:A	15	58439508	-0.143638059971844	0.106125148033083	0.175902953052823
chr15:69786285:T:C	15	69786285	0.133795401043474	0.0754738957069242	0.0762722232456
chr15:71331250:T:C	15	71331250	0.11644034319616	0.0836321917979224	0.16383431297465
chr15:74245092:G:C	15	74245092	0.102898654102784	0.173206450937352	0.552457967049769
chr15:76807237:T:C	15	76807237	0.0468339608140083	0.0771580652812596	0.543859382579798
chr15:77734259:G:A	15	77734259	0.0649734849546468	0.0579195200153532	0.261952131178034
chr15:79750604:G:T	15	79750604	-0.0275595759045166	0.0565662026943213	0.626110066973874
chr15:81697597:G:A	15	81697597	0.01758382574984	0.0521741160403685	0.736100303940026
chr15:87989871:C:T	15	87989871	0.0518743061504045	0.0866920847603983	0.549590282283374
chr15:88891382:T:C	15	88891382	0.0485258751873353	0.0579974465440971	0.402766922644872
chr15:89804552:C:T	15	89804552	-0.067983962181027	0.149509710927965	0.649315953321684
chr15:94791129:A:G	15	94791129	0.0625751817609278	0.0625822018538786	0.317364796532846
chr15:97043895:A:G	15	97043895	0.0656383305310468	0.0643589787077223	0.307786147334393
chr15:98725394:C:T	15	98725394	0.152274386307019	0.0847638621596921	0.0724223290251927
chr15:100978492:T:G	15	100978492	0.0784644965030684	0.0850308898294056	0.356123753571885
chr16:2671727:C:T	16	2671727	0.0733098819485163	0.0599435684066059	0.221336641329254
chr16:4957642:T:C	16	4957642	-0.118693959308631	0.0517008358518957	0.0216882263432173
chr16:5603936:C:T	16	5603936	-0.105792764393114	0.127114962937471	0.405261913291461
chr16:5884026:G:T	16	5884026	0.0400653192264881	0.0518330451037945	0.439540930627906
chr16:6848656:G:A	16	6848656	0.135312514694996	0.0620118170677116	0.0291062839578352
chr16:7909855:G:A	16	7909855	-0.0952601609344924	0.0531658188432003	0.0731721019124802
chr16:8273542:C:G	16	8273542	0.0747593466680495	0.0791483004736516	0.344889828901608
chr16:12394716:C:T	16	12394716	-0.140031282067074	0.0733204527106209	0.0561521509210472
chr16:13985277:C:A	16	13985277	0.13359318244957	0.0855764771396019	0.118500863853667
chr16:17779668:G:A	16	17779668	0.0340942270134584	0.0661871287774962	0.606470083662669
chr16:29740733:G:C	16	29740733	0.0364848459415925	0.0658191533934753	0.579360147600514
chr16:31127124:G:A	16	31127124	-0.0719073838291418	0.0618731735907971	0.245164857967172
chr16:56688556:C:T	16	56688556	-0.0384607804224154	0.0767974953039539	0.616506434541818
chr16:60324635:A:C	16	60324635	0.00938265208780113	0.0637930417423464	0.883069228396833
chr16:60499572:C:T	16	60499572	-0.00642072130180868	0.0626873822591021	0.918419769176958
chr16:62273123:C:T	16	62273123	0.0147585722294148	0.0527567514454471	0.779671190671574
chr16:65972427:C:T	16	65972427	-0.000993669085386571	0.0651184340807665	0.98782522237292
chr16:69246420:T:C	16	69246420	-0.0358904775903071	0.0722562613646526	0.619392886218533
chr16:71908403:G:A	16	71908403	-0.078270532477396	0.0713416263571476	0.272587667971248
chr16:72103328:C:A	16	72103328	-0.0418268048100833	0.0655583164802552	0.523467733420823
chr16:74837740:A:C	16	74837740	-0.0488036789145515	0.0934046068036778	0.601323946620651
chr16:79886631:C:T	16	79886631	-0.0275166359074575	0.0753478528650772	0.714966080378564
chr16:81396153:C:A	16	81396153	-0.0920497227781242	0.0565698588746407	0.103697448592923
chr16:82294878:C:G	16	82294878	0.0080220239757506	0.0786010735190217	0.918709066578192
chr16:82421890:A:G	16	82421890	-0.0479551561818171	0.0569072044874483	0.399401605125475
chr16:83827178:T:C	16	83827178	0.0570652772135832	0.0605344085345795	0.345838681509977
chr16:84032337:C:T	16	84032337	-0.0166248283084928	0.102205709643109	0.870785776294109
chr16:89303022:G:A	16	89303022	-0.0478994246112134	0.0919365794723432	0.602363235045794
chr16:89331863:A:T	16	89331863	0.0511831425202604	0.0597474527804936	0.391633837018549
chr16:89337630:T:C	16	89337630	0.0844218873250735	0.0609869378325244	0.16627831140232
chr16:89479873:T:G	16	89479873	-0.0649235726876125	0.0622037770364875	0.296613119716404
chr16:90035976:C:A	16	90035976	-0.0443680999544608	0.065532138308567	0.498378435700831
chr17:2489248:C:G	17	2489248	0.104167554209466	0.0611026814038344	0.0882326385272856
chr17:4018176:C:A	17	4018176	0.118161798464631	0.110505395500293	0.284941118186037
chr17:4147521:T:C	17	4147521	0.0573645416339966	0.111030728311013	0.605397261598416
chr17:6949267:T:C	17	6949267	0.0700523809855855	0.0736030548443176	0.341219143106472
chr17:7929448:A:G	17	7929448	-0.0533030452528668	0.0545651774616054	0.328633875398258
chr17:10308301:C:T	17	10308301	-0.00651369599057053	0.123754084311334	0.958023375012208
chr17:12174148:T:C	17	12174148	-0.142881975676826	0.0842524912994537	0.0899089210897757
chr17:14402381:C:T	17	14402381	-0.0962399767679636	0.109868670252809	0.381054667424232
chr17:15219976:C:T	17	15219976	0.00454294657327313	0.0613675453290738	0.940987717556269
chr17:16482403:T:A	17	16482403	-0.174742627616522	0.0810850735320321	0.0311576902652154
chr17:18684803:A:G	17	18684803	-0.160533520564721	0.0665130030892708	0.0157972680041701
chr17:20040710:T:C	17	20040710	-0.00304136121817068	0.0683615925045071	0.964514359666389
chr17:21275023:A:C	17	21275023	0.00914766481019395	0.0589180372712245	0.876615674939973
chr17:30609729:C:T	17	30609729	0.0158101864610834	0.115374736411894	0.89100443546752
chr17:31554254:C:T	17	31554254	0.00796181295682661	0.078089302348101	0.918790176410896
chr17:33472425:T:G	17	33472425	-0.0964109925976262	0.0872113328609464	0.268948634945207
chr17:44156671:T:A	17	44156671	-0.0114773896977068	0.0530421351688919	0.828689607833144
chr17:45754773:C:T	17	45754773	-0.062284815568537	0.0710185839094934	0.380475032337143
chr17:48779278:C:T	17	48779278	-0.0868785526724306	0.0674626827505653	0.197815025460019
chr17:52703044:C:G	17	52703044	-0.0850726538297222	0.0857417840554297	0.321101931022049
chr17:53282498:G:T	17	53282498	0.0369781027642959	0.0548085025295467	0.499880226929393
chr17:58411807:C:T	17	58411807	-0.00192565385822245	0.0756611201100189	0.979695203785669
chr17:61409438:A:G	17	61409438	-0.103786813158513	0.0570393686738234	0.0688253444437833
chr17:61905160:C:T	17	61905160	-0.0890741666425517	0.159434286161996	0.576374053159885
chr17:66262233:G:T	17	66262233	-0.0320239873267572	0.0520680984295254	0.538527999333264
chr17:66751216:C:T	17	66751216	0.0499442818538421	0.0537724316486266	0.352988432375594
chr17:66971178:A:G	17	66971178	0.0789969421395979	0.0963217390356632	0.412138484708747
chr17:68771033:G:A	17	68771033	0.0261060135706629	0.062873605007934	0.67798510496882
chr17:69081332:C:T	17	69081332	0.0160978109838771	0.0673928257425018	0.811209993710645
chr17:69213412:T:C	17	69213412	0.0840613960697989	0.0586713984735438	0.151929539000668
chr17:72829246:G:A	17	72829246	0.0498878603215434	0.0683706064340018	0.465592996756251
chr17:73506492:C:T	17	73506492	0.0325908002698052	0.072230764918325	0.651842624620194
chr17:75360149:C:G	17	75360149	-0.133615536188321	0.113860575712802	0.240594826808387
chr17:77625920:A:T	17	77625920	-0.122440186263197	0.0784886042979724	0.118766012660709
chr18:1137045:A:T	18	1137045	0.0166083667006837	0.0502871177834907	0.741195353205695
chr18:4080016:T:A	18	4080016	0.0750270891185	0.080769519234865	0.352939098930651
chr18:8920896:G:C	18	8920896	0.0640787596421221	0.0968298294754081	0.508120731107438
chr18:9609299:C:T	18	9609299	0.0814683228238083	0.0591540554244464	0.168443327844967
chr18:10572326:C:T	18	10572326	0.0346804884118093	0.0592580526083843	0.558382884102173
chr18:11017906:C:T	18	11017906	-0.0247062362893983	0.0584587805175835	0.672567708044418
chr18:12120157:A:G	18	12120157	0.21304384118154	0.160458888228226	0.184271929461551
chr18:14686017:A:G	18	14686017	0.0696213074594832	0.0619481935971902	0.261070980362012
chr18:14895123:C:T	18	14895123	-0.134598758521096	0.0575363505487553	0.0193163411697553
chr18:30059135:A:G	18	30059135	-0.00325804962193197	0.0580200326478502	0.955219226097893
chr18:32490781:T:C	18	32490781	-0.0991387716007573	0.0693199661735874	0.152670569807133
chr18:36255061:C:A	18	36255061	-0.000548681397040272	0.0512105126035545	0.991451441950298
chr18:42762909:A:C	18	42762909	0.0455180565509912	0.0578246328853192	0.431179924219717
chr18:43928870:G:A	18	43928870	0.0402430863294794	0.101454315030363	0.691616617998543
chr18:44831686:A:G	18	44831686	0.0683414467788928	0.0844355554201211	0.41828981332379
chr18:45461168:C:T	18	45461168	0.190469939080538	0.0740070349686067	0.0100625203155539
chr18:47992191:T:C	18	47992191	-0.070521289335174	0.118330703543695	0.551196736447964
chr18:49146783:T:G	18	49146783	-0.0379193727779636	0.0702801818287677	0.589510344251462
chr18:49872731:C:G	18	49872731	0.0052597166729532	0.0789587093351088	0.946889391229292
chr18:50485733:T:C	18	50485733	-0.0212058988585781	0.0997000623626946	0.831563348391835
chr18:58120958:C:T	18	58120958	0.0691598545892468	0.0928690203023092	0.456451177338739
chr18:59256389:C:T	18	59256389	-0.0875832019756043	0.0764114659045566	0.251710352001019
chr18:62622293:T:A	18	62622293	0.0631878587475875	0.0736859372694008	0.391152365043186
chr18:62998306:G:A	18	62998306	0.100614378088608	0.0563996668280781	0.0744312356622663
chr18:66103927:C:T	18	66103927	-0.0187572714062394	0.0571323813083327	0.742675440630745
chr18:66206557:C:T	18	66206557	0.0128748692112388	0.0813284860122186	0.87421488691491
chr18:68001558:G:A	18	68001558	-0.0807176716467347	0.058124902112373	0.164925982599678
chr18:69946690:A:G	18	69946690	-0.127531674063631	0.108747073755602	0.240901447479524
chr18:71730181:C:T	18	71730181	0.0135463517819924	0.0662701942173981	0.838032392541359
chr18:72912108:T:C	18	72912108	-0.0201599558613319	0.0609478725643086	0.74081539647794
chr18:73248491:G:A	18	73248491	0.073814003048076	0.061170054248617	0.227547078191321
chr18:77734991:G:A	18	77734991	-0.0938267703101241	0.136973497526997	0.493344268777724
chr19:2907557:G:A	19	2907557	-0.0616588254291564	0.0532751676599287	0.247123182937305
chr19:16021187:G:A	19	16021187	-0.0914769540096279	0.100520460469365	0.362805013211685
chr19:17584922:G:A	19	17584922	-0.0786778201922979	0.0566222286599849	0.164674141403577
chr19:18704666:C:T	19	18704666	-0.0817861897901723	0.101414854293156	0.419982400774148
chr19:18737022:C:T	19	18737022	-0.0972373989119329	0.0742634178385131	0.190413117489982
chr19:18805179:A:G	19	18805179	0.00943332313455323	0.0650798942508295	0.884750440409739
chr19:21560366:G:T	19	21560366	-0.0130422794924799	0.0609555424659064	0.830575286911231
chr19:21659434:G:C	19	21659434	0.0490953919566749	0.0800081688000156	0.539460025278628
chr19:33474662:T:C	19	33474662	0.00208716685561389	0.059265078928693	0.97190632218751
chr19:37956680:C:T	19	37956680	-0.0565428218834525	0.0849245401647285	0.505538470348637
chr19:38120117:A:T	19	38120117	0.0379499916747431	0.0862285190016153	0.65985779084776
chr19:44380983:T:C	19	44380983	-0.0452631401633147	0.0909206786422727	0.618603103670066
chr19:44819986:A:G	19	44819986	-0.0517816566881497	0.0765415106260178	0.498712261133891
chr19:48685001:C:T	19	48685001	-0.0312465873640661	0.0588814470580364	0.595647833395274
chr19:51210487:G:T	19	51210487	0.0413500850671402	0.0842326699428797	0.623494931736866
chr19:51552139:T:A	19	51552139	0.0282143667449872	0.0702237537070773	0.687847336568692
chr19:52714810:C:T	19	52714810	-0.153635962337287	0.0684528330334713	0.0248062784658978
chr19:53330671:T:C	19	53330671	-0.0578175469597096	0.0658274850687568	0.379770494974456
chr19:54944544:G:A	19	54944544	0.0854486034459433	0.0860953184696755	0.320959343407302
chr19:57195010:G:C	19	57195010	0.0650989410052248	0.0658167786431662	0.322617449142014
chr20:1709120:A:G	20	1709120	0.0703701024214899	0.0640898002188052	0.272207883800638
chr20:1735934:T:G	20	1735934	-0.0469003370677469	0.0756286780196858	0.535165892049357
chr20:1906500:G:T	20	1906500	0.00319756787416459	0.0696082665090068	0.963360773456135
chr20:3649460:G:A	20	3649460	0.0413176501488006	0.0591364273201857	0.484749804096385
chr20:5407753:C:T	20	5407753	0.00171818664282541	0.071787976603657	0.980905107177822
chr20:5860313:T:C	20	5860313	-0.0409806800010193	0.0554458467611226	0.459839107767323
chr20:7000966:A:C	20	7000966	-0.0449241872497877	0.0819890529262739	0.583740592756985
chr20:12129436:G:A	20	12129436	-0.0274477526076716	0.0806102279641005	0.733480303134782
chr20:13244402:C:A	20	13244402	0.0300986474842002	0.120702478582554	0.803080545652662
chr20:31347432:T:C	20	31347432	0.0771547767035259	0.0496655755139833	0.120307069137197
chr20:37593342:C:T	20	37593342	-0.0151231888291905	0.0800510039287896	0.850155976638171
chr20:38200488:G:A	20	38200488	-0.0217864418372877	0.0581963834524385	0.70813593931527
chr20:38350608:A:G	20	38350608	0.0168907806757128	0.0680221272393512	0.803892216431442
chr20:45729681:A:G	20	45729681	-0.0147163601197276	0.0476710549772282	0.75754486933555
chr20:48501317:C:T	20	48501317	-0.000174628013465567	0.0537258095727377	0.99740659560836
chr20:49036824:T:G	20	49036824	0.0636611039941481	0.0510200502051326	0.212116619462104
chr20:50371082:C:T	20	50371082	0.0364129311456744	0.0775856517122115	0.638836932272001
chr20:52513956:G:A	20	52513956	0.0797312612716126	0.114824017123618	0.48744524185323
chr20:54253971:A:G	20	54253971	-0.020985449937611	0.0583525496333508	0.719122275552275
chr20:58480201:T:G	20	58480201	0.0463825431839648	0.0574281298281012	0.419284934074853
chr20:60073360:C:T	20	60073360	0.0664363024771394	0.0554209532771541	0.23062211868855
chr21:14869783:A:G	21	14869783	0.107585763642691	0.0920606128046433	0.242548490222567
chr21:15297615:T:C	21	15297615	0.0658342395718694	0.0671149625745087	0.326633439560487
chr21:15686888:A:G	21	15686888	0.0672504891732135	0.0826850129979035	0.416026887896472
chr21:18805376:C:A	21	18805376	-0.0646290956855178	0.129811772606554	0.618577256612932
chr21:22007486:G:T	21	22007486	0.120091177129265	0.076641737403588	0.117134289063978
chr21:24026351:C:T	21	24026351	0.0212289829867955	0.0657524229565284	0.746799477150863
chr21:26647335:G:C	21	26647335	-0.0744912417697822	0.0618659360888799	0.22856049936677
chr21:28043199:C:G	21	28043199	-0.0666834440366037	0.080912648019778	0.409859352235049
chr21:29538421:G:A	21	29538421	-0.0976726363652671	0.12352634484549	0.429117396301787
chr21:31885030:A:G	21	31885030	0.0595563720561401	0.0554969933850936	0.283205650294897
chr21:35502622:A:T	21	35502622	-0.0170286218359425	0.0632661511514154	0.787807720524674
chr21:36306638:T:G	21	36306638	-0.0279157282787419	0.0629294320184922	0.657329137139387
chr21:41442549:G:A	21	41442549	-0.0631834763899841	0.0593009602290075	0.286662666761964
chr21:42627184:G:A	21	42627184	0.00323457544800973	0.109470667323946	0.976428002198763
chr22:20147688:T:C	22	20147688	0.0564741335709233	0.0618431388692694	0.36114604405833
chr22:23891985:A:G	22	23891985	0.0680390887601087	0.0638754190144793	0.286792570382606
chr22:24245985:G:T	22	24245985	0.031293772556458	0.0704573943005329	0.65693289867414
chr22:28624303:G:A	22	28624303	-0.0869127252013016	0.0895888970436838	0.33198253976563
chr22:30376697:C:T	22	30376697	0.0702749030197389	0.0802864583125377	0.381409569029101
chr22:30662128:G:A	22	30662128	-0.000719158354003134	0.0611453844870876	0.990615937355292
chr22:36298345:C:A	22	36298345	0.00813980034308009	0.096814314192573	0.932995677284275
chr22:36977479:G:A	22	36977479	0.100871359715657	0.0815823351621021	0.216296434181774
chr22:42350572:C:T	22	42350572	-0.163747841525784	0.170081340770344	0.335667004976422
chr22:42475109:T:G	22	42475109	-0.00629756040032617	0.0562309214959246	0.910827676369367
chr22:44719519:A:G	22	44719519	-0.00298615563927943	0.0799139853481877	0.970192287203782
chr22:44805054:T:C	22	44805054	-0.0842887302661536	0.116621119456655	0.469829190426251
chr22:45210278:T:C	22	45210278	0.0449334865418431	0.0504614253392969	0.373223131065593
chr22:47062473:C:T	22	47062473	-0.194479464147274	0.185327297522832	0.294001510089907
chr22:48785864:A:G	22	48785864	0.103920749033702	0.0787501493097749	0.186959898628347
chr22:49668266:A:G	22	49668266	0.0466816047942918	0.0611505460606225	0.445231919910878
chr22:49926053:G:A	22	49926053	-0.00292615453440898	0.0827542903693387	0.971793038311011
