SNP	CHR	POS	est	stderr	pval
chr1:1837340:C:T	1	1837340	0.179492803629556	0.14379756540375	0.211945902200511
chr1:2261200:G:C	1	2261200	0.0316680798440906	0.122607382842615	0.796184243024587
chr1:14678191:A:C	1	14678191	-0.207967434983635	0.125382786278755	0.0971842874661533
chr1:14985097:C:T	1	14985097	0.172932833924909	0.143167601739322	0.227083881505741
chr1:15065941:C:T	1	15065941	0.130353867999989	0.203283070345251	0.521364745457252
chr1:20215506:G:C	1	20215506	0.00142962691457733	0.159474126404642	0.992847354047966
chr1:20533654:G:C	1	20533654	-0.395077712973841	0.205234034192703	0.0542280189359938
chr1:22009627:T:C	1	22009627	-0.0920580731313463	0.119916614281155	0.442674909320072
chr1:22126221:C:T	1	22126221	0.0231171068043078	0.118692148302867	0.845576722040803
chr1:23180575:A:G	1	23180575	-0.101990725218027	0.107559908950127	0.343016197667778
chr1:26058659:G:C	1	26058659	0.167968348560642	0.151807375215948	0.268528721417149
chr1:26181362:A:G	1	26181362	0.0186098207772308	0.142319564701667	0.895964530173808
chr1:26848285:C:T	1	26848285	0.247011954757418	0.197570096273734	0.211208344466963
chr1:28670719:C:T	1	28670719	-0.0121028676111746	0.116784328934046	0.917459529838618
chr1:29753056:A:C	1	29753056	-0.0371231418404497	0.0960175883516212	0.699031211926239
chr1:29908726:A:G	1	29908726	0.129244736713071	0.165723881763822	0.435461526591917
chr1:31886486:G:T	1	31886486	-0.0448795047843037	0.177081121755633	0.799927935956967
chr1:37838865:C:T	1	37838865	0.235724472702418	0.187917681969089	0.209695623226443
chr1:39880059:T:C	1	39880059	-0.130623250314158	0.127570046772862	0.305866664285487
chr1:41175014:G:A	1	41175014	-0.0906432570171664	0.169136031022627	0.592014351055825
chr1:41597921:C:T	1	41597921	-0.162787448491941	0.225399764579332	0.4701613274565
chr1:42635725:A:G	1	42635725	-0.279952388536676	0.238059049689627	0.239603359612568
chr1:43202709:G:A	1	43202709	0.0870826940541224	0.138988917770202	0.530958084513905
chr1:47498869:G:A	1	47498869	-0.0434805544036205	0.193817535936421	0.822494647005322
chr1:51034150:G:A	1	51034150	-0.199424432411546	0.276878040707597	0.4713643613615
chr1:54900240:G:A	1	54900240	-0.19540175764848	0.133126461479801	0.142161134304167
chr1:55459433:C:T	1	55459433	-0.176353532808722	0.243031551112037	0.468059194971803
chr1:56563907:C:T	1	56563907	0.100567007076475	0.216831412841415	0.642789067911447
chr1:65351414:T:A	1	65351414	0.213797521075181	0.121270564441095	0.0779039444395877
chr1:66254178:T:A	1	66254178	-0.134692543674764	0.122985660067174	0.273433838060216
chr1:73302339:T:C	1	73302339	-0.0284013798244079	0.102298893836383	0.78129536534463
chr1:73563666:T:C	1	73563666	0.133242327470023	0.152024515022866	0.380783869400554
chr1:76062379:T:C	1	76062379	0.165131177304556	0.111422015928749	0.138331340721993
chr1:86928231:G:T	1	86928231	0.0813966442204105	0.128927076843859	0.527819132870095
chr1:88611347:G:A	1	88611347	-0.00106551722028248	0.159180810761532	0.99465919675525
chr1:91057167:C:A	1	91057167	-0.267889662468452	0.170662906079975	0.11648478649293
chr1:91093925:G:A	1	91093925	0.0376821679463347	0.132084025295396	0.775422458549332
chr1:92475800:A:G	1	92475800	-0.0861291211561814	0.121236987885431	0.477444030044628
chr1:94752415:G:A	1	94752415	-0.172672315259704	0.148016171114425	0.243381087619481
chr1:95614324:G:A	1	95614324	-0.226155732467642	0.200857988924329	0.260187358480579
chr1:99691102:T:C	1	99691102	0.0362759135094047	0.124952817443789	0.771573817727894
chr1:104937367:T:A	1	104937367	0.0690681609744904	0.129745565131923	0.594493698812406
chr1:115841221:A:T	1	115841221	-0.356154968265366	0.43778742550599	0.415911944098737
chr1:153704237:C:A	1	153704237	-0.0369479736167913	0.147689649476741	0.80245350708687
chr1:155857667:G:T	1	155857667	-0.459724359308399	0.251815185424502	0.0679042166161062
chr1:157334223:T:C	1	157334223	0.0129812262743821	0.142894156933504	0.927615716393968
chr1:159540226:C:T	1	159540226	-0.00574708090336868	0.131397591954916	0.965113169542086
chr1:165647351:T:C	1	165647351	0.0343049696007047	0.126272176167363	0.785872070936934
chr1:167545338:A:T	1	167545338	0.017187117137825	0.183540236886144	0.92539336202847
chr1:168863629:G:A	1	168863629	0.0828610688716198	0.187744123880009	0.658958863465165
chr1:171350391:G:A	1	171350391	0.124547476230542	0.119037525899316	0.295428311546555
chr1:173013575:C:G	1	173013575	0.0660176285709025	0.129754969773459	0.610901604101508
chr1:178947344:C:A	1	178947344	0.0915588473553793	0.138566276461525	0.508767189843941
chr1:182872646:T:G	1	182872646	0.268608245098669	0.258099409705536	0.29800726758793
chr1:185127444:C:G	1	185127444	0.167708748277078	0.169731011432406	0.323110785184337
chr1:185619557:C:T	1	185619557	-0.101022250643942	0.260285777926891	0.697926849536039
chr1:186638909:G:T	1	186638909	0.122438611044299	0.130787196239499	0.349187392460213
chr1:188272062:T:C	1	188272062	-0.127446148980414	0.118564557625022	0.282415325230165
chr1:193365737:C:T	1	193365737	-0.146942973865189	0.156110247131099	0.346562962986976
chr1:193791070:G:T	1	193791070	0.291708378316776	0.239091132256569	0.222437609778995
chr1:195033388:T:C	1	195033388	0.0627153985347612	0.14870685100363	0.67321592778774
chr1:195907914:A:G	1	195907914	0.0283004909065265	0.0967476803844764	0.769890181133574
chr1:196692375:G:C	1	196692375	-0.0222458157902658	0.0976000001203746	0.819701872510348
chr1:197559019:A:G	1	197559019	-0.0630631521510565	0.134622107584781	0.639465868363249
chr1:199160726:G:A	1	199160726	-0.118243138678301	0.176988279263726	0.504079609800357
chr1:204277152:T:C	1	204277152	0.139741571189579	0.147507685655504	0.343459889944814
chr1:207498131:C:T	1	207498131	0.179377022423992	0.152207820204577	0.238597054045424
chr1:208744577:C:T	1	208744577	-0.223848300524331	0.19761909018211	0.257329295264624
chr1:210496535:G:A	1	210496535	-0.0219393516338668	0.210046909418299	0.916812426926434
chr1:212937214:T:G	1	212937214	-0.0743608315808974	0.146170063147098	0.610942760375108
chr1:219750864:A:G	1	219750864	-0.0655182575254869	0.113916906930739	0.565196096954149
chr1:221920463:G:A	1	221920463	-0.154115079603678	0.176479187925859	0.382512534348544
chr1:227462684:A:G	1	227462684	0.0192297659008821	0.201395984393653	0.923931692968129
chr1:234456961:G:A	1	234456961	-0.0159378564836714	0.160800950385409	0.921046615407378
chr1:237308322:A:G	1	237308322	0.0205791842949894	0.11011376868251	0.851746722782576
chr1:239000642:T:C	1	239000642	0.189962558798371	0.222779075758206	0.393828576925804
chr1:242239801:C:T	1	242239801	0.0548072431499899	0.231821969929137	0.81310713632008
chr1:244583991:C:T	1	244583991	0.204082098620881	0.174350358696241	0.241788271647544
chr1:246213578:G:A	1	246213578	0.0666149784693475	0.185079779817513	0.718902660399906
chr1:247190028:T:C	1	247190028	0.184485060828563	0.154071828523848	0.231152065911791
chr1:247897239:C:T	1	247897239	-0.500079541551286	0.256295974334729	0.0510356547251176
chr2:3248328:A:G	2	3248328	0.0815742030353882	0.111468653098414	0.464282748264086
chr2:4505759:T:G	2	4505759	0.238781417540719	0.188420403703382	0.205055173410286
chr2:6804400:G:A	2	6804400	-0.112939018307182	0.223378705754037	0.613141427478891
chr2:9411790:A:C	2	9411790	-0.0414622338888473	0.141203663209747	0.76903738956516
chr2:12096367:C:T	2	12096367	0.0121329595417134	0.154636723619373	0.937461313102
chr2:13545005:C:T	2	13545005	-0.126302774549207	0.102795169127217	0.219190325761081
chr2:16009716:A:G	2	16009716	-0.0140306171972918	0.118544192666809	0.905784245954783
chr2:16367899:A:T	2	16367899	0.284391811059799	0.132010174528271	0.0312152921573755
chr2:17630111:A:C	2	17630111	0.150646704069518	0.130446657274046	0.248150658539004
chr2:17928966:C:G	2	17928966	-0.0523449955944227	0.125853482658573	0.67746845629076
chr2:18261494:A:T	2	18261494	0.191192235791299	0.113219955525066	0.0912808359449083
chr2:19530615:T:C	2	19530615	-0.169850326677331	0.175674733547811	0.333621271777336
chr2:19562158:T:C	2	19562158	-0.130264932358423	0.186584882118888	0.485081056150712
chr2:27383116:G:A	2	27383116	-0.100258467410454	0.15430733751218	0.515865130509228
chr2:37762298:C:T	2	37762298	0.165477789317555	0.139843551234098	0.236687680216612
chr2:42010994:T:A	2	42010994	0.185547212972177	0.127308187550879	0.1449880975394
chr2:45824390:C:G	2	45824390	-0.118036762321175	0.14513415330717	0.41604941262533
chr2:46742820:T:C	2	46742820	0.00915118216379242	0.210903347450278	0.96539032430247
chr2:49789441:T:C	2	49789441	-0.115503365582526	0.145889622499236	0.42852542246991
chr2:49994518:G:A	2	49994518	-0.126592845960702	0.129157074516467	0.327013841440545
chr2:51284042:G:A	2	51284042	0.182241631353692	0.158195523875325	0.249320065860492
chr2:51344078:G:A	2	51344078	0.113905134741231	0.14523487267681	0.432874504142993
chr2:57278002:C:A	2	57278002	0.0500110149707435	0.13119824315419	0.703064776049184
chr2:57368273:A:G	2	57368273	-0.27726811606608	0.183272547360181	0.130311883257682
chr2:60075157:T:C	2	60075157	0.111390361008385	0.198316491044939	0.574334220226015
chr2:60373837:A:G	2	60373837	0.0272358701953358	0.174151570406807	0.875724233670788
chr2:61147014:T:C	2	61147014	-0.0952571943861764	0.12056322345667	0.429468442167068
chr2:61693274:A:G	2	61693274	-0.0418383670140699	0.142264327923935	0.768689933319862
chr2:65295480:C:T	2	65295480	-0.10340074734249	0.169851276607613	0.542675395909717
chr2:66031496:T:C	2	66031496	0.185790739007208	0.119921564436125	0.121317115080502
chr2:69165635:T:C	2	69165635	-0.00123599478622396	0.142933126246711	0.993100487671412
chr2:71204755:G:A	2	71204755	0.203223204260956	0.179056820583487	0.25639003044799
chr2:72022684:A:G	2	72022684	0.163053173344534	0.202667750618917	0.421088421484131
chr2:76651386:C:A	2	76651386	0.0365775174525529	0.111248341671487	0.742313231694127
chr2:79784490:C:G	2	79784490	-0.318588487666919	0.194038974114596	0.100615113824703
chr2:82619301:T:C	2	82619301	0.0340131798606147	0.145840885824763	0.815589679305083
chr2:83181917:T:C	2	83181917	-0.283154547086911	0.350303928264002	0.41891152487335
chr2:83400799:T:A	2	83400799	0.0346900604926538	0.175195090387326	0.84303866596286
chr2:85744328:G:A	2	85744328	0.0488203399141154	0.172807549119729	0.777550353802916
chr2:85757440:T:A	2	85757440	0.0672589674322286	0.114821120080185	0.558028916198969
chr2:99811694:T:C	2	99811694	0.0367566795876451	0.136100345114554	0.787106065678841
chr2:101228073:A:C	2	101228073	0.079550461247564	0.112339769810637	0.478868400008783
chr2:106861882:T:C	2	106861882	-0.117436180341545	0.124137889388704	0.344141449500431
chr2:108083619:T:C	2	108083619	0.09901073252297	0.122057820663989	0.417262922943191
chr2:114129906:T:C	2	114129906	0.464627862773645	0.238382270754027	0.0512849969107317
chr2:118004610:C:T	2	118004610	-0.0774268828222537	0.105222757090701	0.46182940987819
chr2:119455921:A:G	2	119455921	0.0642621568492255	0.115729136269329	0.578702671636417
chr2:120644763:G:A	2	120644763	-0.0281275245494952	0.0999570291428718	0.778406560113382
chr2:120916837:A:G	2	120916837	0.0438229678254621	0.125231738662221	0.726387483303945
chr2:122628686:C:A	2	122628686	0.108669586755525	0.158729119137984	0.493581924985956
chr2:122629789:A:C	2	122629789	0.0973409138419471	0.16051548882209	0.544231295512545
chr2:126391403:A:G	2	126391403	0.20652762776579	0.189141118319351	0.274866737131285
chr2:127192867:G:A	2	127192867	0.0119612116578563	0.134674554267586	0.929228398804157
chr2:130915743:C:T	2	130915743	-0.0570230476519358	0.111668674448298	0.609599675997138
chr2:136107122:C:T	2	136107122	0.29826498789365	0.226621080350891	0.188127177196084
chr2:136507185:G:C	2	136507185	0.115323344762706	0.104832250924028	0.271299419118128
chr2:141023592:C:T	2	141023592	0.0789472854146689	0.151034987893097	0.601177060270464
chr2:143017176:T:C	2	143017176	-0.0736735911354758	0.148747761788369	0.62039394740765
chr2:143920023:G:T	2	143920023	-0.0209515892122253	0.192368084849502	0.913270654403573
chr2:144729333:C:T	2	144729333	0.0999661101822051	0.123855781040022	0.419599061240296
chr2:148561010:G:C	2	148561010	-0.0962355081936457	0.167709445896158	0.56608770075129
chr2:154835349:G:T	2	154835349	-0.0703193712663356	0.137381483123781	0.608752635732685
chr2:164974626:C:A	2	164974626	-0.148573351748829	0.255503250892661	0.560908234978461
chr2:167086954:T:G	2	167086954	0.163247901285538	0.0901909297686232	0.0702918009578658
chr2:167199229:C:T	2	167199229	-0.00382001579827051	0.245283464994421	0.987574342112672
chr2:167657344:C:T	2	167657344	-0.0241388619688499	0.137155469141047	0.860296809868217
chr2:167884398:C:T	2	167884398	0.310424735178891	0.162359509877714	0.0558814459536455
chr2:168647356:T:G	2	168647356	0.132556762029214	0.119986736614855	0.269262820885816
chr2:170041677:A:G	2	170041677	3.25562568852596e-05	0.248300518915451	0.999895384291723
chr2:171274449:C:A	2	171274449	0.303036302424653	0.152099156059206	0.0463315527524458
chr2:177787584:G:A	2	177787584	-0.0690619628879553	0.132706282768053	0.602776338494274
chr2:179648558:C:T	2	179648558	0.178182449548647	0.151356579801669	0.239101231311214
chr2:180833197:G:A	2	180833197	-0.750350520763466	0.333966116299618	0.0246536827554273
chr2:183527028:C:T	2	183527028	0.184932678402592	0.142374246972154	0.193971574406083
chr2:184516924:T:A	2	184516924	-0.0254221394323682	0.11609199373519	0.826663516095621
chr2:191922008:C:T	2	191922008	-0.101975104079194	0.210395830646363	0.627901828532384
chr2:195817951:G:C	2	195817951	0.047527841989355	0.23065682174454	0.836748455210324
chr2:197010424:G:A	2	197010424	0.185705738651775	0.186016424968694	0.318119466252838
chr2:209101337:G:A	2	209101337	-0.074550411573865	0.112223932347345	0.506498017037452
chr2:209103516:A:G	2	209103516	-0.0143310894145914	0.128455864399039	0.911168874654701
chr2:210957182:G:A	2	210957182	0.102789031128185	0.145722744164656	0.480577536153678
chr2:214802180:T:C	2	214802180	0.066147635794833	0.121488429522727	0.586113383861826
chr2:215209936:A:G	2	215209936	-0.182620193019749	0.122444787500834	0.135843571951759
chr2:215367000:G:A	2	215367000	0.0702459277783928	0.274978308055878	0.798367920738836
chr2:220997842:C:T	2	220997842	-0.00907719576899797	0.128440504311667	0.943658505648797
chr2:226027918:G:A	2	226027918	0.015598327204901	0.206327995788455	0.939737603599273
chr2:228947684:G:A	2	228947684	0.0373532832594728	0.124771524467124	0.764655108299237
chr2:233152507:T:C	2	233152507	0.0648657132300124	0.133271034480369	0.62645658210195
chr2:235620294:A:T	2	235620294	-0.0578155642211981	0.119693792290433	0.629075196111836
chr2:237288548:A:G	2	237288548	0.161644029430556	0.152700474198222	0.28979598838414
chr2:237513585:T:C	2	237513585	-0.0696691879222381	0.107794405837525	0.51807509610537
chr2:237920759:T:G	2	237920759	-0.117484127951254	0.118550461671495	0.321683024769219
chr2:240429648:C:T	2	240429648	-0.00123989639535591	0.103604438502349	0.990451465297826
chr3:9841346:T:C	3	9841346	-0.153420555729161	0.35502108073411	0.66563609018981
chr3:10127208:T:G	3	10127208	0.0972501963796189	0.156664662920255	0.534761576697929
chr3:14082905:A:G	3	14082905	-0.0287694795742704	0.142795928751359	0.840328983521337
chr3:16798495:T:G	3	16798495	0.0439453058765479	0.120508484748376	0.715360996798856
chr3:18882818:T:C	3	18882818	-0.00398489956640015	0.102038344776318	0.968848163492258
chr3:20179943:G:A	3	20179943	0.0909956043280081	0.204643583524712	0.656569759166554
chr3:22245167:A:G	3	22245167	-0.174302713844732	0.152592791249854	0.253340319824073
chr3:24009496:G:A	3	24009496	0.154199521856776	0.121111239371968	0.202945053905074
chr3:24010534:C:T	3	24010534	-0.219295059578674	0.15255329725332	0.150576540921056
chr3:33111016:C:A	3	33111016	0.106265289122029	0.17955951035498	0.553977172271108
chr3:33421913:A:G	3	33421913	-0.10478661316907	0.12049741789561	0.384509698440314
chr3:34471110:A:G	3	34471110	0.00892968063125361	0.0952805075743235	0.925331653690119
chr3:34498029:C:T	3	34498029	-0.482771632832352	0.269950118296866	0.0737157717993521
chr3:35230331:G:A	3	35230331	0.203909164858194	0.133750201594146	0.127370826118582
chr3:41413926:T:C	3	41413926	-0.0215961412172738	0.123639073875414	0.861338279721225
chr3:42098050:T:C	3	42098050	-0.33784890599664	0.194258675886563	0.0820048242863077
chr3:46489654:A:G	3	46489654	-0.0328537770504748	0.0988554049016723	0.739631227030946
chr3:56959175:A:G	3	56959175	0.00136018032410065	0.160924229173307	0.993256118335612
chr3:64441608:G:A	3	64441608	-0.0920427759813925	0.100222096189359	0.358415742101573
chr3:66150510:T:A	3	66150510	-0.0664638489413499	0.163966076414762	0.685219362490185
chr3:66995763:G:T	3	66995763	0.196265707449547	0.132975688523954	0.139956830882866
chr3:68498445:T:C	3	68498445	-0.268731798404766	0.126594078169541	0.0337720126419443
chr3:68824246:G:A	3	68824246	-0.0129048464988664	0.135548028995291	0.924152019708286
chr3:69021248:A:C	3	69021248	0.0246594113593102	0.141679691905938	0.861825829274079
chr3:69617754:T:G	3	69617754	0.122648030245494	0.116226998764937	0.291313009149548
chr3:74191731:G:A	3	74191731	-0.0347313341329232	0.119658482547734	0.771622049212043
chr3:74732240:G:A	3	74732240	-0.142388655012038	0.0936840388839104	0.12854071397109
chr3:75709324:A:T	3	75709324	0.0721382559058698	0.124739288081797	0.563053338651512
chr3:84465702:T:C	3	84465702	-0.033374199805926	0.100643509797903	0.740185226883279
chr3:84817748:G:A	3	84817748	0.125732604004907	0.113342921209148	0.267295833114601
chr3:85705423:A:G	3	85705423	0.275298195438303	0.123938993168873	0.0263347396499302
chr3:88069353:C:T	3	88069353	0.087273859860545	0.142861771991291	0.541267623040421
chr3:93986190:G:A	3	93986190	-0.0784608232770219	0.148435769607761	0.597093826182996
chr3:101022648:G:A	3	101022648	0.23339525632724	0.165612124446159	0.158749888812265
chr3:105622159:T:C	3	105622159	-0.0327244941407211	0.222875621329126	0.883267385278162
chr3:106664728:C:T	3	106664728	0.19957596820041	0.119318259119172	0.0943990537242143
chr3:110774699:C:T	3	110774699	-0.174341850235751	0.128027468721184	0.173275699320269
chr3:113428518:G:A	3	113428518	-0.135357211505071	0.109345850390024	0.215759981885066
chr3:121058963:T:G	3	121058963	0.20924746279789	0.119235987057803	0.0792760854567753
chr3:122312606:G:A	3	122312606	-0.0335304310314008	0.215159016174669	0.876158957352503
chr3:124193435:A:C	3	124193435	0.11686694696132	0.10880322729345	0.282772096033757
chr3:124804582:A:T	3	124804582	-0.0532691219472727	0.211487847583397	0.80113541655157
chr3:126773646:G:T	3	126773646	0.0883513133838619	0.128024194255364	0.490122378974664
chr3:131110446:C:G	3	131110446	-0.195063057045055	0.238166023609424	0.412774235383478
chr3:131209978:G:T	3	131209978	0.0416909422212279	0.168252246383055	0.804298188990673
chr3:133982842:C:T	3	133982842	-0.0606720077393735	0.114696340190696	0.596819700782609
chr3:134929007:C:T	3	134929007	0.416113083957269	0.220726340631709	0.0594029713174802
chr3:137777496:C:T	3	137777496	0.133931881861248	0.200996488408989	0.505194179725385
chr3:146265901:G:T	3	146265901	-0.286201437552666	0.176991687880931	0.105871112034349
chr3:148006706:G:A	3	148006706	0.291540403962584	0.193824757594387	0.132544216383691
chr3:149679065:C:A	3	149679065	0.023724877488234	0.12817792789742	0.853155845460224
chr3:150888061:C:A	3	150888061	-0.0572867082113926	0.343004732285486	0.867358767476792
chr3:152663712:G:C	3	152663712	0.0440561959674383	0.128647449812435	0.732007137741622
chr3:159417151:A:G	3	159417151	-0.0677553401289974	0.138168657621453	0.623864034095944
chr3:164899350:G:A	3	164899350	-0.372320892863507	0.189352973643799	0.0492663197721969
chr3:168053836:T:C	3	168053836	0.0471980864283527	0.185253232046813	0.798896075482521
chr3:171028381:G:A	3	171028381	0.0905718339139215	0.145338270923051	0.533166558377298
chr3:174497130:T:C	3	174497130	-0.0358533544277035	0.14229149025948	0.801063341751317
chr3:176663180:T:G	3	176663180	0.0943663830721709	0.160022766261721	0.555387781720369
chr3:196706550:C:T	3	196706550	0.0387951224941691	0.138000616171327	0.778616198199897
chr4:332191:G:A	4	332191	0.0463814614564897	0.118831295573201	0.696304725843472
chr4:8816874:T:C	4	8816874	0.0624480516041449	0.116030789857125	0.590437311250599
chr4:9851274:C:G	4	9851274	-0.0533896356817971	0.118399363502305	0.652041153193039
chr4:10725805:A:G	4	10725805	0.0300270393023989	0.133112206051904	0.821530505943634
chr4:13219910:C:T	4	13219910	-0.0553196165329589	0.133566365637199	0.678747226498356
chr4:18747099:A:G	4	18747099	0.39772231562552	0.142200773994998	0.00515944096606136
chr4:20840555:C:T	4	20840555	0.25040547030611	0.130681813504365	0.0553464794047911
chr4:21137718:C:T	4	21137718	-0.188966002953059	0.111308559559516	0.0895687046049899
chr4:26851610:T:C	4	26851610	0.136159721160436	0.137758725946066	0.322960353913741
chr4:32302160:A:T	4	32302160	-0.235166193497399	0.134401646966621	0.0801654286014886
chr4:34501888:A:G	4	34501888	-0.114754490647926	0.22425149917914	0.608845383909628
chr4:40603484:A:G	4	40603484	0.16643606698765	0.124201004729895	0.18022775350988
chr4:41002348:C:T	4	41002348	-0.525335656436669	0.477487140873049	0.271241064070879
chr4:44018406:T:G	4	44018406	-0.112174298888039	0.225728162049511	0.619228407473801
chr4:44680448:T:C	4	44680448	-0.0306864301594342	0.127177509209638	0.809331768701711
chr4:55337032:C:T	4	55337032	0.058828986864403	0.12798082535039	0.645752876782082
chr4:55659669:G:A	4	55659669	0.0635191820295839	0.152246052494254	0.676521897962862
chr4:56719096:C:T	4	56719096	-0.174206570957267	0.192315078090663	0.365020874387606
chr4:58944563:C:T	4	58944563	0.157973619062957	0.162671054491456	0.33148698085839
chr4:61158247:C:G	4	61158247	-0.0521647352927047	0.116902354497753	0.655434836201803
chr4:64485722:G:A	4	64485722	0.0615034592405302	0.125218287364774	0.623306254689106
chr4:67708732:C:T	4	67708732	0.20292208553742	0.122871175818519	0.0986359583982795
chr4:67911021:C:T	4	67911021	0.0458709143546513	0.14124733787713	0.745365780606515
chr4:90022599:G:T	4	90022599	0.0793347907552042	0.114958532756906	0.490120870371393
chr4:95020597:A:T	4	95020597	0.0974749328918484	0.173162419786554	0.573495874801017
chr4:95433170:T:C	4	95433170	0.255102548031453	0.158742650528682	0.108050072375361
chr4:97398054:G:A	4	97398054	0.0705268768420791	0.107171787436194	0.510491121448564
chr4:98823404:T:C	4	98823404	0.142886253513473	0.149160396570815	0.338094559006897
chr4:99262681:C:G	4	99262681	-0.130592890798458	0.129949065925917	0.314918788411539
chr4:99355957:G:T	4	99355957	-0.0394065893236118	0.125181616958345	0.752917052250028
chr4:101085120:T:C	4	101085120	-0.0185837293396831	0.123555972445264	0.88044322395591
chr4:102399971:C:T	4	102399971	0.238651847174468	0.115200460241732	0.0383006747385046
chr4:102884286:T:C	4	102884286	-0.00823240886190833	0.106833947486483	0.938577415651273
chr4:105992845:C:T	4	105992845	-0.107490208612265	0.100429016587543	0.284479669829791
chr4:108791253:G:A	4	108791253	-0.254812361785906	0.127125510979094	0.0450255558857523
chr4:110191180:A:G	4	110191180	0.261936389212459	0.230207993810618	0.255193602336086
chr4:110957298:T:A	4	110957298	-0.186274671257135	0.135434285221556	0.169011231711933
chr4:113348012:C:T	4	113348012	-0.0803662202798716	0.119227659739501	0.500275173787354
chr4:115515844:A:G	4	115515844	0.202291378666698	0.183495606646752	0.270274024359518
chr4:115522695:G:A	4	115522695	0.0320716852303854	0.103828245548845	0.757403896399201
chr4:120770744:A:C	4	120770744	-0.179094493347	0.135107522396896	0.18498213222212
chr4:123964831:A:G	4	123964831	0.0827410143490577	0.138210846685139	0.549401041205593
chr4:125256344:T:C	4	125256344	0.0862620415076927	0.229779839797798	0.70735430085399
chr4:126268710:T:G	4	126268710	-0.222250819935714	0.203083322378983	0.273787286316397
chr4:134094420:T:C	4	134094420	0.433562841399025	0.199504787632179	0.0297656309632535
chr4:134350906:C:T	4	134350906	-0.121986709455316	0.101285363854952	0.228440286270622
chr4:138952375:G:A	4	138952375	0.145014319790754	0.109669117265111	0.186071775260891
chr4:141012527:T:G	4	141012527	0.167044681804826	0.237096723362377	0.48109508822801
chr4:141618953:G:A	4	141618953	-0.0828136721229647	0.143103001990094	0.562791781656417
chr4:143626434:A:G	4	143626434	-0.0799334747485532	0.331960467225697	0.809716213732625
chr4:149616644:T:G	4	149616644	-0.102423832324151	0.167991455038974	0.542062754547401
chr4:154030957:C:G	4	154030957	0.245082018988443	0.169670670456734	0.148610415022512
chr4:168588553:A:C	4	168588553	-0.17575461397082	0.177338759512158	0.321652806004333
chr4:171334248:A:T	4	171334248	0.0974459025166263	0.145601231490045	0.503326035956035
chr4:171974219:A:G	4	171974219	-0.154078950387251	0.113392798877044	0.17420769441887
chr4:176312841:C:T	4	176312841	0.0521713111531537	0.133272252513051	0.695454171121497
chr4:179329624:T:G	4	179329624	0.274477105706511	0.155077150641156	0.0767372936127075
chr4:183032183:A:G	4	183032183	-0.167542413218159	0.135061514048632	0.214794332035391
chr4:184991673:A:G	4	184991673	0.100408305416733	0.0989668167230951	0.310313051998605
chr4:189912372:C:T	4	189912372	-0.0659777998544454	0.124008892474812	0.594697684721349
chr5:79496:A:G	5	79496	-0.00956459637739347	0.179677157236646	0.957546962133459
chr5:5313703:A:G	5	5313703	-0.189928671328081	0.151296151777633	0.209354016848079
chr5:7364955:T:A	5	7364955	0.108098672563263	0.187246572671616	0.563732390832916
chr5:8067079:G:C	5	8067079	-0.0724607026729898	0.109653223734616	0.508729747567398
chr5:13911296:G:T	5	13911296	0.0711122994200939	0.128637604611404	0.580392747155816
chr5:15621966:C:G	5	15621966	-0.0842664005427538	0.140233858889277	0.547907188197798
chr5:15997511:T:A	5	15997511	-0.237061374891376	0.279652498089882	0.396605161461479
chr5:17902851:T:C	5	17902851	0.236724024640427	0.175477685345026	0.17732849663531
chr5:20719353:A:C	5	20719353	-0.19001782016816	0.201259850210186	0.345097234771614
chr5:20732163:G:T	5	20732163	-0.128925221106877	0.115406568728316	0.263934740705
chr5:21913130:A:C	5	21913130	0.0578186779100428	0.121274354941457	0.633533522832616
chr5:23682774:A:T	5	23682774	-0.0843765576746236	0.175777436593067	0.631213687317437
chr5:23787194:A:C	5	23787194	0.122787350227969	0.116538861608123	0.292058206619299
chr5:23895775:T:G	5	23895775	0.189995266020739	0.108329830890203	0.0794546433012229
chr5:25693600:A:G	5	25693600	0.554736055540516	0.310916164700254	0.0743914677739173
chr5:33466391:T:A	5	33466391	0.282157980112233	0.127087720600947	0.0264063567211449
chr5:33624899:A:G	5	33624899	0.146869750353346	0.185190868344438	0.427735692655916
chr5:39550509:T:G	5	39550509	-0.05697995790863	0.10829064062072	0.598765787813885
chr5:39634108:G:A	5	39634108	0.129750691585565	0.134364684631272	0.334214005139866
chr5:39978357:G:A	5	39978357	-0.174716088782986	0.126891109369384	0.168543848828029
chr5:40238036:C:A	5	40238036	0.349201228378709	0.291867925484702	0.231526546562064
chr5:44011742:G:T	5	44011742	-0.121279439224574	0.175246891461407	0.488906546171377
chr5:50222627:G:A	5	50222627	0.254058340786628	0.233066866372572	0.275683932105397
chr5:54814079:C:T	5	54814079	0.0205238776345177	0.120782575687226	0.865069781026923
chr5:66989845:C:A	5	66989845	0.0821123864546637	0.12365770716573	0.50667132170898
chr5:66992139:G:A	5	66992139	-0.142112956888445	0.138095886330785	0.303437857008843
chr5:73076502:T:C	5	73076502	0.0740007013143242	0.120277255250741	0.53838897327858
chr5:76998986:C:A	5	76998986	0.00169962732117177	0.103038880283917	0.98683948329657
chr5:77675144:G:C	5	77675144	-0.122889718014026	0.272620613937248	0.652153940186938
chr5:80530472:T:A	5	80530472	-0.136488255286972	0.14217965981361	0.337070146530666
chr5:81710558:G:T	5	81710558	-0.0570244391383785	0.130833725277005	0.662942458543601
chr5:82792281:C:G	5	82792281	0.0827650779986387	0.198608571595211	0.676879857072494
chr5:84879932:A:G	5	84879932	0.00864540709777682	0.134173517812308	0.948624238913038
chr5:85476293:A:G	5	85476293	-0.0986176321894594	0.194017203533765	0.611247713037044
chr5:85809583:T:C	5	85809583	0.0209318515902162	0.153539305314646	0.891561242276343
chr5:92192959:A:T	5	92192959	-0.32634182900216	0.135330236395701	0.0158893171166192
chr5:94648523:C:G	5	94648523	0.259468677374242	0.132214664993221	0.0497065902480921
chr5:98024666:G:A	5	98024666	-0.0330362231945739	0.129974699848407	0.799360935029746
chr5:101328324:T:C	5	101328324	0.130436740476572	0.143154613890283	0.362211140893388
chr5:101825779:A:C	5	101825779	-0.0527905311028891	0.112658441679913	0.63936328549102
chr5:106773905:G:A	5	106773905	-0.0728636171543886	0.120529679442758	0.545492377515851
chr5:110045491:C:T	5	110045491	0.159801061252044	0.211363369260705	0.449619825511528
chr5:114915760:G:T	5	114915760	0.114699771025886	0.145897535768711	0.431769885159889
chr5:115102683:A:G	5	115102683	0.152422655880459	0.119255372270063	0.201207178711393
chr5:117238479:G:A	5	117238479	0.278771279169406	0.132565365145676	0.0354747935999565
chr5:121740415:G:T	5	121740415	0.146669663456612	0.113165461613197	0.194953489360054
chr5:137227416:A:T	5	137227416	0.00462882660924777	0.197457382162035	0.981297579202349
chr5:137406489:C:T	5	137406489	0.0236853739114112	0.164247426729568	0.885338238276873
chr5:140638650:G:A	5	140638650	0.0979912370583767	0.134879719826186	0.467527216139053
chr5:142682003:T:C	5	142682003	-0.200985974758746	0.106169128662807	0.0583480822317413
chr5:144183699:A:G	5	144183699	0.0684241448629388	0.139719888839425	0.624329408842499
chr5:145690757:G:T	5	145690757	0.044720530867956	0.195434233459282	0.819003772169082
chr5:147282093:C:T	5	147282093	0.112394627168417	0.18263784341277	0.538293127965605
chr5:148033208:G:T	5	148033208	0.150537038349978	0.182147578890934	0.408545222255455
chr5:151763317:T:C	5	151763317	-0.249529849729812	0.14263667891645	0.0802203948242303
chr5:153541577:C:T	5	153541577	0.12196844829714	0.146807437416287	0.406083431003973
chr5:160435085:T:G	5	160435085	-0.475926827252038	0.279940431995748	0.0891120509149954
chr5:164252995:G:C	5	164252995	0.232908337358692	0.239409246189322	0.330629826121241
chr5:168245100:T:C	5	168245100	0.197471730177287	0.121385890743347	0.103777545938638
chr5:169455657:C:T	5	169455657	0.00778651297755918	0.141600304137681	0.956146924269926
chr5:169808985:G:C	5	169808985	0.0359616374182482	0.182995255788956	0.844205704482661
chr5:172672695:T:C	5	172672695	-0.031187264438819	0.138275803810124	0.821556175657681
chr5:173346700:A:C	5	173346700	0.138929828966272	0.153459409477373	0.365296034451136
chr5:177122146:G:C	5	177122146	0.139637308536476	0.212465060917341	0.51103637736376
chr6:1084246:G:A	6	1084246	-0.21573184698182	0.240088491706173	0.368891662823785
chr6:3041612:C:A	6	3041612	0.0219049383398451	0.102499603876531	0.830775130011498
chr6:3673174:A:G	6	3673174	-0.173732990646837	0.204060657912111	0.394558766861499
chr6:3786319:G:C	6	3786319	-0.18369579227383	0.113590822917768	0.105841359934531
chr6:6090729:G:T	6	6090729	0.125878702857546	0.155834856249182	0.41922306830127
chr6:6354181:A:T	6	6354181	0.0743300198244771	0.147974345463028	0.615444597839674
chr6:6456261:T:C	6	6456261	0.0873402708913031	0.118649332515418	0.461657035131405
chr6:7642514:C:G	6	7642514	-0.190403582458886	0.115096635379613	0.0980679518302888
chr6:12212257:G:A	6	12212257	0.209981949076498	0.213524850784736	0.325406898896771
chr6:21494280:T:C	6	21494280	-0.301818920113464	0.203943948567452	0.138896964058896
chr6:23163726:T:C	6	23163726	0.139045263079394	0.20426408357557	0.496052966496187
chr6:23344439:T:A	6	23344439	-0.0544999215379558	0.10090377251721	0.589115810148555
chr6:24077828:C:T	6	24077828	0.118750768024226	0.234045290061196	0.611885612037027
chr6:26287827:G:A	6	26287827	0.275094063148444	0.135969353068322	0.0430518737741654
chr6:27261142:G:T	6	27261142	-0.0209778837989365	0.221954632197189	0.924700633897724
chr6:31108549:A:G	6	31108549	0.0943290614595556	0.127729189922632	0.460205651256641
chr6:31845997:T:C	6	31845997	-0.208489940838246	0.306002583072556	0.495660222021526
chr6:32660000:G:C	6	32660000	0.214929697828536	0.149661979756179	0.150973643446425
chr6:33148933:A:G	6	33148933	0.00487809377669556	0.104979864898004	0.962938078405714
chr6:37400014:G:T	6	37400014	-0.0193225303878256	0.120420392992626	0.87251955200835
chr6:39124093:C:T	6	39124093	-0.0347843266555217	0.107041420768033	0.745210309187136
chr6:45195864:C:T	6	45195864	-0.000614931867691284	0.130054421053095	0.996227403797371
chr6:46738257:G:A	6	46738257	0.130784204695548	0.15265541005832	0.391595078300545
chr6:47717919:C:A	6	47717919	0.0537753845439908	0.112420805693925	0.632408127382042
chr6:48859012:C:A	6	48859012	-0.244114279275605	0.17798131770218	0.170196562368825
chr6:49860743:T:G	6	49860743	0.0125861645987415	0.159585776893335	0.93713784776502
chr6:53292416:C:G	6	53292416	0.110546576984184	0.122703434823809	0.367628263047635
chr6:54457248:C:T	6	54457248	-0.0407575848050459	0.172885789092952	0.813627745945168
chr6:57513520:G:A	6	57513520	0.113580371071348	0.177455826668078	0.522140939162574
chr6:67461006:G:C	6	67461006	-0.22350076082777	0.163890398163303	0.172655424481549
chr6:69504128:A:G	6	69504128	-0.0218763389003363	0.145097757468387	0.880157424034436
chr6:81137001:T:C	6	81137001	0.0458361374672341	0.113449967076351	0.686197482094193
chr6:84758749:C:T	6	84758749	-0.104551076148398	0.146649153989353	0.475886986171144
chr6:86667874:G:T	6	86667874	0.198218469779184	0.166191075035623	0.232981287853319
chr6:87387916:G:T	6	87387916	-0.0517411644433762	0.121438177563396	0.670056838842845
chr6:88566465:G:A	6	88566465	-0.00936473042421909	0.132483590024604	0.943647691101901
chr6:93273487:T:C	6	93273487	0.421478231820975	0.171986098606521	0.01425973844401
chr6:97788153:C:A	6	97788153	-0.0698639256885124	0.182264825723835	0.701489944490144
chr6:98771646:C:T	6	98771646	-0.385790535975387	0.249417427346442	0.121919546628221
chr6:104918249:A:G	6	104918249	0.200206188437907	0.112173034727938	0.0742941162360334
chr6:107129138:A:G	6	107129138	-0.237067185578548	0.129676027015762	0.0675270926507653
chr6:112187089:T:C	6	112187089	0.101292280280049	0.121236386956373	0.403439594088479
chr6:118046853:T:C	6	118046853	0.00541021113174328	0.119915542139951	0.964014173370215
chr6:121081137:A:G	6	121081137	-0.00487735136199617	0.17172666868036	0.977341666001547
chr6:123103197:T:C	6	123103197	-0.132512071998309	0.160890784192359	0.410158319194116
chr6:127784009:G:A	6	127784009	-0.106112771643105	0.11479943161497	0.355313562049759
chr6:129527930:G:A	6	129527930	0.00615622334899108	0.128183007139746	0.961694860920478
chr6:137254996:T:C	6	137254996	-0.221963340566654	0.126121126572243	0.0784210389852615
chr6:138165202:C:G	6	138165202	0.285569768490178	0.231441867117862	0.217250396878967
chr6:139464917:T:A	6	139464917	0.0487389976510445	0.227021258304382	0.83000969381406
chr6:151547601:G:A	6	151547601	-0.0080600027011384	0.0922723995119929	0.930393237500262
chr6:152638179:C:T	6	152638179	-0.0915126934305903	0.13149304383029	0.486459621096144
chr6:153842833:G:A	6	153842833	0.2521006956517	0.136663925762093	0.0650846503144618
chr6:156754666:T:G	6	156754666	0.123661199931356	0.347965970242692	0.722302662283564
chr6:160701242:A:G	6	160701242	0.100931528508672	0.179484983805842	0.573884607578512
chr6:160909689:G:C	6	160909689	0.297440285865817	0.204665201678269	0.146140005062547
chr6:161970870:T:G	6	161970870	-0.0986472398993284	0.146807832826572	0.501616756667512
chr6:162760256:C:T	6	162760256	0.117477000186285	0.161652542285839	0.467394221683807
chr6:163629327:G:A	6	163629327	0.081362269373337	0.109720004159377	0.458363339850889
chr6:167509019:C:T	6	167509019	-0.0227749038383926	0.103264824606268	0.825443991990482
chr7:6986920:C:A	7	6986920	-0.0642956557350728	0.140066205955286	0.646207161705359
chr7:7863676:G:A	7	7863676	0.353302112967019	0.135316782881037	0.00902974181639904
chr7:8111839:A:G	7	8111839	0.0422915593614671	0.121616958054642	0.728032499287792
chr7:9602661:C:A	7	9602661	0.197109757249925	0.145983300462873	0.176945017656759
chr7:10804524:T:C	7	10804524	0.267291791570693	0.32488238960775	0.410659269698983
chr7:11334355:C:A	7	11334355	-0.148263355301687	0.141599207823296	0.295070314429551
chr7:12476280:G:A	7	12476280	0.0436870719347216	0.152346909253197	0.774295729448191
chr7:12972158:C:G	7	12972158	0.247244971852659	0.136334774040407	0.0697526373120482
chr7:20850990:A:T	7	20850990	-0.0520494653973049	0.0931030920826314	0.576126264614868
chr7:22822020:C:A	7	22822020	0.0905398830841846	0.107988688800784	0.401794826312201
chr7:24140802:T:C	7	24140802	-0.0834079142799409	0.13182227925643	0.526909958038381
chr7:24278575:A:G	7	24278575	-0.317413552612248	0.214735749976635	0.139365261052173
chr7:24620726:T:A	7	24620726	-0.0698697273752922	0.125179934089473	0.576738975756283
chr7:24740434:C:T	7	24740434	-0.079900993823247	0.114768400942939	0.486307771904015
chr7:28505993:C:T	7	28505993	-0.0515099035947668	0.132695438526936	0.697881782818256
chr7:36413989:G:A	7	36413989	-0.154173741760885	0.214480155427327	0.472248625440486
chr7:41157573:G:A	7	41157573	0.0292961005818605	0.249904976822023	0.906678618214331
chr7:43755241:C:T	7	43755241	-0.232012702497994	0.141031117558685	0.0999456657729536
chr7:44689517:A:G	7	44689517	-0.188226600482311	0.153607482266414	0.220434374009727
chr7:46192346:C:G	7	46192346	0.0981544174773531	0.105249363187077	0.351032121214813
chr7:46368666:G:A	7	46368666	0.253337132833276	0.197704389234068	0.200055462042124
chr7:47748540:G:T	7	47748540	-0.344182071230409	0.290959934745123	0.236841201504058
chr7:48301675:T:C	7	48301675	-0.162738603034449	0.105663204340186	0.123520521975848
chr7:51890159:C:T	7	51890159	0.0436774728582439	0.121147435665158	0.718449666635347
chr7:53046603:C:G	7	53046603	0.0979877743927094	0.155395473872065	0.528321507345558
chr7:55663907:C:A	7	55663907	-0.243321564249346	0.149835502031327	0.104391892299087
chr7:56122201:A:G	7	56122201	-0.0602943882386442	0.133339709361126	0.651134785397024
chr7:62910214:G:T	7	62910214	-0.0489593386760669	0.168315367232471	0.771144167358762
chr7:65406204:G:T	7	65406204	-0.177611684868881	0.160494715779379	0.268444721145925
chr7:67766433:G:A	7	67766433	0.0511843153772498	0.131555854296088	0.697225044596229
chr7:68433432:T:C	7	68433432	0.177055639936775	0.113204628524889	0.117810098498227
chr7:71020152:T:G	7	71020152	-0.185513031968539	0.168330486286474	0.270428521346891
chr7:71553830:T:C	7	71553830	-0.0952374513769308	0.134359641891479	0.478433182338922
chr7:78390279:T:G	7	78390279	-0.00116697883521759	0.118024943327013	0.99211099621976
chr7:83524616:A:T	7	83524616	-0.0525665479194193	0.156526201440808	0.736997361912328
chr7:84786535:C:A	7	84786535	0.0287463373330984	0.14309121116565	0.840780521879344
chr7:86620755:G:A	7	86620755	-0.00351724287481977	0.146424937372665	0.980836024360541
chr7:89207269:G:A	7	89207269	-0.113533925232723	0.144087840907335	0.430726314307103
chr7:91097147:A:G	7	91097147	0.0155993882017509	0.12337774217993	0.89938680697394
chr7:96212691:T:C	7	96212691	-0.266414775480908	0.311786495956967	0.392840062608462
chr7:103095283:G:A	7	103095283	0.178839768783484	0.149131817515812	0.230447858917964
chr7:104663551:G:A	7	104663551	-0.11577687805947	0.380928456537967	0.761178636982895
chr7:113434486:A:C	7	113434486	-0.103697578879765	0.101577922590092	0.307317316838925
chr7:113749820:G:A	7	113749820	-0.0899642838458768	0.102890187079644	0.381915779029256
chr7:117145973:C:G	7	117145973	-0.146573271922155	0.175609236427597	0.403911521260822
chr7:119808046:G:A	7	119808046	0.0159174460547796	0.13533137872068	0.906370108081143
chr7:122582926:C:G	7	122582926	-0.205096692421229	0.144373804091642	0.155434556684492
chr7:124802410:A:T	7	124802410	0.140811614859935	0.109649751656606	0.199073887276146
chr7:129047886:A:G	7	129047886	-0.185457959908236	0.168870600386999	0.272106136403777
chr7:131384702:T:A	7	131384702	-0.317441258013819	0.131397961968077	0.0156973813952938
chr7:136870573:G:A	7	136870573	0.139227846055122	0.171159677995916	0.415966779234511
chr7:142873374:T:C	7	142873374	-0.0265511110428558	0.127685123826865	0.835274187196228
chr7:143187070:C:T	7	143187070	0.0266595791277885	0.171943291545724	0.876782945999131
chr7:145116884:A:G	7	145116884	0.181153783644056	0.126475627619338	0.152051780806003
chr7:149242006:T:C	7	149242006	-0.0569706169048846	0.105031544266452	0.587533095674206
chr7:153502245:G:A	7	153502245	0.0190474734347071	0.127365061361407	0.881119482023492
chr7:153952270:G:A	7	153952270	0.0854723250361442	0.117211340385631	0.465869857289365
chr7:154426289:T:C	7	154426289	0.221305857074528	0.193678517310384	0.253185868774209
chr7:156975524:A:T	7	156975524	-0.0775208442140785	0.22658732327813	0.732257965841176
chr7:157677820:C:T	7	157677820	0.160055585850236	0.155938936099821	0.304703495497096
chr8:276778:A:T	8	276778	-0.0193554168046866	0.134900536646741	0.885911762288952
chr8:1102873:G:T	8	1102873	0.0838010958903644	0.146280731383169	0.56672691697937
chr8:8710521:T:C	8	8710521	-0.0480935022177386	0.124667631529385	0.699664222904584
chr8:9029509:T:C	8	9029509	-0.0345064821445203	0.107308206288567	0.747782835918356
chr8:9109096:A:G	8	9109096	-0.128068059818843	0.110722414993008	0.247411773270481
chr8:9827297:A:G	8	9827297	-0.0282012874398804	0.150955389733176	0.851802796134829
chr8:10675470:T:G	8	10675470	0.154527029470766	0.168117019777672	0.358010055791077
chr8:13032868:C:A	8	13032868	0.0587107067466434	0.137652376383892	0.66973313134374
chr8:14391498:A:G	8	14391498	0.128885160181273	0.22809323121414	0.572036535738992
chr8:16627132:C:G	8	16627132	-0.0849942686620788	0.215782644573622	0.693663475882108
chr8:17129593:A:G	8	17129593	-0.122809065961728	0.190099307195757	0.518262616430041
chr8:20741226:C:T	8	20741226	-0.0910179965024646	0.109075206675616	0.404026468991623
chr8:23115837:G:A	8	23115837	0.10109918854896	0.189992074109165	0.594640676968943
chr8:25783762:T:C	8	25783762	0.0938799476078456	0.143189969214063	0.512060833350883
chr8:27010051:G:C	8	27010051	-0.0616804599436004	0.34268942316692	0.857160898392398
chr8:27022227:G:T	8	27022227	0.00271507419146005	0.159676379483744	0.986433739280325
chr8:28150898:A:G	8	28150898	0.0499619439566839	0.142566469454402	0.726003509372547
chr8:28528484:G:T	8	28528484	0.0130043516869821	0.11584628314149	0.910621035032475
chr8:29917542:C:T	8	29917542	0.181147358286172	0.191126210312671	0.343236778872837
chr8:37085597:G:A	8	37085597	0.104434925799171	0.146700344026948	0.476531130922434
chr8:41788192:C:T	8	41788192	-0.0790606932564098	0.105984988940293	0.455690832435125
chr8:42055528:T:G	8	42055528	-0.159364312212842	0.262468738518415	0.543735145660422
chr8:50763512:C:T	8	50763512	0.0487799663809802	0.202189194339872	0.809354372084084
chr8:51570259:T:G	8	51570259	0.073508899380328	0.181307715014685	0.685156142755748
chr8:53142705:G:A	8	53142705	-0.14702061958768	0.14602160227984	0.314010913449471
chr8:60609620:T:A	8	60609620	0.400380566424018	0.220912854772058	0.0699257349386623
chr8:61304314:G:C	8	61304314	-0.0916554156518602	0.122135211276984	0.452988427887394
chr8:61926940:A:T	8	61926940	-0.0205680134428218	0.0931591034290305	0.825260840054494
chr8:63445672:G:A	8	63445672	-0.0794349588754545	0.162486036459475	0.624931948495849
chr8:65343369:C:A	8	65343369	0.0260343412810231	0.128324357868641	0.839229463056463
chr8:65418628:G:T	8	65418628	0.0225363511286737	0.103817317805342	0.828148343708978
chr8:71273350:T:A	8	71273350	-0.117277600069084	0.152132486861675	0.440771405243457
chr8:72033005:T:C	8	72033005	-0.110962751676063	0.23061920265787	0.630408900800652
chr8:72065200:T:A	8	72065200	-0.0941329643446647	0.11141695788805	0.39818282895347
chr8:73211475:T:C	8	73211475	0.139510758145433	0.141521379366116	0.324234795058827
chr8:75992459:A:G	8	75992459	0.119225154809099	0.244650425755464	0.626025467622537
chr8:78402394:T:A	8	78402394	0.216532934094655	0.299534305448768	0.469742175458983
chr8:79795588:T:G	8	79795588	-0.23542165228199	0.219378033279777	0.283211762937403
chr8:86323708:T:C	8	86323708	-0.108405837311819	0.111929084956092	0.332783486999361
chr8:89525432:A:G	8	89525432	0.329719805562902	0.149705419889235	0.0276330171417971
chr8:92001032:A:G	8	92001032	0.20055241629558	0.153869505412445	0.19244066938827
chr8:92645879:A:G	8	92645879	-0.0738676365030224	0.140798093474066	0.599836809134592
chr8:95906161:G:A	8	95906161	0.149952228809275	0.104689949389734	0.152044828435018
chr8:96365126:C:T	8	96365126	-0.000497766519752638	0.113764054062302	0.996508924044229
chr8:97430280:G:A	8	97430280	0.504704732126678	0.301875405871818	0.0945445386493977
chr8:98002322:C:T	8	98002322	0.0819457773469961	0.127922471803904	0.521789499004824
chr8:98018653:A:G	8	98018653	0.120933210187606	0.15094799822494	0.423040129339261
chr8:104471980:T:G	8	104471980	0.0778794773296559	0.241528213191786	0.747115872024009
chr8:106920372:G:A	8	106920372	0.0297643950350217	0.172857250302539	0.863287681295856
chr8:108142424:A:G	8	108142424	0.0739028637204565	0.121113847422954	0.541733737519759
chr8:109421925:C:T	8	109421925	0.214340953322969	0.158348377157675	0.175862837565632
chr8:116252872:C:T	8	116252872	0.0536036055743046	0.130815091446941	0.681977448010352
chr8:116821900:C:T	8	116821900	0.0331861324337071	0.15716382363369	0.832765304758166
chr8:119015250:G:A	8	119015250	0.540582071354792	0.238811231516157	0.0235964162709981
chr8:121384602:C:T	8	121384602	0.0900503458261668	0.121087304682122	0.457069396808901
chr8:127029052:C:T	8	127029052	-0.0358426786392411	0.155529849291424	0.817737991315537
chr8:128437247:A:G	8	128437247	0.0265134603196752	0.118434661490428	0.82286179319658
chr8:131111695:G:T	8	131111695	0.152848829636746	0.278616095525589	0.583279888206952
chr8:131315237:G:A	8	131315237	0.107902021000545	0.121406629375783	0.374129132671197
chr8:135895676:A:T	8	135895676	-0.141027495029384	0.187308932087347	0.451501666122393
chr8:138585221:A:T	8	138585221	0.172345008401342	0.191944332476957	0.36924388614649
chr8:141605122:C:T	8	141605122	0.123713549373704	0.132785039150674	0.351500430078118
chr9:733358:A:C	9	733358	-0.00556289781697585	0.145070171114763	0.969411611495046
chr9:5461379:C:T	9	5461379	0.019726823324786	0.110888046985379	0.858802645693345
chr9:11397008:T:G	9	11397008	-0.166593157871447	0.202601437022694	0.410923038318174
chr9:11517950:T:C	9	11517950	-0.0174764296295698	0.302949595001917	0.953997485283607
chr9:11955148:T:G	9	11955148	0.12719836309044	0.125231388326632	0.30976906544468
chr9:12389360:A:G	9	12389360	0.078827680855982	0.13948366053022	0.571979104335025
chr9:12615226:G:C	9	12615226	-0.174421351105363	0.108278352790265	0.107210071457786
chr9:13582959:T:A	9	13582959	-0.0443603249026763	0.222643843243389	0.842072321478038
chr9:13820455:C:G	9	13820455	0.186095712193603	0.1799646584654	0.301104328688425
chr9:14098421:G:A	9	14098421	-0.111158213305274	0.12023976685119	0.355240988557715
chr9:18952915:A:G	9	18952915	-0.104136454070056	0.110869373982799	0.347591316992414
chr9:21476808:G:A	9	21476808	-0.251610527743384	0.319447392212066	0.430905508690122
chr9:29651949:A:G	9	29651949	-0.113713636374359	0.108273842055754	0.293607288683918
chr9:32058643:A:T	9	32058643	0.0623488763509639	0.144027799852573	0.665091244623123
chr9:37013405:C:T	9	37013405	-0.0355239577417747	0.124668154551638	0.77568387994015
chr9:37992585:C:T	9	37992585	-0.17093475905824	0.11726920865221	0.144943396785697
chr9:72294932:G:A	9	72294932	-0.235547464236386	0.220646204214886	0.285730484049204
chr9:73616570:C:T	9	73616570	0.265326409764906	0.207757007004931	0.201567053418665
chr9:76464251:C:G	9	76464251	0.0988679475034407	0.240640796316182	0.681180466422729
chr9:79067117:C:T	9	79067117	-0.710767459515748	0.369361292098479	0.0543151167047647
chr9:82773489:T:C	9	82773489	0.00595482046036612	0.198777387362824	0.976101161163259
chr9:89995415:A:G	9	89995415	-0.226710198148128	0.25484173012779	0.37367439345307
chr9:91844381:C:T	9	91844381	0.241100017572426	0.157808946009752	0.126562973664492
chr9:94568472:C:A	9	94568472	0.0593016546778898	0.109328529500975	0.587531260474188
chr9:95559980:C:T	9	95559980	0.0824743174941271	0.208742453141366	0.692768472807395
chr9:96162075:C:T	9	96162075	-0.113324887457659	0.114486850408248	0.322247106033555
chr9:97240484:A:G	9	97240484	-0.0858608485137601	0.19640497571242	0.66199365735458
chr9:100192956:A:G	9	100192956	-0.02814764012626	0.132629103678724	0.831928982767064
chr9:100529836:G:C	9	100529836	-0.315709469268181	0.140568797299288	0.0247076760250184
chr9:101460357:C:T	9	101460357	-0.0558780859945656	0.178358004032297	0.754059039641439
chr9:103293239:C:G	9	103293239	0.315570122206765	0.229245365637639	0.168648160751915
chr9:105684376:G:T	9	105684376	-0.00696966879566314	0.204566115551569	0.97282093648236
chr9:106822394:G:C	9	106822394	-0.213457018588397	0.263065159941305	0.417123019385857
chr9:107904127:G:A	9	107904127	-0.207580472152046	0.113816847249801	0.0681805783656078
chr9:117420412:T:C	9	117420412	-0.0328570126597269	0.103870457518375	0.751754447758971
chr9:117972207:C:A	9	117972207	0.103718932128896	0.122669524456169	0.397823319639219
chr9:118511323:G:A	9	118511323	0.255504499059544	0.184895392108358	0.167006466027592
chr9:121356498:A:G	9	121356498	0.233494079844573	0.160681480249145	0.146182479405757
chr9:124044726:T:G	9	124044726	0.190802384829483	0.141391014051963	0.177187291650944
chr9:125005426:C:T	9	125005426	0.180250742596155	0.128184444268505	0.159669892317446
chr9:129533341:A:G	9	129533341	0.102419799997247	0.141644002365816	0.469631365825953
chr9:136630984:C:T	9	136630984	0.106813367588361	0.124695905215924	0.391671061377091
chr10:2050300:A:G	10	2050300	0.161194339466217	0.114335614905235	0.158588440727254
chr10:3113976:C:T	10	3113976	-0.0258879546435859	0.107839635868035	0.810283946692851
chr10:4591592:T:C	10	4591592	0.0153451090228415	0.127934213431042	0.904526470529463
chr10:7462546:C:T	10	7462546	0.242552281853951	0.121637555808566	0.0461457698049578
chr10:7849544:T:G	10	7849544	0.0593251448890374	0.14521320354435	0.682878570729128
chr10:9367893:G:A	10	9367893	-0.136874464386995	0.154750823452776	0.376435563962877
chr10:10628189:C:T	10	10628189	-0.0620311881730761	0.127671185683956	0.627061621373078
chr10:14014383:T:C	10	14014383	0.0927332557291953	0.118033949971108	0.432073144484971
chr10:16341555:C:T	10	16341555	-0.149222064500209	0.147746113863642	0.312500188232894
chr10:18075702:C:T	10	18075702	-0.203649503672791	0.163389362812419	0.212615331259189
chr10:20923823:C:G	10	20923823	0.357694284771525	0.23602992902514	0.129655557566586
chr10:26220185:A:C	10	26220185	0.0933321993730643	0.221555692319067	0.673566394128668
chr10:27289376:T:C	10	27289376	-0.0460361443406516	0.106903263116267	0.666734756514051
chr10:27674317:A:G	10	27674317	0.0182850256186841	0.112053126839083	0.870375332967248
chr10:28771902:G:A	10	28771902	-0.292268040029062	0.158291103057583	0.064834745466318
chr10:28891836:C:T	10	28891836	-0.252208363353598	0.108084192135902	0.0196248766786629
chr10:30622484:G:A	10	30622484	-0.287322817443034	0.161503857935587	0.075232195332265
chr10:35177843:G:T	10	35177843	0.136353193205546	0.0996500873351873	0.17121197803775
chr10:43613180:G:A	10	43613180	-0.246768001667884	0.267120088365893	0.355585651634571
chr10:44139011:T:C	10	44139011	-0.143873404981872	0.18867935458598	0.445744577550189
chr10:45036473:A:G	10	45036473	0.0264900219746634	0.139715461966611	0.849622753317855
chr10:51560095:T:G	10	51560095	0.341396943408371	0.115972191966845	0.00324227459077042
chr10:54072488:A:G	10	54072488	0.00806251519479005	0.110808788676091	0.941996615516512
chr10:54082016:C:T	10	54082016	0.0246592001116841	0.104626958306004	0.813675660687759
chr10:55299918:G:C	10	55299918	-0.154035303782892	0.143715838993987	0.283807786377826
chr10:56747004:T:C	10	56747004	0.562092226318514	0.183399222642726	0.00217774749894761
chr10:57761967:T:C	10	57761967	-0.0478803043660119	0.182996401967569	0.79359425912882
chr10:61894829:G:A	10	61894829	0.189364508474973	0.181764791619943	0.297499442939057
chr10:62473064:C:G	10	62473064	0.140261196710896	0.230632225896067	0.543081642377379
chr10:65713195:A:G	10	65713195	-0.401958706558546	0.267836056100963	0.133416617218174
chr10:69232402:C:A	10	69232402	0.0903002537863482	0.104629579755141	0.388111579635052
chr10:79437519:C:T	10	79437519	-0.165527936028313	0.128446517316581	0.197505356108128
chr10:81546102:G:A	10	81546102	-0.247622848071241	0.176723239817016	0.161157244114085
chr10:82354363:C:G	10	82354363	-0.165074124026628	0.13233789468172	0.212262403224398
chr10:84591955:C:T	10	84591955	-0.0967662644866101	0.150783826288615	0.521032314818576
chr10:84989741:G:A	10	84989741	0.0532611044311203	0.119960440224268	0.657050605915923
chr10:86779196:C:A	10	86779196	0.294463243571732	0.179655903765135	0.101204893423622
chr10:91053424:A:C	10	91053424	-0.0212068062613413	0.133948909924405	0.874204561862017
chr10:93612452:G:A	10	93612452	0.270338314955125	0.162030099734044	0.0952274151413571
chr10:93671121:T:C	10	93671121	-0.0038011776252892	0.139036659581386	0.978189038978451
chr10:101249704:C:T	10	101249704	0.0232473977284398	0.170543334586745	0.891573271783507
chr10:102352980:T:C	10	102352980	-0.0920469526060317	0.110064921110006	0.402987895247237
chr10:104637359:T:C	10	104637359	-0.0622611034921364	0.165716807623807	0.707134110319382
chr10:108480456:T:C	10	108480456	-0.0654412894206171	0.134418890278608	0.626367519873364
chr10:109264424:C:T	10	109264424	-0.00689745153173802	0.18098073432261	0.969598763462389
chr10:111352001:T:G	10	111352001	0.0597741714222818	0.1671622414542	0.720656317301129
chr10:118828443:C:T	10	118828443	0.0448282258625649	0.121551626080715	0.712276889524423
chr10:120152982:A:G	10	120152982	0.0798605814707378	0.155213114338451	0.606886995503926
chr10:121580593:A:G	10	121580593	-0.0455318865444865	0.124639949909654	0.714882012010523
chr10:121611573:C:G	10	121611573	-0.0420857223249054	0.137862427858622	0.7601579872423
chr10:121734173:T:C	10	121734173	-0.230545259618754	0.136269983376386	0.0906789325332678
chr10:121910644:T:A	10	121910644	0.13435707998804	0.140208875585696	0.337929788604802
chr10:122561189:A:G	10	122561189	0.180989961169811	0.132253325832996	0.171152583331146
chr10:123750431:C:G	10	123750431	0.108678449473801	0.149079904057445	0.466004947425003
chr10:127533155:T:C	10	127533155	0.0352810206422028	0.147620247903874	0.811106731037921
chr10:129953349:A:G	10	129953349	-0.00817594622583974	0.142355341510993	0.954199985782176
chr10:130263340:C:T	10	130263340	-0.21925762518898	0.22619596388988	0.332382568991518
chr10:130662147:G:T	10	130662147	-0.464476066917514	0.255524561819199	0.0691045692301655
chr10:131485315:A:G	10	131485315	0.499346791383354	0.186550581797963	0.00743430294395664
chr10:131819683:A:G	10	131819683	-0.034339178166141	0.109398277713367	0.753603524992151
chr10:131953941:A:C	10	131953941	0.373330596459421	0.148810276177074	0.0121152709194773
chr11:388357:C:T	11	388357	0.0828092961516945	0.124358249419812	0.505479452058739
chr11:2257707:C:T	11	2257707	0.0388368709375163	0.0994142969013388	0.696050936096112
chr11:3623903:G:A	11	3623903	-0.124315952603836	0.137094725301253	0.364518527840088
chr11:5806222:C:T	11	5806222	-0.17049503230616	0.124357642396817	0.17037318984634
chr11:9789492:C:A	11	9789492	-0.00865697830960319	0.177543872182183	0.961110832961265
chr11:14569664:T:G	11	14569664	0.0813742270524059	0.173327259238594	0.638724328678129
chr11:21819583:A:G	11	21819583	-0.362908022788717	0.194559072929704	0.0621415368057976
chr11:36019710:C:A	11	36019710	-0.195898869342361	0.103755243969394	0.0590143467999484
chr11:39635569:C:T	11	39635569	-0.0236620922690832	0.16187191220545	0.883780970537141
chr11:40512905:C:G	11	40512905	0.317986866622089	0.149741000984092	0.033705351084196
chr11:41632790:A:T	11	41632790	-0.268819564520355	0.148177517867895	0.069651186571043
chr11:42744986:A:G	11	42744986	-0.0271496456796357	0.117805822914819	0.817733579049877
chr11:43201079:C:T	11	43201079	-0.0752456550863711	0.2828402629182	0.790211584755483
chr11:43982585:G:A	11	43982585	0.321302080392562	0.15035795468543	0.0326049535416265
chr11:44330300:A:G	11	44330300	0.113649142745225	0.138777990741168	0.412827656728509
chr11:49875094:A:G	11	49875094	-0.0240719037997971	0.124278594699295	0.846416210502867
chr11:50253126:G:T	11	50253126	0.0889777629266049	0.14420814509901	0.537228608630577
chr11:55906271:G:A	11	55906271	0.0447087388187526	0.127106635072899	0.725031778373014
chr11:56124264:C:A	11	56124264	0.136158547755101	0.215039476954461	0.526616554901179
chr11:57305789:G:A	11	57305789	0.208852443013489	0.126746864536303	0.0993954039920368
chr11:58998793:A:C	11	58998793	0.102596360032763	0.13799693104334	0.457198135248602
chr11:60456695:C:T	11	60456695	-0.348709775110889	0.214400413992816	0.103855724768273
chr11:62505064:A:G	11	62505064	0.180497187221304	0.265845839365268	0.497166791375135
chr11:63184971:C:T	11	63184971	-0.0993310567821538	0.10285625645894	0.334180840295425
chr11:65009160:T:C	11	65009160	-0.246573494153529	0.204782354270649	0.228560250188102
chr11:70801858:T:C	11	70801858	-0.0695713368367875	0.112680659307948	0.536957475075793
chr11:71334794:T:G	11	71334794	0.0514616978774926	0.197635634266105	0.794565472714842
chr11:72713691:C:T	11	72713691	0.32368008775504	0.174853509408774	0.0641479652457998
chr11:77208574:G:A	11	77208574	0.0976799826829867	0.1293725672411	0.450231848186079
chr11:77376654:A:G	11	77376654	-0.265185320139138	0.1316263610879	0.043937931832066
chr11:77897055:A:G	11	77897055	0.141991699842527	0.182312892345879	0.436076793520762
chr11:79339250:G:A	11	79339250	-0.38374047742097	0.314743327738704	0.22276176699813
chr11:81783030:C:T	11	81783030	-0.0573501283846295	0.104780066661934	0.584146435175576
chr11:83962252:C:T	11	83962252	-0.200617553480044	0.157909893765066	0.203922288215525
chr11:86328783:G:T	11	86328783	0.0529098847142815	0.142064623141474	0.70956875372622
chr11:86644523:C:T	11	86644523	-0.0316901919735486	0.284729512618289	0.911379020141422
chr11:93046218:A:C	11	93046218	-0.0485554454669967	0.128327055734284	0.70515379823385
chr11:99371984:G:C	11	99371984	0.199196313174701	0.205749960414383	0.332970701988064
chr11:100626548:G:A	11	100626548	-0.165754093481692	0.323410367795853	0.60828753380618
chr11:104129521:G:A	11	104129521	-0.194615595431499	0.221658550024095	0.379945215814936
chr11:108728662:A:G	11	108728662	-0.211689659335863	0.196403546733568	0.281109573001192
chr11:110338613:G:A	11	110338613	0.0016062306901711	0.222469407116985	0.994239317886723
chr11:110396347:G:A	11	110396347	-0.177127221849347	0.131848351554304	0.179137218547705
chr11:113789228:G:C	11	113789228	0.198339841945055	0.203608566573377	0.329995338514424
chr11:113800784:C:T	11	113800784	0.0670188157067044	0.188023183852267	0.721511746959646
chr11:115616504:A:T	11	115616504	0.0328039695775471	0.14438938101571	0.820275216457469
chr11:119630310:G:A	11	119630310	-0.0569523970789099	0.125709533260609	0.650514496320767
chr11:123267436:G:A	11	123267436	0.0518913655150224	0.156303523653303	0.739896043364031
chr11:125907492:T:C	11	125907492	0.194120433835196	0.111239995652359	0.0809744769724913
chr11:126829359:G:A	11	126829359	0.0931034621828341	0.144752243219208	0.520099625122456
chr11:130038952:T:C	11	130038952	0.0323444353927888	0.332537644368924	0.922515564665357
chr11:130290657:C:T	11	130290657	0.33062377092388	0.160492753650083	0.0393933598142792
chr11:131355535:G:A	11	131355535	-0.109422043697611	0.11171567365768	0.327348278480735
chr11:133238417:A:G	11	133238417	0.0909666118242957	0.108006206771796	0.399656404218848
chr11:133300920:A:C	11	133300920	0.113380041325377	0.258548605844232	0.661005712478003
chr11:133409278:A:G	11	133409278	-0.133137454137783	0.196831178678631	0.498783992726783
chr11:134309503:C:T	11	134309503	0.233941591034093	0.157747758465125	0.138071606123382
chr12:5192681:C:T	12	5192681	-0.206501326218329	0.118786384759982	0.0821357986937039
chr12:5448727:G:A	12	5448727	0.0392439346859941	0.119266952687876	0.742123321223256
chr12:6639294:C:T	12	6639294	-0.0926558805633577	0.157593895755921	0.556572032021497
chr12:19523028:C:A	12	19523028	-0.117659102381069	0.129737232866783	0.364458026576291
chr12:19758400:A:T	12	19758400	-0.0318853934874479	0.235694872279762	0.892388514385889
chr12:20003679:T:A	12	20003679	-0.0638857547807947	0.156861578309198	0.683806230667584
chr12:21333090:G:A	12	21333090	-0.18486848500618	0.147597313621574	0.210380697533954
chr12:25518059:A:T	12	25518059	0.0882325325939873	0.142062713863936	0.534545958349486
chr12:28965843:C:T	12	28965843	0.131339258768572	0.107627737973026	0.222347190786191
chr12:32086665:A:C	12	32086665	-0.0140107676375435	0.137213735315006	0.918670097585637
chr12:44631613:C:T	12	44631613	0.530135229894752	0.212137086705919	0.012453660732816
chr12:48567461:T:G	12	48567461	-0.0647494610995816	0.163678091661922	0.692407313384892
chr12:51039498:T:C	12	51039498	-0.250294573593182	0.238045379000209	0.293048568214063
chr12:52880890:G:T	12	52880890	0.0393369795053965	0.157870135388892	0.803226942871517
chr12:53646626:C:G	12	53646626	0.132509669849149	0.129109326632765	0.304732795886225
chr12:53680144:C:A	12	53680144	0.196001817836385	0.116368400040674	0.0921195197520264
chr12:54366280:G:A	12	54366280	-0.0541650385902359	0.113155402431567	0.632167487273087
chr12:55599330:T:C	12	55599330	-0.325132450919551	0.221486752385007	0.142116611976874
chr12:56675083:C:T	12	56675083	0.0208934869779584	0.126779485258613	0.869099989677863
chr12:57436134:C:T	12	57436134	-0.144581766926776	0.166724990543238	0.38583948386854
chr12:58724212:C:T	12	58724212	-0.114921024275951	0.165300530621085	0.48691444814326
chr12:59048769:A:C	12	59048769	-0.148848867126901	0.159565225925987	0.350902449922883
chr12:59161225:G:A	12	59161225	-0.0207286835314947	0.229145083757968	0.927920918635081
chr12:59226687:C:T	12	59226687	0.187350138490294	0.158354715780165	0.236767830597061
chr12:63113400:T:C	12	63113400	-0.196679777966749	0.150319839390901	0.190734740641103
chr12:64271340:C:T	12	64271340	-0.260378033066521	0.125427212569743	0.0379004848425798
chr12:64756705:C:T	12	64756705	-0.289929717242477	0.143444988297569	0.0432599985266885
chr12:67050802:C:T	12	67050802	0.0302518078616381	0.129288007306972	0.814994501228043
chr12:71564908:A:G	12	71564908	-0.118251492630596	0.160424587360848	0.461051952118007
chr12:73909094:G:A	12	73909094	-0.0678202184813139	0.128347629998768	0.597214542502852
chr12:81126959:G:A	12	81126959	-0.0560782247560745	0.106210000710184	0.597503620341648
chr12:83608380:A:G	12	83608380	-0.0164534645904932	0.112227508089258	0.883441339770041
chr12:90727178:A:C	12	90727178	0.00130511553949748	0.123946859283983	0.991598719784228
chr12:92596791:C:T	12	92596791	0.186647387496337	0.123635414106701	0.13113030974512
chr12:95914573:A:T	12	95914573	0.208043069612334	0.160267883420299	0.194254410371939
chr12:101611098:G:C	12	101611098	0.391917995881068	0.20792479873979	0.0594429876471342
chr12:105967464:T:C	12	105967464	-0.00496492177025913	0.0944393881646977	0.958072469118357
chr12:109533295:C:T	12	109533295	-0.0361169476550912	0.130337378814416	0.781700611995867
chr12:112209515:G:A	12	112209515	-0.00446786631667164	0.154991756139605	0.977002983940006
chr12:120976632:C:A	12	120976632	-0.249383578105923	0.197349852515556	0.206351244679175
chr12:125875525:T:C	12	125875525	0.28573184057333	0.129527296291748	0.0273869053875091
chr12:126449337:A:G	12	126449337	0.133511663035821	0.10716366543126	0.212813265827715
chr12:131091094:G:A	12	131091094	-0.108217903704167	0.13340855288769	0.417264229865408
chr12:132776953:G:A	12	132776953	0.181726677185288	0.168400690875263	0.280528615635198
chr13:19545220:A:G	13	19545220	-0.106271336261299	0.153207637150898	0.487906401955533
chr13:22977365:T:G	13	22977365	0.0429377012165228	0.168515555203768	0.798877860595235
chr13:24330599:T:C	13	24330599	0.12302465160659	0.12895865665557	0.340091127148504
chr13:24623185:A:C	13	24623185	-0.19012114362433	0.132639969525674	0.151754300917905
chr13:25202506:T:G	13	25202506	-0.0269498241800662	0.224396293750375	0.904404534984987
chr13:26234118:A:T	13	26234118	0.0393546185292961	0.183962660412092	0.830603821543892
chr13:26494236:G:A	13	26494236	0.0807442863110887	0.106951583781293	0.45027231761292
chr13:27255876:A:G	13	27255876	-0.145334668284619	0.232990666038155	0.53277277902721
chr13:42909938:A:G	13	42909938	-0.330423568346408	0.131311259021157	0.0118581253374612
chr13:45470952:C:T	13	45470952	-0.246180910864096	0.309161246539328	0.425865560657593
chr13:45708351:G:A	13	45708351	-0.18626184592303	0.153599906631275	0.225266355317854
chr13:45809177:C:G	13	45809177	-0.103316624903487	0.11911034302032	0.385721440853763
chr13:50558767:A:T	13	50558767	0.094533928527594	0.184944135339855	0.609247034859396
chr13:58710908:G:A	13	58710908	-0.0096620079379344	0.1032953077524	0.925476382010332
chr13:58934154:C:T	13	58934154	0.0417558940552473	0.130754352485014	0.749464069626714
chr13:70397215:T:C	13	70397215	-0.0566901689605742	0.115882432879495	0.624697160239192
chr13:70990050:T:C	13	70990050	0.268434455871767	0.227170895304646	0.2373481570231
chr13:75832713:T:C	13	75832713	0.00322476406863994	0.180978267981256	0.985783633891658
chr13:86776101:G:A	13	86776101	0.212921557061425	0.13883819412383	0.125129324927748
chr13:91472230:T:C	13	91472230	-0.0934553528818543	0.126471865975918	0.459942316726279
chr13:93235990:C:T	13	93235990	0.14721065759158	0.106520397276942	0.1669732330133
chr13:96765286:G:A	13	96765286	0.0687191791077058	0.11667237566034	0.555866161693908
chr13:102180181:A:G	13	102180181	0.0134983786396462	0.123838389100647	0.913202527306344
chr13:104405113:C:T	13	104405113	0.275419341119155	0.237053980041735	0.245299528777638
chr13:106009559:G:C	13	106009559	0.0510441338927596	0.123530167901102	0.679451379092273
chr13:106084136:A:G	13	106084136	-0.0013241769366567	0.117668922664966	0.991021265342584
chr13:112716578:T:C	13	112716578	0.078238928106359	0.153355122910105	0.609924396384771
chr14:21167555:A:G	14	21167555	0.172829400041931	0.197861081057077	0.382396813530125
chr14:26929954:A:G	14	26929954	0.036464030860438	0.102632955707295	0.72237549908946
chr14:27823594:G:A	14	27823594	-0.101001231450793	0.138094078089019	0.464538302217338
chr14:34182794:A:C	14	34182794	0.248654942430424	0.188997052930691	0.188289820397899
chr14:38216062:T:A	14	38216062	-0.211367640537681	0.151029125552348	0.161658377451515
chr14:38962987:G:A	14	38962987	-0.253180370522257	0.200042969218111	0.205645602871294
chr14:39925237:C:T	14	39925237	-0.139724047169093	0.169148329451272	0.40877884919071
chr14:44446011:A:G	14	44446011	-0.0457075754245842	0.168462627842942	0.78614357762034
chr14:48685878:C:A	14	48685878	0.176774450569318	0.276225659144873	0.522196068062814
chr14:51426205:T:C	14	51426205	-0.0899006976809322	0.13236392046243	0.497015345349494
chr14:52881822:T:G	14	52881822	-0.135731574034373	0.135626905961942	0.316937177270107
chr14:53358297:A:G	14	53358297	0.0744057249424382	0.156770728226015	0.635061477528784
chr14:56254615:G:A	14	56254615	0.204292697427142	0.115242374956056	0.0762747780003838
chr14:57978070:T:C	14	57978070	-0.104015711214437	0.117636792945653	0.376582482517198
chr14:62445185:T:C	14	62445185	-0.128725424572259	0.114753384997892	0.261965730412796
chr14:67518615:G:A	14	67518615	0.236856581920672	0.109061101770667	0.0298723562001282
chr14:68863518:T:G	14	68863518	0.0255496798944883	0.126101838784363	0.839438718181446
chr14:77734277:G:A	14	77734277	-0.0174352437293917	0.19474531252702	0.928661953696417
chr14:81022028:G:A	14	81022028	0.0408448706401492	0.279385790434563	0.883767268897473
chr14:81884763:T:G	14	81884763	0.0553306132713548	0.201928270493027	0.784075993438296
chr14:82929256:T:A	14	82929256	-0.312921361311708	0.383607276549966	0.414652492575592
chr14:84531019:T:G	14	84531019	0.0581769359260506	0.106124902785245	0.583559342195258
chr14:84812257:C:T	14	84812257	-0.0367363796943042	0.182357026475639	0.840344335221117
chr14:90804831:C:G	14	90804831	-0.269770489432451	0.129143042992629	0.0367142251863053
chr14:91397629:G:T	14	91397629	-0.0320108818758282	0.192380597784076	0.867847285307044
chr14:91532430:A:C	14	91532430	-0.378569704627678	0.214575469965772	0.0776860301974901
chr14:91961156:T:C	14	91961156	0.0410466040258904	0.131952997987594	0.755747493798586
chr14:92998270:C:G	14	92998270	0.0855375255551505	0.170889404916237	0.61669266222763
chr14:93757265:G:A	14	93757265	-0.293539896013228	0.24122036692733	0.223644108929057
chr14:93769225:C:T	14	93769225	-0.130428085464422	0.181825018078559	0.473172043351037
chr14:98340169:A:G	14	98340169	0.147176731053246	0.139023070134789	0.289759344908172
chr14:100721312:C:T	14	100721312	-0.220947426126318	0.15053016821357	0.142159919892036
chr14:102093442:A:G	14	102093442	-0.0825542679861281	0.20617544619761	0.688856140295491
chr15:24165057:A:G	15	24165057	0.241812902737198	0.192148275839861	0.208221713437933
chr15:26353849:A:G	15	26353849	-0.0268453791359911	0.125059848788679	0.830032211440611
chr15:28182824:G:A	15	28182824	-0.215606179472736	0.176749033285397	0.222524164474968
chr15:33665926:A:G	15	33665926	0.144340302297724	0.28135583236577	0.607939485655659
chr15:34880184:A:T	15	34880184	0.0275189040520266	0.121359320338589	0.820613799712286
chr15:37080410:C:T	15	37080410	0.00208594583953451	0.140482975047169	0.988153135111999
chr15:37762539:C:G	15	37762539	-0.544967245643291	0.290216072342841	0.0604087636973554
chr15:52558833:C:G	15	52558833	-0.360332562138391	0.238751753767262	0.131238675686871
chr15:55712443:A:G	15	55712443	-0.170046268279408	0.197084912172473	0.38824351598634
chr15:57522102:A:T	15	57522102	0.178890177250974	0.122567854542932	0.144422169761258
chr15:57590535:T:C	15	57590535	-0.242118754421637	0.22742736764779	0.287057818235833
chr15:58439508:G:A	15	58439508	-0.0337294412811639	0.256125522703681	0.895228657932967
chr15:69786285:T:C	15	69786285	-0.169940052220565	0.211459246697262	0.421596874346851
chr15:71331250:T:C	15	71331250	-0.144459447424791	0.185188261453664	0.435350816775854
chr15:74245092:G:C	15	74245092	0.432143705205447	0.286452387062751	0.131399575503382
chr15:76807237:T:C	15	76807237	-0.116520577690988	0.199676943147349	0.559526149755224
chr15:77734259:G:A	15	77734259	0.0281344424095023	0.119227148552223	0.813453266870362
chr15:79750604:G:T	15	79750604	-0.116304927943258	0.1010767565972	0.249872353555463
chr15:81697597:G:A	15	81697597	0.0252749226350682	0.128144384625172	0.843641414025322
chr15:87989871:C:T	15	87989871	0.00644950479169317	0.167462574268844	0.969278577790126
chr15:88891382:T:C	15	88891382	0.00678563872759004	0.10442323009089	0.948188267908827
chr15:89804552:C:T	15	89804552	0.0202081153916142	0.27201015389528	0.940778226692571
chr15:94791129:A:G	15	94791129	-0.145710047367212	0.135924020473838	0.283721692905602
chr15:97043895:A:G	15	97043895	0.11687553475636	0.185116690186423	0.527804241369421
chr15:98725394:C:T	15	98725394	0.101423415573139	0.192667578633729	0.598598770410706
chr15:100978492:T:G	15	100978492	0.309498247517181	0.15205096389195	0.04180157322686
chr16:2671727:C:T	16	2671727	-0.271013978218163	0.156342484491158	0.0830133333777259
chr16:4957642:T:C	16	4957642	-0.00400874360494178	0.11301358742948	0.971703897798431
chr16:5603936:C:T	16	5603936	0.127799469853749	0.212030020878059	0.546680113634615
chr16:5884026:G:T	16	5884026	-0.0686955239265009	0.112262681297611	0.540592197376816
chr16:6848656:G:A	16	6848656	-0.0631367752439168	0.118511674118556	0.594208513909258
chr16:7909855:G:A	16	7909855	-0.148887247050789	0.121465885472761	0.220291410963331
chr16:8273542:C:G	16	8273542	0.0601013284974306	0.16486325389565	0.715445399924203
chr16:12394716:C:T	16	12394716	0.0593402524718051	0.125426480711596	0.636136237411039
chr16:13985277:C:A	16	13985277	0.0810583531514812	0.233495420206078	0.728477286923825
chr16:17779668:G:A	16	17779668	0.118129327317617	0.117546558080281	0.314917183161523
chr16:29740733:G:C	16	29740733	0.0354963024845482	0.154922766334505	0.818773651150099
chr16:31127124:G:A	16	31127124	-0.0912556834135289	0.116338466680877	0.432806496491872
chr16:56688556:C:T	16	56688556	-0.0546736597206328	0.128694283384071	0.670957959200725
chr16:60324635:A:C	16	60324635	0.1231812711724	0.126460579195096	0.330022511050147
chr16:60499572:C:T	16	60499572	-0.220596868105187	0.107252019690927	0.0397046480202656
chr16:62273123:C:T	16	62273123	0.0275680562197486	0.115291819654627	0.811016055931725
chr16:65972427:C:T	16	65972427	-0.113156096975898	0.162894821183714	0.487270015524063
chr16:69246420:T:C	16	69246420	0.0804606740749303	0.178688385213428	0.652505056115309
chr16:71908403:G:A	16	71908403	-0.0486678068957635	0.120171600555716	0.68548785641117
chr16:72103328:C:A	16	72103328	-0.368527874991979	0.119951314980374	0.00212407521850144
chr16:74837740:A:C	16	74837740	0.160012833764214	0.174408077059817	0.358900444818546
chr16:79886631:C:T	16	79886631	-0.0329804033193677	0.144585920210126	0.819566591798332
chr16:81396153:C:A	16	81396153	-0.199870352941691	0.131015562112651	0.127122805216337
chr16:82294878:C:G	16	82294878	0.0425511828505372	0.164918051728717	0.796396024589266
chr16:82421890:A:G	16	82421890	-0.121434501768359	0.164189090069896	0.459541814717575
chr16:83827178:T:C	16	83827178	0.0300767504633204	0.118234806240821	0.799200821600138
chr16:84032337:C:T	16	84032337	0.409592620288454	0.21456598695557	0.0562704183645444
chr16:89303022:G:A	16	89303022	0.0392676207439022	0.175270088244605	0.82272568960949
chr16:89331863:A:T	16	89331863	-0.232960364519487	0.178080373953372	0.190813823706218
chr16:89337630:T:C	16	89337630	-0.224871713811389	0.171228733230606	0.189087743746217
chr16:89479873:T:G	16	89479873	-0.12537593468139	0.135163307333688	0.353621045421021
chr16:90035976:C:A	16	90035976	0.0700174517871579	0.155008198029829	0.651483962072261
chr17:2489248:C:G	17	2489248	-0.139226024911072	0.149638867656259	0.35215702342396
chr17:4018176:C:A	17	4018176	-0.391952258735711	0.258801560527544	0.129901722447955
chr17:4147521:T:C	17	4147521	-0.25321254026077	0.25080222133146	0.312681967283714
chr17:6949267:T:C	17	6949267	0.129430255216664	0.131548367005002	0.325165368063642
chr17:7929448:A:G	17	7929448	0.107676669426209	0.115153784778603	0.349753031908521
chr17:10308301:C:T	17	10308301	-0.203117719792894	0.21642194725505	0.347973935577069
chr17:12174148:T:C	17	12174148	0.099465604246888	0.177132100248907	0.574433914939106
chr17:14402381:C:T	17	14402381	0.234710369431703	0.156653301275739	0.134060748201198
chr17:15219976:C:T	17	15219976	-0.351639716365421	0.146699768341414	0.0165298094249602
chr17:16482403:T:A	17	16482403	-0.154311673424612	0.128384179064135	0.229381966924624
chr17:18684803:A:G	17	18684803	0.0834947242684394	0.103472403645792	0.419708274791792
chr17:20040710:T:C	17	20040710	-0.0946538542357704	0.173473613451099	0.585314565196578
chr17:21275023:A:C	17	21275023	-0.209515325805936	0.156332981452296	0.1801847723637
chr17:30609729:C:T	17	30609729	0.2727904455235	0.193247606592424	0.158064534251872
chr17:31554254:C:T	17	31554254	0.0164243013895472	0.193000376489896	0.932182016559857
chr17:33472425:T:G	17	33472425	0.233374396312282	0.141673026433312	0.0995015896226379
chr17:44156671:T:A	17	44156671	0.045598794291334	0.10960870850968	0.677399511569491
chr17:45754773:C:T	17	45754773	-0.120037531710571	0.176702837938603	0.496935987755556
chr17:48779278:C:T	17	48779278	-0.00599955391471158	0.14006393281858	0.965833545377489
chr17:52703044:C:G	17	52703044	-0.0204015965479799	0.17127650997517	0.90518426990942
chr17:53282498:G:T	17	53282498	-0.070572145661931	0.09684160173774	0.466162003471903
chr17:58411807:C:T	17	58411807	-0.350703611848594	0.255671163851173	0.17015748622593
chr17:61409438:A:G	17	61409438	0.135987588268151	0.117972804565697	0.249032370485621
chr17:61905160:C:T	17	61905160	-0.316666613440903	0.339845240792027	0.351441692329737
chr17:66262233:G:T	17	66262233	0.0462410014785788	0.119676450640389	0.699212695386776
chr17:66751216:C:T	17	66751216	-0.0239902266838075	0.100852890326458	0.811979235128109
chr17:66971178:A:G	17	66971178	-0.00830859035613629	0.216545269828483	0.969393606431666
chr17:68771033:G:A	17	68771033	0.00599415196896122	0.117143061994502	0.95919045507216
chr17:69081332:C:T	17	69081332	0.0860265474982656	0.135045696916427	0.524113081654567
chr17:69213412:T:C	17	69213412	-0.0358402348280512	0.145713939380378	0.80571088957885
chr17:72829246:G:A	17	72829246	-0.102452580416632	0.132036966397513	0.437785233047548
chr17:73506492:C:T	17	73506492	0.0813600759890097	0.140694123860707	0.563077599266335
chr17:75360149:C:G	17	75360149	-0.0171866915222239	0.230891353166576	0.940663248116787
chr17:77625920:A:T	17	77625920	0.0536692079121772	0.145071351248389	0.711419429609695
chr18:1137045:A:T	18	1137045	-0.178424422437774	0.117115714128702	0.127636580927759
chr18:4080016:T:A	18	4080016	0.0160514108767783	0.139187418080045	0.908189676576565
chr18:8920896:G:C	18	8920896	0.27768685881305	0.159005976863397	0.0807427577050661
chr18:9609299:C:T	18	9609299	0.175080630083547	0.111358770847195	0.11589924018396
chr18:10572326:C:T	18	10572326	-0.0274774538974067	0.118900456421878	0.817240000283355
chr18:11017906:C:T	18	11017906	0.117149136478039	0.105973577965703	0.26896201367157
chr18:12120157:A:G	18	12120157	0.0570597096417501	0.309819677315497	0.853879537219888
chr18:14686017:A:G	18	14686017	-0.0137294195290447	0.129930596704531	0.915846300304753
chr18:14895123:C:T	18	14895123	0.0915611361543637	0.1020200604978	0.369461940258783
chr18:30059135:A:G	18	30059135	-0.159586308284123	0.119325120756716	0.181089666270297
chr18:32490781:T:C	18	32490781	0.137869456902261	0.123696111132456	0.265029594396527
chr18:36255061:C:A	18	36255061	0.0739226991149793	0.0925919359898884	0.424655336188023
chr18:42762909:A:C	18	42762909	0.058641656237802	0.116264840115488	0.613994392733463
chr18:43928870:G:A	18	43928870	0.12379117090393	0.191159172520123	0.517255573817839
chr18:44831686:A:G	18	44831686	-0.207243187781803	0.280596308525443	0.460161279670465
chr18:45461168:C:T	18	45461168	-0.031861119210938	0.162315269114004	0.844381958238861
chr18:47992191:T:C	18	47992191	-0.470900430917606	0.378806949646765	0.213825624684827
chr18:49146783:T:G	18	49146783	-0.172056706028974	0.116400111643733	0.139367907088947
chr18:49872731:C:G	18	49872731	-0.00129595495190925	0.15435526317956	0.993301101121209
chr18:50485733:T:C	18	50485733	0.149358224397657	0.163386270851441	0.360642325902845
chr18:58120958:C:T	18	58120958	0.176625934866814	0.162441786396397	0.276896142477403
chr18:59256389:C:T	18	59256389	0.138591790360657	0.11236123194228	0.217408488363133
chr18:62622293:T:A	18	62622293	0.257743455626842	0.1411466790715	0.0678399965228572
chr18:62998306:G:A	18	62998306	-0.0102711198584574	0.0966840878579072	0.915396839332601
chr18:66103927:C:T	18	66103927	-0.000414289572491759	0.0955004591707894	0.996538715942541
chr18:66206557:C:T	18	66206557	-0.00454103745203753	0.148977128596884	0.975683094994945
chr18:68001558:G:A	18	68001558	-0.0148812392182578	0.144788664000557	0.918138344486735
chr18:69946690:A:G	18	69946690	-0.147106893376548	0.219173721087491	0.502100418072863
chr18:71730181:C:T	18	71730181	-0.270536319306218	0.166427428043665	0.104045145805462
chr18:72912108:T:C	18	72912108	0.0355294033003111	0.12264726949183	0.772055180181557
chr18:73248491:G:A	18	73248491	-0.0685458927759623	0.147978212525838	0.643209466008451
chr18:77734991:G:A	18	77734991	-0.0516510456208405	0.225951284100655	0.819184702445811
chr19:2907557:G:A	19	2907557	-0.0182677712730321	0.101058878889177	0.856553100317494
chr19:16021187:G:A	19	16021187	0.259941703747909	0.201018796108726	0.195969080447506
chr19:17584922:G:A	19	17584922	-0.00960105789131634	0.110235545095312	0.930595328463376
chr19:18704666:C:T	19	18704666	0.299562348879256	0.197406656103496	0.129143371260444
chr19:18737022:C:T	19	18737022	0.127763013227812	0.140711077324372	0.36388815300376
chr19:18805179:A:G	19	18805179	0.0169952119429169	0.110485259346742	0.877749027849536
chr19:21560366:G:T	19	21560366	0.0647654153682154	0.118400356778663	0.584376293857656
chr19:21659434:G:C	19	21659434	-0.0686253327020186	0.143924828118289	0.633494774976024
chr19:33474662:T:C	19	33474662	-0.0104936697172431	0.122654516598946	0.931820414762069
chr19:37956680:C:T	19	37956680	0.0224919280477034	0.130593860872491	0.863258234323387
chr19:38120117:A:T	19	38120117	-0.100302276304894	0.179495526605509	0.576297553074336
chr19:44380983:T:C	19	44380983	-0.167312373467069	0.171600594595133	0.329555074919729
chr19:44819986:A:G	19	44819986	0.136619695658586	0.115422543983256	0.236552320252747
chr19:48685001:C:T	19	48685001	0.00296603789807071	0.146999044076385	0.98390196826868
chr19:51210487:G:T	19	51210487	0.114686783037809	0.177727187154115	0.518734873717705
chr19:51552139:T:A	19	51552139	-0.170021098029653	0.185425809166139	0.359183248383201
chr19:52714810:C:T	19	52714810	0.136075427139628	0.138674292320704	0.326464930053634
chr19:53330671:T:C	19	53330671	0.133982204408291	0.117188151134912	0.252910544414616
chr19:54944544:G:A	19	54944544	-0.0198604971890409	0.164793825387301	0.904073422749311
chr19:57195010:G:C	19	57195010	-0.104732427599698	0.132385639110113	0.428876169569919
chr20:1709120:A:G	20	1709120	-0.0380406498868801	0.118616395522127	0.74843537142466
chr20:1735934:T:G	20	1735934	0.0488147574397715	0.124485961611419	0.694961703332939
chr20:1906500:G:T	20	1906500	-0.0130001713582235	0.119562009496655	0.913415358910677
chr20:3649460:G:A	20	3649460	-0.0122235408666693	0.103680856909645	0.906150195960764
chr20:5407753:C:T	20	5407753	0.164516009531046	0.148540052247777	0.268054826522478
chr20:5860313:T:C	20	5860313	-0.146676657712717	0.159460424012456	0.357661027002914
chr20:7000966:A:C	20	7000966	0.319164474186061	0.180851566040793	0.0775995875011861
chr20:12129436:G:A	20	12129436	0.223328721186332	0.195198761765019	0.252578305968669
chr20:13244402:C:A	20	13244402	-0.0727700957684632	0.325056703725833	0.822859294064173
chr20:31347432:T:C	20	31347432	0.0630889496929374	0.111845613484644	0.572705310468879
chr20:37593342:C:T	20	37593342	-0.141521300627449	0.128074661576517	0.269163650457618
chr20:38200488:G:A	20	38200488	0.0279784141935984	0.125676923861169	0.823829922845186
chr20:38350608:A:G	20	38350608	-0.0922284047591945	0.126162968626562	0.464763298908581
chr20:45729681:A:G	20	45729681	-0.0754538938101392	0.116262501152737	0.51634098605699
chr20:48501317:C:T	20	48501317	0.099624245233774	0.102768252005623	0.332342246733021
chr20:49036824:T:G	20	49036824	-0.153894142473536	0.100388530753377	0.125279475572101
chr20:50371082:C:T	20	50371082	0.0185670513669727	0.156000523007974	0.905260175384142
chr20:52513956:G:A	20	52513956	-0.222423474228588	0.216815170226351	0.304954396887272
chr20:54253971:A:G	20	54253971	-0.0818998661452122	0.0966140752000866	0.396604405618496
chr20:58480201:T:G	20	58480201	-0.266339564605642	0.134249600739519	0.047265509162845
chr20:60073360:C:T	20	60073360	-0.126946993906742	0.0904213033697253	0.160333722501795
chr21:14869783:A:G	21	14869783	0.194042477034192	0.199490301618636	0.330706759914439
chr21:15297615:T:C	21	15297615	0.170166317969657	0.153202281400325	0.266684731294655
chr21:15686888:A:G	21	15686888	0.0994859281769035	0.184491696120004	0.589718922486991
chr21:18805376:C:A	21	18805376	0.0550971005059311	0.289545003858542	0.849083021278735
chr21:22007486:G:T	21	22007486	-0.0695830640405508	0.174507119203045	0.690084388634058
chr21:24026351:C:T	21	24026351	0.0401901507339643	0.114465599131586	0.725504946370964
chr21:26647335:G:C	21	26647335	-0.0493942260281627	0.136446339811633	0.717348464995261
chr21:28043199:C:G	21	28043199	-0.292973516067294	0.171664682633856	0.0878849748127992
chr21:29538421:G:A	21	29538421	0.189483269701139	0.201185028618004	0.346276694579641
chr21:31885030:A:G	21	31885030	0.0131109829026985	0.13047068091507	0.919955417769486
chr21:35502622:A:T	21	35502622	-0.0588307570003492	0.120254327252052	0.624686334069488
chr21:36306638:T:G	21	36306638	0.0403400396828147	0.125770661782925	0.748405276842288
chr21:41442549:G:A	21	41442549	0.0436272716910192	0.134393739341869	0.745466570664993
chr21:42627184:G:A	21	42627184	0.0950976194588936	0.208827953922357	0.648830556762425
chr22:20147688:T:C	22	20147688	-0.0499543732979605	0.132956208069943	0.707124694082355
chr22:23891985:A:G	22	23891985	-0.211907818766784	0.134664053330696	0.115579155417864
chr22:24245985:G:T	22	24245985	0.0722949558303758	0.130558304919148	0.579758892762898
chr22:28624303:G:A	22	28624303	-0.336194677741877	0.185776844125865	0.0703470641331289
chr22:30376697:C:T	22	30376697	-0.0843387104138287	0.24823367808324	0.734040804849467
chr22:30662128:G:A	22	30662128	0.11649646451033	0.116806844833144	0.318598150444767
chr22:36298345:C:A	22	36298345	-0.0957300862413435	0.160206834248733	0.550146515700761
chr22:36977479:G:A	22	36977479	-0.0379492213230794	0.166043355338054	0.819218631789166
chr22:42350572:C:T	22	42350572	0.150804272845514	0.194660757485793	0.438515177777158
chr22:42475109:T:G	22	42475109	0.238901724676707	0.123625590275821	0.0533025386137217
chr22:44719519:A:G	22	44719519	-0.00356276023439733	0.148659757025651	0.980879833625683
chr22:44805054:T:C	22	44805054	0.233111086711733	0.189508637048538	0.218666551071638
chr22:45210278:T:C	22	45210278	0.136150502165765	0.114293036646165	0.233559156884109
chr22:47062473:C:T	22	47062473	0.380980166377672	0.253959727862694	0.13357302201735
chr22:48785864:A:G	22	48785864	0.15123300985849	0.191207079700003	0.428979974902257
chr22:49668266:A:G	22	49668266	0.189075761957298	0.12116410177157	0.118643365804774
chr22:49926053:G:A	22	49926053	0.099865306507978	0.201039463792979	0.619369031869471
