SNP	CHR	POS	est	stderr	pval
chr1:1837340:C:T	1	1837340	-0.0549852483098415	0.140552524375271	0.695643619788321
chr1:2261200:G:C	1	2261200	0.169171543517451	0.150298065781374	0.260346023736527
chr1:14678191:A:C	1	14678191	0.201782738517821	0.147678886460595	0.171825539992619
chr1:14985097:C:T	1	14985097	0.180375247937886	0.118733231831078	0.12872122777974
chr1:20215506:G:C	1	20215506	0.130143044452646	0.15374422764662	0.397279112102792
chr1:22009627:T:C	1	22009627	0.0541056892243996	0.125335031568889	0.665967841525374
chr1:22126221:C:T	1	22126221	-0.0680435774040908	0.123229817083584	0.580833168744769
chr1:23180575:A:G	1	23180575	-0.103694609725887	0.149219721423126	0.487110306309586
chr1:26058659:G:C	1	26058659	0.251798921585787	0.13546893742618	0.0630667342505323
chr1:26181362:A:G	1	26181362	-0.119331938683174	0.126814093439985	0.346705357214467
chr1:28670719:C:T	1	28670719	0.120001688305394	0.115320966609732	0.298066503749756
chr1:29753056:A:C	1	29753056	-0.0618981411516423	0.0989784263098698	0.531728229227582
chr1:29908726:A:G	1	29908726	-0.0375990222548258	0.174041656535849	0.828960765765217
chr1:31886486:G:T	1	31886486	-0.0626051517985886	0.167121801910405	0.707952076641806
chr1:39880059:T:C	1	39880059	0.0331137358683134	0.0857777958942509	0.699466392666074
chr1:41175014:G:A	1	41175014	-0.418706369529684	0.240944384750644	0.0822510224540085
chr1:43202709:G:A	1	43202709	0.00115139461795327	0.23798313769163	0.996139741605344
chr1:47498869:G:A	1	47498869	-0.0845427595852982	0.137764367271216	0.539429097091109
chr1:54900240:G:A	1	54900240	-0.129197700039731	0.135851664532077	0.34159403629038
chr1:65351414:T:A	1	65351414	0.131972811044037	0.125876685969266	0.294440840695259
chr1:66254178:T:A	1	66254178	-0.352348425182995	0.2815545396509	0.2107742346639
chr1:73302339:T:C	1	73302339	-0.0883480451637969	0.124626506289521	0.478384967223033
chr1:73563666:T:C	1	73563666	0.0343981862202654	0.145334577923207	0.812902925504736
chr1:76062379:T:C	1	76062379	-0.0650581126957745	0.16144091300905	0.686959959409206
chr1:86928231:G:T	1	86928231	-0.094140663796955	0.168877670888731	0.577220795838538
chr1:88611347:G:A	1	88611347	-0.213612541483094	0.202120564364518	0.290576837097862
chr1:91057167:C:A	1	91057167	-0.0102025449271966	0.13849809493482	0.941276473537777
chr1:91093925:G:A	1	91093925	-0.0414269572833246	0.125748255384375	0.741820421280913
chr1:92475800:A:G	1	92475800	-0.00329213381104523	0.175355111817866	0.985021318088195
chr1:94752415:G:A	1	94752415	-0.11278783639651	0.133517964470267	0.398256560150135
chr1:95614324:G:A	1	95614324	-0.100364213297126	0.214769140800045	0.640276617018907
chr1:99691102:T:C	1	99691102	-0.0262514559687975	0.137771578941949	0.848883389591332
chr1:104937367:T:A	1	104937367	-0.0219288599687284	0.129269842422352	0.865296159620898
chr1:153704237:C:A	1	153704237	-0.222551616226862	0.127302179492323	0.0804267555291762
chr1:157334223:T:C	1	157334223	0.0792917980767433	0.153047038970348	0.604397037594897
chr1:159540226:C:T	1	159540226	0.0592847787509436	0.119395273451677	0.619511998284366
chr1:165647351:T:C	1	165647351	0.167276173945567	0.124885378768209	0.180428250722593
chr1:168863629:G:A	1	168863629	0.173772206156195	0.169113624424256	0.304162941796681
chr1:171350391:G:A	1	171350391	0.0626969886754075	0.116363019080365	0.590021340985212
chr1:173013575:C:G	1	173013575	0.0547817400421297	0.155040833516651	0.723835437603102
chr1:178947344:C:A	1	178947344	-0.232991211204363	0.240722077147974	0.333101965053839
chr1:185127444:C:G	1	185127444	-0.0843984559638112	0.195658591545377	0.66620972889976
chr1:186638909:G:T	1	186638909	-0.058588606842233	0.137387603535422	0.669781759681894
chr1:188272062:T:C	1	188272062	0.222405244081296	0.121875532421632	0.0680228275716996
chr1:193365737:C:T	1	193365737	-0.0754636489609385	0.147869556208859	0.609813759355874
chr1:195033388:T:C	1	195033388	0.0515710406435009	0.133744262450423	0.69979707011743
chr1:195907914:A:G	1	195907914	-0.055357848178253	0.137175095423855	0.686539164497355
chr1:196692375:G:C	1	196692375	-0.0299268265963087	0.120027250741866	0.803102742337391
chr1:197559019:A:G	1	197559019	-0.179067327382494	0.212282341478684	0.398929977901936
chr1:199160726:G:A	1	199160726	0.0262286891812795	0.17365532163466	0.879945119046645
chr1:204277152:T:C	1	204277152	-0.062010855438197	0.163345941454602	0.704220835147347
chr1:207498131:C:T	1	207498131	0.249984021434741	0.150121275018435	0.0958701052739397
chr1:210496535:G:A	1	210496535	0.205183305982865	0.143308145060221	0.152211647026748
chr1:212937214:T:G	1	212937214	0.0903657256451077	0.114300920578395	0.429180419943131
chr1:219750864:A:G	1	219750864	-0.0777759326523855	0.115541909115546	0.500857942305625
chr1:221920463:G:A	1	221920463	0.0361829525376786	0.134193606715259	0.787443024065005
chr1:234456961:G:A	1	234456961	-0.119671070248755	0.168854188563566	0.478495568704403
chr1:237308322:A:G	1	237308322	-0.141206173898121	0.117321857382873	0.22875217503095
chr1:244583991:C:T	1	244583991	-0.341558824695272	0.174588688437807	0.0504224248043772
chr1:247190028:T:C	1	247190028	0.0617806216891987	0.132761407647996	0.6416802913025
chr1:247897239:C:T	1	247897239	0.181621403615044	0.15572887336285	0.24350662095535
chr2:3248328:A:G	2	3248328	0.110825985826859	0.120219179185244	0.356598423822615
chr2:6804400:G:A	2	6804400	0.386549068518921	0.151959662215442	0.0109666079671331
chr2:9411790:A:C	2	9411790	-0.146983408989618	0.217331454096855	0.498843923098053
chr2:12096367:C:T	2	12096367	-0.37378926678124	0.268308436022079	0.163579654107589
chr2:13545005:C:T	2	13545005	0.0592532149113485	0.142828711122209	0.67824800279852
chr2:16009716:A:G	2	16009716	-0.112618624271603	0.147374611485886	0.444768499426202
chr2:16367899:A:T	2	16367899	0.0274364613440761	0.125006891604638	0.826276476936379
chr2:17630111:A:C	2	17630111	0.0757945359419366	0.162961333207993	0.641854485631577
chr2:17928966:C:G	2	17928966	-0.0243863710374667	0.135299443020475	0.856964160479808
chr2:18261494:A:T	2	18261494	0.00909205070262493	0.109678019942544	0.933932918342283
chr2:19530615:T:C	2	19530615	0.105735912873129	0.111857743492554	0.344520394619859
chr2:19562158:T:C	2	19562158	-0.266593426334016	0.167028739710144	0.110467999120225
chr2:27383116:G:A	2	27383116	0.160578993382117	0.114474801856288	0.160692795574253
chr2:37762298:C:T	2	37762298	0.191237586893248	0.129887150095931	0.140930041996177
chr2:42010994:T:A	2	42010994	0.00371163017663482	0.164734331194821	0.98202437919735
chr2:45824390:C:G	2	45824390	-0.00306702992002338	0.160817501800527	0.98478407228522
chr2:49789441:T:C	2	49789441	-0.118544054290863	0.150578789163853	0.431132024943451
chr2:49994518:G:A	2	49994518	-0.00706863570619489	0.0978984625444113	0.942439764219764
chr2:51284042:G:A	2	51284042	0.293957275998534	0.143550907252536	0.0405838833533424
chr2:51344078:G:A	2	51344078	0.124116719196086	0.148026303753785	0.401762601604937
chr2:57278002:C:A	2	57278002	0.25703224169127	0.155242174650842	0.0977854937291793
chr2:57368273:A:G	2	57368273	0.0436917850284221	0.140549055346542	0.755903237137101
chr2:60373837:A:G	2	60373837	0.111315878708616	0.13938368098447	0.424505446467467
chr2:61147014:T:C	2	61147014	0.0176549744781078	0.112037172850808	0.874786661587248
chr2:61693274:A:G	2	61693274	-0.0825545050628819	0.122227676823531	0.499411625109425
chr2:65295480:C:T	2	65295480	-0.145699944691257	0.169679708390782	0.390519127875055
chr2:66031496:T:C	2	66031496	0.00754355895850585	0.131223474354973	0.954157776921144
chr2:69165635:T:C	2	69165635	-0.175615265937005	0.155211176409768	0.257861453449412
chr2:76651386:C:A	2	76651386	-0.0653186160620476	0.129897744378549	0.615072252325265
chr2:79784490:C:G	2	79784490	-0.0798803038967928	0.178740925657424	0.65494328804748
chr2:82619301:T:C	2	82619301	-0.490348134393872	0.354611716851608	0.166733938083005
chr2:85744328:G:A	2	85744328	-0.10428477178798	0.171047872184719	0.542072623934602
chr2:85757440:T:A	2	85757440	-0.353233949085625	0.172364539918857	0.0404286514807825
chr2:99811694:T:C	2	99811694	-0.0146442323084989	0.179562223986326	0.935000431241114
chr2:101228073:A:C	2	101228073	-0.00453963341513894	0.109279204359396	0.966864126397617
chr2:106861882:T:C	2	106861882	-0.122232072193151	0.169631028936959	0.471170337793425
chr2:108083619:T:C	2	108083619	0.190769092661118	0.131237366455357	0.146052043891356
chr2:118004610:C:T	2	118004610	-0.0243359654519676	0.139924534446753	0.861926703245069
chr2:119455921:A:G	2	119455921	0.0421357008866326	0.0936967090866157	0.652924533086466
chr2:120644763:G:A	2	120644763	-0.135255831376541	0.124883903904122	0.278785095782295
chr2:120916837:A:G	2	120916837	-0.201086422603776	0.21988504158359	0.360450470612173
chr2:122628686:C:A	2	122628686	-0.371176474762001	0.288161609173397	0.197716583497924
chr2:122629789:A:C	2	122629789	0.0118763799472516	0.154316788076001	0.938654541429729
chr2:127192867:G:A	2	127192867	0.00910679795172165	0.0960313137777814	0.924448629678374
chr2:130915743:C:T	2	130915743	-0.200835204588942	0.142501016125896	0.15872880250197
chr2:136507185:G:C	2	136507185	-0.192007389534819	0.132251457278487	0.146547289589218
chr2:141023592:C:T	2	141023592	0.0372163970832079	0.144073772457035	0.796163914862894
chr2:143017176:T:C	2	143017176	0.030859882741406	0.20148414638584	0.878269866461538
chr2:143920023:G:T	2	143920023	0.0821372996156279	0.152055981775425	0.589074267286189
chr2:144729333:C:T	2	144729333	-0.203715544342241	0.156355748241279	0.192609690198234
chr2:148561010:G:C	2	148561010	-0.204706422582691	0.154931390743875	0.186410871464545
chr2:154835349:G:T	2	154835349	0.12238482063568	0.134978548796701	0.364566363038365
chr2:167086954:T:G	2	167086954	-0.0559532095638629	0.108286337713567	0.605354900534136
chr2:167657344:C:T	2	167657344	-0.0336204471589368	0.13593428268008	0.804653862087064
chr2:168647356:T:G	2	168647356	-0.00680879366255569	0.134240938523029	0.959548085865478
chr2:171274449:C:A	2	171274449	0.177685634050493	0.113982778145324	0.119024450751995
chr2:177787584:G:A	2	177787584	0.18295227235938	0.115670823037432	0.113726501112746
chr2:179648558:C:T	2	179648558	0.163019993899938	0.129922377451943	0.209569833848267
chr2:183527028:C:T	2	183527028	-0.0140611612582731	0.14615717604858	0.923357161342989
chr2:184516924:T:A	2	184516924	-0.147661900376848	0.11202319453377	0.187457841857216
chr2:197010424:G:A	2	197010424	0.158265819054951	0.192200004258215	0.410255908920871
chr2:209101337:G:A	2	209101337	0.0344503519293697	0.159626637028759	0.829129370954382
chr2:209103516:A:G	2	209103516	-0.234803064295518	0.22102723316531	0.288087534728055
chr2:210957182:G:A	2	210957182	0.261762594507908	0.130155030330785	0.0443085562870792
chr2:214802180:T:C	2	214802180	0.0956063543746698	0.167327458826235	0.567746980249189
chr2:215209936:A:G	2	215209936	0.188067499721537	0.143497014389358	0.189992202717449
chr2:220997842:C:T	2	220997842	0.186914072095234	0.130132559219438	0.150906771220337
chr2:228947684:G:A	2	228947684	-0.102345651101162	0.115109327674504	0.373940245437845
chr2:233152507:T:C	2	233152507	0.0871069639983159	0.101079455716367	0.388815613421746
chr2:235620294:A:T	2	235620294	0.0117997755591015	0.106016402788075	0.911377334002685
chr2:237288548:A:G	2	237288548	0.0200815117313434	0.145872835157015	0.890505572680751
chr2:237513585:T:C	2	237513585	-0.344121086155405	0.192065734031395	0.0731836126652811
chr2:237920759:T:G	2	237920759	0.0192141702733566	0.100802427875166	0.848829448867295
chr2:240429648:C:T	2	240429648	-0.0830017078299944	0.10639685367616	0.435323595603145
chr3:10127208:T:G	3	10127208	0.0715445387548877	0.134524780586104	0.594842585796767
chr3:14082905:A:G	3	14082905	-0.204811200040006	0.140838728076363	0.145883934617769
chr3:16798495:T:G	3	16798495	0.0200478711353601	0.146560296465523	0.891197391261269
chr3:18882818:T:C	3	18882818	-0.0451028299075404	0.116109110331545	0.697681481163278
chr3:22245167:A:G	3	22245167	-0.0202385225782859	0.152642972576572	0.894519761426909
chr3:24009496:G:A	3	24009496	-0.123559592829602	0.144491991505889	0.392478584959391
chr3:24010534:C:T	3	24010534	0.29122027331955	0.130100508419061	0.0251933318337494
chr3:33111016:C:A	3	33111016	-0.309813394674024	0.271760642034232	0.254276700298139
chr3:33421913:A:G	3	33421913	-0.045820273452914	0.0896700633146839	0.609359872296267
chr3:34471110:A:G	3	34471110	0.00213785814149669	0.0860745939210907	0.980184761093126
chr3:35230331:G:A	3	35230331	0.0629739132557548	0.106140974960495	0.552977418153476
chr3:41413926:T:C	3	41413926	-0.0974775802094403	0.128257366609081	0.44724534972443
chr3:42098050:T:C	3	42098050	-0.0613036374036712	0.111927766812621	0.583893006533815
chr3:46489654:A:G	3	46489654	0.0987519282717091	0.1318025470102	0.453711704754074
chr3:56959175:A:G	3	56959175	-0.218949304561369	0.252989911597897	0.386793614108605
chr3:64441608:G:A	3	64441608	0.0101425430227467	0.108176772237268	0.9253006231955
chr3:66995763:G:T	3	66995763	-0.282928390168487	0.172811959496243	0.101587901304495
chr3:68498445:T:C	3	68498445	-0.0365843955337486	0.194944414335977	0.851138657364374
chr3:68824246:G:A	3	68824246	-0.00271241232344437	0.134327603685949	0.983889797818342
chr3:69021248:A:C	3	69021248	-0.272724442169481	0.181830461695245	0.133644678416622
chr3:69617754:T:G	3	69617754	-0.0383967799450982	0.0992733797494797	0.698920411367743
chr3:74191731:G:A	3	74191731	0.0644153092165765	0.121389481064567	0.595661448374587
chr3:74732240:G:A	3	74732240	-0.00582857784151088	0.0706445781384886	0.934244614312385
chr3:75709324:A:T	3	75709324	0.11101263766645	0.10627988259489	0.296239759960906
chr3:84465702:T:C	3	84465702	0.0780700761206931	0.139764727146332	0.576446952614791
chr3:84817748:G:A	3	84817748	0.0542391584176987	0.110683837199713	0.624107826356172
chr3:85705423:A:G	3	85705423	0.0157736326958789	0.121274865789743	0.896514888093462
chr3:88069353:C:T	3	88069353	-0.0857583202963058	0.118505311109471	0.469270522173798
chr3:93986190:G:A	3	93986190	-0.0531829611261341	0.167665527094534	0.751094311996223
chr3:101022648:G:A	3	101022648	-0.140300939893849	0.180603085091415	0.437249125125618
chr3:106664728:C:T	3	106664728	0.138968793498108	0.109210125099572	0.203199070295633
chr3:110774699:C:T	3	110774699	-0.0142837008090993	0.117894524216032	0.903566991629333
chr3:113428518:G:A	3	113428518	0.0430357573787676	0.116154474501644	0.711006612179897
chr3:121058963:T:G	3	121058963	0.0769742130075331	0.115323173538459	0.504474987323621
chr3:122312606:G:A	3	122312606	0.235195491462981	0.130984800223521	0.0725591471699391
chr3:124193435:A:C	3	124193435	-0.186786331753348	0.099761839878585	0.0611620076521621
chr3:126773646:G:T	3	126773646	-0.0253276255013206	0.133798385254503	0.849860090006312
chr3:131209978:G:T	3	131209978	-0.0262249205449718	0.151309673049432	0.862400277812702
chr3:133982842:C:T	3	133982842	0.160336437079493	0.147642637833095	0.277489383335738
chr3:146265901:G:T	3	146265901	-0.343525648862438	0.194916157887545	0.0779970506832022
chr3:149679065:C:A	3	149679065	-0.065335661274955	0.131833584747408	0.620182344555362
chr3:152663712:G:C	3	152663712	0.101150674743294	0.146916853485868	0.491144735554919
chr3:159417151:A:G	3	159417151	-0.165349088253136	0.181818429302722	0.363129129505969
chr3:164899350:G:A	3	164899350	-0.0216155842817602	0.156602149203016	0.890217769584265
chr3:168053836:T:C	3	168053836	0.0386334847447127	0.113914901667464	0.734501720586971
chr3:171028381:G:A	3	171028381	-0.150835715707793	0.187142578432347	0.4202465541165
chr3:174497130:T:C	3	174497130	-0.0536825109421621	0.140314500391157	0.702025972768445
chr3:176663180:T:G	3	176663180	0.0252461346339041	0.155320798990071	0.870879151458559
chr3:196706550:C:T	3	196706550	0.00388277333178279	0.113325626623033	0.972668151295828
chr4:332191:G:A	4	332191	0.0196335886513149	0.118419618601563	0.868316898859317
chr4:8816874:T:C	4	8816874	-0.0212132668489577	0.136202680756718	0.876231823907188
chr4:9851274:C:G	4	9851274	-0.0935002664036804	0.169603622045458	0.581436971248173
chr4:10725805:A:G	4	10725805	-0.423720316408254	0.249334778148236	0.0892432420580813
chr4:13219910:C:T	4	13219910	0.0853853589785365	0.12878892741562	0.507339007549023
chr4:18747099:A:G	4	18747099	-0.14721989492277	0.107090956818084	0.169218804736187
chr4:20840555:C:T	4	20840555	-0.208322695506597	0.16130615621936	0.196539389372589
chr4:21137718:C:T	4	21137718	-0.0254330512433366	0.108720073341426	0.815038148089151
chr4:26851610:T:C	4	26851610	0.0911403226452206	0.142611301289123	0.522769557067353
chr4:32302160:A:T	4	32302160	-0.252021702591107	0.203572804225167	0.215718663724035
chr4:40603484:A:G	4	40603484	0.238275982032183	0.114587746951064	0.0375788205045009
chr4:44018406:T:G	4	44018406	0.183033972055127	0.130947988125596	0.162184892509131
chr4:44680448:T:C	4	44680448	0.0471150476624215	0.114982812594656	0.68198398694199
chr4:55337032:C:T	4	55337032	-0.162738967563468	0.0817404274833242	0.0464892584039128
chr4:55659669:G:A	4	55659669	-0.282250343663563	0.249721261113356	0.258366024390176
chr4:56719096:C:T	4	56719096	-0.0539963781779753	0.128740854799781	0.67490984080155
chr4:61158247:C:G	4	61158247	0.0520268431075386	0.11557921531296	0.652609401843649
chr4:67708732:C:T	4	67708732	0.165625307412634	0.127374765396233	0.193498437124341
chr4:67911021:C:T	4	67911021	0.312511471753664	0.127134417182483	0.0139667053082687
chr4:90022599:G:T	4	90022599	0.0867342774311581	0.133575030158826	0.516125083804959
chr4:95433170:T:C	4	95433170	-0.303990677313361	0.220355927279735	0.167727117852363
chr4:97398054:G:A	4	97398054	-0.0405141017275243	0.142041495474852	0.775470063004453
chr4:98823404:T:C	4	98823404	-0.287700557214539	0.17513415110807	0.100435933121269
chr4:99262681:C:G	4	99262681	-0.0566836794142615	0.119395253547808	0.634960501394354
chr4:99355957:G:T	4	99355957	0.0869128812176462	0.136569397634858	0.524515184729877
chr4:101085120:T:C	4	101085120	-0.106345768284938	0.171909036968573	0.536169023614181
chr4:102399971:C:T	4	102399971	0.162795245669593	0.128212874541032	0.204182177637879
chr4:102884286:T:C	4	102884286	-0.00916973680865039	0.107604855664761	0.932089069090897
chr4:105992845:C:T	4	105992845	-0.0681524443680215	0.121799342602304	0.575788533754007
chr4:108791253:G:A	4	108791253	0.0481189949022478	0.105194438960085	0.647362670167956
chr4:110957298:T:A	4	110957298	-0.224030899755263	0.184439843754673	0.224497451299473
chr4:113348012:C:T	4	113348012	-0.166331776366077	0.167432203232149	0.320501603614231
chr4:115522695:G:A	4	115522695	-0.0767186750133729	0.137668804887123	0.577343068188426
chr4:120770744:A:C	4	120770744	-0.00672158109274249	0.0953899942715643	0.943824181788889
chr4:123964831:A:G	4	123964831	0.0316870795301982	0.126268844088364	0.801853298614022
chr4:126268710:T:G	4	126268710	0.105088629454823	0.15752766946303	0.504700470666545
chr4:134350906:C:T	4	134350906	-0.103011658797727	0.122509576457613	0.400434343825161
chr4:138952375:G:A	4	138952375	0.112504432609196	0.122471222198958	0.358294715481281
chr4:141618953:G:A	4	141618953	-0.0645364445295178	0.149877536225906	0.666763232490382
chr4:149616644:T:G	4	149616644	0.114471562593565	0.134470880250289	0.394617170600777
chr4:171974219:A:G	4	171974219	0.0833034267514082	0.153953234768288	0.58844165138646
chr4:176312841:C:T	4	176312841	-0.19408112068903	0.122791873215886	0.113976446343501
chr4:179329624:T:G	4	179329624	0.243772502897004	0.155613833333791	0.117226448063383
chr4:183032183:A:G	4	183032183	0.0539423241405044	0.124666270169075	0.665237223153149
chr4:184991673:A:G	4	184991673	0.0683603940658049	0.135344773886901	0.613500283432752
chr4:189912372:C:T	4	189912372	-0.0674292233560981	0.141799571133153	0.634412907441884
chr5:5313703:A:G	5	5313703	0.0199210530696664	0.179264956874943	0.911516186031004
chr5:7364955:T:A	5	7364955	0.0479060367446235	0.0990804044362595	0.628736022574021
chr5:8067079:G:C	5	8067079	0.0968802902766933	0.104027715464738	0.351701986845901
chr5:13911296:G:T	5	13911296	0.122151454800926	0.137843356141368	0.375530586562747
chr5:15621966:C:G	5	15621966	0.0819078917710892	0.119758302504298	0.494010953688874
chr5:17902851:T:C	5	17902851	-0.0582459562278208	0.180748315412459	0.747264098145916
chr5:20732163:G:T	5	20732163	-0.0890006977941532	0.112278541738334	0.427965617854182
chr5:21913130:A:C	5	21913130	-0.133678329460004	0.123187174099598	0.277848871502162
chr5:23787194:A:C	5	23787194	0.188852913167945	0.121504367084685	0.12011547272852
chr5:23895775:T:G	5	23895775	0.0786227097722075	0.140918701657496	0.576892482675285
chr5:33466391:T:A	5	33466391	0.0117565085738503	0.125172625749317	0.925170830647673
chr5:33624899:A:G	5	33624899	-0.253933187954566	0.194953717367989	0.192735054841314
chr5:39550509:T:G	5	39550509	-0.0546811050506946	0.123446765379074	0.657799789359613
chr5:39634108:G:A	5	39634108	0.10843876313397	0.160009222941242	0.49795989423815
chr5:39978357:G:A	5	39978357	-0.0726093491821165	0.115475445455995	0.52948913419998
chr5:44011742:G:T	5	44011742	0.140399386395756	0.13339997906622	0.292584275379925
chr5:54814079:C:T	5	54814079	-0.220823241317121	0.175231865337488	0.207605363705249
chr5:66989845:C:A	5	66989845	-0.0819309823202949	0.125775547294581	0.514784252976804
chr5:66992139:G:A	5	66992139	0.225254297972495	0.115333148614605	0.0508106998378023
chr5:73076502:T:C	5	73076502	0.0675030945396926	0.0918775787851817	0.46251799428665
chr5:76998986:C:A	5	76998986	-0.0665803874788468	0.13871538927703	0.631242768119619
chr5:80530472:T:A	5	80530472	-0.0731711880735966	0.199481465940834	0.713763023225874
chr5:81710558:G:T	5	81710558	-0.154567455710097	0.0796964399275597	0.052446269114232
chr5:84879932:A:G	5	84879932	0.0366295696822325	0.0994127164756066	0.712530564436793
chr5:85476293:A:G	5	85476293	0.00411566301236838	0.137452020619485	0.976112876787037
chr5:85809583:T:C	5	85809583	0.0229973731327332	0.171207087053702	0.893145672233939
chr5:92192959:A:T	5	92192959	-0.0151384074062849	0.113217912149151	0.893631615330829
chr5:94648523:C:G	5	94648523	-0.134206570955299	0.166855495694202	0.42120748858739
chr5:98024666:G:A	5	98024666	-0.0119138210633942	0.132052034156841	0.928111870657252
chr5:101328324:T:C	5	101328324	0.0793856769325099	0.120546375217497	0.510185517269064
chr5:101825779:A:C	5	101825779	0.231042394787949	0.135688493653656	0.0886165023649411
chr5:106773905:G:A	5	106773905	-0.166310035442507	0.112608468228946	0.139705804947537
chr5:114915760:G:T	5	114915760	-0.117112936330827	0.165589971201782	0.479413273284539
chr5:115102683:A:G	5	115102683	0.192939620628765	0.135018387897801	0.153007757980916
chr5:117238479:G:A	5	117238479	-0.166814464063683	0.160418159451036	0.298399048940266
chr5:121740415:G:T	5	121740415	-0.20457638303636	0.195794994354693	0.296092341447065
chr5:137227416:A:T	5	137227416	0.124208559604007	0.187042893214937	0.506648981264868
chr5:137406489:C:T	5	137406489	-0.441328614216005	0.278005682883923	0.112403848799762
chr5:140638650:G:A	5	140638650	-0.101495791395328	0.147654011900748	0.491837423567282
chr5:142682003:T:C	5	142682003	-0.0221311121897526	0.162987194873321	0.891991754260783
chr5:144183699:A:G	5	144183699	0.087891879626285	0.138520497896015	0.525751629245694
chr5:145690757:G:T	5	145690757	0.0289560978050994	0.14809647161773	0.844984424973157
chr5:147282093:C:T	5	147282093	-0.263728031115493	0.211550922288592	0.212529199684145
chr5:148033208:G:T	5	148033208	-0.023591530019563	0.184534358804458	0.898272774206217
chr5:151763317:T:C	5	151763317	0.0152989214778831	0.141705640769723	0.914025292085341
chr5:153541577:C:T	5	153541577	0.217352834472267	0.202099662119538	0.282162782625718
chr5:168245100:T:C	5	168245100	0.0348365856987067	0.0993060234023704	0.725738150232771
chr5:169455657:C:T	5	169455657	0.307257421791838	0.138565458240409	0.026594599681187
chr5:169808985:G:C	5	169808985	0.182586859785403	0.137988062791122	0.185766333898501
chr5:172672695:T:C	5	172672695	-0.0937815166768435	0.115223599862381	0.415697125524447
chr5:173346700:A:C	5	173346700	-0.0275434077436481	0.1399261475126	0.843950819190767
chr6:3041612:C:A	6	3041612	-0.059975964489987	0.119753668614231	0.616492329964367
chr6:3673174:A:G	6	3673174	-0.0507697243499024	0.220194821831226	0.817650978176629
chr6:3786319:G:C	6	3786319	-0.395384241286177	0.21276010841805	0.0631183313447228
chr6:6090729:G:T	6	6090729	0.199439353092648	0.127336380510041	0.117292403959886
chr6:6354181:A:T	6	6354181	-0.162520968920079	0.153790378650107	0.290616834763989
chr6:6456261:T:C	6	6456261	-0.0187051902560051	0.150845124687668	0.901313202817965
chr6:7642514:C:G	6	7642514	-0.209125493760493	0.17738738277279	0.238430121749157
chr6:21494280:T:C	6	21494280	-0.0907568918610806	0.205477263954929	0.658714817978965
chr6:23344439:T:A	6	23344439	-0.0297655342942442	0.105481813955306	0.777800579084627
chr6:26287827:G:A	6	26287827	0.0897290827722379	0.122233789589661	0.462901465322759
chr6:31108549:A:G	6	31108549	-0.145170175178177	0.118538037518464	0.220698956098234
chr6:32660000:G:C	6	32660000	0.0601661354326529	0.128482016413651	0.639581158989321
chr6:33148933:A:G	6	33148933	-0.281860470134534	0.136383599998016	0.0387648619641341
chr6:37400014:G:T	6	37400014	-0.168716448600553	0.0869431969831935	0.0523145207829465
chr6:39124093:C:T	6	39124093	0.0816033927710862	0.126141259878053	0.517683264718459
chr6:45195864:C:T	6	45195864	-0.267791064200476	0.16100239876245	0.0962576499373462
chr6:46738257:G:A	6	46738257	-0.114738513145898	0.143089142267095	0.422629687105033
chr6:47717919:C:A	6	47717919	0.110334083408093	0.114303155030626	0.334406628248988
chr6:48859012:C:A	6	48859012	-0.49860688054152	0.278724059095094	0.0736324178976999
chr6:49860743:T:G	6	49860743	0.129831483836514	0.138194065319771	0.347480927097374
chr6:53292416:C:G	6	53292416	0.19407476702566	0.108942714568989	0.0748408119447688
chr6:69504128:A:G	6	69504128	-0.19908372609155	0.171761937455443	0.246428561402197
chr6:81137001:T:C	6	81137001	0.0510613006235085	0.107176863407046	0.633774528608301
chr6:84758749:C:T	6	84758749	-0.365161655932966	0.230925638533791	0.113810504989895
chr6:87387916:G:T	6	87387916	0.143293328906003	0.110660633869721	0.195358238784915
chr6:88566465:G:A	6	88566465	-0.00546604302631	0.12198472139013	0.964259357624708
chr6:93273487:T:C	6	93273487	0.273087882059469	0.15165386112027	0.0717452130294797
chr6:97788153:C:A	6	97788153	-0.0807300669282732	0.198699708864725	0.684528192878509
chr6:104918249:A:G	6	104918249	-0.0568911909670683	0.158429632904056	0.719524484943902
chr6:107129138:A:G	6	107129138	-0.0291788295349383	0.104442599892416	0.779955745508365
chr6:112187089:T:C	6	112187089	0.130517913612294	0.123095482395549	0.289008975613499
chr6:118046853:T:C	6	118046853	-0.0323204090071367	0.133551658467073	0.808774897049618
chr6:123103197:T:C	6	123103197	-0.187720050511789	0.278728219686872	0.50063701903867
chr6:127784009:G:A	6	127784009	0.0142851816616615	0.0955600975815329	0.881167803148615
chr6:129527930:G:A	6	129527930	-0.330539635068179	0.181129029347113	0.0680183966282106
chr6:137254996:T:C	6	137254996	-0.0610122873487007	0.115109973464101	0.596087829527073
chr6:151547601:G:A	6	151547601	-0.0456120438386382	0.121169076676483	0.706594987185218
chr6:152638179:C:T	6	152638179	-0.0729923498848834	0.115151071518533	0.526156935838246
chr6:153842833:G:A	6	153842833	0.0933530183840103	0.12690606624085	0.461969768395008
chr6:160701242:A:G	6	160701242	-0.34069112262657	0.194985650544304	0.0805918081614536
chr6:160909689:G:C	6	160909689	0.117584413275372	0.12919955966021	0.362770207097191
chr6:162760256:C:T	6	162760256	-0.194369331158085	0.292309277291935	0.506086243638775
chr6:163629327:G:A	6	163629327	0.0707853307280159	0.0927986340149076	0.445592112379542
chr7:6986920:C:A	7	6986920	0.207568372858382	0.121407484940361	0.0873244169221523
chr7:7863676:G:A	7	7863676	0.135796219269065	0.129103730602288	0.292873847686916
chr7:8111839:A:G	7	8111839	-0.277482523916457	0.19162313147274	0.147599202621777
chr7:9602661:C:A	7	9602661	0.219050926657887	0.131239379683042	0.095098653367464
chr7:11334355:C:A	7	11334355	-0.19973017288089	0.240913285496389	0.407073734401752
chr7:12476280:G:A	7	12476280	-0.245321880228441	0.202295599684373	0.225248308868009
chr7:20850990:A:T	7	20850990	-0.165760456675795	0.132252603693251	0.210073804940431
chr7:22822020:C:A	7	22822020	-0.0612160946817604	0.134293337241189	0.648506002696002
chr7:24140802:T:C	7	24140802	-0.039925852352458	0.130946259310482	0.760440350440157
chr7:24278575:A:G	7	24278575	-0.0292511958339769	0.197130581779765	0.88203903954528
chr7:24620726:T:A	7	24620726	0.113381804526792	0.10844554108975	0.295783458406618
chr7:24740434:C:T	7	24740434	-0.330628604832971	0.12883998431987	0.0102820819431451
chr7:28505993:C:T	7	28505993	0.0254606274724114	0.126440184793258	0.840413182698616
chr7:36413989:G:A	7	36413989	0.130060391328111	0.141453423715677	0.35785639956222
chr7:43755241:C:T	7	43755241	-0.159469990492505	0.179769863711651	0.37503661021178
chr7:44689517:A:G	7	44689517	0.058976228636505	0.137517185102217	0.66802189023295
chr7:46192346:C:G	7	46192346	-0.0667209439084901	0.104853995694573	0.524566322024645
chr7:48301675:T:C	7	48301675	0.139408836641524	0.1392019752553	0.316591880017308
chr7:51890159:C:T	7	51890159	-0.125735964782381	0.106346293987209	0.237076460946514
chr7:53046603:C:G	7	53046603	-0.110460684409753	0.201659887774949	0.583858531897329
chr7:55663907:C:A	7	55663907	0.0749679357001711	0.147942007841551	0.612338196577843
chr7:56122201:A:G	7	56122201	-0.166996483827513	0.132171927663957	0.206417010563405
chr7:62910214:G:T	7	62910214	-0.172667562215366	0.2444298743637	0.479933573520512
chr7:67766433:G:A	7	67766433	-0.239367679661501	0.149018836309939	0.108209892474607
chr7:68433432:T:C	7	68433432	0.0766683515301504	0.104444842410505	0.462914676925237
chr7:71020152:T:G	7	71020152	0.235176693166842	0.150112638403398	0.117192273468325
chr7:71553830:T:C	7	71553830	0.0886691420839766	0.184423955450487	0.630665956511129
chr7:78390279:T:G	7	78390279	-0.0540334373714033	0.0816098647464508	0.507910701456395
chr7:83524616:A:T	7	83524616	-0.209023604241403	0.16786449308503	0.213061006628479
chr7:84786535:C:A	7	84786535	-0.325111319477306	0.232611710025645	0.162216177087948
chr7:86620755:G:A	7	86620755	0.0742088088139019	0.117220963930411	0.526689418438896
chr7:89207269:G:A	7	89207269	0.108137437368778	0.133093192411368	0.416508154357924
chr7:91097147:A:G	7	91097147	0.0521959412898031	0.121262806999004	0.666878130642025
chr7:103095283:G:A	7	103095283	-0.290335109606965	0.217053056672048	0.181019439932708
chr7:113434486:A:C	7	113434486	0.139937845384071	0.104693788417569	0.181340362731312
chr7:113749820:G:A	7	113749820	0.0918188093858615	0.111226761751482	0.40908208072418
chr7:117145973:C:G	7	117145973	0.101905764172949	0.128916903787187	0.429249625894364
chr7:119808046:G:A	7	119808046	0.282550016219732	0.128252187412028	0.0275890077210238
chr7:122582926:C:G	7	122582926	-0.0859618284890149	0.213228507664396	0.686842172710746
chr7:124802410:A:T	7	124802410	-0.11952349377618	0.158096979384047	0.449640938418104
chr7:129047886:A:G	7	129047886	0.270522020920189	0.158169309347989	0.087204509614818
chr7:131384702:T:A	7	131384702	0.0134340028871935	0.109884996189987	0.902696978014199
chr7:136870573:G:A	7	136870573	-0.0286253673830881	0.169169954231487	0.865630909079821
chr7:142873374:T:C	7	142873374	-0.240683731608295	0.132560604459276	0.069423997303741
chr7:145116884:A:G	7	145116884	0.238274328921728	0.117715747368573	0.0429547213244672
chr7:149242006:T:C	7	149242006	-0.0458100309094987	0.108377576211743	0.672522036839597
chr7:153502245:G:A	7	153502245	-0.144035831094101	0.152934734818248	0.346288690635743
chr7:153952270:G:A	7	153952270	-0.048497997896243	0.108004368466174	0.653404696752847
chr7:154426289:T:C	7	154426289	0.215936272513305	0.125192688431947	0.084557872072765
chr7:156975524:A:T	7	156975524	0.104810988944276	0.155902528340095	0.501402041693474
chr7:157677820:C:T	7	157677820	0.229337061991327	0.132879805000626	0.0843656667064271
chr8:276778:A:T	8	276778	0.0303575901628008	0.09695652942356	0.754200765000425
chr8:1102873:G:T	8	1102873	0.183741693604858	0.123588901077901	0.137089627784679
chr8:8710521:T:C	8	8710521	-0.0219466542942231	0.134671678027272	0.870546668712177
chr8:9029509:T:C	8	9029509	0.218153131212787	0.133049302193854	0.101079769952925
chr8:9109096:A:G	8	9109096	0.0412421452630336	0.142710622145531	0.772587943843074
chr8:13032868:C:A	8	13032868	-0.0207330402921547	0.188144575504786	0.912252835819145
chr8:20741226:C:T	8	20741226	-0.0134691996243257	0.118392564578564	0.909422279736364
chr8:23115837:G:A	8	23115837	0.00197782140601693	0.17089630733174	0.99076610863335
chr8:25783762:T:C	8	25783762	0.00652608166347425	0.11859781009179	0.956116953704127
chr8:27022227:G:T	8	27022227	-0.0584054076678972	0.112336942112157	0.603124393580577
chr8:28150898:A:G	8	28150898	0.211371638157907	0.130920743472436	0.106418854902502
chr8:28528484:G:T	8	28528484	-0.142124976260291	0.131894111209892	0.281226241815195
chr8:41788192:C:T	8	41788192	-0.194084336651269	0.158350265179798	0.220324864127222
chr8:42055528:T:G	8	42055528	-0.197033281301047	0.186207670471064	0.289992852258385
chr8:53142705:G:A	8	53142705	-0.0306852505026775	0.13987106487432	0.826352175532781
chr8:61304314:G:C	8	61304314	-0.085649309319869	0.0855730946220244	0.316879682887308
chr8:61926940:A:T	8	61926940	-0.268860055067585	0.108826574462992	0.0134910444188232
chr8:63445672:G:A	8	63445672	0.240260744954599	0.126880712891104	0.0582787233862676
chr8:65343369:C:A	8	65343369	-0.0377812878867464	0.110852356779582	0.733235102055761
chr8:65418628:G:T	8	65418628	-0.137131561955109	0.148827103036237	0.356833671250496
chr8:71273350:T:A	8	71273350	0.0577293793461987	0.18030268922867	0.748831613130658
chr8:72033005:T:C	8	72033005	0.0841779348338469	0.242047594208908	0.728009685114193
chr8:72065200:T:A	8	72065200	-0.0879556296700163	0.136559321041061	0.519521174291506
chr8:73211475:T:C	8	73211475	0.188533098088679	0.136598168378146	0.167524384260749
chr8:86323708:T:C	8	86323708	-0.0282079777431682	0.0941445975493612	0.76446400097761
chr8:89525432:A:G	8	89525432	0.0306857137591813	0.171044204391255	0.857621871038826
chr8:92001032:A:G	8	92001032	0.0907644522465667	0.13903376510723	0.513870335613892
chr8:92645879:A:G	8	92645879	-0.0781532720599993	0.182509363591241	0.668494497058697
chr8:95906161:G:A	8	95906161	0.137302725169058	0.106873676108349	0.198890225250854
chr8:96365126:C:T	8	96365126	-0.0834169292152852	0.105429019871249	0.42881905298607
chr8:98002322:C:T	8	98002322	-0.0147775602714086	0.149892745562521	0.92146574639033
chr8:106920372:G:A	8	106920372	0.00144295869767623	0.156845901251519	0.992659685608018
chr8:108142424:A:G	8	108142424	-0.0579475364941996	0.0963983573042152	0.54775622231292
chr8:109421925:C:T	8	109421925	0.0346030375181264	0.117655408633726	0.768677712130958
chr8:116252872:C:T	8	116252872	0.0761425228560309	0.131985556882211	0.564006728613924
chr8:121384602:C:T	8	121384602	-0.0421195522981456	0.134794732902233	0.754681994184805
chr8:127029052:C:T	8	127029052	-0.182055740167034	0.14588012123624	0.212037712578681
chr8:128437247:A:G	8	128437247	-0.322880622350251	0.152011500533634	0.0336656357556836
chr8:131315237:G:A	8	131315237	-0.138385508322093	0.140979548438817	0.326297004915391
chr8:135895676:A:T	8	135895676	0.10442839331873	0.146900876240561	0.477160716631357
chr8:141605122:C:T	8	141605122	0.279540609411519	0.141395219669887	0.0480398234187186
chr9:733358:A:C	9	733358	0.0432502605509013	0.126894172860871	0.733226108441331
chr9:5461379:C:T	9	5461379	0.0387482922657215	0.111678095661024	0.728618273805885
chr9:11397008:T:G	9	11397008	-0.129977671006699	0.173250931066401	0.453117496902707
chr9:11955148:T:G	9	11955148	0.00355820336825188	0.129585457419703	0.978094155973858
chr9:12389360:A:G	9	12389360	-0.0133827060919063	0.13079105971845	0.918501680438113
chr9:12615226:G:C	9	12615226	-0.0478466680699497	0.112266210390212	0.669969845833456
chr9:14098421:G:A	9	14098421	-0.0509073324643358	0.130523316963538	0.696518197927886
chr9:18952915:A:G	9	18952915	-0.0964160486362109	0.110250861264019	0.381837772603423
chr9:29651949:A:G	9	29651949	0.120111153288272	0.152928087126692	0.432213586004424
chr9:32058643:A:T	9	32058643	0.0722566970337868	0.124160377330391	0.560591867355284
chr9:37013405:C:T	9	37013405	-0.0491777139868027	0.0893848096471119	0.582196077841265
chr9:37992585:C:T	9	37992585	-0.0223662143886756	0.0720093684744791	0.756103623397291
chr9:89995415:A:G	9	89995415	0.0700225663994707	0.156796320475815	0.655176194321459
chr9:91844381:C:T	9	91844381	-0.075998832732978	0.162770110451955	0.640564971700293
chr9:94568472:C:A	9	94568472	-0.145527106103704	0.158047682209274	0.357165426790393
chr9:96162075:C:T	9	96162075	-0.285231947585488	0.125257283180001	0.022776161629271
chr9:100192956:A:G	9	100192956	0.0293789338744219	0.101559905219146	0.772369493192722
chr9:100529836:G:C	9	100529836	-0.0685558857841842	0.187771659936537	0.715034961146812
chr9:101460357:C:T	9	101460357	0.0103298709512256	0.144108795520577	0.942855730788097
chr9:107904127:G:A	9	107904127	0.00473220106737395	0.130743408824356	0.971127218077783
chr9:117420412:T:C	9	117420412	-0.0057675078106636	0.119543742295592	0.961520187350772
chr9:117972207:C:A	9	117972207	0.0298291847587198	0.118095915628582	0.800589394275192
chr9:121356498:A:G	9	121356498	-0.157325809218577	0.23890800935746	0.51020376245366
chr9:124044726:T:G	9	124044726	0.0273496786471837	0.136370684139239	0.841047373076821
chr9:125005426:C:T	9	125005426	-0.013609278325531	0.196042161875786	0.944655181938917
chr9:129533341:A:G	9	129533341	-0.264666097847772	0.153357803654117	0.0843819912890561
chr9:136630984:C:T	9	136630984	0.154293697639861	0.139640801798566	0.269188722504422
chr10:2050300:A:G	10	2050300	0.0592862136222956	0.127056631770209	0.640777136360566
chr10:3113976:C:T	10	3113976	-0.0167601615476173	0.0752896055229871	0.823839647699196
chr10:4591592:T:C	10	4591592	0.278698804126976	0.149067886489453	0.0615380022433825
chr10:7462546:C:T	10	7462546	0.0178949677519663	0.119919689047285	0.881376408521611
chr10:7849544:T:G	10	7849544	-0.277148713944643	0.195115315281765	0.155480943550396
chr10:9367893:G:A	10	9367893	0.0207191874122738	0.0966495507998075	0.830255120001633
chr10:10628189:C:T	10	10628189	0.239186199382692	0.168251065899901	0.15514156904626
chr10:14014383:T:C	10	14014383	-0.00188703627437242	0.14989436391926	0.989955610736335
chr10:16341555:C:T	10	16341555	0.0303598875096342	0.126142780737337	0.809804105519894
chr10:18075702:C:T	10	18075702	-0.0140880506069823	0.180477956416109	0.937780584032689
chr10:27289376:T:C	10	27289376	0.131072885576894	0.118009105987488	0.266696876280485
chr10:27674317:A:G	10	27674317	-0.125108698200217	0.142652917638317	0.380478682518137
chr10:28771902:G:A	10	28771902	-0.0698435806467298	0.153280165813435	0.648634770219667
chr10:28891836:C:T	10	28891836	0.0889375303884127	0.119329279763308	0.456083198167771
chr10:30622484:G:A	10	30622484	-0.211328431076455	0.244298241139738	0.387015305630312
chr10:35177843:G:T	10	35177843	0.106575142409848	0.106049355816006	0.314917101955793
chr10:45036473:A:G	10	45036473	0.169083323144272	0.117581407932436	0.150431017194127
chr10:51560095:T:G	10	51560095	-0.0640861764819004	0.130761940703596	0.624064494471062
chr10:54072488:A:G	10	54072488	0.0716488167693428	0.122790096961192	0.559552398760849
chr10:54082016:C:T	10	54082016	0.196244897655174	0.128734782067934	0.127405725316579
chr10:55299918:G:C	10	55299918	-0.151621979530846	0.16895981620958	0.369513593207172
chr10:56747004:T:C	10	56747004	0.346104866124356	0.203558732586667	0.0890800953729715
chr10:57761967:T:C	10	57761967	-0.212772925421165	0.264195557577431	0.420611113057562
chr10:69232402:C:A	10	69232402	0.206887774498842	0.118549083645171	0.0809560593342251
chr10:79437519:C:T	10	79437519	-0.231304935805912	0.2377787033913	0.330665647135749
chr10:82354363:C:G	10	82354363	-0.0143040292491154	0.136376597339144	0.916466073379943
chr10:84591955:C:T	10	84591955	0.0061234715268661	0.156615697768017	0.968811690583371
chr10:84989741:G:A	10	84989741	-0.203380150975543	0.156931063766119	0.19498099019377
chr10:91053424:A:C	10	91053424	0.165821678837795	0.126011201390497	0.188198181541217
chr10:93612452:G:A	10	93612452	-0.0836926236796162	0.177686578172663	0.637631710925414
chr10:93671121:T:C	10	93671121	-0.0517150067077371	0.10595071353379	0.625475913038284
chr10:101249704:C:T	10	101249704	0.0994204035986719	0.133171844136614	0.45533087136553
chr10:102352980:T:C	10	102352980	0.149044266025165	0.126410453068074	0.238378199436256
chr10:104637359:T:C	10	104637359	-0.0398284046567049	0.201167573204367	0.843055855862086
chr10:108480456:T:C	10	108480456	0.14322235786736	0.139019650085842	0.302901564717028
chr10:109264424:C:T	10	109264424	-0.00296963894105071	0.170185290233388	0.986078063370835
chr10:111352001:T:G	10	111352001	0.151657138029867	0.155568217173326	0.329630010230193
chr10:118828443:C:T	10	118828443	-0.0872517429725975	0.13978917369269	0.532518133592441
chr10:120152982:A:G	10	120152982	0.0272893043624193	0.160959065678613	0.86537042503656
chr10:121580593:A:G	10	121580593	-0.235099327199975	0.243427556182063	0.334150450025096
chr10:121611573:C:G	10	121611573	0.0519906511597671	0.116699944298479	0.655953346055588
chr10:121734173:T:C	10	121734173	-0.0498876126621077	0.0890490895638713	0.575325314577384
chr10:121910644:T:A	10	121910644	-0.0935833773972855	0.240086782219562	0.69669199121112
chr10:122561189:A:G	10	122561189	0.0351675028293554	0.136670543184403	0.796934924791421
chr10:123750431:C:G	10	123750431	-0.149506942165718	0.161403252746745	0.354292963510312
chr10:127533155:T:C	10	127533155	0.00632685820566021	0.134750915515546	0.962551287267766
chr10:129953349:A:G	10	129953349	-0.0610222930273252	0.122246229017222	0.617655922582658
chr10:131819683:A:G	10	131819683	-0.227047437099035	0.125228908816496	0.0698226764702886
chr10:131953941:A:C	10	131953941	0.059250937038924	0.131551758759989	0.652421908550111
chr11:388357:C:T	11	388357	-0.0451338772524432	0.123249554079768	0.714216504797138
chr11:2257707:C:T	11	2257707	-0.294498274622314	0.176913760716824	0.0959839771745732
chr11:3623903:G:A	11	3623903	-0.0510174013251035	0.184224184270495	0.781833031252423
chr11:5806222:C:T	11	5806222	0.17862872546145	0.0952605855457237	0.0607708799983921
chr11:9789492:C:A	11	9789492	0.121360374136419	0.160729877955935	0.450214204820231
chr11:14569664:T:G	11	14569664	0.0242633699071732	0.170153823927372	0.88660872186297
chr11:36019710:C:A	11	36019710	0.291034028164328	0.129708642751917	0.0248483615537504
chr11:39635569:C:T	11	39635569	0.0113211119641058	0.178539949828691	0.949440498321023
chr11:40512905:C:G	11	40512905	-0.0283108266143813	0.162420480942132	0.861625166695073
chr11:41632790:A:T	11	41632790	0.041660343553389	0.112468751271608	0.711071768581742
chr11:42744986:A:G	11	42744986	0.263074103471303	0.151632259920731	0.0827499957753163
chr11:43201079:C:T	11	43201079	-0.0366947707944622	0.192246030104612	0.848624302310884
chr11:44330300:A:G	11	44330300	0.107958063705464	0.102740691472673	0.293358749554955
chr11:49875094:A:G	11	49875094	0.0211054897741415	0.1313052512708	0.872301280754477
chr11:50253126:G:T	11	50253126	-0.206756851422311	0.157659325450851	0.189717492846327
chr11:55906271:G:A	11	55906271	0.177553045593969	0.127291121864874	0.163058650516386
chr11:57305789:G:A	11	57305789	-0.0181268013826485	0.163425158695128	0.911681325011159
chr11:58998793:A:C	11	58998793	-0.211452986740195	0.16623693405937	0.203373960060967
chr11:63184971:C:T	11	63184971	-0.0709344466495854	0.127678899763583	0.578505485665196
chr11:70801858:T:C	11	70801858	-0.135359112006314	0.127176188609225	0.287173252998193
chr11:71334794:T:G	11	71334794	-0.30866596126591	0.304077967170614	0.310063778259709
chr11:77208574:G:A	11	77208574	0.31987716724779	0.154640804584517	0.0385914130242229
chr11:77376654:A:G	11	77376654	-0.290596565136953	0.186608760478763	0.119411048756082
chr11:81783030:C:T	11	81783030	-0.0373409732195471	0.174950819955746	0.830986145515776
chr11:83962252:C:T	11	83962252	-0.302214285235758	0.221669671591735	0.172770897398591
chr11:86328783:G:T	11	86328783	0.0628249085093751	0.124965165981375	0.615147527579166
chr11:93046218:A:C	11	93046218	-0.000661018913381428	0.116100137817795	0.995457249699812
chr11:104129521:G:A	11	104129521	0.0126887135598313	0.177227715476288	0.942923791475657
chr11:108728662:A:G	11	108728662	-0.00645514085780633	0.233238343757066	0.977920440930932
chr11:110396347:G:A	11	110396347	-0.307116669231789	0.197128588915394	0.119244879773267
chr11:113800784:C:T	11	113800784	-0.306685438038151	0.236713858250229	0.195114838784699
chr11:115616504:A:T	11	115616504	0.0534502584897152	0.145483670909485	0.713322938511251
chr11:119630310:G:A	11	119630310	-0.190873571056043	0.143402623088988	0.183178273404942
chr11:123267436:G:A	11	123267436	-0.211659609088773	0.171342045376709	0.216717179203658
chr11:125907492:T:C	11	125907492	0.0302166008560081	0.110004182790825	0.783557544520316
chr11:126829359:G:A	11	126829359	0.103924490108636	0.0847137672614623	0.219908242392633
chr11:130290657:C:T	11	130290657	0.241217639529065	0.158955740650437	0.12913683819889
chr11:131355535:G:A	11	131355535	0.149933285389072	0.114132721067409	0.188955647522249
chr11:133238417:A:G	11	133238417	-0.0696532702705769	0.1225010163534	0.569632099979099
chr11:134309503:C:T	11	134309503	0.251491821233762	0.107000015193429	0.0187537237218302
chr12:5192681:C:T	12	5192681	0.0203028961586184	0.10914626246129	0.852432609286283
chr12:5448727:G:A	12	5448727	0.0459066420137667	0.138961421708143	0.74113151347938
chr12:6639294:C:T	12	6639294	0.114304795071438	0.154557466682396	0.459565940338015
chr12:19523028:C:A	12	19523028	0.0165597065118648	0.133565420329813	0.901329535496097
chr12:20003679:T:A	12	20003679	-0.00349013731643837	0.162875264307319	0.982904011881241
chr12:21333090:G:A	12	21333090	-0.177648853845433	0.159319130138773	0.264828840607716
chr12:25518059:A:T	12	25518059	0.163629105873603	0.126020077446881	0.194137281075464
chr12:28965843:C:T	12	28965843	0.24782919161798	0.124503194739826	0.0465309498578145
chr12:32086665:A:C	12	32086665	-0.017686194951519	0.133713140452431	0.894770984631996
chr12:48567461:T:G	12	48567461	0.001800749549117	0.179526573304489	0.991996916422962
chr12:52880890:G:T	12	52880890	-0.117816282903504	0.151004512972934	0.435263177843904
chr12:53646626:C:G	12	53646626	0.16224386237047	0.115122039388414	0.158740388293309
chr12:53680144:C:A	12	53680144	0.262042320361644	0.125941103074237	0.0374637978837802
chr12:54366280:G:A	12	54366280	0.0854415228007471	0.140595911331577	0.543379916656448
chr12:55599330:T:C	12	55599330	0.079523439122581	0.196902620453735	0.68630690706673
chr12:56675083:C:T	12	56675083	-0.0877379903064105	0.127515242110665	0.49141572513474
chr12:57436134:C:T	12	57436134	-0.0837995499208596	0.203996379594574	0.681226968051477
chr12:58724212:C:T	12	58724212	-0.375012585664669	0.278596797772535	0.178277865969963
chr12:59048769:A:C	12	59048769	0.0166382792625196	0.12954814136536	0.897806177768071
chr12:59226687:C:T	12	59226687	0.174334648594919	0.137390437820669	0.204476934731917
chr12:63113400:T:C	12	63113400	-0.300509070941129	0.255687733082996	0.239875843452239
chr12:64271340:C:T	12	64271340	0.0590717598519748	0.12623377484005	0.639816579315186
chr12:64756705:C:T	12	64756705	-0.056652183677113	0.14803925068106	0.701954424475274
chr12:67050802:C:T	12	67050802	-0.0744800752985527	0.15755506273701	0.636410030032252
chr12:71564908:A:G	12	71564908	-0.460454396417917	0.317166772252087	0.146564523244415
chr12:73909094:G:A	12	73909094	0.31670458058125	0.13240322062918	0.0167581952275754
chr12:81126959:G:A	12	81126959	0.231535463414029	0.122332670793212	0.0584016733090323
chr12:83608380:A:G	12	83608380	0.138063569734508	0.139993155154469	0.324026848277474
chr12:90727178:A:C	12	90727178	0.0197410543794309	0.138467720911814	0.886631438046354
chr12:92596791:C:T	12	92596791	0.135440985212559	0.144435181241408	0.348383955847405
chr12:95914573:A:T	12	95914573	0.0865704234267265	0.13858954680791	0.532198602717195
chr12:105967464:T:C	12	105967464	0.111303279424436	0.0988664725258693	0.260252733613523
chr12:109533295:C:T	12	109533295	0.0505479901105662	0.18913778058637	0.789272943429612
chr12:112209515:G:A	12	112209515	0.154952221332746	0.184745178473699	0.401618111934121
chr12:125875525:T:C	12	125875525	0.0947120379335355	0.156882374328187	0.546034007254526
chr12:126449337:A:G	12	126449337	0.0473102604895037	0.122236310224097	0.698727086157198
chr12:131091094:G:A	12	131091094	-0.0116675403066029	0.134823840941832	0.931037837288441
chr12:132776953:G:A	12	132776953	-0.0326251457393744	0.179845650620378	0.85604862322215
chr13:19545220:A:G	13	19545220	0.0321970597000409	0.225876635011486	0.886651373972332
chr13:22977365:T:G	13	22977365	-0.158268827967268	0.198622781102288	0.425549075401517
chr13:24330599:T:C	13	24330599	-0.173388024038217	0.188659323155437	0.358067554092847
chr13:24623185:A:C	13	24623185	0.110196521875833	0.127802009486151	0.388553235795528
chr13:26234118:A:T	13	26234118	0.0315727501600188	0.137506266552733	0.818395195620252
chr13:26494236:G:A	13	26494236	-0.199629803822372	0.126626754838582	0.114905663606919
chr13:42909938:A:G	13	42909938	-0.00639975732392039	0.116944439918117	0.956357737048413
chr13:45708351:G:A	13	45708351	-0.168841773732567	0.205362167615692	0.410982476880314
chr13:45809177:C:G	13	45809177	-0.000576657009120097	0.129399468933804	0.996444311515857
chr13:50558767:A:T	13	50558767	0.255998445858637	0.1432234102836	0.0738718215645542
chr13:58710908:G:A	13	58710908	0.237705141349264	0.106794805816794	0.0260267886007089
chr13:58934154:C:T	13	58934154	0.0714053316972897	0.0948676290488696	0.451639920683717
chr13:70397215:T:C	13	70397215	0.20655005706422	0.127058262593005	0.10402783036256
chr13:75832713:T:C	13	75832713	0.0260319345259392	0.195040487301672	0.893822172271591
chr13:86776101:G:A	13	86776101	-0.216020166416314	0.173661573164949	0.213530995143077
chr13:91472230:T:C	13	91472230	-0.0927384142249316	0.115757198397028	0.423047139756891
chr13:93235990:C:T	13	93235990	-0.19667673739144	0.149198616612729	0.187429704969881
chr13:96765286:G:A	13	96765286	0.0924390346853755	0.103624218734402	0.372360700289164
chr13:102180181:A:G	13	102180181	-0.0242240438528309	0.156798137289057	0.877221888830165
chr13:106009559:G:C	13	106009559	-0.128187352331509	0.159336197879831	0.421103265326639
chr13:106084136:A:G	13	106084136	0.000935587518722418	0.112962830829965	0.993391788283702
chr13:112716578:T:C	13	112716578	0.229261201905794	0.133475581421988	0.0858647551129776
chr14:26929954:A:G	14	26929954	-0.0220198519042465	0.0874673329016011	0.801234741314005
chr14:27823594:G:A	14	27823594	0.112229630373273	0.164903867012508	0.496139755221746
chr14:38216062:T:A	14	38216062	-0.062246438597736	0.163735467103882	0.703823188693587
chr14:39925237:C:T	14	39925237	0.146507197696921	0.133871533817605	0.273785507646499
chr14:44446011:A:G	14	44446011	-0.208709192232445	0.209555889883374	0.319269793641447
chr14:51426205:T:C	14	51426205	0.0319369198546566	0.134649626536785	0.812512995000191
chr14:52881822:T:G	14	52881822	-0.0490687298048371	0.169754244494452	0.772537410824445
chr14:53358297:A:G	14	53358297	0.101621596933109	0.152666938873675	0.505639659228379
chr14:56254615:G:A	14	56254615	0.0515361616901333	0.104139056029632	0.620686011065532
chr14:57978070:T:C	14	57978070	0.0980401659198727	0.0923528465664321	0.288425260852507
chr14:62445185:T:C	14	62445185	-0.225974545807056	0.167930952883965	0.178418763454163
chr14:67518615:G:A	14	67518615	0.168305714530372	0.116674392990719	0.149154358511356
chr14:68863518:T:G	14	68863518	-0.0440656385521262	0.148931825909571	0.767323315434202
chr14:77734277:G:A	14	77734277	-0.0628078291946116	0.177627411547557	0.723643837262141
chr14:84531019:T:G	14	84531019	0.0163503581844845	0.188297845428323	0.930804715036221
chr14:90804831:C:G	14	90804831	-0.0907573785123221	0.120451639799843	0.451164133705224
chr14:91397629:G:T	14	91397629	0.196349050766161	0.183416484492623	0.284390129187263
chr14:91961156:T:C	14	91961156	0.0739839324662893	0.0943415807274984	0.43291489944275
chr14:98340169:A:G	14	98340169	0.0448490560630628	0.134308364747749	0.738435393718437
chr14:100721312:C:T	14	100721312	0.120169330198227	0.198090515150056	0.544090853524981
chr14:102093442:A:G	14	102093442	-0.279413898808669	0.272502445965175	0.305191985847376
chr15:24165057:A:G	15	24165057	0.293911373261219	0.112501255543929	0.00898783843609208
chr15:26353849:A:G	15	26353849	-0.0281600270511153	0.145004109211469	0.846018046109111
chr15:34880184:A:T	15	34880184	-0.107059073738485	0.157599991100484	0.496942169908676
chr15:37080410:C:T	15	37080410	-0.135722719448206	0.142666599184366	0.341437936635357
chr15:57522102:A:T	15	57522102	0.0472207236693817	0.074466688549284	0.526003325271952
chr15:69786285:T:C	15	69786285	-0.307797053945539	0.154480899999615	0.0463205814539139
chr15:71331250:T:C	15	71331250	-0.302205837875804	0.264867188254257	0.253881901362858
chr15:76807237:T:C	15	76807237	-0.317567202985713	0.214359363841623	0.138481079982822
chr15:77734259:G:A	15	77734259	0.107081252576287	0.0896216065091458	0.232159262639349
chr15:79750604:G:T	15	79750604	-0.133468652846629	0.0906861239400034	0.141084378910688
chr15:81697597:G:A	15	81697597	0.0913423908993866	0.109476642614354	0.404080932504132
chr15:87989871:C:T	15	87989871	0.154934073520345	0.15042124383756	0.303009405245161
chr15:88891382:T:C	15	88891382	-0.284238957216076	0.117158821690404	0.0152620858167276
chr15:94791129:A:G	15	94791129	-0.39430406661067	0.229376952011761	0.0856103344911867
chr15:100978492:T:G	15	100978492	0.152060668767187	0.151506235449769	0.315542776518691
chr16:2671727:C:T	16	2671727	0.167317285180172	0.104350092719603	0.108841409690477
chr16:4957642:T:C	16	4957642	0.178101261093116	0.102880085395942	0.0834243190346627
chr16:5884026:G:T	16	5884026	-0.281926818540407	0.13649277646185	0.0388750308304033
chr16:6848656:G:A	16	6848656	0.0912829746699652	0.083041418890715	0.271660636807753
chr16:7909855:G:A	16	7909855	-0.0430838689700164	0.135377013654265	0.750294555368926
chr16:8273542:C:G	16	8273542	-0.272594079842799	0.230122557040486	0.236191281955902
chr16:12394716:C:T	16	12394716	-0.104235237593477	0.172824225719144	0.546423125166871
chr16:17779668:G:A	16	17779668	-0.0680794583664276	0.177243631676387	0.700903581155752
chr16:29740733:G:C	16	29740733	-0.0917576980847688	0.163230809012332	0.574024263612528
chr16:31127124:G:A	16	31127124	0.112785150376118	0.143961789799706	0.433369892819999
chr16:56688556:C:T	16	56688556	0.142884564808369	0.190206130544438	0.452526860323321
chr16:60324635:A:C	16	60324635	0.336504882157975	0.112206976338146	0.00270897732240394
chr16:60499572:C:T	16	60499572	-0.0316642530038541	0.131029200378201	0.809045185071985
chr16:62273123:C:T	16	62273123	0.209446347009425	0.14646027654379	0.152701045619721
chr16:65972427:C:T	16	65972427	-0.304897131949132	0.182262192044734	0.0943570190982349
chr16:69246420:T:C	16	69246420	0.243782037082751	0.129563678015902	0.0598955685587126
chr16:71908403:G:A	16	71908403	-0.0597806884665198	0.135907573098533	0.660036465091287
chr16:72103328:C:A	16	72103328	-0.0625687226602757	0.128374428118203	0.625980267082767
chr16:74837740:A:C	16	74837740	-0.226984303571068	0.209788386156721	0.279266783296752
chr16:79886631:C:T	16	79886631	0.212705895899485	0.12254376932237	0.0826072569598316
chr16:81396153:C:A	16	81396153	-0.0342625149825095	0.115897525795747	0.767514443519064
chr16:82294878:C:G	16	82294878	-0.117603936175917	0.159145986718584	0.45992587688953
chr16:82421890:A:G	16	82421890	0.00963131704038779	0.120339920769506	0.936210004294626
chr16:83827178:T:C	16	83827178	-0.047297487259769	0.0903568421638295	0.600659610827007
chr16:89303022:G:A	16	89303022	-0.348742454966391	0.210827406539922	0.0980948226165861
chr16:89331863:A:T	16	89331863	0.317905527474256	0.126689106131469	0.0120958387964744
chr16:89337630:T:C	16	89337630	0.341770746674563	0.137384555238953	0.0128574273336433
chr16:89479873:T:G	16	89479873	0.226238406101487	0.107062370308495	0.0345882842937564
chr16:90035976:C:A	16	90035976	-0.222050476205518	0.235986333598433	0.346732359985587
chr17:2489248:C:G	17	2489248	-0.163131151912479	0.150957500203649	0.279855988406195
chr17:6949267:T:C	17	6949267	0.237873602210711	0.173923328029315	0.171408400956688
chr17:7929448:A:G	17	7929448	0.187238887008028	0.154673109159935	0.226069516731861
chr17:12174148:T:C	17	12174148	-0.277037975817014	0.307675055413832	0.367894702349075
chr17:15219976:C:T	17	15219976	-0.0708724360894216	0.110743952308612	0.522194281723809
chr17:16482403:T:A	17	16482403	-0.0141870786946641	0.115080380598899	0.901885588430863
chr17:18684803:A:G	17	18684803	-0.147609388074106	0.110463614005491	0.181460522029362
chr17:20040710:T:C	17	20040710	0.344371701349131	0.148759214157753	0.0206150951369172
chr17:21275023:A:C	17	21275023	-0.105838714294951	0.115053058554678	0.357618633493679
chr17:31554254:C:T	17	31554254	-0.0175095206237652	0.151529737286407	0.908007834367113
chr17:33472425:T:G	17	33472425	-0.0182691954226717	0.159513916555839	0.908817335544543
chr17:44156671:T:A	17	44156671	-0.185101805765101	0.120635822048096	0.124934945313319
chr17:45754773:C:T	17	45754773	-0.143955298883368	0.11414050302176	0.207232707363038
chr17:48779278:C:T	17	48779278	0.0760246760678006	0.11318048254703	0.501767129212086
chr17:52703044:C:G	17	52703044	-0.133991049965973	0.183729110871728	0.465826795463886
chr17:53282498:G:T	17	53282498	0.174272577562912	0.136930266532762	0.203120817316892
chr17:58411807:C:T	17	58411807	0.267890088539826	0.116650531718259	0.0216462602482383
chr17:61409438:A:G	17	61409438	-0.0724179578708574	0.104508720925304	0.488349098748964
chr17:66262233:G:T	17	66262233	-0.149993348687055	0.192338260149099	0.435484202000417
chr17:66751216:C:T	17	66751216	0.0896699311746282	0.0905706488216041	0.322147196581908
chr17:66971178:A:G	17	66971178	0.0688247467018986	0.206387667373649	0.738777149718169
chr17:68771033:G:A	17	68771033	-0.0618365351799622	0.151438452227432	0.683033007215794
chr17:69081332:C:T	17	69081332	-0.174193777588693	0.169049567259396	0.302808107626309
chr17:69213412:T:C	17	69213412	-0.136361169113175	0.109215745957819	0.211830214114832
chr17:72829246:G:A	17	72829246	0.374906578479625	0.183008856903838	0.0405041140987341
chr17:73506492:C:T	17	73506492	0.268306815900611	0.162519051905905	0.0987538272902646
chr17:77625920:A:T	17	77625920	-0.118268540067483	0.21772456931268	0.586990354799769
chr18:1137045:A:T	18	1137045	-0.158576581666123	0.101399740584521	0.117846782173021
chr18:4080016:T:A	18	4080016	0.208547885601969	0.120889299060379	0.0845068355992691
chr18:8920896:G:C	18	8920896	-0.187376993753992	0.161809609939571	0.246860340549529
chr18:9609299:C:T	18	9609299	0.12410942362129	0.104619780078708	0.235507701149504
chr18:10572326:C:T	18	10572326	-0.0602608154344694	0.0986346921186516	0.541233015769623
chr18:11017906:C:T	18	11017906	0.0744999384086956	0.103298598288595	0.470780580140591
chr18:14686017:A:G	18	14686017	-0.196269804713568	0.176943828313951	0.267334868779871
chr18:14895123:C:T	18	14895123	0.177436941665445	0.124865103604897	0.155308309431981
chr18:30059135:A:G	18	30059135	-0.202123237416177	0.122271607889165	0.0983170997701587
chr18:32490781:T:C	18	32490781	-0.00924005363780588	0.115954526985076	0.936486300269372
chr18:36255061:C:A	18	36255061	-0.0515682708945061	0.119864947626923	0.667035777850118
chr18:42762909:A:C	18	42762909	-0.27230482736692	0.176513490417007	0.122907067124042
chr18:43928870:G:A	18	43928870	-0.0524903174691615	0.216131941367421	0.808112010299631
chr18:45461168:C:T	18	45461168	-0.160278626854463	0.181487106325726	0.377160325671407
chr18:49146783:T:G	18	49146783	-0.0606404056853582	0.137471650473344	0.659131858572191
chr18:49872731:C:G	18	49872731	0.211895202323522	0.13089364924969	0.105482799496888
chr18:50485733:T:C	18	50485733	0.013156718835597	0.16339039925472	0.935821140158326
chr18:58120958:C:T	18	58120958	0.190051418647692	0.135402121683957	0.160435793243786
chr18:59256389:C:T	18	59256389	0.249030561330785	0.143550668120001	0.0827776405166859
chr18:62622293:T:A	18	62622293	-0.0789755707251903	0.146924613547234	0.59090540711775
chr18:62998306:G:A	18	62998306	0.177068173567398	0.110286096735494	0.10837614650287
chr18:66103927:C:T	18	66103927	0.097071296218319	0.105724606371371	0.358539108928919
chr18:66206557:C:T	18	66206557	0.0260315323874999	0.16459761913646	0.874336596551086
chr18:68001558:G:A	18	68001558	0.149126698885963	0.122100392971313	0.22195543930635
chr18:71730181:C:T	18	71730181	-0.131085917294981	0.15275728622806	0.390819572899147
chr18:72912108:T:C	18	72912108	0.113134349789964	0.136350766131897	0.406691337131731
chr18:73248491:G:A	18	73248491	-0.157344099351539	0.233878407551127	0.501099820810529
chr19:2907557:G:A	19	2907557	0.128463368372002	0.113562580111686	0.257965816810202
chr19:17584922:G:A	19	17584922	0.0845822893747791	0.153736735328484	0.582198541492265
chr19:18737022:C:T	19	18737022	0.240870182166667	0.13954901473817	0.0843363486047045
chr19:18805179:A:G	19	18805179	0.066132822604708	0.123783881589504	0.59316140532358
chr19:21560366:G:T	19	21560366	0.186204240688579	0.103867871400597	0.0730204327043643
chr19:21659434:G:C	19	21659434	0.185249854741973	0.137705375298566	0.178540532269427
chr19:33474662:T:C	19	33474662	-0.351211464671267	0.173063728167153	0.042419955796566
chr19:37956680:C:T	19	37956680	-0.0388050792449342	0.111569607749844	0.727982515772566
chr19:38120117:A:T	19	38120117	0.0388791985768657	0.159367050405593	0.807261736413577
chr19:44380983:T:C	19	44380983	-0.515641551393673	0.314678258861806	0.101290131189817
chr19:44819986:A:G	19	44819986	-0.0451361337776221	0.134643273688902	0.737453446799946
chr19:48685001:C:T	19	48685001	-0.392908999747084	0.27570629454824	0.154128339243398
chr19:51552139:T:A	19	51552139	0.234341896144384	0.131114663938205	0.0738882042361603
chr19:52714810:C:T	19	52714810	0.299903792199928	0.142503058613844	0.035331121433671
chr19:53330671:T:C	19	53330671	0.230458756801299	0.124044479222823	0.063187202514571
chr19:54944544:G:A	19	54944544	-0.140188622718632	0.16522265605681	0.39616900965094
chr19:57195010:G:C	19	57195010	-0.392154635395836	0.254473256987952	0.123305934609768
chr20:1709120:A:G	20	1709120	0.214056996989223	0.161078790561277	0.18388220887103
chr20:1735934:T:G	20	1735934	-0.198222193252038	0.15887646285817	0.212159318438161
chr20:1906500:G:T	20	1906500	-0.124455604716902	0.175388888171181	0.477953458635721
chr20:3649460:G:A	20	3649460	-0.0240527490032267	0.167368519718138	0.885728440854396
chr20:5407753:C:T	20	5407753	0.182851263019117	0.135475461193587	0.177112154083622
chr20:5860313:T:C	20	5860313	0.267327848227191	0.130842001215183	0.0410390941332799
chr20:7000966:A:C	20	7000966	-0.388098312718811	0.252230635002776	0.123886234035884
chr20:12129436:G:A	20	12129436	-0.0447953672776951	0.184701937542374	0.808371165125259
chr20:31347432:T:C	20	31347432	-0.170228323721528	0.167378996244799	0.309142389118
chr20:37593342:C:T	20	37593342	-0.151592253250275	0.184233639619236	0.410606873378922
chr20:38200488:G:A	20	38200488	0.148887875737539	0.114081150447333	0.191857108726574
chr20:38350608:A:G	20	38350608	0.0308264171812845	0.115949261892758	0.790346059556802
chr20:45729681:A:G	20	45729681	-0.110385121650938	0.122747430930727	0.368500015059866
chr20:48501317:C:T	20	48501317	0.143031926893292	0.136183971996704	0.29358728899616
chr20:49036824:T:G	20	49036824	-0.0932073624997316	0.164903800616598	0.571922335348191
chr20:50371082:C:T	20	50371082	-0.267580465925603	0.26967386740998	0.321081788552402
chr20:54253971:A:G	20	54253971	0.181518979855782	0.122531165793523	0.138497165668824
chr20:58480201:T:G	20	58480201	0.0147273023055154	0.134308207967552	0.912684550274406
chr20:60073360:C:T	20	60073360	-0.0269007449944338	0.123189591563988	0.827141888596681
chr21:15297615:T:C	21	15297615	-0.131946344258806	0.114054686615966	0.247325839194961
chr21:24026351:C:T	21	24026351	-0.105270622067899	0.151752671125506	0.487871217047617
chr21:26647335:G:C	21	26647335	-0.135463974359886	0.128016577607431	0.289975551429027
chr21:28043199:C:G	21	28043199	-0.450287369050906	0.284746120167117	0.113794749182219
chr21:31885030:A:G	21	31885030	0.0223616128833813	0.108292108348637	0.836405467494455
chr21:35502622:A:T	21	35502622	-0.0985690966421796	0.151180358513476	0.514403293620607
chr21:36306638:T:G	21	36306638	0.256828173453502	0.202063776305239	0.20371964542053
chr21:41442549:G:A	21	41442549	-0.017473410989592	0.0717981861045798	0.807720006968109
chr22:20147688:T:C	22	20147688	-0.340956379055388	0.176562360176145	0.0534729242130176
chr22:23891985:A:G	22	23891985	-0.0229732063420227	0.108817535027031	0.832796155807172
chr22:24245985:G:T	22	24245985	0.0191519598130655	0.127254177487724	0.880368873034503
chr22:30662128:G:A	22	30662128	-0.0117755718256127	0.157452451656083	0.940383299382006
chr22:36977479:G:A	22	36977479	0.177341099897112	0.191442105814573	0.354267633204796
chr22:42475109:T:G	22	42475109	0.06971638303467	0.125237075234261	0.577749314287907
chr22:44719519:A:G	22	44719519	-0.0706974691677746	0.117381811477375	0.546983509190534
chr22:45210278:T:C	22	45210278	-0.0625769103516386	0.196685904992797	0.750366184326323
chr22:49668266:A:G	22	49668266	-0.0117201955480414	0.0986584970918021	0.905437293157932
chr22:49926053:G:A	22	49926053	-0.351522144711571	0.354658912614985	0.321609638277109
