SNP	CHR	POS	est	stderr	pval
chr1:1119172:G:A	1	1119172	-0.147714166135525	0.169559236580449	0.383663765351226
chr1:1423343:G:T	1	1423343	-0.138575934241782	0.142606466476043	0.331181564060957
chr1:3522693:A:G	1	3522693	0.11357895177185	0.123562388689653	0.357989260915437
chr1:3578156:G:A	1	3578156	-0.0265764208804878	0.103316180022035	0.796998238559373
chr1:7555849:G:A	1	7555849	0.13630041912069	0.0921384690993758	0.139060205699134
chr1:7656708:C:T	1	7656708	-0.029418930856035	0.0817109399974105	0.718819746679959
chr1:13976665:A:G	1	13976665	-0.0454911829431882	0.0954440658694684	0.633628020977088
chr1:14998146:C:T	1	14998146	-0.0236095670024634	0.181209402375103	0.896337890993076
chr1:16141429:G:T	1	16141429	0.0123000922716371	0.0826441503760917	0.881686217800465
chr1:17339644:G:A	1	17339644	-0.107552815233259	0.155066420333691	0.487938166274987
chr1:19097071:T:C	1	19097071	-0.0951021888047834	0.0868289940372949	0.273393340045361
chr1:19460628:G:T	1	19460628	-0.0164729312900597	0.110297589956668	0.881277561860692
chr1:20325961:G:A	1	20325961	0.13944759579813	0.11315603314652	0.217819167189602
chr1:22167765:A:G	1	22167765	-0.0794683484490187	0.0941822457579569	0.398796785754255
chr1:30015493:T:C	1	30015493	0.0470771413599752	0.100663748692989	0.640022544647792
chr1:37446788:C:T	1	37446788	0.0482478924733924	0.0922277960403876	0.600878014085789
chr1:39880101:G:A	1	39880101	0.144843956583811	0.0955769256865632	0.129653440545528
chr1:47010925:C:A	1	47010925	-0.0464596165496039	0.100588487174642	0.64416875960844
chr1:47759624:A:G	1	47759624	0.0377806896801938	0.108468308557509	0.727606739881925
chr1:53529308:C:T	1	53529308	-0.125542491791938	0.124954605563429	0.315039016940299
chr1:53803200:C:G	1	53803200	-0.021797389480505	0.112018390639541	0.845715813431674
chr1:55860667:T:C	1	55860667	-0.141929789736509	0.119754011202463	0.235947174611609
chr1:58422155:C:T	1	58422155	0.153854200540662	0.120621265452003	0.202127114721133
chr1:60929432:C:T	1	60929432	-0.0107289402347147	0.08969497661814	0.904787468993461
chr1:61543250:G:A	1	61543250	0.0270646752990996	0.0972704039543072	0.78082688347039
chr1:62531865:A:G	1	62531865	-0.24973643382734	0.198569825496144	0.208509082903485
chr1:62804887:A:C	1	62804887	0.0149636358826108	0.11979783813823	0.900596863900766
chr1:63986687:A:G	1	63986687	0.179401588763303	0.118092055032571	0.128720389215896
chr1:69821719:C:A	1	69821719	-0.103344553426957	0.0803525372915991	0.198394462082735
chr1:72386700:G:A	1	72386700	0.0938171127721606	0.178037933034347	0.598228217256043
chr1:76159454:T:C	1	76159454	-0.181864584245427	0.108470142423255	0.0936143346282601
chr1:85262005:C:T	1	85262005	0.0782753783246253	0.12586882703055	0.534020399988228
chr1:91160584:G:A	1	91160584	-0.101443164731153	0.078170185728497	0.194382903137959
chr1:91817503:T:C	1	91817503	-2.80718497867706e-05	0.0909588927907121	0.999753755850634
chr1:99610221:A:T	1	99610221	0.0158935255088532	0.0808555983719056	0.844166560461903
chr1:101377382:T:C	1	101377382	0.124953484886447	0.0830773545420205	0.132565425629894
chr1:102216024:A:G	1	102216024	0.0037898288838881	0.08954306598395	0.966240340553693
chr1:103197038:T:C	1	103197038	-0.235714738922722	0.120346415164896	0.0501555105773608
chr1:105600504:G:T	1	105600504	0.214102389111848	0.0979584167108685	0.0288415387546334
chr1:116729807:A:G	1	116729807	-0.0679564223266909	0.109825008328907	0.536067876592887
chr1:147504327:C:T	1	147504327	-0.07137472458727	0.113011819663717	0.527668764551935
chr1:151785367:G:A	1	151785367	-0.128341545556835	0.172291137253185	0.456325587254271
chr1:153350743:T:G	1	153350743	0.00352961652805341	0.149311299180528	0.981140313706133
chr1:160512729:G:A	1	160512729	-0.0778302712595824	0.109907562551915	0.478856457819077
chr1:161251787:C:A	1	161251787	0.0447737431334005	0.14385354005823	0.755614121704798
chr1:165250987:T:G	1	165250987	0.283195399353532	0.113905093868486	0.0129100871295177
chr1:168766329:A:T	1	168766329	-0.0550864342198198	0.0930932593464579	0.554028815147951
chr1:173755709:T:C	1	173755709	0.0390505111025118	0.206345898688437	0.849898591307765
chr1:175292296:G:T	1	175292296	-0.113238507701506	0.111334274551581	0.309104078476188
chr1:178260093:C:T	1	178260093	0.0890907440213985	0.138282876164351	0.519403950671062
chr1:178697199:A:G	1	178697199	-0.185906118049113	0.263652711463488	0.480737170449393
chr1:179787504:C:T	1	179787504	0.0260044773284169	0.0990584971132069	0.792923364421522
chr1:182299075:G:A	1	182299075	0.22509558406481	0.152057499764299	0.138784665068325
chr1:183111880:G:C	1	183111880	-0.068482729550672	0.0886137283294787	0.439627125046191
chr1:186252898:G:A	1	186252898	0.0236043575753829	0.0849526050866061	0.781125010928426
chr1:187303887:T:C	1	187303887	0.12648895872833	0.0974105976828431	0.194111001756642
chr1:188252978:A:G	1	188252978	0.0622568595729435	0.109811258706618	0.570752072335342
chr1:192014728:A:C	1	192014728	0.102221289518785	0.088487435783651	0.2480057415575
chr1:193474027:G:A	1	193474027	0.0884220706471527	0.114965220956653	0.441821973508675
chr1:195541479:C:G	1	195541479	0.0303285669502896	0.0904211160385935	0.737312318614586
chr1:195890547:C:T	1	195890547	-0.0204353086557787	0.116306702919286	0.860528142745691
chr1:196036941:C:T	1	196036941	0.0111609107241452	0.0955465418878995	0.907009630790574
chr1:196410185:C:T	1	196410185	0.253570155817598	0.129975421901188	0.0510679309345529
chr1:199346203:A:G	1	199346203	-0.0725730225445917	0.0950249902002674	0.445030751073494
chr1:199581768:G:A	1	199581768	-0.0269556204435942	0.0863605206549675	0.754942509974553
chr1:201310712:C:G	1	201310712	0.26333734662858	0.147492084898721	0.0741909879338942
chr1:204449761:C:T	1	204449761	0.00395390673019098	0.111673037632343	0.971755920720324
chr1:216553519:C:T	1	216553519	0.0362373393244098	0.123973871112147	0.770058635244254
chr1:217097772:T:A	1	217097772	-0.028112219375333	0.0912259561722092	0.757960348133877
chr1:219062760:A:G	1	219062760	0.0619447369355282	0.079361898072769	0.435076050638069
chr1:220705910:C:T	1	220705910	-0.062403238723104	0.102752462930261	0.543641067471011
chr1:235086422:C:T	1	235086422	-0.17119072052223	0.0989098922566398	0.0834919894931797
chr1:238505302:C:T	1	238505302	0.0544185004614973	0.161366333402836	0.735939170865816
chr1:241241361:A:T	1	241241361	0.266041654353413	0.163584474664743	0.103880362588028
chr1:243383652:A:C	1	243383652	0.224901248675661	0.127420120161391	0.0775575184304281
chr1:246107211:T:C	1	246107211	-0.133874491416011	0.0956205958554844	0.161495602495854
