SNP	CHR	POS	est	stderr	pval
chr1:1119172:G:A	1	1119172	0.372296491246738	1.08734263289779	0.73205655002397
chr1:1423343:G:T	1	1423343	-1.87122625667052	0.965888324034462	0.052707315450371
chr1:3522693:A:G	1	3522693	-0.236160192790589	0.959063306794083	0.805496094631521
chr1:3578156:G:A	1	3578156	0.118005640703803	0.869555354815612	0.892052102590287
chr1:7555849:G:A	1	7555849	-0.0845956621687641	0.615400346529448	0.890663701007562
chr1:7656708:C:T	1	7656708	0.20850295643232	0.614866163428541	0.7345321436513
chr1:13976665:A:G	1	13976665	-0.637627523546574	0.571275629936676	0.264359259362079
chr1:14998146:C:T	1	14998146	-1.37199596123109	1.16730784067538	0.239854481798422
chr1:16141429:G:T	1	16141429	0.248130257905317	0.563540837123058	0.659715693495536
chr1:17339644:G:A	1	17339644	-0.192711013793214	0.893948163129561	0.829320667987562
chr1:19097071:T:C	1	19097071	0.824183938383469	0.626707410657679	0.188475748286123
chr1:19460628:G:T	1	19460628	0.819767153554132	0.742283933178462	0.269426216201641
chr1:20325961:G:A	1	20325961	-0.477470814071927	0.72273316773037	0.508839328200665
chr1:22167765:A:G	1	22167765	0.222054451331737	0.784568351848798	0.777155725157649
chr1:30015493:T:C	1	30015493	1.01172967889711	0.624667014346707	0.105311697802771
chr1:37446788:C:T	1	37446788	0.610336027390236	0.628048279725982	0.331151078582087
chr1:39880101:G:A	1	39880101	0.542333657548359	0.758636692457634	0.474683637112487
chr1:47010925:C:A	1	47010925	0.567686038302398	0.668454574154395	0.395741371543871
chr1:47759624:A:G	1	47759624	-0.397999692054332	0.578552980995304	0.491501500804715
chr1:53529308:C:T	1	53529308	0.427471584743924	1.30208333333333	0.742686222345477
chr1:53803200:C:G	1	53803200	0.344497042126565	0.772623590086432	0.655684270449831
chr1:55860667:T:C	1	55860667	0.625774634050496	0.809285600810255	0.439378430092484
chr1:58422155:C:T	1	58422155	0.0352722530642028	0.702163398026224	0.959936170826564
chr1:60929432:C:T	1	60929432	1.10173805571078	0.638669356923653	0.0845180441306937
chr1:61543250:G:A	1	61543250	0.830043362889134	0.617017160834069	0.178543976886116
chr1:62531865:A:G	1	62531865	0.380242574328821	1.43535855944167	0.791077861599484
chr1:62804887:A:C	1	62804887	-0.067271575028221	0.812490050231597	0.934013114760728
chr1:63986687:A:G	1	63986687	0.67220801887952	0.783943692538327	0.391185313913893
chr1:69821719:C:A	1	69821719	-0.326878514190533	0.65690177552976	0.618761506394724
chr1:72386700:G:A	1	72386700	0.173479791935187	1.07275391281803	0.871530737395743
chr1:76159454:T:C	1	76159454	-0.137298949564542	0.778772742710803	0.860056935513104
chr1:85262005:C:T	1	85262005	-0.359122606586772	1.24168239461393	0.772411040680974
chr1:91160584:G:A	1	91160584	-0.400557294588091	0.60156429636091	0.505500916820385
chr1:91817503:T:C	1	91817503	-0.346067934750696	0.625671245839533	0.580184902790549
chr1:99610221:A:T	1	99610221	-0.648126892472361	0.593369936157143	0.274709471821013
chr1:101377382:T:C	1	101377382	0.094149141906016	0.659232879077769	0.886435333859379
chr1:102216024:A:G	1	102216024	0.914378645618752	0.658543509707156	0.164989011598461
chr1:103197038:T:C	1	103197038	1.51731397522582	0.934644749927952	0.104501253192761
chr1:105600504:G:T	1	105600504	-0.522294092662726	0.665154788221977	0.432323489662674
chr1:116729807:A:G	1	116729807	-0.634791308070703	0.660960043720912	0.336849917627774
chr1:147504327:C:T	1	147504327	-0.639131047411337	0.782706029497409	0.414176553390621
chr1:151785367:G:A	1	151785367	1.14301652282953	0.960225441307303	0.233903877515659
chr1:153350743:T:G	1	153350743	-1.48444241257197	1.09397601646439	0.17480533097994
chr1:160512729:G:A	1	160512729	0.72254933946484	0.719627479067582	0.315349578361646
chr1:161251787:C:A	1	161251787	0.712959943930645	0.872818362207899	0.414015290717558
chr1:165250987:T:G	1	165250987	-0.223552513580654	0.717910052854799	0.755501505778654
chr1:168766329:A:T	1	168766329	-0.531795198931383	0.654317718068467	0.416362745599563
chr1:173755709:T:C	1	173755709	0.748849376110555	1.98932999816515	0.706595047664939
chr1:175292296:G:T	1	175292296	-1.340571968097	0.788139778455181	0.088955804893494
chr1:178260093:C:T	1	178260093	-0.655610126139093	0.986176988754852	0.506178640600772
chr1:178697199:A:G	1	178697199	2.28873017508348	1.74073963516846	0.188576026156072
chr1:179787504:C:T	1	179787504	0.766709450465868	0.689474833972843	0.266129772242646
chr1:182299075:G:A	1	182299075	0.0557578238389819	1.11712599468184	0.960192635023623
chr1:183111880:G:C	1	183111880	0.489757697721219	0.622692287859651	0.431565013856085
chr1:186252898:G:A	1	186252898	-0.429083996037165	0.578531680087775	0.458282686255705
chr1:187303887:T:C	1	187303887	-0.779099610067352	0.687492279182797	0.257109902400151
chr1:188252978:A:G	1	188252978	-0.499863105651781	0.727014172505163	0.491732295076334
chr1:192014728:A:C	1	192014728	0.293071016155057	0.623546346995643	0.638350167383988
chr1:193474027:G:A	1	193474027	-0.233363348813398	0.676083226316316	0.729966902704983
chr1:195541479:C:G	1	195541479	-0.952117850322815	0.603104936345902	0.114406373609706
chr1:195890547:C:T	1	195890547	1.31608735650574	0.707092639475174	0.0627066484429818
chr1:196036941:C:T	1	196036941	-0.432231104651163	0.628466121863085	0.491606690486078
chr1:196410185:C:T	1	196410185	-1.10458754604875	1.05227077896746	0.293847799245
chr1:199346203:A:G	1	199346203	-0.368888180272109	1.0633773824561	0.728664633521181
chr1:199581768:G:A	1	199581768	-0.412734832210488	0.612296286080473	0.500262373055265
chr1:201310712:C:G	1	201310712	-2.08464669563229	0.956401518518152	0.0292813891261537
chr1:204449761:C:T	1	204449761	0.787781460347832	0.754632093154186	0.296518770820508
chr1:216553519:C:T	1	216553519	-0.266772253081928	1.07052208374055	0.803207416252365
chr1:217097772:T:A	1	217097772	-0.599623870573509	0.770236379067991	0.436278247255012
chr1:219062760:A:G	1	219062760	0.0415796473628211	0.616438934546091	0.946222379177018
chr1:220705910:C:T	1	220705910	-0.807073941680734	0.64321783978818	0.20957158517618
chr1:235086422:C:T	1	235086422	-0.0972400403878421	0.609271518903406	0.873195783361428
chr1:238505302:C:T	1	238505302	-0.464634964136219	1.05807310547145	0.660565068178848
chr1:241241361:A:T	1	241241361	0.812442122144908	0.928568751833732	0.381606448610843
chr1:243383652:A:C	1	243383652	-0.537005021549807	0.8992347620894	0.55038720592892
chr1:246107211:T:C	1	246107211	-0.084104940520428	0.696954654047426	0.903948532237692
chr2:1184071:T:C	2	1184071	-1.71295986609067	1.24725225084088	0.169632109101658
chr2:2897416:C:T	2	2897416	-0.192805187583522	0.669658539102294	0.773411290942476
chr2:3814572:G:A	2	3814572	0.213141404749985	0.741720173147884	0.773835967310635
chr2:4603699:A:G	2	4603699	0.600387176829077	0.62663727054853	0.338007501398664
chr2:5164443:C:A	2	5164443	1.22490185202372	1.03881765732787	0.238346112461662
chr2:7475557:G:A	2	7475557	0.761374898913433	2.46584569315642	0.757497810424115
chr2:14906022:C:T	2	14906022	0.978862108623054	0.784225689715919	0.211961744315784
chr2:19888642:G:A	2	19888642	0.958090859924283	0.735413409341484	0.192645711418358
chr2:23166705:G:A	2	23166705	-0.0535970253351419	0.654130108912907	0.934697338473778
chr2:23728940:G:T	2	23728940	-0.264128934268237	1.2684412282809	0.835048512932914
chr2:29555698:T:C	2	29555698	-0.36234693219902	0.897563371108675	0.68643284856465
chr2:38156658:G:A	2	38156658	-1.96695668258604	1.15775253764399	0.0893297428101465
chr2:40029179:G:A	2	40029179	0.69179862035894	1.27281483698478	0.586772743611533
chr2:41585729:A:G	2	41585729	-0.687964449407878	0.682145062589276	0.313199608156423
chr2:41967011:G:A	2	41967011	0.037876611168529	1.05817854463372	0.971446490458056
chr2:44604494:A:G	2	44604494	0.697340009388202	0.625439917154534	0.264867892480082
chr2:47091851:A:G	2	47091851	1.15018965475586	0.777171819989629	0.138881707515744
chr2:48332913:C:A	2	48332913	0.405041149468995	0.951513980865337	0.670340518100559
chr2:49214969:C:A	2	49214969	0.419566424549151	0.610474900072045	0.491907088882081
chr2:49429631:T:C	2	49429631	-0.576033020101901	0.644393303920752	0.371367222163553
chr2:54400502:A:G	2	54400502	0.495078641101096	0.634480216480078	0.435220129868825
chr2:56505311:T:C	2	56505311	-0.344591469727743	0.600623891754922	0.56615556741278
chr2:61528593:G:C	2	61528593	0.917717280776449	0.642927967241858	0.15346377936091
chr2:63668538:C:T	2	63668538	-0.570040756012108	0.690419078663716	0.409005750281421
chr2:65630264:T:G	2	65630264	-2.16392925182338	1.2690161181026	0.0881566940914837
chr2:66056455:C:T	2	66056455	-0.633748110831234	1.58710166267238	0.689663617844263
chr2:66642809:C:A	2	66642809	-0.0918398922704683	1.24699136596891	0.941289536939121
chr2:70062074:T:G	2	70062074	0.432883195006904	1.01318370660467	0.669196918651378
chr2:71028420:C:G	2	71028420	-1.47223043295633	0.881963162967175	0.0950648298075338
chr2:71530794:C:G	2	71530794	-0.0390944115259882	1.31974136237112	0.976367895361299
chr2:75328378:T:C	2	75328378	-0.576304220101704	0.636548972746093	0.365276161969609
chr2:77257885:G:A	2	77257885	-2.43040428712528	1.82669198528016	0.183355280579198
chr2:79412201:G:A	2	79412201	-0.292523703392835	0.6383179555436	0.646756523211822
chr2:96435853:C:T	2	96435853	1.03033020454814	1.05545026661288	0.328965525536911
chr2:107204682:A:G	2	107204682	-1.28352784960514	0.999185994986069	0.198941364341633
chr2:115327126:A:G	2	115327126	0.459829126473144	0.746293594544342	0.537795234537851
chr2:116627040:C:T	2	116627040	-0.158093324494695	0.64166799968876	0.805389096807717
chr2:124994778:T:A	2	124994778	1.53793619316007	0.589839635555284	0.00912379880971359
chr2:125351453:T:C	2	125351453	-1.55842444211472	0.999225899775365	0.118846928231021
chr2:132527695:C:T	2	132527695	-1.25348333223275	1.09573333078169	0.252637110568628
chr2:133261493:T:G	2	133261493	0.0573672024632094	0.778527254758262	0.941259581510551
chr2:134504198:C:T	2	134504198	-0.875919222090551	0.637053818426634	0.169145936858888
chr2:136834674:C:G	2	136834674	-0.666144219819511	0.782459199582072	0.39457667510732
chr2:137547427:T:G	2	137547427	-0.824067853543836	0.836546263977503	0.324583097424272
chr2:143744716:T:G	2	143744716	0.175496853928968	0.634279807071212	0.782020603794479
chr2:150205780:G:A	2	150205780	-1.28256423865872	1.39690965459351	0.358543474174019
chr2:151367866:A:T	2	151367866	0.322448992875764	1.0415632613847	0.756879024862732
chr2:153814943:A:T	2	153814943	-0.637475900934302	0.594222065984976	0.283365038331606
chr2:159189035:G:T	2	159189035	-0.117907267966628	0.901750282608019	0.895970078524112
chr2:168013154:C:T	2	168013154	2.39616466141152	1.3315378554533	0.0719322308631385
chr2:172139511:A:T	2	172139511	-1.35576952627988	1.75308606598297	0.439308381647328
chr2:175696974:A:C	2	175696974	0.568729008551118	0.828756160303403	0.49255920550672
chr2:176506501:G:A	2	176506501	0.696923768693454	0.622599351864202	0.262979082704672
chr2:183634997:C:T	2	183634997	-0.547165700690247	0.588060326416679	0.352133766757952
chr2:184317337:G:A	2	184317337	3.06753468797264	1.28217773579544	0.0167367150761464
chr2:184330405:G:A	2	184330405	0.0221651903051051	0.659118311074388	0.9731733588883
chr2:184977128:G:A	2	184977128	6.01133140224227	2.73938677363037	0.0282061135587908
chr2:186830225:T:C	2	186830225	0.197948645457418	0.911876007299401	0.828147194956729
chr2:192858145:G:A	2	192858145	-1.85299438089329	1.32203560354602	0.161028109962308
chr2:193885021:C:T	2	193885021	-1.57689733568345	1.01083612153382	0.118761520919352
chr2:197566490:A:G	2	197566490	0.61045497276239	0.640713732325824	0.340704916939469
chr2:200031544:G:C	2	200031544	-1.10354890489848	1.2334920494285	0.370971941836972
chr2:200236484:A:C	2	200236484	-0.664812165876746	0.811900699120564	0.412880940752595
chr2:204210676:T:C	2	204210676	0.794817171960551	0.911508482638815	0.383219285246581
chr2:205721220:T:C	2	205721220	-0.119066547071978	0.554236536819995	0.829899986302517
chr2:214185436:A:T	2	214185436	-0.709112981080964	0.84879368162508	0.40347214617858
chr2:225302728:A:G	2	225302728	1.5243675208034	1.59328209965731	0.338695079505019
chr2:225492976:T:C	2	225492976	-1.21535167157196	0.68677690412282	0.0767862108026696
chr2:233844362:G:A	2	233844362	1.35946580056743	0.687076732757833	0.0478584723323856
chr2:233859143:A:C	2	233859143	-0.725175016949411	0.872795090819319	0.406049817632769
chr2:237560754:G:A	2	237560754	1.51135213777619	1.5865382818501	0.340787738946113
chr2:239020695:G:A	2	239020695	0.154140823991596	1.34119129450019	0.908501960332402
chr2:240131889:A:C	2	240131889	-0.824752663221179	0.649535545161158	0.204171005581131
chr2:241209764:A:G	2	241209764	-1.30495464412892	1.58693778083457	0.410900545021999
chr3:1215079:C:T	3	1215079	-0.58000803531057	1.18316519992155	0.623980148806464
chr3:1302155:A:C	3	1302155	-0.549242191744698	1.06614049270037	0.606435152156349
chr3:3218132:A:G	3	3218132	0.351215532061044	0.602861582223147	0.560175590380667
chr3:6078564:G:C	3	6078564	-0.544432659132195	0.637487315622724	0.393088917439818
chr3:6343384:C:T	3	6343384	0.353727578804125	0.625331073424269	0.571621883236881
chr3:10092265:A:G	3	10092265	0.550910161687547	0.731702964302273	0.451500973758873
chr3:13241111:T:C	3	13241111	-2.25738418919225	0.868813337613178	0.00937034089276167
chr3:13534936:A:G	3	13534936	1.068407080889	0.684243308231314	0.11841920879289
chr3:17370993:G:C	3	17370993	-0.172805522075615	0.629661001175973	0.783744851114765
chr3:24432601:C:T	3	24432601	-3.04667938354458	1.42909941793166	0.0330160846567249
chr3:32515456:G:A	3	32515456	1.51004579998993	0.709433994591511	0.0332938354814278
chr3:32749446:A:G	3	32749446	1.44846768677384	1.54648749674282	0.348955202559041
chr3:40995692:C:T	3	40995692	-0.198710004710657	0.634523642273435	0.754156016349215
chr3:42495321:C:A	3	42495321	-0.00712411363365511	0.610264560652835	0.990685857345749
chr3:42868034:C:T	3	42868034	0.50234191051291	1.09687703544254	0.646970631478789
chr3:46008863:C:A	3	46008863	0.106862199723713	0.680858411838899	0.875282549950529
chr3:55552501:G:A	3	55552501	-1.25159339841318	1.04245706642003	0.22989916223065
chr3:56119989:G:A	3	56119989	0.244500971559795	0.710426904796917	0.730725488008476
chr3:61889334:G:A	3	61889334	1.85722969929667	1.02464878913241	0.0699008734020116
chr3:63199342:T:C	3	63199342	2.05015771840096	1.09998221893115	0.062348408959271
chr3:64475746:C:G	3	64475746	-0.222338735920812	0.696920802235024	0.749703663272444
chr3:66790110:T:C	3	66790110	-0.846170051086049	0.867393712373028	0.329296591908408
chr3:69062898:C:T	3	69062898	-0.32367336111823	0.670517555332387	0.629293367104645
chr3:70653834:G:A	3	70653834	-0.934482504604052	0.700784441636849	0.182374115812029
chr3:70924154:T:C	3	70924154	-0.24674425741873	0.687135123445506	0.719526775979209
chr3:71649003:G:T	3	71649003	-0.731452153043284	1.86772710621709	0.695333918433601
chr3:77058820:A:G	3	77058820	0.495800966722774	1.06072753011668	0.640202312894088
chr3:78592159:C:T	3	78592159	0.407551017370466	0.704384314139494	0.562864611051395
chr3:80868952:A:T	3	80868952	-0.108623130331878	0.611960266269228	0.859115430274781
chr3:85052350:A:G	3	85052350	1.65868246663067	1.2850424235006	0.196786612923225
chr3:85431034:C:T	3	85431034	0.00836150785436648	0.678227233405544	0.990163548888683
chr3:86336537:A:G	3	86336537	-0.241617717650594	0.60533508343761	0.689784850032849
chr3:93749015:A:T	3	93749015	-0.703240327011551	0.813613362153569	0.387399959059545
chr3:95474194:T:C	3	95474194	0.143360172008575	0.568189155382541	0.800800961100253
chr3:102110086:T:G	3	102110086	-0.515753421583018	0.669984606275539	0.441419184667025
chr3:107086166:T:C	3	107086166	-1.27265344997495	1.17318216796516	0.278015745703742
chr3:107275664:A:G	3	107275664	-0.386411646921408	0.64587409420864	0.549655088173538
chr3:115161521:T:A	3	115161521	-0.846111093489045	1.17435864172445	0.47122469850031
chr3:115520885:G:T	3	115520885	-0.249530460748472	0.835272954584078	0.765137504069034
chr3:117061175:A:C	3	117061175	-0.386668205801577	0.693526970903227	0.577159346704692
chr3:118148613:A:T	3	118148613	0.0637293542245763	0.678949056109952	0.92521662974745
chr3:118459989:T:A	3	118459989	2.87011453296004	1.84216426694033	0.119230339295465
chr3:119226767:G:A	3	119226767	1.960043847985	1.13898097562012	0.085273515141215
chr3:124759847:C:G	3	124759847	-0.0884147548358075	0.670703030487945	0.89512350467181
chr3:125717632:G:T	3	125717632	-0.637518878223439	1.06361614655126	0.548914099948865
chr3:130136712:C:A	3	130136712	0.0596455431920093	2.17831840129929	0.978155483643522
chr3:135775261:C:T	3	135775261	0.209397573143481	0.805969517261843	0.79501164540178
chr3:141877258:A:G	3	141877258	-0.715578878320761	0.95448704330335	0.453435444172081
chr3:145553775:A:G	3	145553775	0.851244514285249	0.902333791352568	0.345486080764715
chr3:150517914:G:A	3	150517914	-0.0455286416986446	0.65773960101583	0.944814616722164
chr3:150718745:A:T	3	150718745	1.29354655745192	0.858260022879954	0.131766252179208
chr3:152547712:T:C	3	152547712	0.440144548153462	0.87360736501358	0.614384907149236
chr3:153460806:A:G	3	153460806	-1.47884980468322	1.25051398872257	0.236970261300214
chr3:157638664:T:C	3	157638664	-0.291229061636038	0.637628554890725	0.647859519875076
chr3:159194968:T:G	3	159194968	2.72340528719821	2.09974707969925	0.194625726083613
chr3:159295990:A:G	3	159295990	0.25981077887692	0.656676535786556	0.692366945271886
chr3:164525109:C:T	3	164525109	-0.881607512094838	0.629982038523159	0.1616880015911
chr3:165854842:T:C	3	165854842	0.610773300981517	1.10365998891522	0.579984661432059
chr3:166729473:C:T	3	166729473	-1.3373285496571	0.890927374988094	0.133342045235912
chr3:169035488:G:A	3	169035488	0.95113774075874	0.784322168834654	0.225249296029498
chr3:170675232:C:T	3	170675232	0.468938151826809	1.06263505455444	0.658997663800688
chr3:171278665:C:T	3	171278665	0.295949749382333	0.611373274742446	0.628333535091419
chr3:171595090:G:A	3	171595090	-0.116025843881857	0.613785770175296	0.850066852680155
chr3:174445013:T:G	3	174445013	0.396184325559096	0.634728118725682	0.532509660929251
chr3:175283675:T:G	3	175283675	0.988550111952665	2.01037619407407	0.622914508804947
chr3:183676376:A:G	3	183676376	0.309934791481152	0.681019437334869	0.649034292153797
chr3:189383715:T:C	3	189383715	-0.222992121021116	0.561390376986873	0.69120965413131
chr3:191625533:C:T	3	191625533	0.719270175959611	0.963357161089955	0.455287674697748
chr3:193511195:C:T	3	193511195	0.692734663425051	0.801983673735423	0.387710671017563
chr3:196363598:T:G	3	196363598	-1.76196413541949	1.11830031572591	0.11512417000824
chr4:498130:G:A	4	498130	-1.25517967865915	0.722141197621921	0.0821868367773723
chr4:2382287:T:C	4	2382287	-1.03489955120275	0.719474733441624	0.150317796404648
chr4:8571052:T:C	4	8571052	1.0155718771898	0.657686965174906	0.122550322851025
chr4:16719868:T:C	4	16719868	-0.119546254687008	0.598152884733648	0.841590834099495
chr4:17123319:T:C	4	17123319	1.46099625490972	0.872466166090937	0.0940207478105456
chr4:17424644:A:G	4	17424644	0.662892880959676	1.60461560780129	0.67952139934048
chr4:24202924:A:G	4	24202924	-0.618843506950474	0.955999353209296	0.517420795170397
chr4:24497334:A:G	4	24497334	0.0457415376118922	1.07264282271578	0.965985500976397
chr4:29837334:A:G	4	29837334	1.24405823110618	1.40278256981461	0.375159468644919
chr4:31367950:A:G	4	31367950	0.200360939700852	0.647464186832704	0.756975544074764
chr4:34871755:A:C	4	34871755	-1.5272404660554	0.661087131426485	0.0208773372664016
chr4:37847675:G:A	4	37847675	-1.23069893052796	0.716539411610463	0.0858770293024445
chr4:38402514:G:C	4	38402514	-0.896069263703751	0.593132955858065	0.130854886519674
chr4:39298986:C:G	4	39298986	0.568086169283684	0.599498190235347	0.343331695435706
chr4:42855410:C:G	4	42855410	0.00810819466170692	0.640761081536309	0.989903833306774
chr4:54835085:C:T	4	54835085	0.764943730562196	0.596865495021818	0.199982463828786
chr4:55844574:A:C	4	55844574	0.129423523112618	0.771310176532677	0.866742993481242
chr4:56108590:T:C	4	56108590	-0.333127205931853	0.980670260239173	0.734087439495561
chr4:57734795:T:G	4	57734795	1.48620325152699	0.691597001623109	0.0316388365439848
chr4:58770224:T:C	4	58770224	0.210957372128489	0.695796346277914	0.761746298357478
chr4:63086225:C:G	4	63086225	1.29034298026497	0.672090668888885	0.0548712640936325
chr4:63612884:T:C	4	63612884	3.12027530085452	1.30586476925155	0.0168744391103154
chr4:71504684:T:C	4	71504684	0.392809239511797	0.758398847603512	0.604496323345865
chr4:72757570:A:G	4	72757570	0.296112099038957	0.569131592042947	0.602863150745562
chr4:73417804:C:T	4	73417804	-0.832337608780705	0.59369088605706	0.160923804371438
chr4:82113379:C:T	4	82113379	-0.426739050065184	0.623825341377429	0.493932129841507
chr4:83301055:A:G	4	83301055	-0.697370763843551	2.22393613715701	0.75384385314411
chr4:85092922:G:A	4	85092922	-0.842230881084462	1.01515727972778	0.406733554242881
chr4:85226295:G:T	4	85226295	0.281397249158576	0.755926786230722	0.709703272099398
chr4:85633365:G:A	4	85633365	0.337217218174547	0.659328875763599	0.609032312496894
chr4:87570564:G:A	4	87570564	0.537840732985819	1.10205165972365	0.625524438812116
chr4:93848535:G:A	4	93848535	-0.953037906794108	0.69199926858484	0.168443045808813
chr4:95379973:G:A	4	95379973	-0.649428635936578	0.603455137422781	0.281845068590455
chr4:99354745:G:A	4	99354745	1.39457800051223	0.588302474360523	0.0177634733854568
chr4:101961611:T:C	4	101961611	-0.714250005779411	1.20202032270055	0.552373050622477
chr4:102603472:G:A	4	102603472	0.242773890997404	0.712794406465353	0.733408831932185
chr4:103600853:A:C	4	103600853	0.49120957832404	0.785797901465228	0.531899322724584
chr4:105877269:G:A	4	105877269	0.368979033282831	0.699095605729185	0.597641758876351
chr4:111326740:A:G	4	111326740	1.45439341592765	0.856457615602637	0.0894794731877677
chr4:116695263:G:A	4	116695263	-0.00460724762192243	0.879765774187513	0.995821575411841
chr4:118314429:C:G	4	118314429	1.56766640130823	1.40027733838886	0.262909863635218
chr4:119288528:T:C	4	119288528	-0.321334431977265	1.02518225644307	0.75394543116327
chr4:120499842:C:T	4	120499842	0.23498198072954	0.731229411897342	0.747943709169104
chr4:126449186:C:T	4	126449186	0.195458547147514	0.89057752952568	0.826280888487707
chr4:134871705:A:T	4	134871705	-1.90362420472793	2.01625606852247	0.345099074041618
chr4:136595015:G:T	4	136595015	-0.027433803964395	0.658302312939168	0.966758928041295
chr4:139144614:T:C	4	139144614	0.0325213370923822	0.693618721508038	0.962603707342244
chr4:152993851:T:C	4	152993851	0.383726895902401	0.631623600011247	0.543502800168549
chr4:153147905:T:C	4	153147905	-1.48255088497334	0.891497197084843	0.0963144459487881
chr4:154718863:G:A	4	154718863	-0.288809356740486	1.28041497906261	0.82154428984697
chr4:155578833:A:G	4	155578833	0.0985036689514574	0.571585370637073	0.863174851964743
chr4:158965679:A:G	4	158965679	0.507824740905744	0.793253666637381	0.522055904454917
chr4:159722826:C:G	4	159722826	-0.0593568746504754	0.852223550308447	0.944472702195947
chr4:162682931:C:T	4	162682931	0.722533512325143	0.697417225061837	0.300195943427871
chr4:164205558:T:C	4	164205558	0.932948973391553	0.68631577310857	0.174033110147882
chr4:168437567:A:G	4	168437567	-0.483112414057865	0.835468245640761	0.563093002148523
chr4:173843567:A:G	4	173843567	0.2836705055597	0.664395363992357	0.669408176380414
chr4:174325052:G:A	4	174325052	-0.967917609941718	0.548675887054653	0.0777156115594495
chr4:175906213:T:C	4	175906213	-0.172646376382307	0.785557830999846	0.826045990108729
chr4:176570217:G:T	4	176570217	-0.834062946779163	0.634610520616628	0.188748267765209
chr4:179737778:A:T	4	179737778	0.351161352690663	1.31977699236683	0.790180462462863
chr4:180056904:G:A	4	180056904	-1.71780180484313	1.76799625485043	0.331244897467876
chr4:181804277:A:C	4	181804277	-1.83934798902372	1.24441654032951	0.139386196908616
chr4:182667917:T:G	4	182667917	-0.650696906025952	0.731192271078824	0.37351304470466
chr4:183372309:G:A	4	183372309	-0.271273093320701	0.628297396797125	0.665916537714071
chr4:183681292:A:G	4	183681292	0.0642442797904266	0.61594410299738	0.91692959036188
chr4:189425665:A:G	4	189425665	-0.919232857437811	0.618342759508088	0.137118559830101
chr5:6826969:C:T	5	6826969	1.37955129039511	0.76918980755062	0.0728910644616427
chr5:8685352:T:C	5	8685352	0.481683602705992	1.18965033107019	0.685554612325919
chr5:8948089:C:T	5	8948089	0.900128713651528	0.935736646506684	0.33607641357673
chr5:10289852:T:C	5	10289852	0.85353110737449	0.70741811366478	0.227607789672327
chr5:23488527:T:C	5	23488527	-0.338535952689759	0.629787109054486	0.590894454174288
chr5:24128842:G:A	5	24128842	-0.1505077601073	0.683619469924377	0.825744158096855
chr5:24555384:T:C	5	24555384	0.577652210451821	0.858595286891655	0.501082466154316
chr5:25639309:A:G	5	25639309	-0.880722143147124	0.699374235104926	0.207921906058285
chr5:27840763:G:C	5	27840763	-0.243282884674131	1.0316940227073	0.813580772112543
chr5:28462499:C:T	5	28462499	-0.108862251053409	1.06086599975102	0.918267425281982
chr5:28870660:C:T	5	28870660	-0.110188724403241	0.593267592643166	0.85265500143918
chr5:31790221:C:A	5	31790221	0.321597848387152	0.587205033374003	0.583914693125142
chr5:32907282:A:G	5	32907282	-0.545227419062564	0.620929996426802	0.379899250232211
chr5:33696540:G:C	5	33696540	-0.564470483094186	0.67183580060716	0.400801228722673
chr5:34939468:T:G	5	34939468	0.507861967715982	1.10241992112034	0.645028753827132
chr5:35191599:T:C	5	35191599	-0.0545500464785652	0.826745614721401	0.94739242835146
chr5:35418144:G:A	5	35418144	-2.27107242729148	1.06381112615682	0.0327736298565104
chr5:37432972:A:C	5	37432972	-0.740291578957045	0.958763516840716	0.440036506112165
chr5:41853227:T:C	5	41853227	0.667248280086031	0.596732644146938	0.263494580941114
chr5:43459021:C:A	5	43459021	1.1861931812317	0.58657433201358	0.0431517214978986
chr5:54629438:G:A	5	54629438	-0.937499135645961	1.07353251117641	0.382508111429881
chr5:55157027:T:G	5	55157027	1.42213216628878	0.867903190937132	0.101299954628469
chr5:55717350:A:G	5	55717350	0.763482446460004	1.20263995018757	0.525533585597623
chr5:59825931:G:A	5	59825931	-0.6400313910753	0.881479900139397	0.467785232958923
chr5:61032053:T:C	5	61032053	-0.34606594681603	0.639172740174822	0.588212689296583
chr5:64874455:T:C	5	64874455	0.971638744963747	0.636977562710836	0.127162031287123
chr5:71630549:A:G	5	71630549	-1.00994969047485	0.611595057282413	0.0986697333086843
chr5:73880132:C:T	5	73880132	0.471229288888722	0.6134403681127	0.442383481407224
chr5:74330003:G:A	5	74330003	-0.579473842853838	0.592022835661058	0.327677230930199
chr5:76219679:C:T	5	76219679	-1.02931072641718	0.980953320087732	0.294041750970179
chr5:76653980:T:A	5	76653980	-0.580291956786402	0.619719775256587	0.34907860674854
chr5:77244147:T:C	5	77244147	-1.64624671130782	0.663293916642134	0.0130674246864666
chr5:79863901:G:A	5	79863901	-1.030365365229	0.825314019509285	0.211865386793628
chr5:81310995:C:T	5	81310995	0.315416338810461	0.680335079510047	0.642920665951941
chr5:82960309:G:T	5	82960309	1.32501746586218	1.34708389921685	0.325302825524126
chr5:84010693:C:T	5	84010693	0.605827854464629	0.72064141417168	0.400527981794519
chr5:89466206:G:A	5	89466206	0.302273592602665	0.67325185683539	0.653449326694793
chr5:96735278:A:G	5	96735278	0.786754799961757	0.659228581699423	0.232694103847432
chr5:97288604:A:G	5	97288604	1.94829572934938	1.49292481246469	0.191886267854816
chr5:97951303:T:C	5	97951303	0.379459220278449	0.725787641608524	0.6010967150582
chr5:101922447:G:C	5	101922447	-1.07433177670293	1.13313520056196	0.343075721267926
chr5:102329838:C:T	5	102329838	0.289907165277772	0.666312874422145	0.663495906985911
chr5:103658151:T:C	5	103658151	1.32134011058025	1.97812034901761	0.504147882320239
chr5:103694668:C:T	5	103694668	0.210561899931796	0.591410627940236	0.721815598818024
chr5:103842016:G:A	5	103842016	-0.818314497595186	0.688371300782431	0.234530560084608
chr5:107621326:T:C	5	107621326	-0.332825630535571	0.734660856802205	0.650524960899691
chr5:108449784:C:T	5	108449784	1.86691239743338	1.16410175872199	0.108772162447523
chr5:109315236:A:C	5	109315236	-0.401497812923513	1.01058522953068	0.691151864491635
chr5:112577322:C:T	5	112577322	-0.619405208563231	0.830477708583297	0.455762826359709
chr5:113282837:T:C	5	113282837	-1.87111816237842	0.830540720987514	0.0242659885390668
chr5:119991643:A:G	5	119991643	0.169698365477257	0.65005821531989	0.794053156339733
chr5:122501234:C:T	5	122501234	-0.117748642302798	0.946662437409082	0.901012092774992
chr5:124262554:C:T	5	124262554	0.382081103123094	1.17076034637375	0.744157324190942
chr5:124485921:A:T	5	124485921	-0.487632389978094	0.648423080226778	0.452034148425124
chr5:132112984:T:C	5	132112984	-0.346192418927389	0.741506036267434	0.640587587101019
chr5:134535049:G:C	5	134535049	-0.0385630327326509	0.594834636427185	0.948309484640493
chr5:142443148:A:G	5	142443148	-1.62291224879545	1.33660101033128	0.224668132344603
chr5:142444522:T:C	5	142444522	2.55782754278991	1.65804422821004	0.122909041079162
chr5:155671973:A:G	5	155671973	-0.649726730961228	0.71737783499347	0.36509641472121
chr5:162045156:C:T	5	162045156	0.569756322713475	1.03364984460306	0.581490924748606
chr5:162434253:A:G	5	162434253	0.439805560603307	0.908843076588028	0.628444036668939
chr5:167761747:G:A	5	167761747	-0.449313867554284	1.2556959236187	0.720477574091618
chr5:170687305:T:C	5	170687305	0.160096207306978	0.641752560076197	0.802999417976368
chr5:172078723:T:C	5	172078723	0.762280516362468	0.919449370570817	0.407069335817323
chr5:177188737:G:A	5	177188737	0.425131777937657	0.856819075680986	0.619771299260839
chr5:178197591:T:A	5	178197591	-0.593998648254658	0.814014905009855	0.465564589217102
chr5:178265246:T:C	5	178265246	-0.692238966594357	0.5817405549223	0.234068211381376
chr5:179629216:G:A	5	179629216	1.85153700431412	1.50803834385834	0.21953014151825
chr5:181199030:G:A	5	181199030	0.812444563773835	1.2641841143754	0.520442687375395
chr6:2798385:G:A	6	2798385	-0.168641495465482	0.961983268178129	0.860839151186938
chr6:4395217:T:C	6	4395217	1.3918357542162	1.14259675374084	0.223173121780101
chr6:5529612:A:G	6	5529612	0.346858296128677	0.638531330160676	0.586983397655519
chr6:6564085:C:T	6	6564085	0.130995007019729	0.726497889168898	0.856909018943492
chr6:7917701:G:T	6	7917701	1.39656029694613	0.620841436606491	0.0244830075710895
chr6:9873148:G:A	6	9873148	1.54565390089702	0.9096775018979	0.089296024103332
chr6:13475680:T:C	6	13475680	0.955903804772689	1.00369639445245	0.34090256493297
chr6:14555111:G:A	6	14555111	1.12454676062119	0.924753285614959	0.223965658359176
chr6:16012633:T:C	6	16012633	0.367281301419823	0.582464430802349	0.528325419143529
chr6:19600347:G:T	6	19600347	-0.549019231230943	2.19130223357255	0.802166116207328
chr6:29298706:G:A	6	29298706	-0.341427718634962	0.997459712480703	0.732127203344635
chr6:29840759:T:C	6	29840759	-0.485889151062363	0.748642677932661	0.516321062885327
chr6:31321478:A:G	6	31321478	-0.207852032298023	0.643653384695358	0.746751733011314
chr6:31413736:A:G	6	31413736	0.0251132300903186	0.676589057294181	0.970391394369559
chr6:31473572:G:A	6	31473572	0.557017798133225	0.667799920094138	0.404219669817733
chr6:32598507:T:A	6	32598507	0.295212746447705	1.10571717404087	0.78947872801406
chr6:32622407:C:T	6	32622407	0.551519077325786	0.815087696844574	0.498635843208466
chr6:33858716:C:T	6	33858716	-0.44620808465473	1.15472825218987	0.699186927121004
chr6:39269414:G:A	6	39269414	0.416779522964332	0.779643260725693	0.592942242784297
chr6:40300590:T:G	6	40300590	0.124335628059785	0.735091454925313	0.865684105170122
chr6:48363878:T:C	6	48363878	-0.964967789749729	0.974758880567223	0.322195933045636
chr6:48791198:C:T	6	48791198	0.524697055285803	1.01436521496265	0.604970197342178
chr6:51055842:T:C	6	51055842	0.109088577291382	0.731006651839913	0.881371657717348
chr6:53313689:C:T	6	53313689	1.06177953449668	0.782214996056897	0.174653783325023
chr6:54341468:C:A	6	54341468	-0.0708038437194315	0.723254702101813	0.922014764937994
chr6:55441992:G:T	6	55441992	-1.05212273709808	0.918894111126439	0.252214125349513
chr6:56424749:A:C	6	56424749	0.228288306323194	0.550739789306847	0.678499107791561
chr6:60714405:A:G	6	60714405	-0.227188487689851	1.10022586104443	0.836406152305982
chr6:65163098:A:T	6	65163098	-0.276674686491881	0.879554762451177	0.75309407852374
chr6:66728980:C:A	6	66728980	0.438202301753023	0.696851421437498	0.529459208861625
chr6:71626747:A:C	6	71626747	0.545168042242466	0.890415115242576	0.540363904681742
chr6:72524445:G:A	6	72524445	-1.56090761633864	1.17592628881579	0.18438116238573
chr6:73778615:C:G	6	73778615	-0.34930374446185	0.658740660034569	0.595931758005822
chr6:74887789:G:A	6	74887789	0.429001007128751	1.89316879399295	0.820731112430802
chr6:80670074:A:G	6	80670074	-1.04541081393111	0.668943462515124	0.118104578730952
chr6:81117445:A:G	6	81117445	-0.413506941225061	0.649189165973919	0.524151490702979
chr6:85222888:A:G	6	85222888	0.681745481686837	0.61709821893005	0.26926355964768
chr6:88337736:G:C	6	88337736	0.144877936814351	0.767163574534018	0.850211306348684
chr6:89030615:C:T	6	89030615	-0.650633543029245	0.59701226548926	0.27579418683416
chr6:93240848:C:T	6	93240848	-0.541938730678596	0.893766048656134	0.544279624236852
chr6:95922327:T:C	6	95922327	-0.537311904644216	0.594192693400692	0.365851110306034
chr6:96665584:G:A	6	96665584	1.2377981237488	0.634666755034851	0.0511389553811009
chr6:97209897:T:C	6	97209897	-1.19679961109198	0.636484500991525	0.0600633933087749
chr6:98644663:C:T	6	98644663	-1.86779058826834	0.837948945359609	0.0258137150858001
chr6:99321160:G:A	6	99321160	-1.02613789520975	0.592440349295577	0.0832641831693275
chr6:104188822:C:G	6	104188822	-0.40407427299931	0.619388024875122	0.514158235923892
chr6:106579606:A:G	6	106579606	-0.045404750261963	0.835803766282343	0.95667650764682
chr6:114787187:A:T	6	114787187	-0.621458659704091	0.932910509720565	0.505315006480094
chr6:115871963:C:T	6	115871963	-0.248551698149245	1.13601675239002	0.826811858953295
chr6:121038058:A:T	6	121038058	0.909238867376573	0.777839239108819	0.242432226172652
chr6:122136475:T:G	6	122136475	0.962095220094258	0.641008520300212	0.133379195718449
chr6:123806430:C:T	6	123806430	-0.525088028169014	0.723862691753352	0.468208340872009
chr6:129810153:G:T	6	129810153	0.209979299139801	0.908149473434439	0.817146478333225
chr6:133584631:T:A	6	133584631	2.76527393815716	1.70498337050448	0.104829608736062
chr6:135230632:T:C	6	135230632	0.142452868246242	0.81996967480231	0.862078103565861
chr6:139493509:A:G	6	139493509	5.30497020920184	1.95118701202776	0.00655107899881879
chr6:146872397:C:T	6	146872397	-1.15321685479104	0.848989433806445	0.174355618918802
chr6:150439351:A:G	6	150439351	-0.64478423877086	0.700062833459081	0.357030761815722
chr6:151678489:G:T	6	151678489	0.797389843085048	0.660667154819126	0.22745278734694
chr6:154755596:A:G	6	154755596	3.45030730948131	1.21056681512461	0.00436974460387241
chr6:156242881:C:T	6	156242881	0.30151495805136	0.612819190526541	0.622710211545338
chr6:158427521:G:A	6	158427521	0.0053851875273979	0.599430332331403	0.992832027416788
chr6:162000210:A:G	6	162000210	-0.197309225348045	0.620573594412514	0.750525491275068
chr6:163143235:A:T	6	163143235	0.384912273727174	0.575580203877258	0.503662712127352
chr6:163190090:T:A	6	163190090	-0.214138464367219	1.64437212289472	0.89638836550037
chr6:164361489:A:G	6	164361489	0.497945893461011	0.747013712242322	0.505039170562647
chr6:164639408:T:C	6	164639408	-0.209274888711628	1.13427103209872	0.853619924744754
chr6:164951557:A:G	6	164951557	0.113999183882368	0.831640013181514	0.890969489470667
chr6:168874231:T:C	6	168874231	-1.91685964050781	1.57881770076847	0.224705411870617
chr6:170449338:G:A	6	170449338	-0.776133096961376	1.05393096302944	0.461476720188356
chr7:548099:A:G	7	548099	-0.304883087484241	0.678309923019675	0.65308932053027
chr7:1123553:C:T	7	1123553	-0.547925665185914	0.87667371583354	0.531967619709996
chr7:9071666:A:G	7	9071666	-1.38978388998035	1.26899874763844	0.273437150282024
chr7:9561379:A:G	7	9561379	0.343561365244046	0.606982090116533	0.571383138504814
chr7:13059514:G:A	7	13059514	-0.810312177206473	0.846946839357317	0.338695964953667
chr7:14272162:G:A	7	14272162	-0.782583745110998	1.08441119387601	0.470499251478068
chr7:14407741:T:C	7	14407741	-0.358898756660746	0.811080425815454	0.658131294169626
chr7:17207338:T:C	7	17207338	-0.922597294247653	1.13819424425297	0.417607005188062
chr7:18803470:C:A	7	18803470	0.43587240115999	0.674196797939307	0.517951591559509
chr7:19302775:T:C	7	19302775	-0.403974461583236	0.953670685553606	0.671857892483832
chr7:20255165:C:G	7	20255165	0.991043668766258	1.23302125199307	0.421540042080613
chr7:20301113:T:C	7	20301113	-0.414544835704055	0.687550775888262	0.546555406157939
chr7:25764496:G:A	7	25764496	-1.19584839748197	1.16452239370699	0.304467412220565
chr7:30419035:T:A	7	30419035	-0.678223787177512	1.13403250854431	0.549797365939963
chr7:35963288:C:A	7	35963288	1.83296954401282	1.30585697528079	0.160422322430069
chr7:36187480:A:G	7	36187480	-0.0721805298977152	0.89427338920279	0.93566927152626
chr7:41861175:G:A	7	41861175	-3.33949256036494	1.9951298467271	0.0941655547616289
chr7:46335912:C:G	7	46335912	-0.889960700250089	0.699579574070611	0.203324629944854
chr7:52874184:A:G	7	52874184	-1.14313653556972	1.11896381439696	0.306968944743281
chr7:62987184:G:A	7	62987184	-0.130803462977893	0.593356356929665	0.825523262520429
chr7:63085110:C:T	7	63085110	-0.389849144760599	0.858462399443881	0.649738937872274
chr7:65394032:G:A	7	65394032	-0.715566289337996	0.860713972607678	0.405768240859446
chr7:71037539:G:T	7	71037539	0.405256381074039	0.582867973548758	0.486879913876536
chr7:75966646:G:A	7	75966646	0.48949538582368	0.822837664740144	0.551919043384759
chr7:78617355:T:C	7	78617355	-0.202308006215372	0.626406098061977	0.74672082900352
chr7:83524163:C:A	7	83524163	-1.50864397286701	0.644109856636223	0.0191696520833596
chr7:84798741:T:G	7	84798741	-0.336819772440961	1.99982002429636	0.866248908495447
chr7:85761853:T:C	7	85761853	-1.24107639962883	0.940076346700299	0.186772652414366
chr7:87090266:G:A	7	87090266	-1.11079825948676	1.47796450174083	0.452307867073546
chr7:90093438:G:A	7	90093438	-2.28974656372261	1.69858868542577	0.177649101492041
chr7:90887566:A:T	7	90887566	0.282123368428537	0.769734221635122	0.71397672173515
chr7:101037702:G:A	7	101037702	-1.04927784577723	0.903323569963844	0.245408245396532
chr7:103721013:A:T	7	103721013	0.410094194018141	0.716072645359362	0.566848414333119
chr7:106984031:T:C	7	106984031	-0.17352619520526	1.48638957302846	0.907063385055499
chr7:107377144:G:C	7	107377144	-0.270021540469974	0.807924200875499	0.73821624834939
chr7:108253251:A:G	7	108253251	-0.211595103066406	0.594059522411446	0.721702009342375
chr7:108446042:C:G	7	108446042	0.355155035038879	0.660567690077326	0.590817850801893
chr7:108915767:T:A	7	108915767	-0.290706130835684	1.43129200850578	0.839051015644816
chr7:110606238:T:C	7	110606238	0.460955837248341	0.606068397623607	0.446915525359632
chr7:113687111:G:A	7	113687111	-0.0812236084452975	0.730179923897206	0.911427777440186
chr7:118873462:A:G	7	118873462	0.288722456933954	0.843355008678954	0.732087627958843
chr7:121352677:G:A	7	121352677	0.00758687113425334	0.708263967438923	0.991453283160504
chr7:126194653:G:A	7	126194653	0.630477708959343	0.783092319379317	0.420754546530645
chr7:126414630:A:G	7	126414630	-0.535917330374318	0.654544744824595	0.412921373163405
chr7:129966189:T:A	7	129966189	-0.891764036661036	0.761870763532676	0.2418028190004
chr7:132179620:A:G	7	132179620	0.917551823098295	1.01952161587272	0.3681294539027
chr7:133369958:T:C	7	133369958	-0.627760743012043	0.608540051465641	0.302266605679703
chr7:143423833:C:T	7	143423833	-1.58965146986929	1.06257326404685	0.134643387794067
chr7:145547923:C:T	7	145547923	-0.458429340212657	0.618669280283181	0.458697945124919
chr7:147261639:A:G	7	147261639	-0.423534137378784	0.719925799631774	0.556329277511186
chr7:149584518:C:G	7	149584518	-1.58836595645884	1.49412914765812	0.287749575704984
chr7:150792285:C:G	7	150792285	-0.541612404526411	0.758095865145639	0.474956454168312
chr7:154226152:G:C	7	154226152	-0.918707823931934	1.25639146230576	0.464640285319238
chr7:154352443:A:G	7	154352443	0.509448845327605	1.05776585314124	0.630070773876089
chr7:155881712:G:C	7	155881712	0.758411164883833	1.21990776772423	0.53414211371671
chr7:156037260:G:A	7	156037260	0.201584756918144	0.606376962335382	0.739556043187534
chr7:156549188:C:G	7	156549188	0.477551492710021	0.667123431962198	0.474092135739335
chr7:157221478:T:A	7	157221478	0.045110455934258	0.618384137506558	0.941846763848821
chr7:157436016:C:T	7	157436016	0.328261718152038	0.618624293816413	0.595673959748478
chr8:1189133:C:G	8	1189133	-0.726110957181526	0.652890913147256	0.266074762561601
chr8:5123946:G:C	8	5123946	-1.16673085608848	1.32311019760295	0.377879950211747
chr8:6792295:A:G	8	6792295	0.405771327518349	0.576551338209265	0.481563280009811
chr8:6877877:C:T	8	6877877	-1.19167228381558	0.643064876522246	0.0638660744783812
chr8:8346382:C:T	8	8346382	-0.230053442946135	0.818872025661901	0.778756854624678
chr8:10849450:G:C	8	10849450	-0.177482084561995	0.750880689427585	0.813149276659417
chr8:13820082:T:C	8	13820082	-1.56816311602816	0.733375560684108	0.0324939338653435
chr8:13884103:T:G	8	13884103	0.0764591473778276	2.41674946692879	0.97476138974065
chr8:19729532:G:C	8	19729532	0.728135931037919	0.998279450643735	0.465762592427069
chr8:24007340:T:C	8	24007340	-2.30315622399436	1.35537568303437	0.0892673515323548
chr8:28201295:T:C	8	28201295	-0.664894680043167	1.11760937784706	0.551893054511167
chr8:32434750:C:T	8	32434750	-0.580181201436755	1.04202628205991	0.577676564496119
chr8:34046318:A:C	8	34046318	0.162778103503064	1.05778242254455	0.877699475678135
chr8:37613538:T:C	8	37613538	1.15529235214092	0.837408166220164	0.167708349003943
chr8:38939368:A:G	8	38939368	-0.292328853349497	1.5268599201543	0.848167138643126
chr8:40112670:G:A	8	40112670	-0.128455296216066	0.691514317633207	0.852633431394568
chr8:50591829:C:T	8	50591829	-1.61002127042444	1.55470051345952	0.300396771756637
chr8:51093560:G:A	8	51093560	0.121851690635473	0.650081565975528	0.851315178163106
chr8:53391826:T:C	8	53391826	0.231568413716696	0.945240386055596	0.806469112539275
chr8:55088340:A:G	8	55088340	0.912408122397275	1.12437791675473	0.417091130346096
chr8:57466513:G:A	8	57466513	0.977885552903204	0.91680636294575	0.286142701669713
chr8:57724843:C:T	8	57724843	-0.469752276610586	0.799966722076528	0.557059472302649
chr8:58121183:G:A	8	58121183	-2.38618076347305	1.76600183325213	0.17663879399979
chr8:59342472:A:G	8	59342472	-0.516427418369382	1.26801082812833	0.683807001953381
chr8:68229284:G:T	8	68229284	1.33173206096262	2.15230519647566	0.536083140948152
chr8:68317370:C:T	8	68317370	-0.126550589386567	0.546212455793999	0.816780753550027
chr8:70359204:T:C	8	70359204	0.521110861354761	1.57166082553239	0.740216243088672
chr8:72836070:T:C	8	72836070	0.0354594828331748	0.929961002902998	0.969583972318552
chr8:77970315:T:C	8	77970315	-0.445119047158085	0.622260548506524	0.474407727591094
chr8:78323757:G:A	8	78323757	0.101579298002691	0.808172176858803	0.899977183648469
chr8:79766630:C:A	8	79766630	-0.41920205445221	0.620032989112753	0.498979459959623
chr8:82313857:G:A	8	82313857	-1.83441553794555	0.690718761891199	0.00791189439187201
chr8:86400099:A:G	8	86400099	0.216066760096828	0.713876081510534	0.762143619001095
chr8:86837617:G:A	8	86837617	0.883327743474986	0.741499920795763	0.233547007553339
chr8:87344910:G:T	8	87344910	-0.621987695243102	1.10310788384118	0.572856026136364
chr8:92201307:T:G	8	92201307	0.302189220530929	0.72274638110997	0.675864942775818
chr8:93804381:C:T	8	93804381	0.127719645753492	0.691702880422005	0.853507298037589
chr8:95551577:T:A	8	95551577	0.651867454618516	1.0449645978261	0.532747287320514
chr8:102286986:C:A	8	102286986	-0.141164153461474	0.875785685873216	0.871947121441911
chr8:103932636:T:C	8	103932636	1.44590950562633	0.822092149116449	0.0786086256644896
chr8:105019936:C:A	8	105019936	1.12177813759831	0.908910647168566	0.217128134607181
chr8:105796370:C:T	8	105796370	4.57438670156165	1.69586551695601	0.00698883380669058
chr8:106045281:A:T	8	106045281	-0.315998503025137	0.644845990075039	0.624107597800718
chr8:106365588:C:A	8	106365588	-0.362513508477734	2.1582622107726	0.866610450654406
chr8:111095113:T:A	8	111095113	0.373662334983498	0.718106237026783	0.602823772378326
chr8:112355845:G:A	8	112355845	0.820381507400625	0.592866040905494	0.166433404136254
chr8:112803485:T:C	8	112803485	-0.446464071767154	0.575139274257239	0.437588856497186
chr8:114057302:C:T	8	114057302	0.475290485359538	0.814841417753529	0.559696742860205
chr8:117185832:C:T	8	117185832	0.796249883969182	0.845006391546892	0.346038849378738
chr8:119460841:C:T	8	119460841	0.361316211314984	0.592254332420881	0.541815873870559
chr8:131247437:C:T	8	131247437	1.03602806725437	0.86215226308621	0.229488910416692
chr8:131927891:A:G	8	131927891	0.3424246651065	0.718757015636164	0.633780691221565
chr8:132664671:T:C	8	132664671	-1.06036751725245	0.895789827930696	0.236522512604141
chr8:137919323:C:T	8	137919323	-0.0376064092654308	0.795975533106996	0.962317416827537
chr8:139911832:G:A	8	139911832	-1.0005520906426	0.596814469792311	0.0936427123843925
chr8:140504758:T:C	8	140504758	1.11733430935342	0.981416178754133	0.254915165054974
chr8:142118168:G:A	8	142118168	0.860757342397366	0.728763096161314	0.237554688347895
chr8:142709969:A:G	8	142709969	-0.295114544924198	0.611525295522487	0.62938856184317
chr9:1183695:T:C	9	1183695	-0.253552997358895	0.589115548151648	0.666907577518216
chr9:1720896:C:T	9	1720896	0.351410127876427	0.629500042811513	0.576682653264553
chr9:4924647:A:G	9	4924647	0.323164295412952	0.627350843797137	0.606465460112293
chr9:5857998:G:A	9	5857998	-0.142554456661014	0.619380896309189	0.817970266082203
chr9:9562254:T:C	9	9562254	-0.164038558334992	0.765036825742668	0.830220196699823
chr9:11219704:T:A	9	11219704	-0.574163682815413	1.09468435479527	0.599929715365001
chr9:11889268:A:G	9	11889268	-1.08611824630344	0.661507909972724	0.100614361842912
chr9:13901987:A:G	9	13901987	1.33397881307666	0.649524583969665	0.0399972559197616
chr9:14241818:T:G	9	14241818	-0.0726130889069637	0.62533229607189	0.907558068605197
chr9:14269453:G:A	9	14269453	0.553533051767405	1.04819960197797	0.597443940049892
chr9:20089988:A:C	9	20089988	0.405789247882979	0.714661374863351	0.570166485493887
chr9:20999771:T:C	9	20999771	-0.486739346581577	0.661820760495672	0.462062473831618
chr9:21636180:T:G	9	21636180	-0.374163357210902	1.75867828574377	0.831519946124747
chr9:24321323:C:T	9	24321323	-1.16151059152014	0.689093311092138	0.0918798881472193
chr9:27628442:T:C	9	27628442	0.500723136457804	0.65902669966647	0.447378996140594
chr9:27695229:C:T	9	27695229	0.137110792067785	0.800584319557141	0.864016658278145
chr9:29269277:C:A	9	29269277	0.0662872596113668	0.578168957897693	0.908722288155122
chr9:30140898:A:G	9	30140898	-0.671118126316849	0.847996779517866	0.428701340196366
chr9:32530968:G:T	9	32530968	-0.0681362639621737	0.654436807583114	0.917078601731726
chr9:36757314:T:C	9	36757314	1.72737820836347	1.14051557756867	0.129884104983028
chr9:71389562:C:T	9	71389562	0.146791373648346	0.635555707272921	0.81734168762437
chr9:79458419:T:G	9	79458419	-1.4946352451527	1.36554183395378	0.273719791358985
chr9:80648174:A:C	9	80648174	0.297759861456939	0.643664051318685	0.643650138166316
chr9:88862195:G:T	9	88862195	-1.91465878121395	0.709757350953031	0.00698361765130651
chr9:88917110:T:C	9	88917110	1.34264961935281	1.07595822856605	0.212080838852529
chr9:102050456:T:G	9	102050456	0.540364690122748	0.584573457328304	0.355291461971887
chr9:103000028:G:T	9	103000028	-0.254397662262831	0.641539901550411	0.691705061709559
chr9:105088196:C:T	9	105088196	-1.32482931965047	1.30628362200449	0.310488617749211
chr9:106337041:G:A	9	106337041	1.0530188512106	1.195312284123	0.378341036574192
chr9:107529187:C:T	9	107529187	-0.329994062279165	1.02243502799258	0.74688224365774
chr9:108113321:C:A	9	108113321	-0.114909834835428	0.628443782799316	0.854917102550117
chr9:108642153:T:A	9	108642153	0.248239530344257	0.608022395871618	0.68307277318857
chr9:110503580:A:C	9	110503580	-0.46358777290029	0.603818057130664	0.442629367989169
chr9:112991174:G:A	9	112991174	0.362436728972384	0.671363242057833	0.58929916425454
chr9:113206517:C:T	9	113206517	-0.716753589022207	0.745658459776924	0.336433631251884
chr9:113646324:C:T	9	113646324	1.20360646884095	1.14215472391033	0.291972961632022
chr9:123615739:G:A	9	123615739	1.15107011324132	1.17336871223712	0.326594672063215
chr9:128564163:G:T	9	128564163	-0.685540843746397	0.941725633944016	0.466636609095746
chr9:130526340:C:T	9	130526340	-0.721492158637369	0.861307592732845	0.402215657534715
chr9:135034617:C:T	9	135034617	-1.44473641872687	0.618915695999549	0.0195798911199558
chr9:138120567:G:C	9	138120567	0.416060335225046	0.663531879575225	0.530633701577843
chr10:2056228:A:T	10	2056228	0.707715427737627	1.11675394517358	0.526259994605123
chr10:8815209:T:C	10	8815209	0.358041470060477	0.607629411236256	0.555698173052904
chr10:12122543:A:G	10	12122543	-0.132315942293367	1.9494844198013	0.945887309334642
chr10:13377861:G:A	10	13377861	-0.411877608323557	0.693395247356014	0.552511311021879
chr10:17986705:G:A	10	17986705	-1.11574926676216	0.987118254161551	0.258345778965102
chr10:19861754:C:T	10	19861754	0.54159694895451	1.04988395486565	0.605949656949781
chr10:32784371:C:G	10	32784371	0.981755912223501	0.618251757141419	0.112296535923978
chr10:43836632:C:T	10	43836632	-0.199628388820401	0.596044305524535	0.737683877991278
chr10:48980382:A:G	10	48980382	0.240183723575431	0.588879542499605	0.68337232969113
chr10:49210671:A:G	10	49210671	-1.14045563276834	0.605246377629616	0.0595266671226522
chr10:51817085:C:T	10	51817085	-0.116276723482561	0.842908487008985	0.890282280051385
chr10:52089890:C:G	10	52089890	0.965395354862234	1.09518317851789	0.378051510769521
chr10:53660359:C:T	10	53660359	0.0881533728987354	0.788318530218931	0.91096251347447
chr10:53661223:A:C	10	53661223	0.0881533728987354	0.788318530218931	0.91096251347447
chr10:53967222:C:T	10	53967222	0.179643177610891	0.635762468279762	0.777511572506785
chr10:55345484:T:C	10	55345484	-0.819003957929494	0.607060375320552	0.177294899661186
chr10:56580918:G:T	10	56580918	-0.574669542556025	0.722672772936936	0.426497048249494
chr10:62918156:G:A	10	62918156	-0.943879193525444	0.611831967907925	0.122901194830785
chr10:63808494:G:T	10	63808494	0.96374601715496	0.788103063698177	0.221379556748592
chr10:68687157:C:G	10	68687157	0.361681460598077	0.640603291642259	0.572349218974009
chr10:70023061:G:A	10	70023061	0.869564222682209	1.04376400324811	0.404785939268444
chr10:70258816:C:T	10	70258816	0.276200517541087	1.11112208521059	0.803687219633627
chr10:71829661:T:C	10	71829661	-0.982657692459726	0.599459411468554	0.101163339519626
chr10:73332928:T:C	10	73332928	-1.11582514171261	1.55908562618331	0.474181539105209
chr10:76155884:G:A	10	76155884	-0.211438989038862	0.868849409526102	0.807730275146568
chr10:77561755:G:A	10	77561755	-0.0641922669806496	0.771145037326559	0.933658486625678
chr10:78224501:T:G	10	78224501	-0.694350082887192	0.824259189950823	0.399568070292245
chr10:79968015:C:T	10	79968015	-1.44363955823983	1.17253117199801	0.218241955245928
chr10:80258800:C:T	10	80258800	-0.171553422493773	0.931601996803077	0.853896696623595
chr10:90280969:G:A	10	90280969	1.03846511579839	1.4376737247247	0.470095779401063
chr10:90336872:A:G	10	90336872	1.27957796569983	0.811545030998067	0.114860339532662
chr10:90651179:G:A	10	90651179	0.57019576728876	1.12044694848538	0.610822122779059
chr10:92008339:G:C	10	92008339	0.47703788302567	0.623268937189347	0.444045008580479
chr10:92521928:T:G	10	92521928	-0.535813776416023	0.605031427888079	0.375834943498636
chr10:97540234:G:C	10	97540234	0.726994164754806	0.625172190273271	0.244882134123551
chr10:98356741:C:T	10	98356741	0.203322361015147	0.623034215729502	0.744165458012694
chr10:101255787:C:T	10	101255787	0.685509225649246	0.84781390072095	0.418767725508348
chr10:105658628:A:G	10	105658628	-0.565970269848845	1.08686150255714	0.602549180458678
chr10:105862202:A:C	10	105862202	0.155484202183233	0.949038304775176	0.869862272655727
chr10:106021810:G:A	10	106021810	0.481123388581952	0.681949934873887	0.480492099070981
chr10:116364350:C:T	10	116364350	1.9365788621363	1.77326985724063	0.274791416954536
chr10:118981607:T:C	10	118981607	0.450569836540242	0.580244200739331	0.437443430679066
chr10:126867352:G:A	10	126867352	0.21312656758108	0.642807081285634	0.740224521739676
chr10:128043685:G:A	10	128043685	-0.234508517449903	0.702888055463388	0.738654508887936
chr10:128393624:T:A	10	128393624	0.457521275009884	0.805067913462641	0.569830284118608
chr10:128652504:C:G	10	128652504	0.0637959526643793	0.935568728271181	0.945634794774845
chr10:131580139:A:G	10	131580139	0.254174830232934	0.592554748329087	0.667961490008057
chr11:372095:T:C	11	372095	1.85045806698677	1.02569983141966	0.071216701250087
chr11:1423098:C:G	11	1423098	1.21018979882978	0.718944604763473	0.0923196287103972
chr11:2262229:A:G	11	2262229	-0.482702821439032	0.781135584221603	0.536608224737113
chr11:3194548:C:G	11	3194548	0.109205390214449	0.607695603820627	0.857384876249498
chr11:4510263:A:G	11	4510263	0.242186040005595	0.748009902220629	0.746109261288667
chr11:7552357:C:T	11	7552357	-0.190847395739886	1.25453431889207	0.879087489966258
chr11:9131975:T:C	11	9131975	-0.0196687506173607	1.05349983383188	0.985104429734776
chr11:15691931:G:A	11	15691931	-0.236543019567309	0.667474056955656	0.723050120777947
chr11:21517451:T:C	11	21517451	0.710119654633218	0.921856734093917	0.441113327943538
chr11:21924645:A:G	11	21924645	0.349021077041334	0.803704290386	0.664095625203998
chr11:22549354:A:G	11	22549354	1.39026351049576	0.996246242329707	0.162864546333429
chr11:22668658:T:C	11	22668658	0.147147391802258	0.876690560657755	0.866705879658451
chr11:23327506:G:A	11	23327506	-0.497247250076308	0.613865561232965	0.417925059538738
chr11:25023480:G:C	11	25023480	0.155367259805832	0.673230496402453	0.817486728334859
chr11:25091645:A:C	11	25091645	0.981044712515571	0.640121439996115	0.12537652379443
chr11:25578868:C:T	11	25578868	-0.923279303736825	1.99808276038374	0.644022077922259
chr11:25874631:C:T	11	25874631	2.33411279229711	1.07063681144756	0.0292488398543239
chr11:26823521:C:G	11	26823521	-0.77673014433051	0.60974929640955	0.20271599810121
chr11:33037728:T:G	11	33037728	0.392321870901938	0.853548105470355	0.645777149561313
chr11:34038078:C:G	11	34038078	1.45569067388471	1.07921342695282	0.177387043343126
chr11:42128101:A:G	11	42128101	1.20603849823222	0.749131978003154	0.107416504267014
chr11:44735722:T:C	11	44735722	1.3262684536625	1.26661657156455	0.295055555929219
chr11:46232290:G:T	11	46232290	0.0404904682841981	0.681964206834017	0.952654775725729
chr11:50086606:T:C	11	50086606	0.907225016493058	1.05475902006271	0.389719925115797
chr11:64542888:A:G	11	64542888	0.0660492817318023	0.664941534178123	0.920875496486758
chr11:73253536:A:T	11	73253536	0.6144685456527	0.869966580005782	0.479993624655591
chr11:77282788:T:A	11	77282788	1.56373012983861	0.778923927694675	0.0446909413329122
chr11:77785126:C:T	11	77785126	1.32419371388386	1.11862281898513	0.236503561690098
chr11:78442873:G:A	11	78442873	-1.01795161209846	1.16126162128494	0.380708770287196
chr11:79514831:C:T	11	79514831	0.490988654746678	1.0319796544162	0.634235694016167
chr11:85014784:C:T	11	85014784	-0.8077927968213	0.565157588189062	0.152911389127555
chr11:86623262:A:G	11	86623262	0.403005173629821	0.661870045930296	0.542598232970434
chr11:87179678:G:A	11	87179678	-0.490228485698123	0.784136478222074	0.531851217631253
chr11:87473765:T:C	11	87473765	0.728884897920433	0.628951964643708	0.246501832141181
chr11:95150572:T:C	11	95150572	0.431526171383529	0.870592761183267	0.620127696201218
chr11:96958058:G:C	11	96958058	-0.971619680488304	1.03228257319333	0.346584844983065
chr11:97541774:G:A	11	97541774	0.16656321159129	0.900196129092412	0.853205573344605
chr11:100563679:T:C	11	100563679	0.0537784598278035	0.617087644323211	0.930553220493676
chr11:108699287:A:G	11	108699287	0.700191758023083	0.951062025741819	0.46159626388858
chr11:110663795:C:G	11	110663795	-0.817038784824214	0.731462159509035	0.263996924859815
chr11:112900353:A:T	11	112900353	-0.205868705257539	0.827282971287192	0.803477432107725
chr11:113061393:A:G	11	113061393	-1.15966271571998	0.924761193916492	0.209837218747909
chr11:114001905:T:C	11	114001905	-0.877735006083332	1.05265140747088	0.404375350944673
chr11:119564042:A:G	11	119564042	-0.925034810545067	0.623654261286076	0.138008159934974
chr11:120323247:C:T	11	120323247	0.0989266190495192	0.665854818713367	0.881892272864091
chr11:125758966:A:G	11	125758966	-1.11515432655551	0.655377795085655	0.0888408337802877
chr12:694322:A:G	12	694322	-0.120240796999644	0.632661813414196	0.849265714958296
chr12:1262772:T:C	12	1262772	-0.0824939037907338	0.607838159592546	0.892045096084746
chr12:8897123:T:C	12	8897123	7.73780699747777	3.85410400871206	0.0446773221220106
chr12:9745770:G:C	12	9745770	-0.182464165093211	0.665752992848959	0.784029393933378
chr12:13810567:C:T	12	13810567	0.450005725170974	0.721436129247773	0.532782731392031
chr12:14083647:T:C	12	14083647	0.883970458860843	1.32778709508513	0.505572738104968
chr12:17713459:G:A	12	17713459	-0.545828669533676	0.648686329463223	0.400103172943262
chr12:19156316:T:G	12	19156316	-0.474379775749391	1.34642437815609	0.724594092070644
chr12:22245638:T:C	12	22245638	0.251729476323727	0.60283638669648	0.67625779085614
chr12:31400104:G:A	12	31400104	0.146287606955562	0.758307260650247	0.847026816234144
chr12:33974081:G:A	12	33974081	1.04428310488265	0.715295504638563	0.144308645077768
chr12:40799010:G:C	12	40799010	-0.261961733332868	0.59051079515492	0.657318158510523
chr12:46032565:C:T	12	46032565	-0.776371989933738	1.07442441713447	0.469929725813437
chr12:47333807:T:C	12	47333807	0.357354955591887	0.858168368108002	0.677105693732658
chr12:47413215:T:C	12	47413215	0.130530661078414	0.609556691640249	0.8304376391988
chr12:47933323:A:G	12	47933323	-0.636431155392979	0.710805484826015	0.370591400689749
chr12:49757227:A:G	12	49757227	0.153483021456054	1.10274831969639	0.889306113545881
chr12:51530246:T:C	12	51530246	0.611131731817367	0.83060947815312	0.461874934452734
chr12:61359787:A:C	12	61359787	-0.0574887384888494	0.860042048483651	0.946705813509555
chr12:69135411:G:A	12	69135411	-1.40175795112485	1.05063059255005	0.182136256797693
chr12:69589074:A:G	12	69589074	1.07914178784676	0.755896551146138	0.153397928865501
chr12:73061695:T:C	12	73061695	-0.215017036953214	0.792887041330325	0.786250723369986
chr12:77701896:T:C	12	77701896	-0.465237247692067	0.988907338897673	0.638029366522177
chr12:80621689:T:C	12	80621689	-0.0604057962535696	0.604688426350605	0.920427100478744
chr12:83028243:C:T	12	83028243	-0.134357383106732	0.581704136681112	0.817336534320354
chr12:90631795:C:T	12	90631795	-0.7358379946756	0.773464372735963	0.341424985435308
chr12:91441162:G:A	12	91441162	0.346960055397624	0.603703611781762	0.565481221720006
chr12:94026598:C:G	12	94026598	-0.146196422099957	0.907547141832118	0.872022817345959
chr12:94029135:G:C	12	94029135	-0.146196422099957	0.907547141832118	0.872022817345959
chr12:96808662:G:A	12	96808662	0.194119166300783	0.656088323621473	0.767326668825618
chr12:97387914:G:A	12	97387914	0.802588435816325	0.849835169208029	0.344962815843356
chr12:100932362:G:T	12	100932362	-0.767563778429781	1.14041174289733	0.500910096006686
chr12:107831625:A:G	12	107831625	-0.258670259763209	0.664660939913598	0.697145762564597
chr12:107889314:C:T	12	107889314	0.33405491775249	1.00435984755836	0.739432610943893
chr12:108212584:C:G	12	108212584	-0.986745674022121	1.1183219937487	0.377590338897789
chr12:110614660:T:A	12	110614660	-1.43725526421326	0.671272479681741	0.0322667244170622
chr12:113643706:G:A	12	113643706	-0.197212780903859	0.842364032333164	0.814893189406261
chr12:114153745:C:T	12	114153745	0.438224369971521	1.18973789178098	0.712622039442409
chr12:115249387:A:G	12	115249387	-0.222666973215312	0.619020037476749	0.719064888331464
chr12:119296667:C:T	12	119296667	-0.251027599900067	0.662044082573876	0.70456124061998
chr12:119796665:C:T	12	119796665	-0.754804928775227	0.72288233223415	0.29641129780634
chr12:120794597:T:G	12	120794597	2.18581963689275	0.90925624343966	0.0162183527348009
chr12:124501908:G:T	12	124501908	0.58580915763719	0.652881172670866	0.369576112562088
chr12:131122536:C:T	12	131122536	0.987801591218546	0.59163001693857	0.0949931378371632
chr13:20460312:C:A	13	20460312	1.67309527727497	0.740618838207086	0.0238802504156723
chr13:30240873:G:A	13	30240873	0.481591095985214	1.00883163399274	0.633095046241463
chr13:33757390:T:G	13	33757390	-1.1617687432712	1.19891408379802	0.332536451549815
chr13:35457897:G:A	13	35457897	1.61330362397294	2.11951475618702	0.44655762601995
chr13:38267073:T:A	13	38267073	3.96726739066628	1.53235336618587	0.00962542689297807
chr13:39527346:A:G	13	39527346	-0.752716821842349	0.773788482334693	0.330668525462773
chr13:44905554:C:A	13	44905554	-0.827814508469575	0.679010094734784	0.222787627799375
chr13:48926055:A:G	13	48926055	-0.0247766653133428	0.602077621671627	0.967174763340406
chr13:55893761:T:A	13	55893761	0.266382984749147	0.841442067254395	0.751562985284123
chr13:56527603:A:T	13	56527603	0.0878093666434826	0.657267752565018	0.893720815373976
chr13:57078561:G:T	13	57078561	-3.08692731462873	1.17932810575478	0.00885685665303293
chr13:60397787:A:G	13	60397787	0.00839966051312872	0.637247812281434	0.989483266563181
chr13:61630587:A:G	13	61630587	1.64067969948472	0.701199516197183	0.0192931059831356
chr13:62746888:C:G	13	62746888	-0.31657196969697	0.696868341672576	0.649628734914116
chr13:63547665:T:C	13	63547665	0.442661776589793	0.831076906167016	0.594285328831194
chr13:64165921:A:G	13	64165921	0.230643834749784	0.592854579976531	0.697246944982354
chr13:64816555:A:G	13	64816555	0.19255401637916	0.660012091532276	0.770483003435023
chr13:68379540:G:A	13	68379540	0.146239509801247	0.624330909955641	0.814803341513957
chr13:71027376:C:T	13	71027376	-0.184518229223869	0.662805654434534	0.78071326943084
chr13:74717709:G:T	13	74717709	1.60186209148262	1.0262646658518	0.118555263437287
chr13:78802468:C:A	13	78802468	2.11028233255364	1.14665855630294	0.0657131254551155
chr13:81325069:C:T	13	81325069	0.468316978887898	0.609665434249559	0.442395662553277
chr13:81406023:C:T	13	81406023	-0.300471687659292	0.607759573137637	0.621029110910167
chr13:82439170:C:G	13	82439170	-1.38297730396147	0.816785229379012	0.0904182074985368
chr13:83316917:G:T	13	83316917	2.33629524272935	1.93466669216987	0.227202801227198
chr13:84419333:T:A	13	84419333	-0.396959747239302	0.622249706292763	0.52351088687835
chr13:84850427:C:T	13	84850427	0.265346695734227	0.901918980072151	0.768603274620638
chr13:86045905:G:A	13	86045905	-1.75325540648367	0.641323497649748	0.00626065102986562
chr13:87361798:C:T	13	87361798	0.144212244554823	0.837000336352838	0.863204420679588
chr13:90846957:T:G	13	90846957	-0.734962837120408	0.921649199979752	0.425193709946487
chr13:91417384:C:T	13	91417384	-0.362939196717846	2.39040941095864	0.879319919157285
chr13:97136192:G:A	13	97136192	-0.471331438616599	1.39140880472708	0.734802561526332
chr13:100898082:C:G	13	100898082	0.688521727611558	0.775965905179629	0.374912425272375
chr13:101190399:G:A	13	101190399	-0.342225446524179	0.73171079934582	0.63999493246574
chr13:104069687:C:G	13	104069687	0.219047149200085	0.839506582292595	0.794151361045729
chr13:104675142:G:C	13	104675142	-0.593861295908138	0.603764127656262	0.325313121344761
chr13:104735365:T:A	13	104735365	-0.0690885022487698	1.64700621135471	0.966540206908735
chr13:106820096:G:T	13	106820096	0.297179351203672	1.23268021392104	0.809490092150669
chr13:109319834:T:C	13	109319834	-0.927335918950569	0.732924345363119	0.205780065966929
chr14:21062373:G:A	14	21062373	-0.463753571195115	0.620093781393814	0.45453464925736
chr14:22506715:T:G	14	22506715	-0.422402808367721	0.649561580215186	0.515505503525303
chr14:22978132:G:A	14	22978132	-0.380656037590344	0.598904408126499	0.525045447276106
chr14:26713884:T:C	14	26713884	1.21031376340306	0.662906133701286	0.0678849977264853
chr14:26925318:T:C	14	26925318	0.992157185259396	0.864665705203131	0.251197348225188
chr14:28844063:G:A	14	28844063	2.59670054499926	1.87271828308201	0.165565499547206
chr14:29832674:T:C	14	29832674	-0.743201016254509	0.680896289914691	0.275051177780598
chr14:31480844:T:C	14	31480844	0.207962893560775	0.634807406509316	0.743214137198828
chr14:34798778:C:T	14	34798778	-1.17300380978701	0.628328402240109	0.0619205521700273
chr14:38548039:C:T	14	38548039	0.0305447566528614	0.756335315299178	0.967786025436476
chr14:40234354:T:C	14	40234354	-0.714967305947502	0.625361641766455	0.252919802047828
chr14:41316269:G:A	14	41316269	-0.504411094970398	1.3416704377442	0.706948474704054
chr14:46518620:C:T	14	46518620	-1.42092492666498	0.851056124470151	0.0949981532647365
chr14:49097009:C:T	14	49097009	-1.09508928368946	0.673470154911255	0.103941186532774
chr14:53834809:C:T	14	53834809	0.732864577092285	0.654184694927818	0.26259801304066
chr14:54109712:C:G	14	54109712	0.103529229993576	0.901768614703614	0.908598205461652
chr14:55357247:A:C	14	55357247	-0.474948420202053	0.640450872163734	0.458339136083524
chr14:56428780:C:T	14	56428780	0.766928378199823	0.83392133935955	0.357747779302008
chr14:56735069:A:T	14	56735069	-1.00244047450525	0.752486135453105	0.182803887163929
chr14:58781197:G:A	14	58781197	-0.188043662242016	0.613301909093723	0.759141278948035
chr14:59006310:T:C	14	59006310	2.16762868914134	1.32435462665942	0.10168409740081
chr14:59045081:G:A	14	59045081	-0.116274976862739	0.711148702898333	0.870122377521051
chr14:62837918:G:T	14	62837918	0.655399820621494	0.663063497377599	0.322936218411377
chr14:71855172:T:C	14	71855172	-0.0968681653487172	1.31384720703272	0.941226310827183
chr14:72228328:T:C	14	72228328	0.0594268380516544	1.06668320275489	0.955571401455754
chr14:72338782:T:C	14	72338782	0.472998964343838	0.608175304307356	0.43672550234761
chr14:74577327:C:A	14	74577327	-1.68208231134083	1.60597661744938	0.294920183456632
chr14:76995358:A:G	14	76995358	0.0743882172419469	0.728660551437796	0.918686042791998
chr14:85162750:G:C	14	85162750	-0.618060469604374	0.634080862133044	0.329691992560351
chr14:88077736:A:G	14	88077736	1.10677207637232	0.772436865521826	0.15190592155113
chr14:90782636:T:C	14	90782636	0.83758587229538	1.24402456701082	0.500764566377286
chr14:90791431:C:T	14	90791431	-2.42238235274142	1.16546871108079	0.0376668333229608
chr14:90864310:T:G	14	90864310	0.229025983368342	0.758610496740757	0.762726814109899
chr14:91437182:A:G	14	91437182	0.837680104275532	0.625639407618678	0.180597244288124
chr14:91590729:C:T	14	91590729	-0.334064206427357	0.747986884374407	0.655151089886387
chr14:92823609:C:G	14	92823609	0.20083585084102	1.38363814434092	0.884592000204769
chr14:94601468:G:A	14	94601468	-0.343511528415974	1.13040327706302	0.761216228121819
chr14:95150725:A:G	14	95150725	0.49941541208556	1.10588754794623	0.651559388240927
chr14:99706392:T:G	14	99706392	0.0785004158909969	0.812492732031115	0.923030745624473
chr14:103281337:C:T	14	103281337	-0.219460407351456	0.871283124629053	0.801132387165378
chr15:24833062:A:G	15	24833062	-0.248255591223134	0.574678478315727	0.665748383504229
chr15:39654599:C:G	15	39654599	-0.141598614502027	0.633163805314351	0.823040065171852
chr15:47158808:A:G	15	47158808	-0.0999625256202392	0.61837822585534	0.871579334334676
chr15:48859940:G:T	15	48859940	-0.0139832563058852	0.610256606132362	0.981719086743777
chr15:57907835:G:A	15	57907835	-0.122280312423493	0.88867650960938	0.890557956560343
chr15:63067365:A:C	15	63067365	-0.0449707116282752	0.629117482742719	0.9430139781292
chr15:65276974:C:A	15	65276974	-0.964281636536632	0.616919698475636	0.118038813539143
chr15:66832735:C:A	15	66832735	-0.917085534191823	1.17237483633431	0.43407001142659
chr15:80010058:A:G	15	80010058	-0.988221206001636	0.645944157027549	0.126044840693613
chr15:80827163:G:A	15	80827163	1.52106648316492	0.77693253211161	0.050255302803299
chr15:82557172:C:T	15	82557172	0.373792437785891	0.724272670341067	0.605789087859581
chr15:82654567:A:G	15	82654567	0.249106006969412	0.587966803108482	0.671803877507993
chr15:83432723:C:T	15	83432723	-0.689499876021382	0.759371276086505	0.363884652313246
chr15:83864979:G:A	15	83864979	0.0141523664686903	0.827671084440463	0.9863576187569
chr15:84590858:G:A	15	84590858	-0.509605864067237	1.23898996581711	0.680847071576641
chr15:86552325:T:A	15	86552325	-0.15058552188402	0.667916096253229	0.821624748530096
chr15:90828379:G:A	15	90828379	-0.0776662100602083	1.78483233202508	0.965291350967643
chr15:92705530:G:C	15	92705530	-1.22687378747833	1.0717411854169	0.252313480746189
chr15:95352927:C:T	15	95352927	1.51486181911691	0.710082940045944	0.0328952890500699
chr15:95976903:T:C	15	95976903	0.668608722578187	2.18262066791637	0.759351120827656
chr15:96159747:G:T	15	96159747	-0.0821798714318196	0.642963847625379	0.898296059503932
chr15:98993935:A:G	15	98993935	0.975549106944232	0.703105195405406	0.165293404072262
chr15:100416820:G:A	15	100416820	0.0125851669859844	1.01031080460927	0.990061226007724
chr16:955836:A:G	16	955836	0.200332452284861	0.611868616348273	0.74335712594413
chr16:1801067:G:C	16	1801067	-1.37171238869731	0.60633237513828	0.0236781966262486
chr16:5179353:C:A	16	5179353	-1.42674861649254	0.8975163736247	0.111910776607865
chr16:7570605:T:C	16	7570605	-0.238192176675328	0.608825326212793	0.695625481822239
chr16:7603824:T:C	16	7603824	1.7185443546739	0.673907388858464	0.010768600940628
chr16:12540907:C:G	16	12540907	0.00767010682912518	0.92893326167303	0.993412023733477
chr16:20316427:A:T	16	20316427	1.19879454896644	1.38085329654135	0.385309542587208
chr16:27759492:C:T	16	27759492	-1.32718164610665	0.737506446295455	0.0719313106016667
chr16:47851374:C:T	16	47851374	-2.31173058821358	1.07403021799892	0.0313667468287797
chr16:49026892:C:G	16	49026892	-1.80298128444095	0.712660447393183	0.0114085175968781
chr16:49507768:G:C	16	49507768	-0.768988021653301	0.593465016861059	0.195058303995177
chr16:52040211:A:C	16	52040211	-0.501189538013174	0.609697161808153	0.411059654885624
chr16:55204838:G:A	16	55204838	0.566843277443575	1.46549605304726	0.698909630312849
chr16:56971389:C:T	16	56971389	0.558635959908907	0.648805101104309	0.389225506941701
chr16:58893618:C:T	16	58893618	0.517708112333203	0.74720553971872	0.488398017199756
chr16:59774078:A:C	16	59774078	-0.782178291571075	0.863057275296117	0.364783533678161
chr16:60875371:T:C	16	60875371	-0.540460730250922	0.638647214529452	0.397408469300325
chr16:61971805:G:A	16	61971805	0.509613499644443	0.980288517842063	0.6031606511628
chr16:63203120:G:A	16	63203120	-0.105722485629851	0.637131394706062	0.868207995020118
chr16:64312305:G:T	16	64312305	-0.445127736105329	0.584180319148654	0.446078054185763
chr16:75128400:T:C	16	75128400	-0.0722364546172816	0.631695428045776	0.90895773500366
chr16:78377286:A:G	16	78377286	-0.551366365842163	1.47715805359604	0.708953759690862
chr16:79313932:G:A	16	79313932	1.41897174317442	1.14820703503859	0.216527251825764
chr16:79761670:T:C	16	79761670	1.12360101799896	0.875537252219061	0.19937736809304
chr16:82501178:T:A	16	82501178	0.547985355967661	0.738100853373657	0.457829196181156
chr16:82732002:G:A	16	82732002	0.747231407410604	0.734454755250575	0.308965034105616
chr16:84568844:A:G	16	84568844	-1.22143962324111	0.721776184291621	0.0905946530182249
chr16:84819746:G:C	16	84819746	1.33707040951886	0.760000425600358	0.0785261956480983
chr16:85492747:G:T	16	85492747	0.535205228566003	0.782643700877285	0.494074461987472
chr16:86591066:G:T	16	86591066	1.30901985498113	1.90311583884243	0.491559945210828
chr16:88169440:A:G	16	88169440	-1.76604829558421	1.25453728058778	0.159211382161312
chr16:89749925:C:T	16	89749925	-2.2936635134635	1.19304393051527	0.054539021789959
chr17:801993:A:G	17	801993	0.120299744074606	0.616207162853657	0.845215918248398
chr17:3540949:C:T	17	3540949	-1.54362849157745	0.617901124007779	0.0124832640925285
chr17:3717940:G:A	17	3717940	2.18974797229224	1.40003029698344	0.117800696651794
chr17:4883443:A:G	17	4883443	2.08145323666723	1.21452363860458	0.0865650663650228
chr17:5045783:T:A	17	5045783	0.220958610194803	0.687454914103422	0.747895598821311
chr17:6392639:C:T	17	6392639	0.160259948178888	0.592529782887815	0.786800747682832
chr17:9894757:G:C	17	9894757	0.71474385586184	0.720368369547532	0.321103791291888
chr17:10000608:C:T	17	10000608	1.1854368711014	0.754413021170069	0.116104459581636
chr17:14284530:G:A	17	14284530	0.47461319622317	0.687441918982079	0.489939663024451
chr17:17280553:G:A	17	17280553	-0.770806927256167	0.798079259542968	0.334130485769062
chr17:17567405:T:C	17	17567405	-0.326895267273519	0.572119267763788	0.567744736678553
chr17:27434066:G:A	17	27434066	2.08247499962518	0.612223989375306	0.000670190910944002
chr17:34544989:C:T	17	34544989	-0.35512563810279	0.703998450078719	0.613951556677417
chr17:35554715:A:G	17	35554715	0.264148384812246	0.634341058581726	0.677107215766466
chr17:38610972:T:G	17	38610972	0.764891302841783	0.832333976490068	0.35811041659444
chr17:44566359:G:A	17	44566359	-3.3054938177095	1.29710632879231	0.0108230734375703
chr17:48532556:G:A	17	48532556	0.291491717481596	0.734918727902518	0.691639420897441
chr17:53103431:T:A	17	53103431	0.542256366104838	0.813801932424625	0.505203551591845
chr17:57048221:G:C	17	57048221	-1.00644187801056	0.643844130605345	0.118011135849132
chr17:58002949:T:C	17	58002949	1.31323754839045	1.01944002756884	0.197678091352707
chr17:58192760:T:C	17	58192760	0.45028586966633	0.598150744632628	0.451572127287883
chr17:58690513:G:A	17	58690513	1.19791104494277	0.682089521393591	0.0790479018334886
chr17:59877710:A:G	17	59877710	0.616031174847405	0.54354408866135	0.257063068669733
chr17:61679782:A:C	17	61679782	-0.0684641204545368	0.618656256875624	0.911881327436935
chr17:63444723:G:A	17	63444723	-0.874743288565814	0.607757328258215	0.15006639746623
chr17:65623804:G:A	17	65623804	-0.517699847494387	0.875419823437002	0.55427037384922
chr17:68964702:T:C	17	68964702	0.646817367173498	0.566732808244975	0.253741275588218
chr17:70272999:C:A	17	70272999	-0.0240946243661219	0.659192773481153	0.970842446070108
chr17:72925662:T:C	17	72925662	-0.854233960352144	0.889769867650725	0.337024169385812
chr17:74463133:A:G	17	74463133	-0.023902879983155	0.602526630514484	0.968355361218279
chr17:74881969:T:C	17	74881969	-0.70868383376548	0.574354210977176	0.217247843818793
chr17:76564478:C:T	17	76564478	-0.545993310970109	0.706000990618925	0.439309033218188
chr17:76654526:T:C	17	76654526	0.131832573509693	0.657675586113949	0.841126872255188
chr17:77615534:C:T	17	77615534	-0.319206993818393	0.577425339363622	0.580392936763891
chr17:77950928:G:A	17	77950928	-1.06179660998312	1.65799864861891	0.521906986726038
chr17:78260032:C:T	17	78260032	-0.391087968675452	0.740539633826315	0.597421507276866
chr17:79750379:G:A	17	79750379	-0.759236200444141	1.31052819904889	0.562362460576699
chr18:1273750:G:T	18	1273750	3.3196201560171	1.84687717681838	0.0722684371038316
chr18:4388701:C:T	18	4388701	0.215475914091489	0.638203549994528	0.735642917973329
chr18:4488934:A:G	18	4488934	-0.49150245694148	0.704522401464908	0.485402849123096
chr18:4872586:A:T	18	4872586	0.162497068542799	0.73006316049614	0.823862819178038
chr18:5900524:G:C	18	5900524	-1.66975499766012	1.08708753498422	0.12454096498762
chr18:7427518:T:C	18	7427518	-0.102668334682464	0.857839916444749	0.904734747824779
chr18:8660151:C:T	18	8660151	0.391855810136155	0.59866181023001	0.512755672327256
chr18:10322647:G:A	18	10322647	0.474988107458501	0.913544917176484	0.603105728096274
chr18:10722074:T:C	18	10722074	-0.583542376166348	0.744147733347456	0.432937174192953
chr18:13010239:C:G	18	13010239	0.681627454866719	0.649390354393697	0.29388269361772
chr18:22268900:A:C	18	22268900	-0.188066838423533	0.638475363680723	0.768332971702372
chr18:25914481:T:C	18	25914481	-0.0205240013463773	0.601605662458502	0.972785150040858
chr18:31203811:T:A	18	31203811	-0.74723980083785	0.573659174027877	0.192716501990603
chr18:33228429:T:A	18	33228429	0.00845637591908691	1.09288377397122	0.993826292768
chr18:33702356:C:A	18	33702356	2.19912427735778	2.61564201341452	0.400483021598944
chr18:33717520:C:T	18	33717520	-0.448207420014829	1.12869549077175	0.691292125440952
chr18:34172501:A:C	18	34172501	-0.268309532453911	1.00424690187673	0.789334526208089
chr18:37014158:A:G	18	37014158	-0.932977109918898	1.01437304293592	0.357699550871579
chr18:42333560:A:G	18	42333560	-1.93281182438811	1.74499609108226	0.268021195058217
chr18:44307972:C:T	18	44307972	-0.282492423863807	0.674048218672049	0.67514433501712
chr18:44426203:G:C	18	44426203	-1.00110930114028	0.999685148759403	0.316621575506699
chr18:46572526:G:T	18	46572526	-0.28146150420863	1.09555314187611	0.797246174465386
chr18:49390420:A:G	18	49390420	0.516687354369461	1.20489361236493	0.668051277921313
chr18:50340818:A:C	18	50340818	1.21454611665217	2.01151875254516	0.545979563479018
chr18:53932166:G:C	18	53932166	-0.150295754825085	1.18575417140458	0.899137327073402
chr18:56681049:C:T	18	56681049	-1.01262316320616	0.923222902167934	0.272713540743558
chr18:57497847:G:T	18	57497847	-1.82139357880238	0.687989977655163	0.00811102382842954
chr18:58583668:G:A	18	58583668	-0.00242354930542178	0.654286905489551	0.997044556241252
chr18:64752182:G:A	18	64752182	-1.80145644441302	1.5614006212167	0.248605179477521
chr19:633381:A:G	19	633381	0.68073529738579	0.608596398079861	0.263339320679195
chr19:4457847:G:A	19	4457847	0.427312517159089	0.726616786297837	0.556475162886079
chr19:4783946:A:T	19	4783946	-0.509914390323898	0.818137227537339	0.533111926634546
chr19:8421749:A:G	19	8421749	-0.129953935209814	0.627736372082901	0.835994299476354
chr19:9125339:T:C	19	9125339	1.0258182592781	0.65933604137707	0.119747271978656
chr19:17202810:C:A	19	17202810	0.0419951761496184	0.599543441643045	0.944157635942377
chr19:17380663:A:G	19	17380663	0.0391687701504619	1.23349392619419	0.974667969594276
chr19:21487312:T:C	19	21487312	-1.01035202928195	0.656214034176362	0.123641196845225
chr19:22027845:G:A	19	22027845	-1.56704514169872	0.913377232718909	0.0862242179944234
chr19:22676241:G:A	19	22676241	-0.38524536313257	0.779944362313551	0.621348875753597
chr19:23565761:T:C	19	23565761	-0.985628716417748	1.6504234518922	0.550375545511002
chr19:28510460:T:A	19	28510460	-0.363806627270542	1.67193693016437	0.82774397638628
chr19:28741911:G:A	19	28741911	-0.485387950115248	0.617750193239241	0.432022751962439
chr19:29920914:T:C	19	29920914	-0.546893558094325	0.942168584625896	0.561602749555051
chr19:31513039:C:A	19	31513039	0.243708002443494	0.863115138841124	0.777668538407348
chr19:34551807:G:A	19	34551807	0.473955943093162	0.628988043918922	0.451136664561923
chr19:40335696:G:A	19	40335696	-0.358222251814368	0.815979957167271	0.660655275408849
chr19:43956052:T:C	19	43956052	-0.0922701418388653	0.848524743331672	0.913407255118869
chr19:50943071:C:T	19	50943071	-0.880258627928458	0.632342984998141	0.163904587698023
chr19:51486993:G:A	19	51486993	0.424527281791309	1.18502628202652	0.720161526305803
chr19:53068053:T:C	19	53068053	-0.619774632812035	0.703939142642861	0.378622184647814
chr19:54009728:G:A	19	54009728	0.391231811898994	1.92760183300341	0.83916396777936
chr19:54011694:T:C	19	54011694	-1.1266576214243	0.63545689285765	0.0762306494716208
chr19:54824672:T:A	19	54824672	-0.538288421946399	0.675643288511227	0.425622348644048
chr19:56045463:T:G	19	56045463	0.382718947354882	0.801942411471649	0.633191274245926
chr20:852010:G:T	20	852010	0.587268116057614	0.564814024298483	0.298453814561518
chr20:3415987:C:T	20	3415987	-0.869740801595067	0.679364130138804	0.200465054338897
chr20:4158277:G:A	20	4158277	-0.919512788066549	0.789526448648382	0.244165409580556
chr20:5686441:T:G	20	5686441	0.901810592647941	1.91854488887555	0.638319828842199
chr20:6566640:T:C	20	6566640	0.766666532256439	0.635004475765445	0.22730109356037
chr20:13242423:A:G	20	13242423	-0.0477493075150793	0.71954550590599	0.947090919109775
chr20:13677035:T:C	20	13677035	-0.180828784179	0.634258118082351	0.775565362252405
chr20:13858881:C:A	20	13858881	0.535559391076371	1.23425096084727	0.664350528363866
chr20:14365572:C:T	20	14365572	-0.571700192746666	0.722736942907734	0.428931661685891
chr20:15664140:C:A	20	15664140	-0.516155671600095	1.01159302574151	0.609883023042101
chr20:17153992:G:A	20	17153992	-0.691585905507479	0.886564539722855	0.43534734667087
chr20:23776135:A:T	20	23776135	1.38717451523546	0.629067689123365	0.0274451427543138
chr20:24669724:G:A	20	24669724	-0.420953412349839	0.633323780771682	0.50625946978979
chr20:36427680:C:T	20	36427680	-0.374040559011409	0.746924104397443	0.616529820613723
chr20:38175748:T:C	20	38175748	-0.0606442367443217	0.79629848912403	0.93929366009739
chr20:38693582:C:G	20	38693582	0.916841876535955	0.553211930281557	0.097457469551804
chr20:44287952:C:T	20	44287952	-0.217997203199868	0.717019993621235	0.761103320139428
chr20:45497637:G:A	20	45497637	-0.697836328622167	1.1544350488458	0.545522587248987
chr20:47275480:C:T	20	47275480	0.451142467855856	0.884900313409359	0.610175521887234
chr20:48602530:A:G	20	48602530	2.23198607255446	0.970074026748302	0.0214006212597588
chr20:48698096:G:A	20	48698096	0.551101677047483	1.25907143500933	0.661600251262946
chr20:50460373:T:G	20	50460373	0.670436585228642	1.03026722606435	0.51521403009876
chr20:50675877:C:T	20	50675877	0.113952149997289	0.645778468318471	0.859934904698678
chr20:51596116:G:A	20	51596116	-0.325969595283709	0.632421382201058	0.606251863733719
chr20:53482021:T:C	20	53482021	0.00593450614004937	0.883842047358187	0.994642690670161
chr20:60681799:T:G	20	60681799	2.07074067504926	1.5481768296532	0.181048069924851
chr21:17303585:T:A	21	17303585	0.43897966364719	0.671652414279025	0.513381397918849
chr21:17347171:C:T	21	17347171	-0.147535669898086	0.705082574411503	0.834256246911141
chr21:18191646:T:C	21	18191646	0.295832998038176	1.17789143611563	0.801694488134853
chr21:19773159:T:A	21	19773159	-0.153749841693819	1.19964457397196	0.898020116048895
chr21:28809957:C:T	21	28809957	-0.943654119150652	0.654887132806869	0.149601179556353
chr21:32424384:T:C	21	32424384	0.844286323955589	1.05697497884352	0.424420266293678
chr21:32906849:A:G	21	32906849	-0.0769995260595442	0.691901534306949	0.911388901380345
chr21:35225987:T:C	21	35225987	0.493764404546285	0.702508110788354	0.482143396929856
chr21:36963655:G:A	21	36963655	-0.949160776478477	0.827189565745748	0.251194633256565
chr21:37097537:A:G	21	37097537	1.22438429009974	0.641055934900745	0.0561397503739695
chr21:38314650:G:A	21	38314650	0.308257130230819	1.45760825234921	0.832511593062167
chr21:39520391:C:G	21	39520391	0.926501455296986	1.15920857892528	0.424143465113773
chr21:40877741:T:G	21	40877741	0.0159331792563759	0.822056037557065	0.98453628313218
chr21:44783726:C:A	21	44783726	-1.07298926554484	0.599376493250058	0.0734256616408114
chr21:46098693:T:A	21	46098693	1.07899948825926	1.14111317783589	0.344369248157739
chr22:18963201:C:G	22	18963201	-0.0171271699636657	0.605815881396455	0.977445813600216
chr22:19218990:A:G	22	19218990	0.33276236661105	0.632547890768408	0.598841880880275
chr22:23512849:G:C	22	23512849	-0.450020083009774	0.839444464872222	0.591894457614223
chr22:23644206:G:A	22	23644206	0.532203879342054	1.65064827704484	0.747133680340095
chr22:25104529:G:T	22	25104529	-0.462011289518894	0.609799176805572	0.448663540747884
chr22:27217169:C:T	22	27217169	-0.331555523001315	0.590589057607189	0.574526238795448
chr22:29506710:G:A	22	29506710	-0.466557386995214	1.04086847660491	0.653981036720211
chr22:30770036:G:A	22	30770036	1.07715090449781	0.762060991782248	0.157517362430837
chr22:33930410:T:C	22	33930410	-0.22686696155007	1.47358529994286	0.877644609045561
chr22:34494006:T:C	22	34494006	-0.597364061438909	0.657682697957832	0.363727077472065
chr22:44727866:C:G	22	44727866	0.720216257407509	1.69897352693752	0.671629566603631
chr22:48023738:A:G	22	48023738	-0.172268958229539	0.563322622575291	0.759750304871432
chr22:49185588:A:G	22	49185588	1.48227965801838	0.907117638003231	0.102247407587935
