SNP	CHR	POS	est	stderr	pval
chr1:1119172:G:A	1	1119172	0.534777893101803	0.397073499266402	0.178045219191875
chr1:1423343:G:T	1	1423343	-0.118054491306074	0.376433276275476	0.75381473811247
chr1:3522693:A:G	1	3522693	0.440540643371065	0.344572285069492	0.201068095270409
chr1:3578156:G:A	1	3578156	0.352797404426997	0.331936590390369	0.287851894591167
chr1:7555849:G:A	1	7555849	-0.0752157384614065	0.218627973902194	0.730819746392063
chr1:7656708:C:T	1	7656708	0.118252771873472	0.223476985815685	0.596701631934801
chr1:13976665:A:G	1	13976665	-0.248454112425077	0.204136455993397	0.223566856825206
chr1:14998146:C:T	1	14998146	-1.18765494171102	0.856437032681025	0.165521254241028
chr1:16141429:G:T	1	16141429	0.41800124820145	0.24260248746353	0.0848906402986062
chr1:17339644:G:A	1	17339644	0.072817708779156	0.420679468579962	0.862576388526773
chr1:19097071:T:C	1	19097071	0.0795176676694168	0.252395635000857	0.752722418843407
chr1:19460628:G:T	1	19460628	0.417949742131686	0.292642680794197	0.15323679283621
chr1:20325961:G:A	1	20325961	-0.197346590394316	0.245496919817363	0.421474453849339
chr1:22167765:A:G	1	22167765	0.0125329969584445	0.381801838032639	0.973813407409546
chr1:30015493:T:C	1	30015493	0.117950460594638	0.225517777618113	0.6009598646984
chr1:37446788:C:T	1	37446788	0.460617697258338	0.255675464893575	0.0716128076803669
chr1:39880101:G:A	1	39880101	-0.00870328795502352	0.269257045563332	0.974214193562968
chr1:47010925:C:A	1	47010925	0.139507790129735	0.226450904481453	0.537853621098684
chr1:47759624:A:G	1	47759624	-0.229898092143168	0.284995033127821	0.4198543096074
chr1:53529308:C:T	1	53529308	0.574120763904422	0.523214267096989	0.272512151305309
chr1:53803200:C:G	1	53803200	-0.159155357496645	0.305739688232354	0.602674447541617
chr1:55860667:T:C	1	55860667	0.177801173868374	0.300431834123652	0.553972007746798
chr1:58422155:C:T	1	58422155	-0.153843863796603	0.273015445270242	0.57309530690151
chr1:60929432:C:T	1	60929432	-0.190169805771435	0.27652739359399	0.491637353122637
chr1:61543250:G:A	1	61543250	-0.0572581028848785	0.280098691966349	0.838024386640371
chr1:62531865:A:G	1	62531865	0.350119194212215	0.396388962349577	0.377089433705074
chr1:62804887:A:C	1	62804887	-0.136103083846594	0.310965762526026	0.661619228045123
chr1:63986687:A:G	1	63986687	0.0674371827502512	0.348609257275615	0.84660943153145
chr1:69821719:C:A	1	69821719	0.344344464609564	0.319674660016712	0.281403611014728
chr1:72386700:G:A	1	72386700	0.174225621998329	0.369476061796787	0.637249597465155
chr1:76159454:T:C	1	76159454	0.335325706069974	0.257820071479791	0.193388870289317
chr1:85262005:C:T	1	85262005	-0.0735105444091768	0.329965323509929	0.823704683223141
chr1:91160584:G:A	1	91160584	0.269560134299072	0.256022725869771	0.292397915131762
chr1:91817503:T:C	1	91817503	-0.352937402220322	0.231836118060787	0.127919582714884
chr1:99610221:A:T	1	99610221	-0.453048527743165	0.211711712170809	0.0323603159845717
chr1:101377382:T:C	1	101377382	0.145509693839194	0.23210317921736	0.530712894593606
chr1:102216024:A:G	1	102216024	0.0725813306378766	0.229932704078584	0.752258037912417
chr1:103197038:T:C	1	103197038	0.763247647281303	0.301624754160782	0.0113914933119833
chr1:105600504:G:T	1	105600504	-0.485394040731362	0.312963898043392	0.120911612083794
chr1:116729807:A:G	1	116729807	-0.57550740523746	0.366434123420966	0.116284488721386
chr1:147504327:C:T	1	147504327	0.260702491081699	0.298520055977381	0.382490588328245
chr1:151785367:G:A	1	151785367	-0.141508610051322	0.419443016831783	0.7358359852076
chr1:153350743:T:G	1	153350743	-0.443683477691704	0.381982667300949	0.245427334587023
chr1:160512729:G:A	1	160512729	0.127819926032466	0.298645385875763	0.668651849603198
chr1:161251787:C:A	1	161251787	-0.127362220231016	0.407371336541472	0.754551115497628
chr1:165250987:T:G	1	165250987	-0.311940631677571	0.300902098297831	0.29988277801243
chr1:168766329:A:T	1	168766329	-0.0720874144358482	0.235551777838103	0.759576943183799
chr1:173755709:T:C	1	173755709	-0.85132369535857	1.70865763294338	0.61831401930758
chr1:175292296:G:T	1	175292296	-0.398020425992699	0.375797668847777	0.289538348256129
chr1:178260093:C:T	1	178260093	-0.351377593660199	0.47565870155214	0.460078318503477
chr1:178697199:A:G	1	178697199	0.642464749966296	0.619399564311399	0.299624963967455
chr1:179787504:C:T	1	179787504	0.144675847638158	0.301329837422324	0.631138844220904
chr1:182299075:G:A	1	182299075	0.0183012595361915	0.53210258408027	0.972562783231908
chr1:183111880:G:C	1	183111880	0.421994990273245	0.295483282633073	0.153248162485878
chr1:186252898:G:A	1	186252898	-0.0934537775430574	0.257371251777341	0.716523578798541
chr1:187303887:T:C	1	187303887	-0.337653437965467	0.242369912273165	0.163579681726165
chr1:188252978:A:G	1	188252978	-0.337354854597138	0.28359117225698	0.234210861709081
chr1:192014728:A:C	1	192014728	-0.173817804869496	0.238302790371724	0.465757660439448
chr1:193474027:G:A	1	193474027	-0.0407521132018205	0.311389889956065	0.895876830327319
chr1:195541479:C:G	1	195541479	-0.292578726636415	0.280592046429777	0.297078342255001
chr1:195890547:C:T	1	195890547	0.103218839280077	0.476445603341732	0.828486188811682
chr1:196036941:C:T	1	196036941	-0.0615990879753384	0.238731094985772	0.796386005823493
chr1:196410185:C:T	1	196410185	-0.0725218121861667	0.417428654289936	0.862074021732874
chr1:199346203:A:G	1	199346203	0.278047614257235	0.29621323853824	0.347898235214039
chr1:199581768:G:A	1	199581768	-0.130170564829699	0.254288219349871	0.60871982745134
chr1:201310712:C:G	1	201310712	-0.84936999328516	0.507529074214628	0.0942211217129061
chr1:204449761:C:T	1	204449761	-0.20080263574577	0.330485281623079	0.54345324518989
chr1:216553519:C:T	1	216553519	-0.178520900481588	0.476012291706483	0.707635014007014
chr1:217097772:T:A	1	217097772	-0.206478570748263	0.250884446759799	0.410506472351982
chr1:219062760:A:G	1	219062760	-0.0219187693381485	0.242430118560181	0.927959239458251
chr1:220705910:C:T	1	220705910	-0.207663193428574	0.304324360265479	0.49500215446543
chr1:235086422:C:T	1	235086422	0.188046809270746	0.218474046508232	0.389387665821573
chr1:238505302:C:T	1	238505302	0.276978194879872	0.338141889714559	0.412718947241409
chr1:241241361:A:T	1	241241361	-0.0848697184061688	0.40101635862177	0.832390592818902
chr1:243383652:A:C	1	243383652	-0.0866726336356408	0.451848742697644	0.847884924230382
chr1:246107211:T:C	1	246107211	-0.200658356395888	0.259589818866423	0.439532807669798
