SNP	CHR	POS	est	stderr	pval
chr1:1119172:G:A	1	1119172	0.111375628196356	0.257567226050122	0.665440675297681
chr1:1423343:G:T	1	1423343	0.288701356007496	0.210507439289841	0.170233345995786
chr1:3522693:A:G	1	3522693	-0.448080797945574	0.243909018609958	0.0661978332266742
chr1:3578156:G:A	1	3578156	-0.0701351926955347	0.174113797484351	0.687086254990459
chr1:7555849:G:A	1	7555849	-0.235158655986974	0.168494457349231	0.162821050455288
chr1:7656708:C:T	1	7656708	0.0205855491708827	0.132969515488053	0.876967914745831
chr1:13976665:A:G	1	13976665	0.148753035037816	0.14237260104708	0.296108461756414
chr1:14998146:C:T	1	14998146	0.327912965991678	0.261139843816028	0.209225225742702
chr1:16141429:G:T	1	16141429	-0.15251832124829	0.136065605356137	0.262322971510941
chr1:17339644:G:A	1	17339644	0.166312720212412	0.235547251664065	0.480144944295427
chr1:19097071:T:C	1	19097071	0.147480596896297	0.1185868568994	0.213628243098672
chr1:19460628:G:T	1	19460628	-0.0485851359205795	0.160989874389524	0.762812146321788
chr1:20325961:G:A	1	20325961	-0.186675077376645	0.231088346561353	0.419200963797454
chr1:22167765:A:G	1	22167765	0.0848584399235739	0.129778282294953	0.513194001961355
chr1:30015493:T:C	1	30015493	-0.110286310669449	0.16330536459837	0.499461076172011
chr1:37446788:C:T	1	37446788	-0.213301350569482	0.146434851430279	0.145218630678729
chr1:39880101:G:A	1	39880101	-0.256366924102711	0.148610510248101	0.0845107464092781
chr1:47010925:C:A	1	47010925	0.0386518643782083	0.160866689006511	0.810118902379666
chr1:47759624:A:G	1	47759624	0.00512282259889975	0.168187533867531	0.975700998547371
chr1:53529308:C:T	1	53529308	-0.014138295122622	0.156161151398762	0.927860834061799
chr1:53803200:C:G	1	53803200	0.11749217865925	0.152464647204359	0.44093269985835
chr1:55860667:T:C	1	55860667	0.193536572226323	0.169836534054376	0.254475421904249
chr1:58422155:C:T	1	58422155	-0.237266860568427	0.206597264666114	0.250782379500613
chr1:60929432:C:T	1	60929432	0.0723395629918944	0.128042983805037	0.572098852689198
chr1:61543250:G:A	1	61543250	-0.00920454229581948	0.151956733921584	0.951698925479269
chr1:62531865:A:G	1	62531865	0.515124365054526	0.361506481934539	0.154175090576655
chr1:62804887:A:C	1	62804887	-0.0454265426901073	0.163542950643125	0.78119259591746
chr1:63986687:A:G	1	63986687	-0.360541788088798	0.183907320475373	0.049942783790953
chr1:69821719:C:A	1	69821719	0.0924571412956878	0.11986609440115	0.440507267758618
chr1:72386700:G:A	1	72386700	-0.284414447857067	0.354628876532375	0.422549550964219
chr1:76159454:T:C	1	76159454	0.250017893251554	0.177222792416738	0.158316946071909
chr1:85262005:C:T	1	85262005	-0.144348779776183	0.228143765135294	0.526923215480615
chr1:91160584:G:A	1	91160584	0.0703094406568826	0.122937293514247	0.567380892642407
chr1:91817503:T:C	1	91817503	0.122670811293011	0.141899976090991	0.387319928554137
chr1:99610221:A:T	1	99610221	0.110746488096122	0.137556853951072	0.420764220088848
chr1:101377382:T:C	1	101377382	-0.275714157800248	0.138911356031716	0.0471644052654456
chr1:102216024:A:G	1	102216024	-0.0384483513687157	0.157566985049433	0.807220954918886
chr1:103197038:T:C	1	103197038	0.161059123476202	0.176573054735916	0.361695687775608
chr1:105600504:G:T	1	105600504	-0.273685352350105	0.164206247956932	0.0955706819999199
chr1:116729807:A:G	1	116729807	0.325545508300894	0.16661218504168	0.0507116531449745
chr1:147504327:C:T	1	147504327	0.0799787822376875	0.18468386795539	0.664972808223586
chr1:151785367:G:A	1	151785367	0.309763224923788	0.32956317833849	0.34725828267549
chr1:153350743:T:G	1	153350743	0.102489989522538	0.215081328501501	0.633705833754914
chr1:160512729:G:A	1	160512729	0.122402172805434	0.175280140271483	0.484975149360976
chr1:161251787:C:A	1	161251787	-0.074742219853287	0.224809059872956	0.739534551240785
chr1:165250987:T:G	1	165250987	-0.445839644100237	0.188582116863954	0.0180706578253543
chr1:168766329:A:T	1	168766329	0.115918203016524	0.161515403808467	0.472947637765961
chr1:173755709:T:C	1	173755709	0.0761415483481738	0.285933745599713	0.790015197368617
chr1:175292296:G:T	1	175292296	0.301133570172482	0.174342941732754	0.0841230587646364
chr1:178260093:C:T	1	178260093	-0.0454749265419575	0.154846644284109	0.769004589958116
chr1:178697199:A:G	1	178697199	0.138373340673655	0.343823469188834	0.687349485701176
chr1:179787504:C:T	1	179787504	-0.0658015853461038	0.141855122698959	0.642744677951245
chr1:182299075:G:A	1	182299075	-0.438090906993721	0.253224363669858	0.083621274181093
chr1:183111880:G:C	1	183111880	0.025855332637323	0.144113119798796	0.85761579182591
chr1:186252898:G:A	1	186252898	-0.0283960375692522	0.124836239970359	0.82006117140803
chr1:187303887:T:C	1	187303887	-0.15662372766155	0.156679422838516	0.31748256616332
chr1:188252978:A:G	1	188252978	0.0151810799760586	0.163699910447488	0.926112301078615
chr1:192014728:A:C	1	192014728	-0.152900274331759	0.138151475302959	0.26839849686975
chr1:193474027:G:A	1	193474027	-0.155605953872679	0.17699931507966	0.379329120868882
chr1:195541479:C:G	1	195541479	0.032270521870291	0.150066797396169	0.829735312888764
chr1:195890547:C:T	1	195890547	0.0110558227295145	0.149924046874263	0.941215022229995
chr1:196036941:C:T	1	196036941	0.000607321905930864	0.151026406381635	0.996791478538076
chr1:196410185:C:T	1	196410185	-0.525957692367882	0.256894828945997	0.0406221796422419
chr1:199346203:A:G	1	199346203	0.112659669874373	0.172405385009035	0.51346108831851
chr1:199581768:G:A	1	199581768	0.117346342318437	0.132531756947943	0.375929848105925
chr1:201310712:C:G	1	201310712	-0.246640680819117	0.194507691740404	0.204788903548483
chr1:204449761:C:T	1	204449761	0.0256875791977342	0.173162613925305	0.882071545885588
chr1:216553519:C:T	1	216553519	-0.031528991059553	0.189717278017981	0.868007940612299
chr1:217097772:T:A	1	217097772	0.116523960056522	0.143402865458385	0.416468262462695
chr1:219062760:A:G	1	219062760	-0.101376253057985	0.132777855518053	0.445163644327193
chr1:220705910:C:T	1	220705910	0.160415489674613	0.156071024597768	0.304026761756728
chr1:235086422:C:T	1	235086422	0.24349028989647	0.157331840874587	0.121713221730818
chr1:238505302:C:T	1	238505302	-0.221085591642159	0.29986316186124	0.460947064387279
chr1:241241361:A:T	1	241241361	-0.482017237505466	0.293903079029278	0.100993715312188
chr1:243383652:A:C	1	243383652	-0.336626920724286	0.190629485328323	0.0774176335951299
chr1:246107211:T:C	1	246107211	0.268607170274992	0.14759260753195	0.0687707429250921
