SNP	CHR	POS	est	stderr	pval
chr1:1119172:G:A	1	1119172	0.216443128573811	0.477964185640432	0.650661205873173
chr1:1423343:G:T	1	1423343	0.0486749414125539	0.418821579452592	0.907479137403635
chr1:3522693:A:G	1	3522693	-0.514560477007658	0.418035506484128	0.218359755726945
chr1:3578156:G:A	1	3578156	0.00621852216230727	0.371983500397954	0.98666222634321
chr1:7555849:G:A	1	7555849	-0.328765295243206	0.265719793112329	0.215989421882583
chr1:7656708:C:T	1	7656708	0.128047907852414	0.263575309457305	0.627100843083352
chr1:13976665:A:G	1	13976665	-0.279569206765893	0.248823975556136	0.261198810865434
chr1:14998146:C:T	1	14998146	0.615818456587445	0.521348374001363	0.237521942641868
chr1:16141429:G:T	1	16141429	0.0910916002247271	0.244474664588065	0.709445136998478
chr1:17339644:G:A	1	17339644	0.644745922112502	0.390733525663571	0.0989243001176419
chr1:19097071:T:C	1	19097071	0.528942955384572	0.265443489897607	0.0462969025128017
chr1:19460628:G:T	1	19460628	-0.0892380019774871	0.308336656535207	0.772261960069867
chr1:20325961:G:A	1	20325961	-0.270411548462297	0.315633356842811	0.391595901289928
chr1:22167765:A:G	1	22167765	0.361652596765999	0.329131010195888	0.271850748694462
chr1:30015493:T:C	1	30015493	-0.129565726511789	0.268854120266872	0.629863969912778
chr1:37446788:C:T	1	37446788	-0.258886019918849	0.271612804020732	0.34051729162673
chr1:39880101:G:A	1	39880101	-0.24343071415088	0.326570940329443	0.456021180950452
chr1:47010925:C:A	1	47010925	-0.204330793440451	0.287789148516139	0.477703063116135
chr1:47759624:A:G	1	47759624	0.0662534315491348	0.249217749373883	0.790358155344803
chr1:53529308:C:T	1	53529308	0.290245162560122	0.554553472255021	0.60070611773004
chr1:53803200:C:G	1	53803200	0.0245967977669617	0.326028624033226	0.939861710052774
chr1:55860667:T:C	1	55860667	-0.000142302397173262	0.343765434541663	0.999669714081119
chr1:58422155:C:T	1	58422155	-0.538305515043483	0.300044709992932	0.0727997084158024
chr1:60929432:C:T	1	60929432	-0.0908525979228166	0.268653209406256	0.735229073661159
chr1:61543250:G:A	1	61543250	-0.23232695916173	0.265099087041009	0.380824673720099
chr1:62531865:A:G	1	62531865	1.16910509182483	0.639902537467674	0.0676990278772211
chr1:62804887:A:C	1	62804887	-0.218988652732127	0.353452450150698	0.535540702663131
chr1:63986687:A:G	1	63986687	-0.578367311805463	0.330087477676091	0.0797456553872995
chr1:69821719:C:A	1	69821719	-0.0745978210740396	0.274962994189709	0.786159297470651
chr1:72386700:G:A	1	72386700	0.634108146486799	0.470303730633744	0.177563534705522
chr1:76159454:T:C	1	76159454	0.189234406041277	0.34336800600067	0.581556545407712
chr1:85262005:C:T	1	85262005	-0.575983349060548	0.546459509858604	0.291870328538604
chr1:91160584:G:A	1	91160584	0.127824116290297	0.258938785510051	0.621556151866518
chr1:91817503:T:C	1	91817503	0.0261991022647082	0.269722123015072	0.922620234896861
chr1:99610221:A:T	1	99610221	-0.116345587841815	0.258633760062492	0.652820858248209
chr1:101377382:T:C	1	101377382	-0.816150829512573	0.287940623090839	0.00459058729771733
chr1:102216024:A:G	1	102216024	-0.0468761229389598	0.281957626869951	0.867958349692818
chr1:103197038:T:C	1	103197038	0.45864422138683	0.393241169364729	0.243485931910707
chr1:105600504:G:T	1	105600504	0.0756311126917668	0.284304382730552	0.790222557808453
chr1:116729807:A:G	1	116729807	0.177997673592039	0.284214802954086	0.531132163320274
chr1:147504327:C:T	1	147504327	0.382745902840892	0.342448684431435	0.263706360971094
chr1:151785367:G:A	1	151785367	1.05465188818719	0.413419081668679	0.0107399557921503
chr1:153350743:T:G	1	153350743	-0.350853679855486	0.473415017516063	0.458625368530847
chr1:160512729:G:A	1	160512729	-0.19622579195068	0.302887098265294	0.517081149618442
chr1:161251787:C:A	1	161251787	-0.307064290027039	0.37170688988778	0.40875159727634
chr1:165250987:T:G	1	165250987	-0.140842310513919	0.310690880951951	0.650318517840693
chr1:168766329:A:T	1	168766329	0.23056844140555	0.279221787628154	0.408943788448539
chr1:173755709:T:C	1	173755709	-0.154375479034969	0.838552679453324	0.853936942292755
chr1:175292296:G:T	1	175292296	-0.108332681314422	0.346947722426161	0.754854357891638
chr1:178260093:C:T	1	178260093	-0.548683847047351	0.407936338440999	0.178617736478738
chr1:178697199:A:G	1	178697199	0.667335049590252	0.716118546451652	0.351399628336226
chr1:179787504:C:T	1	179787504	0.282762627895395	0.295592900348166	0.338771820455451
chr1:182299075:G:A	1	182299075	-0.711296911730762	0.473387963668235	0.132950858757676
chr1:183111880:G:C	1	183111880	0.13804000624654	0.266427108380747	0.604377707906708
chr1:186252898:G:A	1	186252898	-0.0555695247827066	0.246625061239901	0.821730449214316
chr1:187303887:T:C	1	187303887	-0.127141701987755	0.298090732416896	0.669728873114305
chr1:188252978:A:G	1	188252978	0.0315464628806824	0.318063841005653	0.920993129751759
chr1:192014728:A:C	1	192014728	-0.139401690715639	0.269954948278385	0.605582941143765
chr1:193474027:G:A	1	193474027	-0.475383527504463	0.293656946712443	0.105481754868903
chr1:195541479:C:G	1	195541479	0.329254982706878	0.259400099440528	0.204336235300855
chr1:195890547:C:T	1	195890547	0.153776280873648	0.304603535515984	0.613670683712605
chr1:196036941:C:T	1	196036941	-0.193050679427835	0.273019288770625	0.479507202994204
chr1:196410185:C:T	1	196410185	-0.804983120097268	0.453571415583319	0.0759365349739466
chr1:199346203:A:G	1	199346203	-0.139249210019948	0.469749740783944	0.766899613573498
chr1:199581768:G:A	1	199581768	-0.121713791113676	0.268568902939417	0.650409117649268
chr1:201310712:C:G	1	201310712	-0.21838966752793	0.409474798230766	0.593797603177424
chr1:204449761:C:T	1	204449761	-0.06392045515863	0.328510077333413	0.845724229777326
chr1:216553519:C:T	1	216553519	-0.63355033653887	0.460644642331525	0.169021127304707
chr1:217097772:T:A	1	217097772	0.403771439507799	0.335529855325715	0.228827548969172
chr1:219062760:A:G	1	219062760	-0.183189395460936	0.267824264664148	0.493980828096719
chr1:220705910:C:T	1	220705910	-0.0363251941397806	0.282944590868745	0.897846111151181
chr1:235086422:C:T	1	235086422	0.534395546057199	0.260885938913013	0.0405220266543151
chr1:238505302:C:T	1	238505302	-0.819152663951322	0.454009214882465	0.0711898677439007
chr1:241241361:A:T	1	241241361	-0.559597552338315	0.40443789843536	0.166467881799116
chr1:243383652:A:C	1	243383652	-0.599256769886376	0.388116473190669	0.122585252126959
chr1:246107211:T:C	1	246107211	0.194147478192548	0.298803150532487	0.515853437383183
