SNP	CHR	POS	est	stderr	pval
chr1:1837340:C:T	1	1837340	0.854025091786939	0.362166286494252	0.0183686385642113
chr1:2261200:G:C	1	2261200	-0.457156659510067	0.302171556056443	0.13030395857168
chr1:14678191:A:C	1	14678191	0.217692977551221	0.290850690223733	0.454176793778315
chr1:14985097:C:T	1	14985097	0.244131258096171	0.395593706403045	0.537151459745924
chr1:20215506:G:C	1	20215506	-0.494988868333428	0.335246875700331	0.139812230711011
chr1:22009627:T:C	1	22009627	-0.431900403170652	0.455306709308465	0.342828048315939
chr1:22126221:C:T	1	22126221	0.354828973593077	0.306511490145377	0.247012294363958
chr1:23180575:A:G	1	23180575	-0.157433552222751	0.273319003994492	0.564610715537414
chr1:26058659:G:C	1	26058659	0.481174792631285	0.2618249835042	0.0660959140199011
chr1:26181362:A:G	1	26181362	-0.572662895162855	0.461198323709885	0.214352922826467
chr1:28670719:C:T	1	28670719	-0.124518565717573	0.299522839637556	0.677612630224724
chr1:29753056:A:C	1	29753056	0.182343867217927	0.293097644796136	0.53385856705608
chr1:29908726:A:G	1	29908726	0.24871379422825	0.307629689133679	0.418811802387479
chr1:31886486:G:T	1	31886486	-0.578676230292507	0.388716586442725	0.136570554450345
chr1:37838865:C:T	1	37838865	0.406851533369735	0.305170041404159	0.182467432709121
chr1:39880059:T:C	1	39880059	0.310935448951531	0.255284520453852	0.223225605664874
chr1:43202709:G:A	1	43202709	0.436528381551834	0.289819407173726	0.132013722733644
chr1:47498869:G:A	1	47498869	0.539215203120409	0.279571778831185	0.0537658444163875
chr1:54900240:G:A	1	54900240	-0.495746698835197	0.247205497776396	0.044919958796709
chr1:56563907:C:T	1	56563907	-0.745086464344694	0.560274764630096	0.183564716888226
chr1:65351414:T:A	1	65351414	0.0336217719298407	0.269021728705337	0.900541042793958
chr1:73302339:T:C	1	73302339	0.353433273894734	0.180545972902225	0.0502792586590035
chr1:73563666:T:C	1	73563666	0.140469372961745	0.360091263278188	0.696467179638779
chr1:76062379:T:C	1	76062379	-0.17963671943947	0.276521050912496	0.515930434129534
chr1:86928231:G:T	1	86928231	-0.41773027904972	0.432891065823612	0.334555918875699
chr1:88611347:G:A	1	88611347	0.723366247946758	0.366268557089363	0.048272533056015
chr1:91057167:C:A	1	91057167	0.287078587927744	0.307791540501824	0.350972505390296
chr1:91093925:G:A	1	91093925	-0.263983052349366	0.372342116369366	0.47833699033337
chr1:92475800:A:G	1	92475800	0.336051622371581	0.292741667427368	0.250990862147325
chr1:94752415:G:A	1	94752415	-0.0436415176605508	0.322756855084651	0.892442011427518
chr1:95614324:G:A	1	95614324	-0.0212457235076788	0.254389632521735	0.93344088386718
chr1:99691102:T:C	1	99691102	0.0947061098572243	0.249838511999429	0.704636403063569
chr1:104937367:T:A	1	104937367	0.570726659163874	0.266234877707714	0.0320572478715642
chr1:153704237:C:A	1	153704237	0.289452917978737	0.301273978942053	0.33667130266175
chr1:159540226:C:T	1	159540226	-0.197944861108956	0.415691055759295	0.633944271654834
chr1:165647351:T:C	1	165647351	-0.985838789661717	0.615072755569791	0.108978753282988
chr1:168863629:G:A	1	168863629	-0.0812988980671329	0.285078958814285	0.775506025548344
chr1:171350391:G:A	1	171350391	-0.125922556927317	0.263443044048704	0.63265889951103
chr1:173013575:C:G	1	173013575	-0.00307613886717048	0.267316401501302	0.990818559853716
chr1:185127444:C:G	1	185127444	-0.43194250529556	0.605665139129792	0.475740263347478
chr1:186638909:G:T	1	186638909	-0.0609898346554013	0.328357492302917	0.852646953250987
chr1:188272062:T:C	1	188272062	-0.158550504620221	0.217418268389705	0.465853723410342
chr1:193365737:C:T	1	193365737	0.540545197310628	0.367702684130469	0.141545364982672
chr1:195033388:T:C	1	195033388	0.305748441105774	0.25820130983666	0.236354671476295
chr1:195907914:A:G	1	195907914	-0.341756704907175	0.395647633557105	0.387702935166382
chr1:196692375:G:C	1	196692375	0.0903332392319657	0.306649380046768	0.768313584062443
chr1:197559019:A:G	1	197559019	0.369533186641401	0.296333222918926	0.21239049712658
chr1:199160726:G:A	1	199160726	0.604828553149663	0.273369227666119	0.0269323541067105
chr1:204277152:T:C	1	204277152	-0.334682369469348	0.293079961240484	0.253475218112707
chr1:207498131:C:T	1	207498131	0.444765195082312	0.288596610912754	0.123284896737306
chr1:210496535:G:A	1	210496535	-0.242416856751285	0.340983621724495	0.477125123613589
chr1:212937214:T:G	1	212937214	0.480326075796397	0.337496734449508	0.154677564504609
chr1:219750864:A:G	1	219750864	-0.431915574251885	0.289545254935704	0.135776978084259
chr1:221920463:G:A	1	221920463	0.358261956966113	0.296263775396756	0.226560349327751
chr1:227462684:A:G	1	227462684	-0.355049911322772	0.368983610035481	0.335930254961632
chr1:234456961:G:A	1	234456961	-0.342183295000838	0.484371914294839	0.479909932713193
chr1:237308322:A:G	1	237308322	0.161644334922807	0.359671169335713	0.653126865562694
chr1:244583991:C:T	1	244583991	-0.670109360770831	0.614132472991292	0.275207806848584
chr1:247190028:T:C	1	247190028	-0.424901039757842	0.383244893976605	0.267562520503864
chr1:247897239:C:T	1	247897239	-0.362374632955367	0.305895752488186	0.236162027486611
chr2:3248328:A:G	2	3248328	0.294788049980333	0.274021291425704	0.282023332494089
chr2:4505759:T:G	2	4505759	-0.132665702912473	0.384784014331796	0.730260023010333
chr2:6804400:G:A	2	6804400	0.57504675352299	0.334195969226961	0.0853075856643863
chr2:9411790:A:C	2	9411790	-0.102846578257013	0.460717582474931	0.82335550379933
chr2:12096367:C:T	2	12096367	-0.859484748314279	0.52078951027426	0.0988714576256898
chr2:13545005:C:T	2	13545005	-0.0395837505224531	0.327133204670531	0.903689503143687
chr2:16009716:A:G	2	16009716	-0.0493419313793265	0.257543044925279	0.848065628940966
chr2:16367899:A:T	2	16367899	0.708576989124252	0.283252222359558	0.012364186751707
chr2:17630111:A:C	2	17630111	0.25725323636847	0.22121616567172	0.244868321463498
chr2:17928966:C:G	2	17928966	0.382857516933779	0.366431604639174	0.2961030815598
chr2:18261494:A:T	2	18261494	-0.638103642546164	0.570370768349666	0.263245801229302
chr2:19530615:T:C	2	19530615	0.0252502967543943	0.296143273503668	0.932051681088337
chr2:19562158:T:C	2	19562158	0.302862220986742	0.223556698312433	0.175498955383802
chr2:27383116:G:A	2	27383116	0.899250811486862	0.365592637337372	0.0139050439638417
chr2:37762298:C:T	2	37762298	0.191518112977616	0.316862706408721	0.545564534498654
chr2:42010994:T:A	2	42010994	0.304307034538042	0.262445577988371	0.24625028379364
chr2:45824390:C:G	2	45824390	0.047698045947922	0.380748031454542	0.900306183704744
chr2:49789441:T:C	2	49789441	-0.21097117656333	0.318489455287046	0.507707336915369
chr2:49994518:G:A	2	49994518	0.118113548261094	0.410913492005076	0.773774367557639
chr2:51284042:G:A	2	51284042	-0.20308451732426	0.369622321771752	0.582704961253117
chr2:51344078:G:A	2	51344078	0.33110333960239	0.237683787753787	0.163607293255449
chr2:57278002:C:A	2	57278002	0.0463737877410664	0.249097236881015	0.852313479225376
chr2:57368273:A:G	2	57368273	-0.772070966894372	0.709985836349067	0.276839932174798
chr2:61147014:T:C	2	61147014	0.293080357441374	0.217597378215511	0.178014737918556
chr2:61693274:A:G	2	61693274	0.0181652306184381	0.22156152305779	0.934656814168609
chr2:65295480:C:T	2	65295480	0.182573977044294	0.27267167861635	0.503129134558268
chr2:66031496:T:C	2	66031496	0.277799307283265	0.225776306110587	0.218540489840406
chr2:69165635:T:C	2	69165635	-0.22916996801822	0.302144038665881	0.448164161794021
chr2:76651386:C:A	2	76651386	0.0555499666466918	0.323974445450213	0.863858905119698
chr2:79784490:C:G	2	79784490	-0.272564230925185	0.321599724500001	0.396701823185398
chr2:82619301:T:C	2	82619301	-0.901679830332149	0.698204521588799	0.1965558221526
chr2:85744328:G:A	2	85744328	0.17461983140912	0.336547725678829	0.60386111191118
chr2:85757440:T:A	2	85757440	0.323900457935918	0.235764247563924	0.169493857139517
chr2:99811694:T:C	2	99811694	-0.138182349072548	0.180022598340419	0.442734757440458
chr2:101228073:A:C	2	101228073	0.133313821641058	0.251315339839294	0.595790038724659
chr2:108083619:T:C	2	108083619	0.353630376223787	0.234625720758148	0.131756680958879
chr2:118004610:C:T	2	118004610	0.113367313231584	0.191787075643044	0.554446528027605
chr2:119455921:A:G	2	119455921	0.334666679406865	0.223318684591952	0.133975923195157
chr2:120644763:G:A	2	120644763	-0.306451076390139	0.265836938474598	0.249001358819785
chr2:120916837:A:G	2	120916837	-0.453228973569713	0.46750537112896	0.332314430799294
chr2:122628686:C:A	2	122628686	-0.203852653388458	0.436011743784411	0.640114035731676
chr2:122629789:A:C	2	122629789	-0.184582921818442	0.424589855090146	0.663756754532472
chr2:126391403:A:G	2	126391403	0.265568241998617	0.31713450363779	0.402368104793509
chr2:127192867:G:A	2	127192867	0.224556609768303	0.420325146241858	0.593172035752694
chr2:130915743:C:T	2	130915743	-1.19159400913163	0.543823462692951	0.0284415741580705
chr2:136507185:G:C	2	136507185	-0.452101299036941	0.299740175645916	0.131475038865216
chr2:141023592:C:T	2	141023592	-0.189851238953819	0.381088929869701	0.618356519666965
chr2:143920023:G:T	2	143920023	-0.142189947850905	0.291441935848864	0.62563178841359
chr2:144729333:C:T	2	144729333	0.404450907994953	0.296534838983865	0.172591566794989
chr2:148561010:G:C	2	148561010	0.288497952322466	0.28442685619782	0.31043326427386
chr2:154835349:G:T	2	154835349	-0.0694904198227198	0.321855454757591	0.829061271939422
chr2:164974626:C:A	2	164974626	-1.21973756218058	0.723900653768781	0.0919979106183804
chr2:167086954:T:G	2	167086954	-0.226374329029438	0.218157325325482	0.299425814294702
chr2:167657344:C:T	2	167657344	0.0382934544968119	0.420139432324252	0.927377667960658
chr2:167884398:C:T	2	167884398	0.620633570308232	0.350632834296635	0.0767207491085723
chr2:168647356:T:G	2	168647356	-0.443214464644294	0.346804503372561	0.201251145170791
chr2:170041677:A:G	2	170041677	-0.160090174163517	0.519798964980433	0.758093907331311
chr2:171274449:C:A	2	171274449	0.438706743350702	0.259347004847179	0.090725687508208
chr2:177787584:G:A	2	177787584	-0.14048054738863	0.323659067259476	0.66426036854148
chr2:179648558:C:T	2	179648558	-0.347854528149557	0.516527281434946	0.500661995682335
chr2:183527028:C:T	2	183527028	0.0049118251382093	0.396016162036839	0.990104017617581
chr2:184516924:T:A	2	184516924	0.0900848702868493	0.218192963611536	0.679703401862715
chr2:191922008:C:T	2	191922008	-0.160304365412016	0.451591507702181	0.722607208858171
chr2:197010424:G:A	2	197010424	-0.0681714828135017	0.439134632269427	0.876631715643407
chr2:209101337:G:A	2	209101337	-0.00774748914006856	0.273906877665358	0.977434747683864
chr2:209103516:A:G	2	209103516	-0.28308147597475	0.305652324650406	0.354365354303197
chr2:210957182:G:A	2	210957182	0.210559653950708	0.275942743178792	0.445430241055926
chr2:214802180:T:C	2	214802180	-0.852677796199649	0.536065833145658	0.111694801152787
chr2:215209936:A:G	2	215209936	0.0859934136085889	0.222265007258436	0.698833297939904
chr2:220997842:C:T	2	220997842	0.114555516409574	0.33263067588615	0.730551114045653
chr2:228947684:G:A	2	228947684	-0.462690582549221	0.416495826625776	0.266605846453868
chr2:233152507:T:C	2	233152507	-0.0162582897687879	0.139327194548635	0.907104580614733
chr2:235620294:A:T	2	235620294	-0.00989234087472316	0.246803253856053	0.96802783987823
chr2:237288548:A:G	2	237288548	0.179085915175785	0.185257994404978	0.333702092470224
chr2:237513585:T:C	2	237513585	0.45087399377234	0.28204853255528	0.109916439366268
chr2:237920759:T:G	2	237920759	-0.273045824822982	0.209663155019082	0.192811410143779
chr2:240429648:C:T	2	240429648	-0.712740146960107	0.270985969141044	0.00853412717825897
chr3:10127208:T:G	3	10127208	-0.510124908507302	0.411686746028299	0.215304993860387
chr3:14082905:A:G	3	14082905	0.335085009450728	0.359188141806065	0.350873914086533
chr3:16798495:T:G	3	16798495	0.31773046205113	0.347301981246516	0.360268500412021
chr3:18882818:T:C	3	18882818	-0.00886779538144833	0.135741115024479	0.94791226369466
chr3:22245167:A:G	3	22245167	0.0651263113005519	0.305060574262614	0.830947525493304
chr3:24009496:G:A	3	24009496	0.264239905553462	0.259833431034186	0.309173008547529
chr3:24010534:C:T	3	24010534	-0.587101701658718	0.450253352535831	0.192255293827038
chr3:33111016:C:A	3	33111016	0.515227330394313	0.335407937152579	0.124508593728299
chr3:33421913:A:G	3	33421913	-0.592210539957788	0.324183007320804	0.0677330834321499
chr3:34471110:A:G	3	34471110	-0.161806363872192	0.154652261968	0.295441341321041
chr3:35230331:G:A	3	35230331	-0.0684782789516452	0.385264421792046	0.858924355455593
chr3:41413926:T:C	3	41413926	0.141390883837827	0.222004707996914	0.524201469421762
chr3:42098050:T:C	3	42098050	-0.0938330453263329	0.165365922420463	0.570424290684984
chr3:46489654:A:G	3	46489654	0.301936002417616	0.267882427716033	0.259691179520622
chr3:64441608:G:A	3	64441608	0.489281240114108	0.315115078842074	0.120493261962215
chr3:66150510:T:A	3	66150510	0.450620855598292	0.240734463174398	0.0612261797751239
chr3:66995763:G:T	3	66995763	-0.0529458058440984	0.314422904210605	0.86627614185856
chr3:68498445:T:C	3	68498445	-0.374977475900449	0.261561928831316	0.151683938496938
chr3:68824246:G:A	3	68824246	0.253294810688067	0.269757535463813	0.347745047906231
chr3:69021248:A:C	3	69021248	-0.256088627631764	0.407812325337712	0.530032071870051
chr3:69617754:T:G	3	69617754	-0.398058332128079	0.211928109460132	0.0603441596857527
chr3:74191731:G:A	3	74191731	0.212372272329309	0.306544421796857	0.488438559293334
chr3:74732240:G:A	3	74732240	0.189952375427522	0.235415451789704	0.419734751960733
chr3:75709324:A:T	3	75709324	-0.45608719567147	0.252588226781866	0.0709722451817072
chr3:84465702:T:C	3	84465702	-0.572228012825687	0.352081520443444	0.104104750364203
chr3:84817748:G:A	3	84817748	-0.184274255271432	0.251408558977184	0.463578367540565
chr3:85705423:A:G	3	85705423	-0.268144966786354	0.209213373676106	0.199954302977412
chr3:88069353:C:T	3	88069353	-0.171538201670367	0.368259949733979	0.64135338339726
chr3:93986190:G:A	3	93986190	0.187212672758368	0.343888265975796	0.586166444344329
chr3:101022648:G:A	3	101022648	-0.9547140042956	0.523378960826223	0.0681316296643378
chr3:106664728:C:T	3	106664728	-0.787756484959625	0.527467969122585	0.135314748400252
chr3:110774699:C:T	3	110774699	0.00762879505823209	0.463339405520949	0.986863576209987
chr3:113428518:G:A	3	113428518	0.0108631515896689	0.437158224728992	0.980175029318171
chr3:121058963:T:G	3	121058963	0.193803780246443	0.25335801870262	0.444307044681529
chr3:122312606:G:A	3	122312606	0.466530594283238	0.344522866276592	0.175693198051512
chr3:124193435:A:C	3	124193435	-0.516116232343377	0.379468603787387	0.173797460338622
chr3:126773646:G:T	3	126773646	0.0172988942784309	0.36756027675999	0.962462138240059
chr3:131110446:C:G	3	131110446	-0.324246712954184	0.55991701858092	0.562523185245242
chr3:131209978:G:T	3	131209978	0.262104382152408	0.234361440742695	0.263406127722549
chr3:133982842:C:T	3	133982842	0.198011457734971	0.333666610259865	0.552886035182322
chr3:146265901:G:T	3	146265901	-0.717635863976239	0.346193269676618	0.0381784048902745
chr3:149679065:C:A	3	149679065	0.424626914276686	0.40721297390005	0.297057739449597
chr3:152663712:G:C	3	152663712	0.0749171899839822	0.211013688679785	0.722563566005483
chr3:159417151:A:G	3	159417151	-0.294997274353564	0.299935087910334	0.32534318519562
chr3:164899350:G:A	3	164899350	0.482298117538676	0.229923789857952	0.035936659283943
chr3:168053836:T:C	3	168053836	0.59567220907483	0.278648914045185	0.0325398096984931
chr3:171028381:G:A	3	171028381	0.300823830713169	0.232040120737067	0.19482729744331
chr3:174497130:T:C	3	174497130	0.253556866341791	0.267528666157248	0.343244229500395
chr3:176663180:T:G	3	176663180	-0.36003961108812	0.541854977787421	0.506397533101597
chr3:196706550:C:T	3	196706550	-0.164246346612144	0.361439091243955	0.649524181271852
chr4:332191:G:A	4	332191	0.126734954960886	0.426990065312093	0.76661151022317
chr4:8816874:T:C	4	8816874	0.345153851297453	0.287097785273695	0.229279446714037
chr4:9851274:C:G	4	9851274	-0.398337164162061	0.241255915269684	0.09871856143779
chr4:10725805:A:G	4	10725805	-0.350829368336527	0.387822074014671	0.365669791956109
chr4:13219910:C:T	4	13219910	-0.437329648009574	0.34238507125188	0.201495120354023
chr4:18747099:A:G	4	18747099	0.498429156236139	0.302839584673377	0.0997942196624619
chr4:20840555:C:T	4	20840555	-0.0244974557738636	0.292121175825502	0.933167269363359
chr4:21137718:C:T	4	21137718	0.576726177243392	0.329478540523133	0.0800456840635537
chr4:26851610:T:C	4	26851610	0.00546265607320425	0.297001168868419	0.98532556883122
chr4:32302160:A:T	4	32302160	0.384347498853864	0.236114988443341	0.103567731146582
chr4:40603484:A:G	4	40603484	-0.15446977002797	0.450282449383191	0.73156021752132
chr4:44018406:T:G	4	44018406	0.618440838346767	0.278810015261187	0.0265449970228123
chr4:44680448:T:C	4	44680448	-0.195513620516032	0.196103831007275	0.318769210337962
chr4:55337032:C:T	4	55337032	-0.0847007661891766	0.15481922881542	0.584313732527712
chr4:55659669:G:A	4	55659669	-0.251972550320931	0.260010312988525	0.332501905868767
chr4:56719096:C:T	4	56719096	0.0816137788055559	0.34549008672234	0.813257220871157
chr4:61158247:C:G	4	61158247	-0.751405161922516	0.475018365623877	0.113685086468692
chr4:67708732:C:T	4	67708732	0.499847082437163	0.27429885576149	0.0684137477681207
chr4:67911021:C:T	4	67911021	0.267073551240455	0.30707571375301	0.38444692200916
chr4:90022599:G:T	4	90022599	-0.445430340988113	0.372821606018739	0.232182910242507
chr4:95020597:A:T	4	95020597	-0.349177846665554	0.365094933725557	0.338868729457765
chr4:97398054:G:A	4	97398054	-0.379989063829172	0.330172882690725	0.249781984919322
chr4:98823404:T:C	4	98823404	-0.25628932579851	0.520390057285812	0.622369694020689
chr4:99262681:C:G	4	99262681	-0.227263516071092	0.325209584365704	0.484663462627903
chr4:99355957:G:T	4	99355957	0.644603265700103	0.358519062408071	0.0721831999084313
chr4:101085120:T:C	4	101085120	-0.133544465011615	0.262521358064137	0.610962922533241
chr4:102399971:C:T	4	102399971	-0.164579180968063	0.349036300920408	0.637266200071964
chr4:102884286:T:C	4	102884286	0.112189240795687	0.145764706249196	0.441501697206027
chr4:105992845:C:T	4	105992845	-0.42162019796083	0.360352898300909	0.241992808843245
chr4:108791253:G:A	4	108791253	-0.271517770120486	0.278558074850973	0.329696242155274
chr4:110957298:T:A	4	110957298	-0.6805465284099	0.353782344595428	0.0544009081034103
chr4:113348012:C:T	4	113348012	-0.503548527311351	0.32470421085088	0.120951660394706
chr4:115522695:G:A	4	115522695	-0.33409479488663	0.19864318333964	0.0925913327989996
chr4:120770744:A:C	4	120770744	0.101704339198907	0.440608262097923	0.81744910608457
chr4:123964831:A:G	4	123964831	0.0618583595274896	0.300775343296478	0.837054162132132
chr4:125256344:T:C	4	125256344	0.365720104833468	0.25813985691266	0.156555508796485
chr4:126268710:T:G	4	126268710	0.395771383230258	0.31471951442325	0.208559308194447
chr4:134094420:T:C	4	134094420	0.481173213543173	0.347152908961042	0.165729944132479
chr4:134350906:C:T	4	134350906	-0.542720990974017	0.334648875671549	0.104854214688347
chr4:138952375:G:A	4	138952375	-0.23692344835351	0.40906310049677	0.562463960911033
chr4:141618953:G:A	4	141618953	0.436486313174989	0.249112343795679	0.0797451755331624
chr4:149616644:T:G	4	149616644	0.0883851151019224	0.316911729484461	0.780325361451015
chr4:154030957:C:G	4	154030957	0.468878959670856	0.348864594170587	0.178943803228917
chr4:171974219:A:G	4	171974219	0.203239747872472	0.22271775115772	0.361482417402432
chr4:176312841:C:T	4	176312841	-0.537649781635514	0.294861947570024	0.0682435969352243
chr4:179329624:T:G	4	179329624	-0.268861360690518	0.200144519714238	0.179163164306941
chr4:183032183:A:G	4	183032183	-0.0613595627880908	0.14468352570499	0.671496516934477
chr4:184991673:A:G	4	184991673	-0.305616868144411	0.36362339883617	0.400641354689777
chr4:189912372:C:T	4	189912372	0.228417200746517	0.263543684165035	0.386098316644818
chr5:5313703:A:G	5	5313703	-0.267190246645101	0.360048439871258	0.458029611330553
chr5:7364955:T:A	5	7364955	0.427275460631715	0.31221498730967	0.171146354321341
chr5:8067079:G:C	5	8067079	0.119167836919974	0.236958672063715	0.61503066222307
chr5:13911296:G:T	5	13911296	0.0248403672786339	0.275450650373512	0.928143520566482
chr5:15621966:C:G	5	15621966	-0.351947171027255	0.29999709114137	0.240728196386898
chr5:17902851:T:C	5	17902851	-0.130406030658857	0.398679347635472	0.743596015508993
chr5:20719353:A:C	5	20719353	0.0395039629894203	0.351038909957881	0.910399673392247
chr5:20732163:G:T	5	20732163	-0.172079372236279	0.209754020592577	0.411995794253681
chr5:21913130:A:C	5	21913130	-0.363406916170379	0.263603882253363	0.16801506904563
chr5:23787194:A:C	5	23787194	-0.495125950208102	0.244879035216351	0.0431845618163872
chr5:23895775:T:G	5	23895775	-0.343685824393311	0.208149825539348	0.0987086952201987
chr5:33466391:T:A	5	33466391	-0.314152153127389	0.254247620083242	0.216601735544612
chr5:33624899:A:G	5	33624899	-0.157143443735599	0.418312808052986	0.7071695822556
chr5:39550509:T:G	5	39550509	-0.274620315345712	0.261159386029405	0.293009286791099
chr5:39634108:G:A	5	39634108	0.475595453486366	0.282412697668935	0.0921731351989619
chr5:39978357:G:A	5	39978357	-0.2359475136919	0.172211838532761	0.170655554236353
chr5:44011742:G:T	5	44011742	-0.845167475349542	0.707071723346207	0.231967274355784
chr5:50222627:G:A	5	50222627	-0.0294540007086613	0.371243725389768	0.936763211971045
chr5:54814079:C:T	5	54814079	-0.946179969199048	0.426281549200121	0.0264450648415467
chr5:66989845:C:A	5	66989845	-0.115067183931122	0.374855232842698	0.758870525809087
chr5:66992139:G:A	5	66992139	-0.387539891518817	0.39630507269964	0.328132321177728
chr5:73076502:T:C	5	73076502	-0.39784053211703	0.325911552871166	0.222199279673167
chr5:76998986:C:A	5	76998986	0.0851715397046497	0.16612860652558	0.608172125900113
chr5:81710558:G:T	5	81710558	0.566512657532571	0.277050014287557	0.0408742991382616
chr5:84879932:A:G	5	84879932	-0.0844578697614389	0.368264030118076	0.818604250396804
chr5:85476293:A:G	5	85476293	-0.3100013827061	0.327056445044894	0.343204372361842
chr5:85809583:T:C	5	85809583	-0.121862311062084	0.23666211122941	0.606608166291772
chr5:92192959:A:T	5	92192959	-0.191212598310651	0.22401203034324	0.393336730874467
chr5:94648523:C:G	5	94648523	0.116112166010859	0.268737681458337	0.665694118602034
chr5:98024666:G:A	5	98024666	0.0521104693310517	0.294112931953325	0.859368233154669
chr5:101825779:A:C	5	101825779	-0.27833168408501	0.298976601475136	0.351880437582829
chr5:106773905:G:A	5	106773905	0.715378260694618	0.281346617955127	0.0110001625279135
chr5:114915760:G:T	5	114915760	-0.0817740514398564	0.443323011254666	0.853654924142434
chr5:115102683:A:G	5	115102683	-0.111314565127973	0.474977229119629	0.814707304307634
chr5:117238479:G:A	5	117238479	-0.544948498020991	0.399730263104281	0.172790952964783
chr5:121740415:G:T	5	121740415	-0.363551552905546	0.320308632429414	0.256373676602383
chr5:137227416:A:T	5	137227416	0.0154328248717104	0.366205751408107	0.966385102338897
chr5:137406489:C:T	5	137406489	-0.216302274110938	0.336278998123134	0.520079627115827
chr5:140638650:G:A	5	140638650	-0.0646030702355918	0.34824449626284	0.852828511143808
chr5:142682003:T:C	5	142682003	-0.571444970969965	0.380834830837963	0.133483365316955
chr5:144183699:A:G	5	144183699	-0.947345874883112	0.476171890366237	0.04664560206047
chr5:145690757:G:T	5	145690757	0.235106818685044	0.251699786157746	0.350264508110591
chr5:147282093:C:T	5	147282093	0.595398453513782	0.252156735032097	0.0182147405137695
chr5:151763317:T:C	5	151763317	-0.460147537474516	0.212974911774329	0.0307284502535554
chr5:168245100:T:C	5	168245100	-0.408748561480883	0.208884145218882	0.0503686976179633
chr5:169455657:C:T	5	169455657	0.60272248799551	0.380210847183388	0.112913580918269
chr5:169808985:G:C	5	169808985	-0.308493584296698	0.541933680116514	0.569189201627915
chr5:172672695:T:C	5	172672695	-0.333998245830054	0.449992527011923	0.457947601317144
chr5:173346700:A:C	5	173346700	-0.469456226440761	0.708486956583335	0.507575224316022
chr6:3041612:C:A	6	3041612	-0.2236930725255	0.315735929532878	0.478646281823585
chr6:3673174:A:G	6	3673174	-0.138572837846386	0.31442145717209	0.659413382468307
chr6:3786319:G:C	6	3786319	0.277778876833735	0.274728533166176	0.311967077599599
chr6:6090729:G:T	6	6090729	-1.04787446851322	0.944053435219665	0.267010367042402
chr6:6354181:A:T	6	6354181	0.273216336481846	0.280190501423027	0.32950609415343
chr6:6456261:T:C	6	6456261	0.0892318926507098	0.252608013611537	0.723906629558969
chr6:7642514:C:G	6	7642514	0.00725346334889505	0.374424413132248	0.984544104909604
chr6:23163726:T:C	6	23163726	0.188677713492419	0.468875530620877	0.687386217496499
chr6:23344439:T:A	6	23344439	-0.221548681082337	0.301470663274127	0.462404659951794
chr6:26287827:G:A	6	26287827	0.322923057695268	0.302034499367113	0.284997799564749
chr6:31108549:A:G	6	31108549	-0.0709979184739939	0.33835611712413	0.833798848046516
chr6:32660000:G:C	6	32660000	-0.421822855324567	0.401356777540597	0.293262157702525
chr6:33148933:A:G	6	33148933	0.186857804268221	0.351302324086034	0.594795063906977
chr6:37400014:G:T	6	37400014	-0.440478862037292	0.308492287711915	0.153336765105216
chr6:39124093:C:T	6	39124093	-0.622435655074614	0.362524510130242	0.0859887126021076
chr6:45195864:C:T	6	45195864	-0.359099096369078	0.373854991596636	0.336788322771211
chr6:46738257:G:A	6	46738257	-0.802890926613729	0.423299227683593	0.0578615287549815
chr6:47717919:C:A	6	47717919	-0.052258905858768	0.212628466005454	0.805855884106014
chr6:48859012:C:A	6	48859012	-0.636417167542021	0.531750322471482	0.231371041686055
chr6:49860743:T:G	6	49860743	0.23274062554387	0.287677422196426	0.418495969612348
chr6:53292416:C:G	6	53292416	-0.17590291639362	0.322289854570712	0.585209579837031
chr6:69504128:A:G	6	69504128	-0.460055174893069	0.434076089977729	0.289213232512995
chr6:81137001:T:C	6	81137001	-0.206347175081944	0.387130100447342	0.594021364820299
chr6:84758749:C:T	6	84758749	-0.230423916694142	0.339986116387681	0.497933340040076
chr6:87387916:G:T	6	87387916	0.0967417296640392	0.239836963710074	0.686680059437674
chr6:88566465:G:A	6	88566465	-0.422971175632934	0.335811356430932	0.207831762048295
chr6:93273487:T:C	6	93273487	0.319808068347143	0.220896291726578	0.147680063198167
chr6:97788153:C:A	6	97788153	0.36871049440671	0.279258608000802	0.186728476795454
chr6:98771646:C:T	6	98771646	-0.954197002973698	0.842890088183978	0.257611778823163
chr6:104918249:A:G	6	104918249	-0.126947629455741	0.141044272894309	0.368090882376418
chr6:107129138:A:G	6	107129138	0.046739514481421	0.212941678657404	0.826264910615366
chr6:112187089:T:C	6	112187089	0.344604607904343	0.214863373030697	0.108751238126985
chr6:118046853:T:C	6	118046853	-0.372461523257755	0.342037998360353	0.276176908902372
chr6:123103197:T:C	6	123103197	-0.649853795843453	0.469477509075831	0.166295249168913
chr6:127784009:G:A	6	127784009	0.387625094680898	0.345168404128512	0.261436292510225
chr6:129527930:G:A	6	129527930	-0.901816526966146	0.50958318056961	0.0767747840116209
chr6:137254996:T:C	6	137254996	0.0913306060164389	0.216654098516562	0.673353269826031
chr6:151547601:G:A	6	151547601	-0.429135519659598	0.224684705679502	0.0561402439582139
chr6:152638179:C:T	6	152638179	-0.395164632061202	0.248501442504277	0.111791872186999
chr6:153842833:G:A	6	153842833	0.71134699501915	0.335012827048241	0.0337251564293908
chr6:160701242:A:G	6	160701242	0.459951230031098	0.265372380513788	0.0830548912686939
chr6:162760256:C:T	6	162760256	-0.313781921947413	0.352246688669671	0.373035604333468
chr6:163629327:G:A	6	163629327	-0.358482623700407	0.303949903231671	0.238233556173684
chr7:6986920:C:A	7	6986920	-0.244216068210559	0.562193402589752	0.663998961015292
chr7:7863676:G:A	7	7863676	0.743665572212998	0.350913134856819	0.0340710511101683
chr7:8111839:A:G	7	8111839	0.346708333749574	0.243377959497093	0.154282257335451
chr7:9602661:C:A	7	9602661	0.298411783177341	0.322584659659097	0.354932089511203
chr7:11334355:C:A	7	11334355	0.0962299845256189	0.369440665415991	0.79449754901346
chr7:12476280:G:A	7	12476280	-0.0115603736365552	0.395574977776816	0.976685757739452
chr7:12972158:C:G	7	12972158	0.584733328306943	0.261825524820874	0.025529574341789
chr7:20850990:A:T	7	20850990	-0.430598035910589	0.433903806257951	0.321011543396883
chr7:22822020:C:A	7	22822020	0.127711948266798	0.339009443233699	0.706381016799273
chr7:24140802:T:C	7	24140802	-0.112380128122921	0.261427940039706	0.667289932388306
chr7:24278575:A:G	7	24278575	0.0337181345185078	0.333289616262265	0.91941735917139
chr7:24620726:T:A	7	24620726	0.162428625973185	0.285625593200896	0.569575548092032
chr7:24740434:C:T	7	24740434	-0.25460234443281	0.36710929861859	0.487975241271195
chr7:28505993:C:T	7	28505993	0.194012479540061	0.27494379067292	0.480409456285202
chr7:36413989:G:A	7	36413989	0.426096579664796	0.319259045546335	0.181993494989011
chr7:43755241:C:T	7	43755241	0.147288149142005	0.250346299467035	0.556305690752764
chr7:44689517:A:G	7	44689517	-0.509675745328463	0.627284703116191	0.41649845543081
chr7:46192346:C:G	7	46192346	0.177283339003113	0.307058329322635	0.563695977227202
chr7:48301675:T:C	7	48301675	0.566468209657962	0.298150391200571	0.0574408375306042
chr7:51890159:C:T	7	51890159	0.191953461796467	0.250004725558331	0.442606410222277
chr7:53046603:C:G	7	53046603	0.239599398911095	0.309191500696825	0.438385554902413
chr7:55663907:C:A	7	55663907	0.53020948457113	0.270614780917301	0.0500802829354631
chr7:56122201:A:G	7	56122201	0.289616943985513	0.242610510826197	0.232574732518331
chr7:62910214:G:T	7	62910214	-0.0694768255886122	0.577475882705554	0.904236619664391
chr7:65406204:G:T	7	65406204	-0.870842540459321	0.798475382433944	0.275434987883258
chr7:67766433:G:A	7	67766433	0.128687502577236	0.200757626259349	0.521516650080727
chr7:68433432:T:C	7	68433432	0.319708714552106	0.26722362079956	0.231537035255482
chr7:71020152:T:G	7	71020152	-0.0976811231000835	0.478730606773083	0.838320722666854
chr7:71553830:T:C	7	71553830	0.0632082908558497	0.231036928870036	0.784403387396418
chr7:78390279:T:G	7	78390279	-0.263047428610321	0.319874953971167	0.410880822095567
chr7:83524616:A:T	7	83524616	-0.496787698121766	0.328759056904861	0.130763062099709
chr7:84786535:C:A	7	84786535	-0.757116056809981	0.377128131405636	0.0446876137022069
chr7:86620755:G:A	7	86620755	0.74966711304595	0.28399607249884	0.00829771347243169
chr7:89207269:G:A	7	89207269	0.467864424811116	0.281160659245157	0.0961031273537829
chr7:91097147:A:G	7	91097147	-0.498136261253937	0.392275524815926	0.204133356300613
chr7:113434486:A:C	7	113434486	-0.267528035107764	0.35344304195365	0.449097914834576
chr7:113749820:G:A	7	113749820	0.36286607495471	0.180691799391368	0.0446215707262257
chr7:117145973:C:G	7	117145973	0.579902494974444	0.3272658800755	0.0764009710567621
chr7:119808046:G:A	7	119808046	-0.0323348038251467	0.37386649476483	0.931078838474706
chr7:124802410:A:T	7	124802410	0.443032616308299	0.406554508947378	0.275834295756841
chr7:131384702:T:A	7	131384702	0.0261440410216186	0.366637061711572	0.943152877068242
chr7:136870573:G:A	7	136870573	0.469580652274984	0.260078124889151	0.0709907061274292
chr7:142873374:T:C	7	142873374	-0.55903746076221	0.520024712870336	0.282365348936141
chr7:145116884:A:G	7	145116884	0.284575399032574	0.263241720057027	0.279678357860433
chr7:149242006:T:C	7	149242006	-0.290872884716395	0.174450517284529	0.0954416234670237
chr7:153502245:G:A	7	153502245	-0.423667488476672	0.270925671176471	0.117869812913998
chr7:153952270:G:A	7	153952270	-1.01796619362332	0.483306743645593	0.0351823968483644
chr7:154426289:T:C	7	154426289	0.300126768985353	0.299325608943829	0.31601694770063
chr7:156975524:A:T	7	156975524	0.0308870274716953	0.237903211604572	0.896700749265855
chr7:157677820:C:T	7	157677820	0.395035817643658	0.304597524638947	0.194661881992806
chr8:276778:A:T	8	276778	0.255852829056905	0.172662460743431	0.138391060847986
chr8:1102873:G:T	8	1102873	0.405463389318336	0.292272786578054	0.165357235705395
chr8:8710521:T:C	8	8710521	0.162533247500968	0.315883450879112	0.606877651219136
chr8:9029509:T:C	8	9029509	-0.143147792510502	0.397450422042969	0.71872363148144
chr8:9109096:A:G	8	9109096	-0.134957905748934	0.325277100113191	0.678214126501403
chr8:13032868:C:A	8	13032868	0.0603732234279585	0.35004294248764	0.863065086516711
chr8:20741226:C:T	8	20741226	0.527907497538412	0.292996062345973	0.0715837579032398
chr8:25783762:T:C	8	25783762	-0.115685794631495	0.198162930561453	0.559360732966745
chr8:27022227:G:T	8	27022227	-0.455367076783364	0.541534330827568	0.40041341668682
chr8:28150898:A:G	8	28150898	0.25899023443818	0.214061348353354	0.226321912272304
chr8:28528484:G:T	8	28528484	-0.166209086343798	0.244034373209164	0.495815282903547
chr8:41788192:C:T	8	41788192	0.174594388004121	0.277215890604587	0.528816428627104
chr8:53142705:G:A	8	53142705	-0.561076284231511	0.377436315891399	0.137134872039683
chr8:61304314:G:C	8	61304314	0.0452329825248429	0.193427055072038	0.815101167478993
chr8:61926940:A:T	8	61926940	0.0650713140426173	0.309153098633137	0.833291116390939
chr8:63445672:G:A	8	63445672	-0.14508007867927	0.393943569908594	0.712667225609634
chr8:65343369:C:A	8	65343369	-0.22886603844242	0.48649499737713	0.638041672773388
chr8:65418628:G:T	8	65418628	-0.40438908434592	0.34039006135476	0.234826822314945
chr8:71273350:T:A	8	71273350	0.0383918248304598	0.412225906069256	0.925797921345856
chr8:72033005:T:C	8	72033005	0.677848403015417	0.253928997375495	0.00759776857989247
chr8:72065200:T:A	8	72065200	-0.457821224511396	0.355064843604295	0.197258459410536
chr8:73211475:T:C	8	73211475	0.583555813872583	0.328957891523099	0.0760709372997334
chr8:86323708:T:C	8	86323708	0.0876444075338489	0.246665237271805	0.722351952846045
chr8:89525432:A:G	8	89525432	-0.0304680230303189	0.18597786240686	0.8698680649872
chr8:92001032:A:G	8	92001032	-0.420170011205053	0.44314292021851	0.343048443540455
chr8:92645879:A:G	8	92645879	0.180332831166237	0.317606620365276	0.570179777038339
chr8:95906161:G:A	8	95906161	-0.140247695424275	0.330872080263808	0.671658537099894
chr8:96365126:C:T	8	96365126	0.208409350112122	0.184988992262963	0.259909920942866
chr8:98002322:C:T	8	98002322	-0.279876501807413	0.349961158689597	0.423863829074933
chr8:106920372:G:A	8	106920372	-0.185249499790248	0.316305748236788	0.558100034439191
chr8:108142424:A:G	8	108142424	0.390043193333291	0.23943290995978	0.103306845077524
chr8:109421925:C:T	8	109421925	0.186524087844256	0.25492735017483	0.464366674201755
chr8:116252872:C:T	8	116252872	-0.0128146898097548	0.238331589937794	0.957119747911839
chr8:121384602:C:T	8	121384602	-0.387272982916348	0.300139180869482	0.196942587793871
chr8:127029052:C:T	8	127029052	-0.125792378955129	0.204796492350973	0.539062611422307
chr8:128437247:A:G	8	128437247	-0.726869550367649	0.53279870685581	0.172489537497522
chr8:131315237:G:A	8	131315237	-0.297316320846067	0.144592530298409	0.0397598040021289
chr8:141605122:C:T	8	141605122	0.499657456390413	0.290310719955517	0.0852303818335732
chr9:733358:A:C	9	733358	0.030965725130752	0.22614976762164	0.891089489913222
chr9:5461379:C:T	9	5461379	-0.41557217778483	0.464236575104972	0.37069446573777
chr9:11397008:T:G	9	11397008	0.196727085185662	0.308507888361797	0.523686703131536
chr9:11955148:T:G	9	11955148	0.584316027592538	0.26729041889795	0.0288103581183765
chr9:12389360:A:G	9	12389360	0.0907184901859137	0.335068381241297	0.78658624270752
chr9:12615226:G:C	9	12615226	-0.349070594329852	0.39519550654266	0.377081853302246
chr9:13820455:C:G	9	13820455	-0.221008515490293	0.39686256157348	0.57760306330356
chr9:14098421:G:A	9	14098421	-0.800605169245794	0.401414135978932	0.0461016081394171
chr9:18952915:A:G	9	18952915	-0.618809852648357	0.339126317536045	0.0680436147889049
chr9:29651949:A:G	9	29651949	-0.866851988229003	0.493222784976615	0.0788281527758544
chr9:32058643:A:T	9	32058643	0.555708754307525	0.287985986397566	0.0536516848132156
chr9:37013405:C:T	9	37013405	-0.712716631096143	0.365691475071868	0.0513006675587659
chr9:37992585:C:T	9	37992585	0.220394497850556	0.174850887823327	0.207499452658083
chr9:82773489:T:C	9	82773489	-0.383129938609372	0.625952034810202	0.540487770520899
chr9:89995415:A:G	9	89995415	-0.435612981151897	0.554578594510555	0.432169458328712
chr9:94568472:C:A	9	94568472	-0.652788748888341	0.303267928715862	0.0313568194940744
chr9:96162075:C:T	9	96162075	-0.141356173849716	0.391572163605784	0.71810207631099
chr9:100192956:A:G	9	100192956	-1.21900382098867	0.807506041310099	0.131147829196054
chr9:100529836:G:C	9	100529836	0.128338068549606	0.265895661592422	0.629334849526842
chr9:101460357:C:T	9	101460357	-0.0204256323856318	0.46812915874123	0.965197367467687
chr9:107904127:G:A	9	107904127	0.370156735062669	0.282852865885802	0.190651339740091
chr9:117420412:T:C	9	117420412	-0.215418918964522	0.179633230672232	0.230444238770911
chr9:117972207:C:A	9	117972207	0.12046959741196	0.343138730801096	0.725527344060575
chr9:124044726:T:G	9	124044726	0.29389540548918	0.2680976809802	0.272980280571431
chr9:125005426:C:T	9	125005426	0.128551816219988	0.241458471968771	0.594450918808194
chr9:129533341:A:G	9	129533341	0.388935152515481	0.24563841815286	0.113338408183983
chr9:136630984:C:T	9	136630984	-0.153092290613476	0.277183135060383	0.580732833708639
chr10:2050300:A:G	10	2050300	0.54475040087608	0.329779811800442	0.0985628954865283
chr10:3113976:C:T	10	3113976	0.0900422468594419	0.281650106390055	0.749199237948425
chr10:4591592:T:C	10	4591592	0.115617141888198	0.335085397876956	0.730065923367346
chr10:7462546:C:T	10	7462546	0.468595784599693	0.269463482075877	0.0820355532555903
chr10:7849544:T:G	10	7849544	0.470419054644878	0.275205074257372	0.0873879792375754
chr10:9367893:G:A	10	9367893	0.266480453159818	0.250882341276723	0.288157147369877
chr10:10628189:C:T	10	10628189	0.408348043529441	0.263620902552373	0.121382389873717
chr10:14014383:T:C	10	14014383	-0.437610297706892	0.403850180737118	0.27854412192983
chr10:16341555:C:T	10	16341555	-0.729500921164187	0.49848925205427	0.143351512922293
chr10:18075702:C:T	10	18075702	0.048818278508886	0.63868837734042	0.939072860164933
chr10:27289376:T:C	10	27289376	-0.255598589831132	0.15472799271926	0.0985504333155267
chr10:27674317:A:G	10	27674317	0.00999274718962611	0.313462969373877	0.9745688988475
chr10:28771902:G:A	10	28771902	-0.0574680839405494	0.290030164373258	0.842931464017863
chr10:28891836:C:T	10	28891836	-0.501295193659199	0.350950197759284	0.153178454954831
chr10:30622484:G:A	10	30622484	0.189060947736522	0.416602867213751	0.649961437731183
chr10:35177843:G:T	10	35177843	0.351535700703615	0.295411871297813	0.234052281011649
chr10:45036473:A:G	10	45036473	0.0262457674415354	0.309333332566351	0.932383638872422
chr10:51560095:T:G	10	51560095	0.618047933469094	0.307040720044265	0.0441232081633496
chr10:54072488:A:G	10	54072488	0.0890026274663075	0.177660052581639	0.616391163177926
chr10:54082016:C:T	10	54082016	-0.198987391697831	0.268520017531734	0.458661695784491
chr10:55299918:G:C	10	55299918	-0.307754467034536	0.395214867517414	0.436155487513514
chr10:56747004:T:C	10	56747004	-0.276312612962982	0.368268693853983	0.453073042028058
chr10:57761967:T:C	10	57761967	-0.441221129632926	0.344997147075732	0.200927905255332
chr10:69232402:C:A	10	69232402	0.120047766512876	0.470873031195977	0.798763870866675
chr10:79437519:C:T	10	79437519	0.495275746258882	0.30723870968758	0.106957020015907
chr10:82354363:C:G	10	82354363	-0.229489965281863	0.472663436351498	0.627303907767542
chr10:84591955:C:T	10	84591955	0.632557442133856	0.341686641277884	0.0641293673041761
chr10:84989741:G:A	10	84989741	-0.0104262595367608	0.344713509220735	0.975870735963975
chr10:91053424:A:C	10	91053424	0.454251368784698	0.269936060495804	0.0924116871421837
chr10:93612452:G:A	10	93612452	-0.176390230019989	0.380147753665189	0.642644593854473
chr10:93671121:T:C	10	93671121	-0.0904525131052924	0.214337271347579	0.673017577974824
chr10:101249704:C:T	10	101249704	-0.122131197559239	0.27963707241566	0.662293425817821
chr10:102352980:T:C	10	102352980	0.114015846216931	0.271831211702899	0.674897384086943
chr10:104637359:T:C	10	104637359	-0.831979617092261	0.727442121504305	0.252745756435373
chr10:108480456:T:C	10	108480456	0.023424675682239	0.273134882940639	0.931655376518958
chr10:109264424:C:T	10	109264424	0.255185810766351	0.311094183716433	0.412053805154075
chr10:111352001:T:G	10	111352001	-0.466829140664109	0.419697559713416	0.266009649861901
chr10:118828443:C:T	10	118828443	-0.178414028360258	0.279880009086604	0.523821260206614
chr10:120152982:A:G	10	120152982	-0.0606339045813071	0.43354762999375	0.888774372873267
chr10:121580593:A:G	10	121580593	-1.19900173675995	0.59448014961493	0.0437068766225838
chr10:121611573:C:G	10	121611573	0.111174881560718	0.354365611794628	0.75372663195303
chr10:121734173:T:C	10	121734173	-0.236236468760288	0.502566263426305	0.638311908079763
chr10:121910644:T:A	10	121910644	-0.255061380495487	0.521117428406468	0.624522526641024
chr10:122561189:A:G	10	122561189	-0.0447158168049821	0.322272683348879	0.889646524022838
chr10:123750431:C:G	10	123750431	0.384614948132292	0.255651004899814	0.132464739376187
chr10:127533155:T:C	10	127533155	0.236942258041677	0.291907326760862	0.416961669082657
chr10:129953349:A:G	10	129953349	0.738825843648592	0.267226582245811	0.00569591504543987
chr10:131819683:A:G	10	131819683	-0.328749617164576	0.338964682324283	0.332114324013199
chr10:131953941:A:C	10	131953941	-0.54466947453698	0.325111652990263	0.0938694005672343
chr11:388357:C:T	11	388357	-0.057419625545038	0.218440706685014	0.79265742428829
chr11:2257707:C:T	11	2257707	-0.0672002798208938	0.279690723659724	0.810123750683166
chr11:3623903:G:A	11	3623903	-0.639828134403771	0.510437544678639	0.210027595347675
chr11:5806222:C:T	11	5806222	-0.317641730794507	0.242784184079745	0.190761544639562
chr11:9789492:C:A	11	9789492	0.306930794225158	0.231778782698025	0.185423265655133
chr11:14569664:T:G	11	14569664	0.189747496102714	0.258700828684789	0.463276062700012
chr11:36019710:C:A	11	36019710	-0.2687017453845	0.201221737495244	0.181761336326608
chr11:39635569:C:T	11	39635569	-0.61780922282519	0.693363631552568	0.372911972676823
chr11:40512905:C:G	11	40512905	0.0052835636703554	0.665022617790481	0.993660923078532
chr11:42744986:A:G	11	42744986	-0.324670092666521	0.337283961868965	0.335747477448621
chr11:43201079:C:T	11	43201079	-0.00193930644368661	0.343167274669831	0.995491019836871
chr11:43982585:G:A	11	43982585	0.114007782543876	0.329500611413818	0.729341412411285
chr11:44330300:A:G	11	44330300	0.230026872940003	0.359826832539983	0.522646625621626
chr11:49875094:A:G	11	49875094	-0.0623178923834797	0.149538405301181	0.67687222613756
chr11:50253126:G:T	11	50253126	0.195848114917187	0.330605422897978	0.55358790500922
chr11:55906271:G:A	11	55906271	0.169761751868464	0.280727699030922	0.545364825622115
chr11:57305789:G:A	11	57305789	-0.157056458631557	0.325087813658809	0.629010459583064
chr11:58998793:A:C	11	58998793	-1.21203294329572	0.675438092986786	0.072743011719503
chr11:63184971:C:T	11	63184971	0.0247145180188934	0.111319626581938	0.824302967777764
chr11:70801858:T:C	11	70801858	-0.609404556986839	0.439105320299749	0.165188109575969
chr11:71334794:T:G	11	71334794	-0.470300108431619	0.372477388370816	0.206723162432717
chr11:77208574:G:A	11	77208574	0.313415298968017	0.342586973568396	0.360270985380848
chr11:77376654:A:G	11	77376654	-0.0462140053571864	0.303715761617667	0.87905914468073
chr11:77897055:A:G	11	77897055	-0.962268332691919	0.591514424231728	0.103782215338401
chr11:81783030:C:T	11	81783030	-0.0812978354547802	0.483858480900764	0.866567653159252
chr11:83962252:C:T	11	83962252	0.216682803396035	0.25101220401849	0.388007653078642
chr11:86328783:G:T	11	86328783	0.151592072986232	0.317731529387092	0.633285625105963
chr11:93046218:A:C	11	93046218	0.436240401464023	0.349407510974101	0.211842641359971
chr11:100626548:G:A	11	100626548	0.437313809452147	0.342231197801653	0.201308840272342
chr11:104129521:G:A	11	104129521	0.773617808711407	0.357397957557586	0.0304195770937046
chr11:108728662:A:G	11	108728662	0.0832573197737855	0.401393974218358	0.835681511104521
chr11:110396347:G:A	11	110396347	-0.0458703025997664	0.238903511614149	0.847739489381336
chr11:115616504:A:T	11	115616504	-0.176639051675888	0.501865107571554	0.7248643629537
chr11:119630310:G:A	11	119630310	0.235817968800765	0.264614252959191	0.37283456046489
chr11:123267436:G:A	11	123267436	-0.239350198348511	0.408310960769428	0.557743897631032
chr11:125907492:T:C	11	125907492	0.348952256116973	0.25188719025305	0.165945062830224
chr11:126829359:G:A	11	126829359	0.68759778158657	0.33343805268543	0.0391938851048484
chr11:130290657:C:T	11	130290657	0.175265297345176	0.363805821652058	0.629979953621861
chr11:131355535:G:A	11	131355535	0.0305629779347703	0.437382125418752	0.9442915102934
chr11:133238417:A:G	11	133238417	-0.155292765980337	0.20801374382026	0.455334933100953
chr11:134309503:C:T	11	134309503	-0.125887212592636	0.301981929684651	0.676773484414384
chr12:5192681:C:T	12	5192681	-0.0677680540278387	0.176918442352901	0.701685018761788
chr12:5448727:G:A	12	5448727	-0.311574387359795	0.37122812850828	0.401297025137534
chr12:6639294:C:T	12	6639294	0.584327442387366	0.308710510909511	0.0583843908527488
chr12:19523028:C:A	12	19523028	-0.314648307475253	0.303863864820012	0.300439651664285
chr12:20003679:T:A	12	20003679	-0.299895534700237	0.529136020666104	0.570874163582728
chr12:21333090:G:A	12	21333090	-0.450599968209198	0.365424298595874	0.217543290627874
chr12:25518059:A:T	12	25518059	-0.231371556101194	0.516094200853395	0.653927576190083
chr12:28965843:C:T	12	28965843	0.096872572674994	0.223625071058863	0.664875352350275
chr12:32086665:A:C	12	32086665	-0.199059629073049	0.493520693622061	0.686693659303766
chr12:44631613:C:T	12	44631613	-0.0502079946723012	0.415784550430035	0.903885224893057
chr12:53646626:C:G	12	53646626	0.291326133715688	0.357277312679614	0.41483984004479
chr12:53680144:C:A	12	53680144	-0.0533942933656804	0.3249068715354	0.869465679414905
chr12:54366280:G:A	12	54366280	0.0121968402435682	0.262815854842033	0.962984811472378
chr12:55599330:T:C	12	55599330	0.323765271545092	0.368930179790868	0.380172386719037
chr12:56675083:C:T	12	56675083	0.484886576281699	0.359160039708145	0.17699765473303
chr12:57436134:C:T	12	57436134	-0.0526456533599897	0.236463763555588	0.823817805423864
chr12:58724212:C:T	12	58724212	-0.0711259993702056	0.514228806722353	0.889990791930902
chr12:59048769:A:C	12	59048769	-0.101693821381354	0.411340439300782	0.804733757455689
chr12:59161225:G:A	12	59161225	0.376145875463069	0.317473360724467	0.236092250329349
chr12:59226687:C:T	12	59226687	-0.0386109590462	0.311509301292002	0.901356436843033
chr12:63113400:T:C	12	63113400	0.697486081552745	0.329603684286573	0.0343332787183042
chr12:64271340:C:T	12	64271340	0.125980975858992	0.227105657084741	0.579083405449114
chr12:64756705:C:T	12	64756705	0.333143453973473	0.279845608328422	0.233867816927908
chr12:67050802:C:T	12	67050802	-0.156788615265254	0.258116588070366	0.543563383585318
chr12:73909094:G:A	12	73909094	0.476569341268844	0.321146531168691	0.137818925534717
chr12:81126959:G:A	12	81126959	0.522983218496789	0.314615140710113	0.0964536123446866
chr12:83608380:A:G	12	83608380	-0.151894094299914	0.193635662563863	0.432786412638262
chr12:90727178:A:C	12	90727178	-0.237032647030238	0.195608740379955	0.225600741033688
chr12:92596791:C:T	12	92596791	0.182655462925798	0.274364236981086	0.5055767987329
chr12:95914573:A:T	12	95914573	-0.43327657678842	0.503876472808134	0.389851610731693
chr12:105967464:T:C	12	105967464	0.531148097642705	0.284071223906136	0.0615156440768336
chr12:109533295:C:T	12	109533295	-0.604823061475941	0.395194096735769	0.125906472265295
chr12:112209515:G:A	12	112209515	-0.979295349971127	0.510269307472183	0.0549623758027872
chr12:125875525:T:C	12	125875525	-0.0197332459553024	0.29129531669604	0.945990144210337
chr12:126449337:A:G	12	126449337	0.637556697284565	0.328429252636375	0.0522303934908259
chr12:131091094:G:A	12	131091094	-0.0950020907580112	0.343933886548811	0.782377594820953
chr12:132776953:G:A	12	132776953	0.464941112669032	0.290652244075088	0.109676822157437
chr13:19545220:A:G	13	19545220	-0.26279620520354	0.289267367223811	0.363619952014071
chr13:22977365:T:G	13	22977365	-0.0885276078010797	0.336140946813407	0.792269614556088
chr13:24330599:T:C	13	24330599	0.332578333470178	0.24545657519017	0.175437451039401
chr13:24623185:A:C	13	24623185	-0.239576647683995	0.380799976404106	0.529257146567474
chr13:25202506:T:G	13	25202506	-1.12168099279954	0.843530504186637	0.183602098644049
chr13:26234118:A:T	13	26234118	0.465075192850082	0.284032940572914	0.101547171155101
chr13:26494236:G:A	13	26494236	-0.0826476840283973	0.36151198609782	0.819166829043466
chr13:42909938:A:G	13	42909938	0.189248384919638	0.268273346507632	0.480541942270988
chr13:45708351:G:A	13	45708351	0.176141456496611	0.311815566705937	0.572148670886484
chr13:45809177:C:G	13	45809177	0.252380133758825	0.261378539527606	0.334257751016745
chr13:50558767:A:T	13	50558767	-0.913970127516762	0.817660456096337	0.2636580276428
chr13:58710908:G:A	13	58710908	0.427263779335441	0.227131612801548	0.0599544234505766
chr13:58934154:C:T	13	58934154	0.384757614750356	0.255186000955407	0.131617598497825
chr13:70397215:T:C	13	70397215	-0.019232897804364	0.370144045750046	0.958560106783016
chr13:86776101:G:A	13	86776101	-0.153855907836973	0.283081767859779	0.586783239550544
chr13:91472230:T:C	13	91472230	0.0101585004331756	0.252261293369915	0.967878066373293
chr13:93235990:C:T	13	93235990	-0.196250104742471	0.204331581391739	0.336829184286656
chr13:96765286:G:A	13	96765286	0.465730192387917	0.473740126819173	0.325562095177039
chr13:102180181:A:G	13	102180181	0.398327712163382	0.281593795086471	0.157201301365063
chr13:106009559:G:C	13	106009559	-0.513933400771561	0.367413199930349	0.161876381608123
chr13:106084136:A:G	13	106084136	-0.0396060041773048	0.28546589889366	0.88965432007456
chr13:112716578:T:C	13	112716578	-0.513409883310248	0.48455449872907	0.289349216603421
chr14:21167555:A:G	14	21167555	0.0169580407242601	0.425182958536131	0.968185525339105
chr14:26929954:A:G	14	26929954	-0.18586276089305	0.334195024662198	0.578107911854907
chr14:27823594:G:A	14	27823594	0.658765413046655	0.349101159513719	0.059155885407973
chr14:34182794:A:C	14	34182794	0.0407939017980169	0.440153423869944	0.926156915448845
chr14:38216062:T:A	14	38216062	0.141646744914433	0.261902156857193	0.588618968739856
chr14:39925237:C:T	14	39925237	0.381170075464392	0.27811573404169	0.170516898002133
chr14:44446011:A:G	14	44446011	-0.972428647341858	0.542731242195479	0.0731759906678771
chr14:51426205:T:C	14	51426205	0.377705847613402	0.282970620492707	0.181945673790864
chr14:52881822:T:G	14	52881822	0.171892930029534	0.263980860223157	0.514945279101891
chr14:53358297:A:G	14	53358297	0.778103319747851	0.337721077010042	0.0212236478349562
chr14:56254615:G:A	14	56254615	0.0345956998263932	0.333423054137555	0.917360468015569
chr14:57978070:T:C	14	57978070	-0.254804297239891	0.133900214018091	0.0570481565004921
chr14:62445185:T:C	14	62445185	-0.386269852677935	0.338216941527137	0.253421937699454
chr14:67518615:G:A	14	67518615	0.479281194127855	0.246666739922387	0.0520123777057
chr14:68863518:T:G	14	68863518	-0.415004102341725	0.396424426747412	0.295160397829672
chr14:77734277:G:A	14	77734277	0.133373838079175	0.411644708070284	0.745936282118144
chr14:84531019:T:G	14	84531019	0.440418462377223	0.269011569188689	0.101594338844597
chr14:90804831:C:G	14	90804831	0.281733353511637	0.392841583500623	0.473270534721421
chr14:91397629:G:T	14	91397629	0.0252347166495922	0.327691598797843	0.938617564335986
chr14:91961156:T:C	14	91961156	0.180633147697271	0.19342209323759	0.350365467830937
chr14:92998270:C:G	14	92998270	0.400859840021737	0.388772807854817	0.302498513587305
chr14:98340169:A:G	14	98340169	0.191353707210663	0.464863753170972	0.68060773692702
chr14:100721312:C:T	14	100721312	-0.703320863272601	0.523352860486431	0.178988788084536
chr15:24165057:A:G	15	24165057	-0.176933617522088	0.365370089649652	0.628202335058621
chr15:26353849:A:G	15	26353849	-0.492935960368217	0.245756095854679	0.0448782928282979
chr15:34880184:A:T	15	34880184	-0.0658758361924856	0.320430855076897	0.837114952030854
chr15:37080410:C:T	15	37080410	0.267072978044541	0.293183996859063	0.362327081856675
chr15:55712443:A:G	15	55712443	-0.170376396187744	0.392664167986156	0.664362144078249
chr15:57522102:A:T	15	57522102	-0.374497829101584	0.423456167903016	0.376488995963181
chr15:69786285:T:C	15	69786285	0.452160564992306	0.276591234016065	0.102099157318053
chr15:71331250:T:C	15	71331250	-0.162442731127374	0.427513288818293	0.703966804568469
chr15:77734259:G:A	15	77734259	-0.451811951248486	0.359370685720111	0.208670016478606
chr15:79750604:G:T	15	79750604	-0.246614475539579	0.42517924712121	0.561897944919779
chr15:81697597:G:A	15	81697597	0.294844219819945	0.276774133769013	0.286745529248357
chr15:87989871:C:T	15	87989871	0.0263166382798955	0.302971321085461	0.93078135344834
chr15:88891382:T:C	15	88891382	-0.803484633367649	0.433153898118064	0.0636014513585694
chr15:94791129:A:G	15	94791129	-0.289246956384138	0.461621578050215	0.530928746836551
chr15:100978492:T:G	15	100978492	-0.369920551211868	0.350403051248111	0.291105231942911
chr16:2671727:C:T	16	2671727	0.232681776565283	0.419892121777546	0.579478545026762
chr16:4957642:T:C	16	4957642	-0.0860607263874925	0.225444354656918	0.702655548532609
chr16:5884026:G:T	16	5884026	-0.148635538152759	0.299553125168365	0.619759722797481
chr16:6848656:G:A	16	6848656	0.546084978842179	0.303775359553798	0.0722308172185515
chr16:7909855:G:A	16	7909855	0.0724445365200505	0.301218281506578	0.809938700773773
chr16:8273542:C:G	16	8273542	-1.13923791623542	0.693408057627552	0.100392339356889
chr16:12394716:C:T	16	12394716	-0.55490726064081	0.47113649793614	0.238874069058767
chr16:17779668:G:A	16	17779668	-0.0263551948724169	0.282723946707907	0.925729717181597
chr16:31127124:G:A	16	31127124	0.580276179208727	0.260937419938463	0.0261609890289466
chr16:56688556:C:T	16	56688556	0.387039522855798	0.309851639109988	0.211623967911694
chr16:60324635:A:C	16	60324635	-0.363187354271293	0.22527470262478	0.106918928682978
chr16:60499572:C:T	16	60499572	-0.537885261615868	0.323008781226657	0.0958660451003989
chr16:62273123:C:T	16	62273123	0.0422444426272708	0.254812045138227	0.868324829990831
chr16:65972427:C:T	16	65972427	0.0394107427695332	0.213178812848882	0.85332961978393
chr16:69246420:T:C	16	69246420	-0.22808527643976	0.267158424250656	0.393246071665243
chr16:71908403:G:A	16	71908403	-0.440339044739753	0.305726468200485	0.149781419775336
chr16:72103328:C:A	16	72103328	-0.785699672271858	0.36234151278931	0.0301286148281389
chr16:79886631:C:T	16	79886631	0.137724784262698	0.261284380261574	0.598119396423124
chr16:81396153:C:A	16	81396153	0.283790004098065	0.37088861363084	0.444174874582136
chr16:82294878:C:G	16	82294878	-0.493488902836158	0.545540225595181	0.365683926913543
chr16:82421890:A:G	16	82421890	-0.0460869559284979	0.348024405332127	0.894648541523627
chr16:83827178:T:C	16	83827178	-0.250701775786147	0.403478755972649	0.534368953537667
chr16:89331863:A:T	16	89331863	-0.188798506574692	0.265782544845723	0.477487410558678
chr16:89337630:T:C	16	89337630	0.059920383670788	0.289461869183733	0.836005064806556
chr16:89479873:T:G	16	89479873	0.181225414244031	0.30462853503339	0.551906150639945
chr16:90035976:C:A	16	90035976	-0.469370753789238	0.394476127879907	0.234102031976161
chr17:2489248:C:G	17	2489248	-0.437115661345161	0.371198685902188	0.238964610538444
chr17:6949267:T:C	17	6949267	-0.697024058562698	0.457461975519579	0.127589544390318
chr17:7929448:A:G	17	7929448	-0.614008741152141	0.370862216511225	0.0977977929345211
chr17:12174148:T:C	17	12174148	0.153645589931208	0.245306357198978	0.531090869354287
chr17:15219976:C:T	17	15219976	-0.441382004785315	0.297493649246576	0.137896843721505
chr17:16482403:T:A	17	16482403	0.270411072189626	0.224513503728851	0.22842295301296
chr17:18684803:A:G	17	18684803	0.316191461056903	0.374146296170634	0.398054372432738
chr17:20040710:T:C	17	20040710	0.253690367014531	0.227184588642911	0.264135162536479
chr17:21275023:A:C	17	21275023	-0.0693864504177774	0.325213123813518	0.831048627723838
chr17:31554254:C:T	17	31554254	-0.0771994517977582	0.245501220458451	0.753174358387121
chr17:33472425:T:G	17	33472425	0.271291924976859	0.262454154926566	0.301288789948462
chr17:44156671:T:A	17	44156671	-0.296342990526513	0.384754281944184	0.441173182542499
chr17:45754773:C:T	17	45754773	-0.75454326675948	0.434162246784848	0.0822232814451852
chr17:48779278:C:T	17	48779278	-0.0974099456527917	0.187605604171371	0.603602264640356
chr17:52703044:C:G	17	52703044	-0.0810896893630529	0.254905460218723	0.75039639986414
chr17:53282498:G:T	17	53282498	-0.461320390869258	0.392897551253651	0.240335223299314
chr17:58411807:C:T	17	58411807	0.157780370530306	0.289033770664633	0.585142205647494
chr17:61409438:A:G	17	61409438	-0.570546301650689	0.379879705463387	0.13311955597512
chr17:66262233:G:T	17	66262233	-0.495455226155973	0.364059623154584	0.173539663579353
chr17:66751216:C:T	17	66751216	0.0344163044907094	0.207568706694347	0.868308989063306
chr17:66971178:A:G	17	66971178	-0.626926176490946	0.433361291919846	0.147992347319956
chr17:68771033:G:A	17	68771033	0.695757987601406	0.43101117759133	0.106474119044247
chr17:69081332:C:T	17	69081332	-0.444828328302539	0.490349059879773	0.364318661360584
chr17:69213412:T:C	17	69213412	-0.381772312388732	0.316898265462004	0.228313077054833
chr17:72829246:G:A	17	72829246	0.321409017989946	0.299142375462974	0.282627792987292
chr17:73506492:C:T	17	73506492	-0.371543742687158	0.410681798861859	0.365624445299624
chr17:77625920:A:T	17	77625920	0.456187735778701	0.23184558635826	0.0491099277147525
chr18:1137045:A:T	18	1137045	-0.317350648793927	0.33300978687314	0.340601752947461
chr18:4080016:T:A	18	4080016	-0.458168847377287	0.696861290595024	0.51087556810069
chr18:8920896:G:C	18	8920896	0.177652952499187	0.287547960230385	0.53669383383509
chr18:9609299:C:T	18	9609299	0.00559241012910593	0.240258291188516	0.98142959070904
chr18:10572326:C:T	18	10572326	0.211952532197577	0.246535866251573	0.389941803170324
chr18:11017906:C:T	18	11017906	0.369651780472745	0.241856163199881	0.126414464804065
chr18:14686017:A:G	18	14686017	-0.387528252705948	0.55984846066023	0.488810450892823
chr18:14895123:C:T	18	14895123	0.178978242111432	0.20478777214346	0.38213492954923
chr18:30059135:A:G	18	30059135	0.284129967700398	0.237909114966624	0.232368672234217
chr18:32490781:T:C	18	32490781	0.158096039406636	0.243611490328284	0.516359119109226
chr18:36255061:C:A	18	36255061	0.0388458042742791	0.16834931215326	0.817512716830157
chr18:42762909:A:C	18	42762909	-0.326410874987855	0.385526789600636	0.397183556358931
chr18:43928870:G:A	18	43928870	0.425071595039949	0.294460625489151	0.148862769602968
chr18:45461168:C:T	18	45461168	-0.576571451956182	0.416503657946035	0.166262617715028
chr18:49146783:T:G	18	49146783	-0.451049255307146	0.36868082466149	0.2211733959696
chr18:49872731:C:G	18	49872731	0.440727326563686	0.313130731862168	0.159283131474941
chr18:50485733:T:C	18	50485733	-0.316732801053339	0.667161450501814	0.634967416267502
chr18:58120958:C:T	18	58120958	-0.88131804354422	0.605562782235523	0.145566794396792
chr18:59256389:C:T	18	59256389	0.0725354537555096	0.281136319429763	0.796400639072185
chr18:62998306:G:A	18	62998306	0.209103791092485	0.303739607627608	0.491181347100226
chr18:66103927:C:T	18	66103927	0.0828334035496579	0.278495068488531	0.76613655610631
chr18:66206557:C:T	18	66206557	0.413063902254732	0.230491045912053	0.0731163243234761
chr18:68001558:G:A	18	68001558	0.250004134192384	0.271221426542271	0.356647866689066
chr18:71730181:C:T	18	71730181	-0.428488298924884	0.326572458128319	0.189494064789076
chr18:72912108:T:C	18	72912108	0.224362338802844	0.325611750736764	0.490792649812761
chr18:73248491:G:A	18	73248491	-0.0569615538824966	0.495878502004512	0.90854817960191
chr19:2907557:G:A	19	2907557	0.386014122969428	0.267460019960838	0.148947480559079
chr19:17584922:G:A	19	17584922	0.475769919297795	0.271075937768843	0.0792393395550676
chr19:18704666:C:T	19	18704666	0.554513927906539	0.336015803513773	0.0988894727986644
chr19:18737022:C:T	19	18737022	0.279602246837919	0.313934611143202	0.373123145250369
chr19:18805179:A:G	19	18805179	0.151196872560762	0.285346532842837	0.596201325867826
chr19:21560366:G:T	19	21560366	-0.280910895158557	0.479217924370388	0.557750448863529
chr19:21659434:G:C	19	21659434	0.49422181770101	0.315682754325943	0.11745052892859
chr19:33474662:T:C	19	33474662	0.141110947565921	0.256257948902565	0.58186691589798
chr19:37956680:C:T	19	37956680	-0.242868129178326	0.383533968300456	0.526578496018002
chr19:38120117:A:T	19	38120117	0.433485277433353	0.355763889142943	0.2230479256018
chr19:44380983:T:C	19	44380983	-0.611325848443968	0.678238001666255	0.367405371652739
chr19:44819986:A:G	19	44819986	-0.56104109264134	0.562866402400211	0.318882417879829
chr19:48685001:C:T	19	48685001	-0.293872223241003	0.371502167592011	0.428921987347119
chr19:51552139:T:A	19	51552139	-0.43887828391651	0.732903347213532	0.549291921468027
chr19:52714810:C:T	19	52714810	-0.102710069235212	0.17013450280334	0.546043622659171
chr19:53330671:T:C	19	53330671	-0.473883999672488	0.439053479902531	0.280440230506755
chr19:54944544:G:A	19	54944544	-0.393263014089252	0.540525832201386	0.466885194822423
chr19:57195010:G:C	19	57195010	-0.803270983737931	0.650926164982718	0.217186820715634
chr20:1709120:A:G	20	1709120	0.114297248028706	0.338591989625355	0.735690035159481
chr20:1735934:T:G	20	1735934	-0.276347997859425	0.421787839803744	0.512350280737725
chr20:1906500:G:T	20	1906500	-0.883564717973568	0.6958047670094	0.20413958478667
chr20:3649460:G:A	20	3649460	-0.325348921160842	0.347432501063721	0.349047832045438
chr20:5407753:C:T	20	5407753	-0.302081413227656	0.444626809791668	0.496881659463452
chr20:5860313:T:C	20	5860313	0.502169683478595	0.307050373704088	0.10195191705902
chr20:7000966:A:C	20	7000966	-0.479951935472265	0.412660132174535	0.244801775621019
chr20:12129436:G:A	20	12129436	0.292967010980867	0.314389876413275	0.351409439602971
chr20:31347432:T:C	20	31347432	-0.502283266191151	0.486914297190376	0.302276406366323
chr20:37593342:C:T	20	37593342	0.120965117700734	0.334073244628293	0.717283576038354
chr20:38200488:G:A	20	38200488	0.0870034610537667	0.276510943231601	0.753029353603275
chr20:38350608:A:G	20	38350608	0.264576649780435	0.343915817667346	0.441711421203022
chr20:45729681:A:G	20	45729681	-0.40227022676267	0.392145486931603	0.304976986010247
chr20:48501317:C:T	20	48501317	0.0583532842823587	0.127951291017517	0.648347853012233
chr20:49036824:T:G	20	49036824	-0.531357587846208	0.339873369313187	0.117958842912756
chr20:50371082:C:T	20	50371082	-0.711927901177031	0.446165970661303	0.110565370434716
chr20:52513956:G:A	20	52513956	-0.213834274781343	0.448148735671114	0.633255144770088
chr20:54253971:A:G	20	54253971	0.0854746442549132	0.179216708910041	0.633408713176951
chr20:58480201:T:G	20	58480201	0.42585829603315	0.282279970208706	0.131391311906914
chr20:60073360:C:T	20	60073360	0.289164672694842	0.331824941245991	0.383515358134276
chr21:15297615:T:C	21	15297615	0.0750218123311393	0.224094029608744	0.737792350982884
chr21:24026351:C:T	21	24026351	-0.0798768234090426	0.377898512372295	0.832597707872663
chr21:26647335:G:C	21	26647335	-0.623523404395897	0.39527387096896	0.114692811400106
chr21:28043199:C:G	21	28043199	-0.60446454854641	0.581393385590245	0.298487417680455
chr21:31885030:A:G	21	31885030	0.16756607524805	0.226794018572124	0.459999921777811
chr21:35502622:A:T	21	35502622	0.554581726735641	0.250206674426982	0.0266576516816812
chr21:36306638:T:G	21	36306638	0.119724292201665	0.358612300779784	0.738489435749153
chr21:41442549:G:A	21	41442549	0.000613536218497257	0.297244838065013	0.99835310603939
chr22:20147688:T:C	22	20147688	-0.0154132834512502	0.341818785568719	0.964033999530872
chr22:23891985:A:G	22	23891985	-0.612458382789461	0.509889347956266	0.229689375362532
chr22:24245985:G:T	22	24245985	0.719423661522779	0.315114805035504	0.0224272726707323
chr22:30662128:G:A	22	30662128	0.0335320043929529	0.30004650181768	0.911016855895663
chr22:36977479:G:A	22	36977479	0.0866552597539766	0.471628185556825	0.854220260581142
chr22:42475109:T:G	22	42475109	-0.184941474328275	0.218103214709928	0.396463637815755
chr22:44719519:A:G	22	44719519	-0.0421578152518483	0.344455290432587	0.90259031356598
chr22:45210278:T:C	22	45210278	0.63100617800913	0.357269265941738	0.0773636152129479
chr22:49668266:A:G	22	49668266	-0.288896508657216	0.270512437613323	0.285538479163372
