SNP	CHR	POS	est	stderr	pval
chr1:1837340:C:T	1	1837340	0.0214099422691531	0.0919837762758342	0.815949476334444
chr1:2261200:G:C	1	2261200	0.0198263843417191	0.0642730297694968	0.757723743816765
chr1:14678191:A:C	1	14678191	-0.0499549100049275	0.0523704938292227	0.340146869211836
chr1:14985097:C:T	1	14985097	-0.0279030624258606	0.0849768599441221	0.74263894318767
chr1:20215506:G:C	1	20215506	-0.0296226216651768	0.064505943609122	0.646073938537616
chr1:22009627:T:C	1	22009627	-0.0214179682555046	0.0699092420967621	0.759324322172074
chr1:22126221:C:T	1	22126221	0.0603475592640596	0.0640809270076817	0.346325873907074
chr1:23180575:A:G	1	23180575	0.0455029058461986	0.0536696564573513	0.396530982026407
chr1:26058659:G:C	1	26058659	0.0556974911750502	0.0670028299678645	0.405820707601065
chr1:26181362:A:G	1	26181362	0.00177043006532483	0.0599735643207368	0.976449729278166
chr1:28670719:C:T	1	28670719	0.055578804774151	0.0605325346315523	0.358532920683681
chr1:29753056:A:C	1	29753056	-0.0314738945591472	0.0473644512844724	0.506367421931379
chr1:29908726:A:G	1	29908726	0.0314148405847482	0.0777556572941734	0.686198012809788
chr1:31886486:G:T	1	31886486	-0.0606156410426444	0.0635197766976628	0.339942020319471
chr1:37838865:C:T	1	37838865	0.0279707043482117	0.103061570265711	0.786084937862104
chr1:39880059:T:C	1	39880059	0.0158185344313917	0.048077923679108	0.742141577512089
chr1:43202709:G:A	1	43202709	-0.176496069492105	0.0809169087137793	0.0291685279701034
chr1:47498869:G:A	1	47498869	-0.0416064218380181	0.0876398586898043	0.634970064110414
chr1:54900240:G:A	1	54900240	-0.00660057851476002	0.0642839519655977	0.91821815335195
chr1:56563907:C:T	1	56563907	0.166337512182776	0.103871986767803	0.109294932033442
chr1:65351414:T:A	1	65351414	-0.036876238841135	0.0659956959496538	0.576320521327592
chr1:73302339:T:C	1	73302339	0.0728669976092453	0.0642611303300467	0.256827997870528
chr1:73563666:T:C	1	73563666	0.0758621617272791	0.0677825445441926	0.26305521638783
chr1:76062379:T:C	1	76062379	-0.123056957623204	0.0691730028990823	0.0752440626922909
chr1:86928231:G:T	1	86928231	0.0160958217516652	0.0773996686732727	0.835262352141347
chr1:88611347:G:A	1	88611347	0.00838734619725419	0.0666162307447075	0.899806772241299
chr1:91057167:C:A	1	91057167	-0.121759444237183	0.0929545472299592	0.190235917458209
chr1:91093925:G:A	1	91093925	-0.134725291377648	0.0948437013741266	0.15546274042697
chr1:92475800:A:G	1	92475800	-0.111155922376656	0.0681036391758417	0.102646135271446
chr1:94752415:G:A	1	94752415	-0.00743777040443359	0.0678585640090989	0.912721096558498
chr1:95614324:G:A	1	95614324	-0.0470347496768674	0.0774250612022468	0.543527497259787
chr1:99691102:T:C	1	99691102	0.0759714180169767	0.0783541445366549	0.332250752966013
chr1:104937367:T:A	1	104937367	-0.0209771385810164	0.0612597924888517	0.732027955563636
chr1:153704237:C:A	1	153704237	0.069513363368104	0.0575016377125872	0.226703714916225
chr1:159540226:C:T	1	159540226	0.0707098869777139	0.0549576892513609	0.198225342612713
chr1:165647351:T:C	1	165647351	0.0809312191707848	0.0600944492323146	0.178066018745593
chr1:168863629:G:A	1	168863629	0.0119222234184443	0.0498842863548877	0.811107463924731
chr1:171350391:G:A	1	171350391	-0.0416008467391496	0.0546182426831505	0.446259500461222
chr1:173013575:C:G	1	173013575	-0.0102658397861513	0.0611752473420702	0.86673247832566
chr1:185127444:C:G	1	185127444	0.110819920264466	0.0740571572714482	0.13454667096708
chr1:186638909:G:T	1	186638909	-0.0135725166566867	0.0624349337538036	0.827907089561682
chr1:188272062:T:C	1	188272062	0.0133993351007395	0.0592497886421139	0.821084817770905
chr1:193365737:C:T	1	193365737	-0.0117061184974322	0.0579538372030255	0.839924232707486
chr1:195033388:T:C	1	195033388	-0.105851197025288	0.0730856551423397	0.147528414540309
chr1:195907914:A:G	1	195907914	-0.0146416925187321	0.0561819637335829	0.794391754146613
chr1:196692375:G:C	1	196692375	0.0396977610962387	0.0836415951464164	0.635059661997348
chr1:197559019:A:G	1	197559019	-0.0117766866724316	0.0676067621764748	0.861713066529469
chr1:199160726:G:A	1	199160726	0.0214404061649541	0.0698433210612315	0.758859647448727
chr1:204277152:T:C	1	204277152	0.0282164489447341	0.0613621498888857	0.645634837183745
chr1:207498131:C:T	1	207498131	-0.05653373358198	0.0764248996465691	0.459464296995968
chr1:210496535:G:A	1	210496535	-0.0590040152105543	0.0559830553689459	0.29190029710507
chr1:212937214:T:G	1	212937214	-0.0238304140192194	0.0670661856806744	0.722344770480398
chr1:219750864:A:G	1	219750864	0.0801707918814472	0.0699071482434483	0.25145675399792
chr1:221920463:G:A	1	221920463	0.107357364029532	0.0693680404215682	0.121706877061472
chr1:227462684:A:G	1	227462684	0.0593374573931287	0.0700238660816343	0.396778305552679
chr1:234456961:G:A	1	234456961	0.0614762557519441	0.0706418441844287	0.38416232074419
chr1:237308322:A:G	1	237308322	-0.153824242547554	0.0560712519073924	0.00608119492441528
chr1:244583991:C:T	1	244583991	-0.0093640108560919	0.0737758292063345	0.898999612182401
chr1:247190028:T:C	1	247190028	-0.0515246973137405	0.058575733940623	0.379062330574065
chr1:247897239:C:T	1	247897239	0.0680616961066997	0.0666961840305465	0.307503895916149
chr2:3248328:A:G	2	3248328	-0.110187118221787	0.0753133503175118	0.143453984773566
chr2:4505759:T:G	2	4505759	0.0563230654029557	0.0901577982096885	0.532157132692196
chr2:6804400:G:A	2	6804400	-0.129541823942798	0.090520794451445	0.152409424104122
chr2:9411790:A:C	2	9411790	-0.0498245100517447	0.0644297886043865	0.439336090107592
chr2:12096367:C:T	2	12096367	-0.127124706755477	0.0959090016735374	0.185014614060291
chr2:13545005:C:T	2	13545005	-0.00696017330279356	0.0608729652431167	0.908968815962913
chr2:16009716:A:G	2	16009716	0.0285810921542332	0.0538951337245781	0.595897480225958
chr2:16367899:A:T	2	16367899	-0.146404538716808	0.0589456647499873	0.0130017918921297
chr2:17630111:A:C	2	17630111	0.061261253728763	0.0545233079385504	0.261191591854071
chr2:17928966:C:G	2	17928966	0.0265886986134258	0.0762159240273287	0.727194304282088
chr2:18261494:A:T	2	18261494	-0.00529372484267606	0.0617274159795698	0.931657441000751
chr2:19530615:T:C	2	19530615	-0.0641714738197205	0.0776489547421554	0.408559859683853
chr2:19562158:T:C	2	19562158	0.0391407229495808	0.0773964599188902	0.613055174269314
chr2:27383116:G:A	2	27383116	0.0654453834847343	0.0689706921536541	0.342678158445603
chr2:37762298:C:T	2	37762298	-0.0148021163397041	0.069442206877548	0.831204238645422
chr2:42010994:T:A	2	42010994	0.0367364005044815	0.0541092590957621	0.497182201773745
chr2:45824390:C:G	2	45824390	0.219363965430525	0.084421793649006	0.00936516407447396
chr2:49789441:T:C	2	49789441	0.0826721229280226	0.0656871336609048	0.208184219015033
chr2:49994518:G:A	2	49994518	-0.104340937046484	0.0668271124452808	0.118439692462995
chr2:51284042:G:A	2	51284042	0.0480676477473933	0.0695137511063125	0.48926142242972
chr2:51344078:G:A	2	51344078	0.0901256620309355	0.0578908178610952	0.119512903416897
chr2:57278002:C:A	2	57278002	0.0754236215588003	0.0616799601401449	0.221396876951295
chr2:57368273:A:G	2	57368273	0.0232269731371958	0.0668054734909462	0.728079999925535
chr2:61147014:T:C	2	61147014	-0.0640266098092071	0.0722377537225895	0.375438821133998
chr2:61693274:A:G	2	61693274	-0.0789257018117707	0.0593748772002556	0.183756359681112
chr2:65295480:C:T	2	65295480	0.0472055796277119	0.0666269423356798	0.478631169300341
chr2:66031496:T:C	2	66031496	-0.0245021985886568	0.0515978949992779	0.634880931512574
chr2:69165635:T:C	2	69165635	-0.0126279451816489	0.0773059275537987	0.870242645034801
chr2:76651386:C:A	2	76651386	-0.0369346319208812	0.0552118629768357	0.503519791998323
chr2:79784490:C:G	2	79784490	0.0043351696310307	0.0675705826615408	0.948844700194344
chr2:82619301:T:C	2	82619301	0.0843676441838435	0.0784706644525413	0.282308094277062
chr2:85744328:G:A	2	85744328	-0.00639491354703185	0.104117969955678	0.951024817799845
chr2:85757440:T:A	2	85757440	-0.0194054910299657	0.0775461349240697	0.80239830093948
chr2:99811694:T:C	2	99811694	0.0132146500741449	0.0602311760970893	0.826339374771947
chr2:101228073:A:C	2	101228073	0.0351048084894187	0.0531738107243644	0.50913202473878
chr2:108083619:T:C	2	108083619	0.0500165488667665	0.0620513314494801	0.420213340043127
chr2:118004610:C:T	2	118004610	0.037171747045972	0.0514594565589179	0.470079216621729
chr2:119455921:A:G	2	119455921	-0.0207305318250921	0.0564294805591665	0.713342602600374
chr2:120644763:G:A	2	120644763	0.0120475208856148	0.0683725229356672	0.860133576675736
chr2:120916837:A:G	2	120916837	-0.0636313433216978	0.0662083418151275	0.336513234583367
chr2:122628686:C:A	2	122628686	-0.089579832348585	0.115782805738592	0.43911498625733
chr2:122629789:A:C	2	122629789	-0.0548663046320551	0.0721423973276707	0.446939109532813
chr2:126391403:A:G	2	126391403	0.0128664321722367	0.0747251782626608	0.8632933803307
chr2:127192867:G:A	2	127192867	0.110637526000206	0.0624642984710874	0.0765254252912837
chr2:130915743:C:T	2	130915743	0.0204916097309564	0.068638123822481	0.765286779594854
chr2:136507185:G:C	2	136507185	0.0860704872544492	0.0569619497400202	0.130784062207075
chr2:141023592:C:T	2	141023592	0.0315158449570139	0.0851539913761784	0.71130489568237
chr2:143920023:G:T	2	143920023	0.0025967236300758	0.0689502303482969	0.969958098556809
chr2:144729333:C:T	2	144729333	0.0241315141279345	0.0658584536536505	0.714055555004812
chr2:148561010:G:C	2	148561010	0.0112856134855135	0.0889722138960781	0.899063674425362
chr2:154835349:G:T	2	154835349	0.106929086309368	0.0521125907039573	0.0401807595020586
chr2:164974626:C:A	2	164974626	-0.0637927072581593	0.103745766420457	0.538624356528162
chr2:167086954:T:G	2	167086954	0.067246465465302	0.0496074013565493	0.175234992993446
chr2:167657344:C:T	2	167657344	0.0196810187718817	0.0818382320588847	0.80995285509641
chr2:167884398:C:T	2	167884398	0.0552612489907717	0.0868337705675207	0.524513959378494
chr2:168647356:T:G	2	168647356	0.012817092512015	0.0600198868293431	0.830899999285673
chr2:170041677:A:G	2	170041677	-0.00860351210399869	0.0876060640843649	0.921768074885609
chr2:171274449:C:A	2	171274449	-0.0918657084285252	0.0866806865008352	0.28922763396907
chr2:177787584:G:A	2	177787584	-0.0365053485623318	0.0672319033848875	0.587145931736885
chr2:179648558:C:T	2	179648558	0.0443388541002154	0.105108878114335	0.67314371719396
chr2:183527028:C:T	2	183527028	-0.0682346922534289	0.0698144998575659	0.328385339454232
chr2:184516924:T:A	2	184516924	-0.0599666965057758	0.0608500450384702	0.324386784427453
chr2:191922008:C:T	2	191922008	-0.211054924033004	0.1041120207091	0.0426429100629514
chr2:197010424:G:A	2	197010424	0.145671747374335	0.0910340930558834	0.109556678615242
chr2:209101337:G:A	2	209101337	0.0614988560722637	0.0497495814416048	0.216396007105702
chr2:209103516:A:G	2	209103516	-0.000305550518116381	0.0535886379864174	0.995450663999892
chr2:210957182:G:A	2	210957182	0.00433065346980188	0.0552366274073594	0.937508406392194
chr2:214802180:T:C	2	214802180	0.0407714020549397	0.056100190400029	0.467372688388414
chr2:215209936:A:G	2	215209936	-0.0379925307467825	0.0648763764125472	0.558134767707843
chr2:220997842:C:T	2	220997842	-0.0208196356356004	0.0512722080607683	0.684697901490863
chr2:228947684:G:A	2	228947684	0.0458062075463864	0.0563306654058994	0.416122628751138
chr2:233152507:T:C	2	233152507	-0.00277481226612486	0.0647349582996372	0.96580978594847
chr2:235620294:A:T	2	235620294	-0.077146305049177	0.0734728565499381	0.293719328783401
chr2:237288548:A:G	2	237288548	0.0193567684398851	0.0526385301097691	0.713074543833999
chr2:237513585:T:C	2	237513585	-0.121352162947944	0.0761718191874931	0.111129403287258
chr2:237920759:T:G	2	237920759	0.0856544719725381	0.0534692155420703	0.1091688912015
chr2:240429648:C:T	2	240429648	0.0271760651272131	0.0650740947069294	0.676226975293683
chr3:10127208:T:G	3	10127208	0.000425237003502573	0.0858464185960992	0.996047725020848
chr3:14082905:A:G	3	14082905	0.0356744387084211	0.0679016796493016	0.599316451518886
chr3:16798495:T:G	3	16798495	-0.0735501863761032	0.0742655397087194	0.321994462429053
chr3:18882818:T:C	3	18882818	-0.116324465747106	0.0586793337313056	0.0474372444478364
chr3:22245167:A:G	3	22245167	0.0408494119180306	0.0723600315224925	0.572393458045359
chr3:24009496:G:A	3	24009496	0.12390088867934	0.0580378998711117	0.0327751256497092
chr3:24010534:C:T	3	24010534	-0.0483243978001763	0.0663543779811993	0.466443757744675
chr3:33111016:C:A	3	33111016	-0.0522560536656945	0.0738041321048308	0.4789223027841
chr3:33421913:A:G	3	33421913	-0.152602762192245	0.062719969846502	0.0149709545186639
chr3:34471110:A:G	3	34471110	-0.0687713511566086	0.0640321237717448	0.282816730423937
chr3:35230331:G:A	3	35230331	-0.0657722824721286	0.0800023205338492	0.411003093017893
chr3:41413926:T:C	3	41413926	0.0634802990707218	0.0512588091755916	0.215557732450393
chr3:42098050:T:C	3	42098050	-0.00577959172711122	0.0524339065266159	0.912229962202614
chr3:46489654:A:G	3	46489654	0.100940968715201	0.0643912064158412	0.11696974849357
chr3:64441608:G:A	3	64441608	-0.0397901300133455	0.0639017381713271	0.533496929571814
chr3:66150510:T:A	3	66150510	0.0100917727192272	0.0853759178718765	0.905906041768685
chr3:66995763:G:T	3	66995763	-0.045920586838475	0.0794004383438365	0.563033426308631
chr3:68498445:T:C	3	68498445	-0.0884362192580946	0.0557518395526427	0.11268316369718
chr3:68824246:G:A	3	68824246	0.0508719078531418	0.052725261949769	0.334620528969407
chr3:69021248:A:C	3	69021248	0.0281488802545686	0.0645974472754879	0.663012029377163
chr3:69617754:T:G	3	69617754	-0.00547474467026465	0.0457260624030561	0.904697671956338
chr3:74191731:G:A	3	74191731	0.0451382901731615	0.0546975859951614	0.4092389356599
chr3:74732240:G:A	3	74732240	0.0717718365102292	0.0678756516152607	0.290328248264523
chr3:75709324:A:T	3	75709324	-0.0200132345921416	0.0554300965041789	0.718059396206725
chr3:84465702:T:C	3	84465702	0.00585290469839147	0.0535486383484059	0.912963975957063
chr3:84817748:G:A	3	84817748	0.0712367966203462	0.0628176326624181	0.256783856205944
chr3:85705423:A:G	3	85705423	0.0204555163611967	0.058945760442764	0.728574272513817
chr3:88069353:C:T	3	88069353	0.00189546703835277	0.0676197408223022	0.977637213138965
chr3:93986190:G:A	3	93986190	-0.0509579936566796	0.065175512365701	0.434298049250872
chr3:101022648:G:A	3	101022648	0.0768808261212296	0.0649232789529618	0.236341953608931
chr3:106664728:C:T	3	106664728	-0.0676681642934415	0.0689512820820431	0.32639998682398
chr3:110774699:C:T	3	110774699	-0.0281338755269382	0.0649385355938084	0.664841491980343
chr3:113428518:G:A	3	113428518	-0.017325835738605	0.0659580913061177	0.792797650322911
chr3:121058963:T:G	3	121058963	0.15828669206219	0.0737708633256236	0.0319006542569092
chr3:122312606:G:A	3	122312606	-0.168762287251621	0.093624564357	0.0714600423801196
chr3:124193435:A:C	3	124193435	-0.00627529391399084	0.0724072098102647	0.930936446521059
chr3:126773646:G:T	3	126773646	-0.0411555421366387	0.0813993696837603	0.613137301961543
chr3:131110446:C:G	3	131110446	-0.0814491577932204	0.0947471052990849	0.389983117493914
chr3:131209978:G:T	3	131209978	0.101626048677333	0.0622708054139004	0.102679167371081
chr3:133982842:C:T	3	133982842	-0.0435107526399597	0.0484039399343431	0.368700964279349
chr3:146265901:G:T	3	146265901	0.0821704787587923	0.0624087307318016	0.187955844713693
chr3:149679065:C:A	3	149679065	-0.133338580533522	0.0636821310715909	0.0362764924429712
chr3:152663712:G:C	3	152663712	-0.0641807359000007	0.0496021624295644	0.195696496639872
chr3:159417151:A:G	3	159417151	-0.0165891035912632	0.0445691524428777	0.709736177822988
chr3:164899350:G:A	3	164899350	0.00385910367303308	0.0742206991051307	0.958532694378148
chr3:168053836:T:C	3	168053836	-0.0727452989673352	0.0707413152748458	0.303795406643003
chr3:171028381:G:A	3	171028381	-0.184388830578825	0.122383560274517	0.131901149468204
chr3:174497130:T:C	3	174497130	0.124729606319364	0.0611940505514735	0.0415235771726049
chr3:176663180:T:G	3	176663180	-0.119345930052703	0.135837915356499	0.379623236454859
chr3:196706550:C:T	3	196706550	-0.110061770392025	0.0558352640682175	0.0487024417575959
chr4:332191:G:A	4	332191	0.0562370298869134	0.0651511868245231	0.38803995572331
chr4:8816874:T:C	4	8816874	0.0582277144329919	0.0575483327997038	0.311631103015391
chr4:9851274:C:G	4	9851274	0.0609308399282545	0.0567384718084417	0.282872282539823
chr4:10725805:A:G	4	10725805	0.0398551379367948	0.0665089892398135	0.549009932821959
chr4:13219910:C:T	4	13219910	-0.0557948847229936	0.054735844347511	0.308037686013691
chr4:18747099:A:G	4	18747099	-0.0154708486743649	0.0460304461049217	0.736795200595721
chr4:20840555:C:T	4	20840555	-0.0090974814302338	0.0617149200384968	0.882807324977613
chr4:21137718:C:T	4	21137718	0.0398898456399603	0.0642586889750065	0.534751176813099
chr4:26851610:T:C	4	26851610	0.0750184485596344	0.0681317952449794	0.270862534031603
chr4:32302160:A:T	4	32302160	-0.100259685218394	0.0748038769445363	0.1801476188411
chr4:40603484:A:G	4	40603484	0.0113831564263296	0.0641147500678637	0.859081508465163
chr4:44018406:T:G	4	44018406	0.0326222047254981	0.0543068261939152	0.54803866314166
chr4:44680448:T:C	4	44680448	0.132803559724761	0.0646299898249994	0.0398955504792786
chr4:55337032:C:T	4	55337032	0.0223613825688069	0.056333661912675	0.691407794840092
chr4:55659669:G:A	4	55659669	0.0307001643822157	0.0535080837849108	0.566138236323575
chr4:56719096:C:T	4	56719096	-0.0198674144500326	0.116377198026267	0.864447319774184
chr4:61158247:C:G	4	61158247	-0.0294005349691915	0.0658761480456551	0.655380445568027
chr4:67708732:C:T	4	67708732	-0.0697141135668205	0.0754324120839755	0.355385795728305
chr4:67911021:C:T	4	67911021	-0.0334157717993087	0.046512395477865	0.472493897390686
chr4:90022599:G:T	4	90022599	-0.0312283414471439	0.0716137671221813	0.662788718266626
chr4:95020597:A:T	4	95020597	0.0832544448236711	0.0637655336443785	0.191677073221655
chr4:97398054:G:A	4	97398054	-0.0294750406563352	0.0657469680879975	0.653929293717966
chr4:98823404:T:C	4	98823404	0.18412537240747	0.0861567428707967	0.0325900503579247
chr4:99262681:C:G	4	99262681	-0.0352139109850517	0.0545951153979861	0.518926455076813
chr4:99355957:G:T	4	99355957	0.0291314510848876	0.0582702374159698	0.617119397272831
chr4:101085120:T:C	4	101085120	-0.140054984578715	0.0748317991813974	0.0612623533764067
chr4:102399971:C:T	4	102399971	0.102856585710974	0.0569960424089198	0.0711331011619493
chr4:102884286:T:C	4	102884286	0.000970186122752799	0.053467253761592	0.98552283880872
chr4:105992845:C:T	4	105992845	-0.033306648328279	0.0592248399036339	0.573859640038905
chr4:108791253:G:A	4	108791253	-0.0567502924902413	0.0625281733693884	0.364091941283512
chr4:110957298:T:A	4	110957298	-0.0261198986968746	0.0621894342406426	0.674481503074608
chr4:113348012:C:T	4	113348012	-0.0337228728368053	0.0625105293257298	0.589559087147853
chr4:115522695:G:A	4	115522695	0.0679630646909306	0.0576494258156291	0.238436915973891
chr4:120770744:A:C	4	120770744	0.180481451248454	0.0731885054390392	0.0136638647476405
chr4:123964831:A:G	4	123964831	-0.00275465087424187	0.0541477134301943	0.95942680515534
chr4:125256344:T:C	4	125256344	0.0896031897608971	0.0717533834719182	0.211750652117183
chr4:126268710:T:G	4	126268710	-0.0208035644424767	0.0716865918738512	0.77166200389038
chr4:134094420:T:C	4	134094420	-0.138891520839741	0.0921866262396368	0.131904454546573
chr4:134350906:C:T	4	134350906	0.18320217766804	0.0563803173526197	0.00115648915954458
chr4:138952375:G:A	4	138952375	-0.111989107218726	0.0508485539128884	0.0276367160136397
chr4:141618953:G:A	4	141618953	0.0470380147042921	0.0797710489736614	0.555416785103
chr4:149616644:T:G	4	149616644	-0.00859252961608362	0.0628353234573504	0.891230933326425
chr4:154030957:C:G	4	154030957	0.00981915926354383	0.0894887207787478	0.912627389896791
chr4:171974219:A:G	4	171974219	0.0134682478418408	0.0595231711136826	0.820992214944756
chr4:176312841:C:T	4	176312841	0.104035920701723	0.0586587363578947	0.0761327638023142
chr4:179329624:T:G	4	179329624	0.016179456723545	0.0594550152608975	0.785522536062963
chr4:183032183:A:G	4	183032183	-0.0325676533894547	0.0644016340035522	0.613070025723238
chr4:184991673:A:G	4	184991673	0.0555136049260213	0.0573046941952887	0.332672704719758
chr4:189912372:C:T	4	189912372	-0.0321742222939126	0.0570460756799067	0.572751321311854
chr5:5313703:A:G	5	5313703	0.00201497747193656	0.0693207858516347	0.976810807519841
chr5:7364955:T:A	5	7364955	-0.233685608550201	0.0938979084775114	0.0128203867975242
chr5:8067079:G:C	5	8067079	-0.0647367041163727	0.0523986044491637	0.216657052625739
chr5:13911296:G:T	5	13911296	0.0952709637362604	0.0686250686659987	0.165051119457362
chr5:15621966:C:G	5	15621966	-0.0175939506031262	0.0583272913190435	0.762925120422502
chr5:17902851:T:C	5	17902851	-0.176370613143486	0.103516733703235	0.0884206203749905
chr5:20719353:A:C	5	20719353	-0.0602290879817472	0.0755917734881598	0.425585922871472
chr5:20732163:G:T	5	20732163	-0.0968981269951099	0.0595402377462668	0.103643815701152
chr5:21913130:A:C	5	21913130	-0.0305101617430554	0.0632309146515897	0.629436809870313
chr5:23787194:A:C	5	23787194	0.02556821081749	0.0665138178666664	0.700678666673961
chr5:23895775:T:G	5	23895775	-0.0191336886604763	0.0594101317934455	0.747406454805877
chr5:33466391:T:A	5	33466391	-0.0489584174961628	0.0584304122553068	0.402090953554654
chr5:33624899:A:G	5	33624899	-0.0138182236561201	0.0845013471419927	0.870103778501148
chr5:39550509:T:G	5	39550509	-0.0575327300760245	0.0531324375320016	0.278889462237553
chr5:39634108:G:A	5	39634108	-0.0596886402325867	0.0719092323823802	0.40650751227345
chr5:39978357:G:A	5	39978357	-0.0135406645544286	0.0526798148349312	0.797150166701171
chr5:44011742:G:T	5	44011742	-0.0696634040074926	0.0755169557373059	0.356274649191018
chr5:50222627:G:A	5	50222627	0.0505125615142608	0.0636935051909725	0.427744784474715
chr5:54814079:C:T	5	54814079	-0.123835200674181	0.100527412798523	0.218003236685318
chr5:66989845:C:A	5	66989845	0.0307595305854976	0.0638707862408407	0.630097246524297
chr5:66992139:G:A	5	66992139	0.132611158229104	0.0677656977492593	0.0503584208718559
chr5:73076502:T:C	5	73076502	-0.128362683962941	0.0669000797250922	0.0550194704961721
chr5:76998986:C:A	5	76998986	-0.0423420354294838	0.0480798305672578	0.37850128916714
chr5:81710558:G:T	5	81710558	0.0799875354547503	0.0645125161365688	0.215021176121987
chr5:84879932:A:G	5	84879932	0.00850407580367952	0.0724073181105881	0.906505255509841
chr5:85476293:A:G	5	85476293	0.103989403564531	0.0699972483967861	0.137379316277066
chr5:85809583:T:C	5	85809583	0.0210707293510502	0.0503938476225727	0.675858602620905
chr5:92192959:A:T	5	92192959	0.0906271939796879	0.0697733797355432	0.193985377466528
chr5:94648523:C:G	5	94648523	-0.0270898715018454	0.0578761751203446	0.639737371215268
chr5:98024666:G:A	5	98024666	0.0546915733646401	0.05554656083501	0.324816789527449
chr5:101825779:A:C	5	101825779	0.0168891429589428	0.0510599688907733	0.740817674925127
chr5:106773905:G:A	5	106773905	0.107435364373567	0.0648224777870702	0.0974430272353982
chr5:114915760:G:T	5	114915760	-0.0765584957509695	0.0611486707011054	0.21056771853092
chr5:115102683:A:G	5	115102683	0.0865244611791739	0.0768398313201808	0.260150034467901
chr5:117238479:G:A	5	117238479	0.0373096627645042	0.0503989417907196	0.459126091946816
chr5:121740415:G:T	5	121740415	0.0773518582695852	0.0723920421054697	0.285289043779871
chr5:137227416:A:T	5	137227416	0.0478680109348364	0.0769292699077061	0.533787981544108
chr5:137406489:C:T	5	137406489	0.023894049031945	0.0649999456152784	0.713170722901634
chr5:140638650:G:A	5	140638650	0.044393268698729	0.0677810956889098	0.512499565924859
chr5:142682003:T:C	5	142682003	0.0291033303546394	0.0658987542118602	0.658751880525756
chr5:144183699:A:G	5	144183699	0.0834942806716649	0.0712012060215175	0.240935139406823
chr5:145690757:G:T	5	145690757	-0.0916541717128389	0.125928339584115	0.466718881286581
chr5:147282093:C:T	5	147282093	-0.0740273967651039	0.080099500203509	0.355385843591085
chr5:151763317:T:C	5	151763317	0.0625445347476467	0.0531978910244067	0.239716474838526
chr5:168245100:T:C	5	168245100	0.00842585046782376	0.0533437487583924	0.874493164785193
chr5:169455657:C:T	5	169455657	0.00471456168710895	0.0651559497041782	0.942316916945465
chr5:169808985:G:C	5	169808985	0.0575021287000465	0.0847446388811635	0.497433099756399
chr5:172672695:T:C	5	172672695	-0.0833032182584689	0.0943254927982573	0.37715718360674
chr5:173346700:A:C	5	173346700	-0.00270455443626933	0.0638795484328242	0.966228976836423
chr6:3041612:C:A	6	3041612	-0.000907549679127125	0.0570699092198691	0.987312239179758
chr6:3673174:A:G	6	3673174	0.103454057987668	0.0687424236236448	0.132336380148417
chr6:3786319:G:C	6	3786319	0.049187068632649	0.0687559829102239	0.474370551516907
chr6:6090729:G:T	6	6090729	-0.101884957281577	0.0889805585668057	0.252198833078649
chr6:6354181:A:T	6	6354181	0.0118877073589479	0.0725422490296866	0.869831216114884
chr6:6456261:T:C	6	6456261	0.0393045171448511	0.066294261380793	0.553261711420511
chr6:7642514:C:G	6	7642514	0.0591763809500508	0.0607555055146818	0.330052301184881
chr6:23163726:T:C	6	23163726	-0.0730941324631946	0.115638499829618	0.527326978100493
chr6:23344439:T:A	6	23344439	-0.0582258710912438	0.0701064506446053	0.406236286264804
chr6:26287827:G:A	6	26287827	0.0178076028827419	0.0851315038184552	0.834309605297082
chr6:31108549:A:G	6	31108549	0.0520971943309084	0.0465110605214746	0.262669726642755
chr6:32660000:G:C	6	32660000	-0.00548545356443459	0.0686328552429082	0.936297223721019
chr6:33148933:A:G	6	33148933	0.132079259329849	0.0570320033735051	0.0205648375526998
chr6:37400014:G:T	6	37400014	0.00417607369505504	0.0644278771091278	0.948319063437406
chr6:39124093:C:T	6	39124093	-0.0752806721112619	0.0721157848107121	0.296538046569172
chr6:45195864:C:T	6	45195864	-0.00678371197006516	0.0576258570505384	0.906289573187796
chr6:46738257:G:A	6	46738257	0.0123193724475759	0.0993086003988079	0.901274565765743
chr6:47717919:C:A	6	47717919	0.027398031895094	0.0529308261369927	0.604723719191783
chr6:48859012:C:A	6	48859012	-0.020553337347201	0.0756256444324211	0.785793220864654
chr6:49860743:T:G	6	49860743	0.0299240681588293	0.0651959301698328	0.646243680443412
chr6:53292416:C:G	6	53292416	-0.0231833707447534	0.0591544597115838	0.695122884752297
chr6:69504128:A:G	6	69504128	0.0545147925097997	0.06779614177125	0.421339949364846
chr6:81137001:T:C	6	81137001	0.0189688255756266	0.0601803654809327	0.752610128827711
chr6:84758749:C:T	6	84758749	-0.101008100657001	0.0943457034728554	0.284341740112911
chr6:87387916:G:T	6	87387916	0.0172165698547556	0.0675283307144882	0.798759179026134
chr6:88566465:G:A	6	88566465	0.0729733107725795	0.0706238662219499	0.301478963392075
chr6:93273487:T:C	6	93273487	0.0652476053948252	0.0609350301824106	0.284271359953346
chr6:97788153:C:A	6	97788153	0.0215573452809927	0.0764718526425019	0.778020891232417
chr6:98771646:C:T	6	98771646	-0.0979959315020335	0.0737786829711426	0.184098235854521
chr6:104918249:A:G	6	104918249	-0.00657737125107101	0.06064805126801	0.913637562431849
chr6:107129138:A:G	6	107129138	-0.00976307088039138	0.0649674608796315	0.880546615455507
chr6:112187089:T:C	6	112187089	0.0302829066295048	0.0665157696870204	0.648912062864673
chr6:118046853:T:C	6	118046853	0.0879396568512365	0.0664406827870908	0.185642081272609
chr6:123103197:T:C	6	123103197	-0.00695671443857578	0.0712211452631461	0.922188259611691
chr6:127784009:G:A	6	127784009	0.0493309675164179	0.0528133266167164	0.350271462626859
chr6:129527930:G:A	6	129527930	0.100226483369613	0.0658159129628129	0.127801103044623
chr6:137254996:T:C	6	137254996	0.0186993584983041	0.0513897585086641	0.715952659980421
chr6:151547601:G:A	6	151547601	0.0267996438613069	0.0403737099695909	0.506825061085331
chr6:152638179:C:T	6	152638179	0.0941950635846586	0.0611850057448421	0.123679298692824
chr6:153842833:G:A	6	153842833	-0.0613179299060095	0.0935507514061515	0.512177449911086
chr6:160701242:A:G	6	160701242	0.067678987238877	0.0656656539969677	0.302700115187801
chr6:162760256:C:T	6	162760256	0.0540025012212939	0.0624494117456862	0.387181536757747
chr6:163629327:G:A	6	163629327	-0.0168201869294944	0.0542977061991215	0.756730453583247
chr7:6986920:C:A	7	6986920	0.0128360666800301	0.0715202034350361	0.857564985373955
chr7:7863676:G:A	7	7863676	-0.0497064805297553	0.0660676061884664	0.451835901872688
chr7:8111839:A:G	7	8111839	-0.0516763107528758	0.0617901812954466	0.402975393165177
chr7:9602661:C:A	7	9602661	-0.063512904092679	0.0985198404543725	0.519140281515016
chr7:11334355:C:A	7	11334355	-0.0594903529659777	0.112097550039829	0.595625553595587
chr7:12476280:G:A	7	12476280	-0.0389969038239067	0.0771246423441175	0.61311304043073
chr7:12972158:C:G	7	12972158	0.0692845824313099	0.060388543284976	0.25125213484142
chr7:20850990:A:T	7	20850990	0.0962389244801274	0.0691932636906216	0.164264457804658
chr7:22822020:C:A	7	22822020	-0.0883772367071699	0.0631689400466893	0.16179451931631
chr7:24140802:T:C	7	24140802	-0.00498346960844998	0.0450412820479731	0.91190002806039
chr7:24278575:A:G	7	24278575	-0.0259445299986006	0.0620085219163488	0.67565274812619
chr7:24620726:T:A	7	24620726	0.0600553949523434	0.049040666744012	0.220724473185533
chr7:24740434:C:T	7	24740434	0.00290818458263243	0.0435527989043249	0.946761805194455
chr7:28505993:C:T	7	28505993	0.0819567789758269	0.0585057570683225	0.161264100834245
chr7:36413989:G:A	7	36413989	-0.0124509006910175	0.0786655782110768	0.874239042179098
chr7:43755241:C:T	7	43755241	0.0439713911830721	0.0622471212394602	0.479939173792485
chr7:44689517:A:G	7	44689517	0.0647150752317198	0.0715835994992852	0.365969466278209
chr7:46192346:C:G	7	46192346	-0.0475908695701326	0.0513233684507492	0.353783840903853
chr7:48301675:T:C	7	48301675	-0.0206049378917552	0.0596284191962795	0.72967667171525
chr7:51890159:C:T	7	51890159	-0.0471416950793834	0.0626803192604772	0.451992583988874
chr7:53046603:C:G	7	53046603	0.10056840687666	0.0613407587426645	0.101108380524839
chr7:55663907:C:A	7	55663907	0.108436287337035	0.0614861843616682	0.077801395734299
chr7:56122201:A:G	7	56122201	-0.0229092557901968	0.0511443921186605	0.654201624793875
chr7:62910214:G:T	7	62910214	-0.140404517545747	0.116184198949645	0.226868518295162
chr7:65406204:G:T	7	65406204	0.00436872294250306	0.12094340559175	0.971185045725741
chr7:67766433:G:A	7	67766433	0.00454248627965009	0.0523268275558834	0.930822624163076
chr7:68433432:T:C	7	68433432	0.0439153701604989	0.0665874761291369	0.50956578376107
chr7:71020152:T:G	7	71020152	-0.00322398632109935	0.0951231302537017	0.972962659036677
chr7:71553830:T:C	7	71553830	0.0196661692529768	0.0599091237758479	0.742710033914513
chr7:78390279:T:G	7	78390279	-0.0169667559383184	0.0516735634395257	0.742650826981312
chr7:83524616:A:T	7	83524616	-0.0963809979590853	0.0583188427011426	0.0984008498245386
chr7:84786535:C:A	7	84786535	-0.00163642783080691	0.05741572507253	0.977262261388351
chr7:86620755:G:A	7	86620755	0.132720665457411	0.0875480298246911	0.129525555765343
chr7:89207269:G:A	7	89207269	0.041411040762734	0.06512062502812	0.52483324167475
chr7:91097147:A:G	7	91097147	0.151036874413142	0.0601296861758582	0.0120099433848155
chr7:113434486:A:C	7	113434486	-0.0158588226929104	0.0637471306238771	0.803533249507091
chr7:113749820:G:A	7	113749820	0.0376475354008716	0.0487164742166142	0.43964750736805
chr7:117145973:C:G	7	117145973	0.0920788093116612	0.0638921660516157	0.149539595230845
chr7:119808046:G:A	7	119808046	-0.000607349822371038	0.0749876771845991	0.99353774158163
chr7:124802410:A:T	7	124802410	0.0111939369268545	0.0813507600448857	0.890555852661029
chr7:131384702:T:A	7	131384702	0.0533540458558596	0.0601994062000016	0.375462044709792
chr7:136870573:G:A	7	136870573	0.0250066588163752	0.0680551952530359	0.713285821653491
chr7:142873374:T:C	7	142873374	-0.0303749264578139	0.0671569996252047	0.651054854548463
chr7:145116884:A:G	7	145116884	0.0753097228611279	0.0580672691469077	0.194652076163188
chr7:149242006:T:C	7	149242006	-0.077700489181492	0.0643654075371075	0.22736368932561
chr7:153502245:G:A	7	153502245	-0.111867873542149	0.0714762992260734	0.117558421801162
chr7:153952270:G:A	7	153952270	-0.0869127314184866	0.0599514585545094	0.14713706792139
chr7:154426289:T:C	7	154426289	-0.178085172632038	0.0948110681702425	0.0603379110886718
chr7:156975524:A:T	7	156975524	0.106562832074002	0.0536577776045387	0.0470364575257478
chr7:157677820:C:T	7	157677820	0.115906419466302	0.0811639522136313	0.153276625299771
chr8:276778:A:T	8	276778	0.162110762204781	0.0533580020356782	0.00238018436916176
chr8:1102873:G:T	8	1102873	-0.00889927032492315	0.0637942791629966	0.889055447565519
chr8:8710521:T:C	8	8710521	-0.0215160068543645	0.065355421906864	0.741992935800762
chr8:9029509:T:C	8	9029509	-0.118973218781266	0.0761512094066298	0.118210578012968
chr8:9109096:A:G	8	9109096	-0.086210170489866	0.06695522219815	0.197892384546094
chr8:13032868:C:A	8	13032868	0.0822182868690289	0.0762491942127438	0.280907030826889
chr8:20741226:C:T	8	20741226	-0.00842888039983396	0.0646957427694556	0.896341001560475
chr8:25783762:T:C	8	25783762	-0.024272848513294	0.0726502331935023	0.738299887321579
chr8:27022227:G:T	8	27022227	0.0337108296040599	0.0739203863016583	0.648359496335632
chr8:28150898:A:G	8	28150898	-0.000873330288581644	0.063819505347846	0.989081786161698
chr8:28528484:G:T	8	28528484	0.0350083925888226	0.0419506893144012	0.403992005137765
chr8:41788192:C:T	8	41788192	0.00394685274638722	0.0626249161733767	0.94974764700502
chr8:53142705:G:A	8	53142705	-0.020907747409364	0.0647767866826827	0.746872428039483
chr8:61304314:G:C	8	61304314	0.105467924542376	0.0489591230196184	0.0312241999011654
chr8:61926940:A:T	8	61926940	0.0339453624374313	0.0512738255058557	0.507945099389039
chr8:63445672:G:A	8	63445672	-0.0439481162046009	0.0870983413453954	0.613853576690811
chr8:65343369:C:A	8	65343369	0.124131088787356	0.0631606281130693	0.0493767669225399
chr8:65418628:G:T	8	65418628	0.111921587296456	0.0537601187394046	0.0373543305655335
chr8:71273350:T:A	8	71273350	0.0189729856853854	0.0745421782490273	0.79908856505523
chr8:72033005:T:C	8	72033005	-0.0704385452113659	0.0890161378266925	0.428768454600664
chr8:72065200:T:A	8	72065200	0.0366129169610039	0.0512232990433112	0.474750698869225
chr8:73211475:T:C	8	73211475	0.0198542722504557	0.0624569704456739	0.750570492647146
chr8:86323708:T:C	8	86323708	0.0741231241730241	0.0478509536622404	0.121371688264198
chr8:89525432:A:G	8	89525432	0.0279107522498993	0.0423184115553034	0.509548051126822
chr8:92001032:A:G	8	92001032	0.00928065462337717	0.058689087761008	0.874352358561725
chr8:92645879:A:G	8	92645879	0.127369703742131	0.0813194688749716	0.117281222041936
chr8:95906161:G:A	8	95906161	0.0428592996688836	0.0526775570006834	0.415865007582783
chr8:96365126:C:T	8	96365126	-0.0313486655474182	0.0545920641709246	0.565808892215243
chr8:98002322:C:T	8	98002322	0.0759529956221088	0.0666407493329206	0.254395462836307
chr8:106920372:G:A	8	106920372	0.0394793679524495	0.0705058524970561	0.575517259260756
chr8:108142424:A:G	8	108142424	0.030505439654797	0.0613202615794559	0.618852489592539
chr8:109421925:C:T	8	109421925	0.00425470114662881	0.0653831136208641	0.948115563631297
chr8:116252872:C:T	8	116252872	-0.0289453096339509	0.0631137468593862	0.646506126750062
chr8:121384602:C:T	8	121384602	-0.0531865417822116	0.060513496798315	0.379444481897937
chr8:127029052:C:T	8	127029052	-0.132172235113699	0.0602755682036006	0.0283218288343127
chr8:128437247:A:G	8	128437247	-0.0629579088377741	0.0726299419863319	0.386034436014302
chr8:131315237:G:A	8	131315237	0.00041357853750083	0.0702897962870492	0.995305349522366
chr8:141605122:C:T	8	141605122	-0.0145732679925242	0.060720650022497	0.810326273402031
chr9:733358:A:C	9	733358	0.0588858811690946	0.0681165041155131	0.387320024693376
chr9:5461379:C:T	9	5461379	-0.0238086250036577	0.0864455922940846	0.782995535498499
chr9:11397008:T:G	9	11397008	0.0927175639360823	0.101971798842589	0.36321969919579
chr9:11955148:T:G	9	11955148	0.00998161526449339	0.0624234352139124	0.872958485950036
chr9:12389360:A:G	9	12389360	-0.167805288738455	0.0759157770654524	0.0270764500964846
chr9:12615226:G:C	9	12615226	0.0971644039207203	0.051377460835825	0.05859933961167
chr9:13820455:C:G	9	13820455	0.146993498156598	0.0666156353463093	0.0273426077332821
chr9:14098421:G:A	9	14098421	-0.0400007228927431	0.061290364047106	0.513986501206668
chr9:18952915:A:G	9	18952915	0.0224814821910326	0.0510561996495741	0.659699451766548
chr9:29651949:A:G	9	29651949	0.037288724303849	0.0567376364267756	0.511043831175299
chr9:32058643:A:T	9	32058643	0.0640842952419164	0.0686535186582077	0.350590168740465
chr9:37013405:C:T	9	37013405	-0.040452198907824	0.0568999939840981	0.477124497594717
chr9:37992585:C:T	9	37992585	-0.0288240891934739	0.0497285879450487	0.562165408803484
chr9:82773489:T:C	9	82773489	-0.0160685064502514	0.0649034614809362	0.804462874532168
chr9:89995415:A:G	9	89995415	-0.0662723830686873	0.0889105409764886	0.456040372171974
chr9:94568472:C:A	9	94568472	-0.0270950881332942	0.0451028533629225	0.548013172541086
chr9:96162075:C:T	9	96162075	0.0278323025288365	0.056217952650461	0.620544673784521
chr9:100192956:A:G	9	100192956	-0.0992791556124949	0.0725402546928101	0.171121916479786
chr9:100529836:G:C	9	100529836	-0.0985289885746627	0.0747106521138809	0.187233385682047
chr9:101460357:C:T	9	101460357	-0.0273520133947369	0.0798510441190492	0.731946085263424
chr9:107904127:G:A	9	107904127	0.0752086784770873	0.0620941494827607	0.225817253271681
chr9:117420412:T:C	9	117420412	-0.0494899240850307	0.0591783040102649	0.402994626565995
chr9:117972207:C:A	9	117972207	-3.1829006639512e-05	0.0645648545934739	0.999606661052447
chr9:124044726:T:G	9	124044726	-0.117322955765624	0.0699624476331299	0.0935538551179047
chr9:125005426:C:T	9	125005426	-0.0353399997612816	0.073185758869963	0.629180356157049
chr9:129533341:A:G	9	129533341	0.0759872776074493	0.0536373399589502	0.15657470287807
chr9:136630984:C:T	9	136630984	0.0208482141576504	0.0685557755735434	0.761047230632262
chr10:2050300:A:G	10	2050300	-0.029159608893994	0.053956165906918	0.588899524713059
chr10:3113976:C:T	10	3113976	-0.0196260744019054	0.0552750541626008	0.722543101580825
chr10:4591592:T:C	10	4591592	-0.124618635621691	0.0827252054298853	0.131960221866703
chr10:7462546:C:T	10	7462546	0.134995183710756	0.058562258211741	0.021157797178006
chr10:7849544:T:G	10	7849544	0.0551677837902837	0.0568467815220443	0.331815008434081
chr10:9367893:G:A	10	9367893	0.0213993532510743	0.050938579242044	0.674411598018542
chr10:10628189:C:T	10	10628189	-0.054672675514897	0.0558008411299671	0.327193599370598
chr10:14014383:T:C	10	14014383	-0.0677826801605313	0.0686917373850975	0.323757300338307
chr10:16341555:C:T	10	16341555	-0.0189792220982876	0.0779383143649311	0.807605736242377
chr10:18075702:C:T	10	18075702	0.125820016261071	0.125202649079237	0.314930103248344
chr10:27289376:T:C	10	27289376	0.0164039951590999	0.080545065667714	0.838617387144902
chr10:27674317:A:G	10	27674317	-0.0696016344354306	0.0492946998936318	0.157964785972692
chr10:28771902:G:A	10	28771902	-0.111891500908457	0.0920218851138478	0.224014362007578
chr10:28891836:C:T	10	28891836	-0.0540303767927756	0.0546588748082463	0.322907126549814
chr10:30622484:G:A	10	30622484	0.0563971476494562	0.0798161430270072	0.479822402103851
chr10:35177843:G:T	10	35177843	0.0126458125574702	0.0924787253921019	0.891233989147652
chr10:45036473:A:G	10	45036473	0.10606656909262	0.0677800754765846	0.117614908430499
chr10:51560095:T:G	10	51560095	0.108064226309654	0.0704035103453322	0.124801839391952
chr10:54072488:A:G	10	54072488	0.0320752777550684	0.0588502890413317	0.585731660941894
chr10:54082016:C:T	10	54082016	-0.0420480067056538	0.066642430831768	0.528073561311153
chr10:55299918:G:C	10	55299918	-0.0844531732342632	0.0776707143819927	0.276893978962484
chr10:56747004:T:C	10	56747004	-0.0195510823579797	0.0811277206672845	0.809561787898881
chr10:57761967:T:C	10	57761967	0.113994055290217	0.114871602184796	0.32102163786472
chr10:69232402:C:A	10	69232402	-0.0574439074923748	0.079817502668462	0.47171550659889
chr10:79437519:C:T	10	79437519	0.145611602763975	0.0710788607572363	0.0405020038268189
chr10:82354363:C:G	10	82354363	0.0534980043863702	0.0709997439851653	0.451152072352404
chr10:84591955:C:T	10	84591955	0.0198767974070645	0.0788349364142272	0.800939161655448
chr10:84989741:G:A	10	84989741	-0.0272613365687802	0.0559256099473588	0.625934425612299
chr10:91053424:A:C	10	91053424	0.0530702742463526	0.0487426179521613	0.276248319103986
chr10:93612452:G:A	10	93612452	-0.0834670803491331	0.100690778506254	0.407135738298979
chr10:93671121:T:C	10	93671121	-0.0586203095855561	0.0718613086323844	0.414647537227283
chr10:101249704:C:T	10	101249704	0.0983321010497411	0.0671162793839509	0.142893473600495
chr10:102352980:T:C	10	102352980	-0.00145207605046485	0.0616787672300443	0.981217490270487
chr10:104637359:T:C	10	104637359	-0.0675031287444264	0.0739303116020477	0.361208721062326
chr10:108480456:T:C	10	108480456	-0.0160555130126236	0.0536346792884975	0.764673409681765
chr10:109264424:C:T	10	109264424	-0.269515087082367	0.138857011974969	0.0522638447195913
chr10:111352001:T:G	10	111352001	-0.0280634600657118	0.0696035337897951	0.686808336469648
chr10:118828443:C:T	10	118828443	0.0133586609584598	0.0571954935315911	0.815325478053874
chr10:120152982:A:G	10	120152982	0.0880388003976567	0.0784306981365896	0.26164805597822
chr10:121580593:A:G	10	121580593	0.0964758582719761	0.0792468778860085	0.223448660092176
chr10:121611573:C:G	10	121611573	0.0739765228532843	0.068596349370162	0.280840852785046
chr10:121734173:T:C	10	121734173	0.000919436923549035	0.0737127569835705	0.990048052279967
chr10:121910644:T:A	10	121910644	0.051251409339765	0.0572301429225578	0.370502907799658
chr10:122561189:A:G	10	122561189	-0.121499259853891	0.0673278832932399	0.0711387827952938
chr10:123750431:C:G	10	123750431	0.0589341398405506	0.0618851899894436	0.340937702249328
chr10:127533155:T:C	10	127533155	-0.134137718834906	0.0740041358437081	0.069898080072325
chr10:129953349:A:G	10	129953349	-0.127463655412823	0.0954963031659088	0.181958303808012
chr10:131819683:A:G	10	131819683	-0.020274669645525	0.0529447629574761	0.701764222438431
chr10:131953941:A:C	10	131953941	0.0210653112687007	0.0706075592016635	0.765440953600672
chr11:388357:C:T	11	388357	-0.0305950349452972	0.0721515011391761	0.671537527212402
chr11:2257707:C:T	11	2257707	0.0585265751586046	0.0622559746246005	0.347168465095925
chr11:3623903:G:A	11	3623903	-0.122099660363343	0.070991865623949	0.0854486981284626
chr11:5806222:C:T	11	5806222	0.0209535452627212	0.0746797430903949	0.779033554650538
chr11:9789492:C:A	11	9789492	-0.0282224743995978	0.0523205091373158	0.589600441387602
chr11:14569664:T:G	11	14569664	-0.0927574562803665	0.105240367276689	0.378108573050433
chr11:36019710:C:A	11	36019710	0.0880266617908158	0.0583320540529467	0.131283046061491
chr11:39635569:C:T	11	39635569	0.0823280313112801	0.102584057480501	0.422239409554881
chr11:40512905:C:G	11	40512905	-0.219303800026877	0.14074868823986	0.119204040137373
chr11:42744986:A:G	11	42744986	-0.0572868297371799	0.0596636905559449	0.336973508981991
chr11:43201079:C:T	11	43201079	0.0778411173790175	0.0756355778477504	0.303404457509881
chr11:43982585:G:A	11	43982585	0.115786625067864	0.103053037558182	0.261198274555779
chr11:44330300:A:G	11	44330300	-0.0338615196217497	0.096473029472395	0.725592343344241
chr11:49875094:A:G	11	49875094	-0.00449449695123475	0.0594472534496452	0.939733527672487
chr11:50253126:G:T	11	50253126	0.0292397496883411	0.0623419081532596	0.639053644318395
chr11:55906271:G:A	11	55906271	-0.0602010313158177	0.0821487850074943	0.463662587713233
chr11:57305789:G:A	11	57305789	-0.00717183939563414	0.0671664302208458	0.914965782554584
chr11:58998793:A:C	11	58998793	0.0407572992159485	0.0682109412630865	0.550161260175069
chr11:63184971:C:T	11	63184971	0.0286251514791105	0.0542679450095954	0.597861634026669
chr11:70801858:T:C	11	70801858	0.0112642454159286	0.0608384257015108	0.853111244680422
chr11:71334794:T:G	11	71334794	-0.00434170833276893	0.0766919392245272	0.954854023170613
chr11:77208574:G:A	11	77208574	0.036265403097555	0.0523029159066389	0.488075821088897
chr11:77376654:A:G	11	77376654	0.0353121795066805	0.051546133008043	0.493306235958423
chr11:77897055:A:G	11	77897055	-0.0716753384467312	0.0981129471338181	0.465060757168363
chr11:81783030:C:T	11	81783030	-0.0973488097021245	0.0725756035611667	0.179808972205621
chr11:83962252:C:T	11	83962252	-0.0781880479285703	0.0954383630193982	0.412642782928934
chr11:86328783:G:T	11	86328783	0.0569730383359393	0.0886086921785233	0.520241314278925
chr11:93046218:A:C	11	93046218	0.0966162088905003	0.0822780174435798	0.240288835744938
chr11:100626548:G:A	11	100626548	0.100367395896896	0.0963492398567076	0.29754889858316
chr11:104129521:G:A	11	104129521	-0.0816316344087641	0.148123727868199	0.581562126773404
chr11:108728662:A:G	11	108728662	0.148757170320375	0.0894191451325947	0.0961935537497033
chr11:110396347:G:A	11	110396347	-0.0271498945935508	0.0653466260791082	0.677794155366671
chr11:115616504:A:T	11	115616504	0.13282040705408	0.0770630084932389	0.0847927247983314
chr11:119630310:G:A	11	119630310	0.0180288560834282	0.0747036631483813	0.809292918347514
chr11:123267436:G:A	11	123267436	0.0948895541497398	0.0792435616978803	0.231134394569315
chr11:125907492:T:C	11	125907492	0.10877643115458	0.0554344832053971	0.0497331407741747
chr11:126829359:G:A	11	126829359	0.0325340878096086	0.0881402815881045	0.712040420963349
chr11:130290657:C:T	11	130290657	-0.122237475389628	0.103319904000917	0.236770680115391
chr11:131355535:G:A	11	131355535	-0.06877874443912	0.076940303006383	0.371362826882434
chr11:133238417:A:G	11	133238417	-0.0508377863302262	0.0607304609799397	0.402533422513423
chr11:134309503:C:T	11	134309503	0.070158671508131	0.070669216956487	0.320819342301453
chr12:5192681:C:T	12	5192681	0.0441486491253014	0.0569731282732491	0.438396967824429
chr12:5448727:G:A	12	5448727	0.0526478143678584	0.0604305358665558	0.38363835154292
chr12:6639294:C:T	12	6639294	-0.0322654244703681	0.0625841947371635	0.606167144686318
chr12:19523028:C:A	12	19523028	-0.0421091758962918	0.0482262000433988	0.382576020059567
chr12:20003679:T:A	12	20003679	0.147768245852243	0.0724772734119299	0.0414678146471554
chr12:21333090:G:A	12	21333090	0.0560971911728921	0.0562969894407498	0.319031065954259
chr12:25518059:A:T	12	25518059	-0.153494075965398	0.0794425519127034	0.0533423158277886
chr12:28965843:C:T	12	28965843	0.0563645721644373	0.0559317140418867	0.313579754768862
chr12:32086665:A:C	12	32086665	0.0691397338211556	0.0709205039600232	0.329614521214658
chr12:44631613:C:T	12	44631613	-0.00700006099126998	0.0917946182626242	0.939213952386589
chr12:53646626:C:G	12	53646626	0.0236045043614077	0.0824077925360001	0.774544707969048
chr12:53680144:C:A	12	53680144	0.0608045737411551	0.0539833479479166	0.260014033189245
chr12:54366280:G:A	12	54366280	-0.0273512283342684	0.0520484854090479	0.599239001455
chr12:55599330:T:C	12	55599330	0.0178469411388544	0.075625178710528	0.813438837273358
chr12:56675083:C:T	12	56675083	-0.00807146724231513	0.0664005000823024	0.903249611611867
chr12:57436134:C:T	12	57436134	-0.0700861637424986	0.0579252813295426	0.226301593312751
chr12:58724212:C:T	12	58724212	0.0301995153124428	0.0657318784585731	0.645921931358097
chr12:59048769:A:C	12	59048769	0.0693047689935834	0.0800218475842337	0.386450079969575
chr12:59161225:G:A	12	59161225	0.122309401237394	0.0763288966324459	0.1090672506401
chr12:59226687:C:T	12	59226687	0.147994174602039	0.0690452042227232	0.032077874642553
chr12:63113400:T:C	12	63113400	0.0441903359428444	0.0803332217560967	0.582259062565515
chr12:64271340:C:T	12	64271340	-0.00458806875137656	0.0964935984736565	0.962076548354743
chr12:64756705:C:T	12	64756705	0.0934301084962634	0.0762458585553456	0.220432284637459
chr12:67050802:C:T	12	67050802	-0.0277181140022118	0.0747466661685616	0.710766070658127
chr12:73909094:G:A	12	73909094	0.0669265659706755	0.0555912841866401	0.228626709410322
chr12:81126959:G:A	12	81126959	0.0114163226645315	0.0634738607969226	0.857263541335766
chr12:83608380:A:G	12	83608380	-0.0167128590836251	0.0562881021733523	0.766530356484562
chr12:90727178:A:C	12	90727178	-0.0510810193153679	0.0650043372089392	0.431979157887474
chr12:92596791:C:T	12	92596791	0.0191131341500106	0.0750914381504759	0.799084994772001
chr12:95914573:A:T	12	95914573	0.0764974190933965	0.0721977088767794	0.28934724846673
chr12:105967464:T:C	12	105967464	0.00616229253664121	0.0515080183158231	0.904770281662841
chr12:109533295:C:T	12	109533295	-0.060424185029263	0.0844718483540285	0.47441292391742
chr12:112209515:G:A	12	112209515	0.0603096876242638	0.0671678045965754	0.369241120042929
chr12:125875525:T:C	12	125875525	0.112562061486012	0.0631325195350454	0.0745946084490685
chr12:126449337:A:G	12	126449337	-0.00634541120645165	0.069036992676444	0.926767000423244
chr12:131091094:G:A	12	131091094	0.064179624383953	0.0784365455550615	0.413222303585912
chr12:132776953:G:A	12	132776953	-0.184459840508744	0.0896548754037482	0.0396435846035389
chr13:19545220:A:G	13	19545220	-0.0290066870361415	0.0608858042243849	0.633781363656609
chr13:22977365:T:G	13	22977365	-0.0706807164295081	0.0776612856296528	0.362761759742794
chr13:24330599:T:C	13	24330599	0.0180434864192946	0.0786249317385492	0.818489566487473
chr13:24623185:A:C	13	24623185	0.0906884239612279	0.0594725863088476	0.127289590971604
chr13:25202506:T:G	13	25202506	-0.0591521630625339	0.0692162695942188	0.392773115130077
chr13:26234118:A:T	13	26234118	-0.0419020717333811	0.0808722180765541	0.604369732249659
chr13:26494236:G:A	13	26494236	0.0780811897156739	0.0554085069865842	0.158778589722253
chr13:42909938:A:G	13	42909938	0.0433075223600871	0.0699659316280323	0.535929440318721
chr13:45708351:G:A	13	45708351	-0.0209790707156644	0.0734817562488694	0.775260798891589
chr13:45809177:C:G	13	45809177	-0.281744232767378	0.0938366967764442	0.00267776185769719
chr13:50558767:A:T	13	50558767	0.131976010154297	0.0831316104850112	0.112386983639013
chr13:58710908:G:A	13	58710908	0.00575389924337444	0.0455428368811599	0.899462495005316
chr13:58934154:C:T	13	58934154	-0.0175189060768201	0.0578856826616635	0.762159183639357
chr13:70397215:T:C	13	70397215	-0.00218059976103543	0.0640658599085028	0.972847769432958
chr13:86776101:G:A	13	86776101	0.105994753008187	0.0610668782956672	0.0826140766748954
chr13:91472230:T:C	13	91472230	0.0582575619397266	0.0724523511071584	0.421350172827139
chr13:93235990:C:T	13	93235990	-0.077621376209721	0.0761263681086379	0.307899936131982
chr13:96765286:G:A	13	96765286	0.010255885755289	0.0586288540672531	0.861135437070197
chr13:102180181:A:G	13	102180181	0.094264661461187	0.0648156401380637	0.145849144108946
chr13:106009559:G:C	13	106009559	0.00233829881782035	0.0504564751661388	0.963036955693369
chr13:106084136:A:G	13	106084136	0.0294334861717548	0.0550560248804636	0.592919759326439
chr13:112716578:T:C	13	112716578	-0.0327134965853062	0.0786969620066773	0.677637264663847
chr14:21167555:A:G	14	21167555	0.105626509592806	0.0726762070804722	0.146116887459679
chr14:26929954:A:G	14	26929954	-0.0761302312510875	0.07363143497639	0.301165830492702
chr14:27823594:G:A	14	27823594	-0.0377838951096982	0.0760745341956798	0.61942218725969
chr14:34182794:A:C	14	34182794	-0.0101199001445985	0.165869896414728	0.951350391534363
chr14:38216062:T:A	14	38216062	0.0152567321729497	0.057917434699731	0.792225259970988
chr14:39925237:C:T	14	39925237	-0.051909266255405	0.08864860552656	0.558169803597937
chr14:44446011:A:G	14	44446011	0.0602401653013511	0.0712296904147193	0.397710596380986
chr14:51426205:T:C	14	51426205	-0.178683518659442	0.111664093767097	0.109556931535736
chr14:52881822:T:G	14	52881822	0.00870301528687705	0.0651448151239093	0.893722914517957
chr14:53358297:A:G	14	53358297	-0.0946729114757401	0.0475013579169783	0.0462552114458867
chr14:56254615:G:A	14	56254615	0.0818914868068067	0.0610768245711681	0.17998709551377
chr14:57978070:T:C	14	57978070	-0.046252560601424	0.0586903272685611	0.430651034241678
chr14:62445185:T:C	14	62445185	0.0906151265536843	0.0564334724276416	0.108340231312939
chr14:67518615:G:A	14	67518615	0.0204894426581453	0.05192280595386	0.693128113783136
chr14:68863518:T:G	14	68863518	-0.051157086542347	0.0571255417259715	0.370508979082977
chr14:77734277:G:A	14	77734277	-0.17664590332645	0.129731366631062	0.173315211780027
chr14:84531019:T:G	14	84531019	-0.0405273616725592	0.0787211202803599	0.606677436324338
chr14:90804831:C:G	14	90804831	0.055125174289414	0.0780039220317332	0.479754502627828
chr14:91397629:G:T	14	91397629	-0.0114310346780158	0.0904917867993292	0.899477644196244
chr14:91961156:T:C	14	91961156	0.164489301455241	0.0606550474218039	0.00669025036182069
chr14:92998270:C:G	14	92998270	-0.127607680150895	0.0849539332528931	0.133076218085536
chr14:98340169:A:G	14	98340169	0.0532643689892412	0.0803349040280625	0.507311997740665
chr14:100721312:C:T	14	100721312	0.0947148160520817	0.0881873750413833	0.282814675709795
chr15:24165057:A:G	15	24165057	-0.00749441986444143	0.0600187633554638	0.900628092954899
chr15:26353849:A:G	15	26353849	-0.0671562002703331	0.0622970597414236	0.281033971978727
chr15:34880184:A:T	15	34880184	0.000905479365453998	0.0600549762805268	0.987970345202995
chr15:37080410:C:T	15	37080410	-0.0700521893701212	0.0614968402645872	0.254653725970291
chr15:55712443:A:G	15	55712443	-0.14243693267007	0.0961198609823977	0.138375458466674
chr15:57522102:A:T	15	57522102	0.110782822255418	0.0563570608649379	0.0493296905929906
chr15:69786285:T:C	15	69786285	-0.0757351368478816	0.0695967046938653	0.276506806984844
chr15:71331250:T:C	15	71331250	0.201530947442914	0.0752171485466079	0.00737714535488365
chr15:77734259:G:A	15	77734259	0.139703027834471	0.0608589970965365	0.0217033577382449
chr15:79750604:G:T	15	79750604	-0.0340778111286937	0.0646998890889933	0.598397861253219
chr15:81697597:G:A	15	81697597	0.0361575560647365	0.0720382458274015	0.615722627090015
chr15:87989871:C:T	15	87989871	-0.0287124825717514	0.0661070553456772	0.664046567680597
chr15:88891382:T:C	15	88891382	0.0985724603503042	0.0763040317543253	0.196413195455264
chr15:94791129:A:G	15	94791129	-0.0851745972366329	0.111208024214584	0.443733818125475
chr15:100978492:T:G	15	100978492	0.0139941980373016	0.0715620011008137	0.844959678167371
chr16:2671727:C:T	16	2671727	0.14186401937467	0.0774186001840061	0.0668876629391703
chr16:4957642:T:C	16	4957642	-0.0131840793223264	0.0468892645666662	0.778576336301486
chr16:5884026:G:T	16	5884026	0.0333118414145507	0.0549013592818714	0.544011495016415
chr16:6848656:G:A	16	6848656	-0.0294585493620587	0.0530335797733049	0.578573394600499
chr16:7909855:G:A	16	7909855	-0.0923082102303549	0.0496278475252774	0.0628843462002362
chr16:8273542:C:G	16	8273542	-0.00724992136761477	0.0889210219191169	0.935018764502544
chr16:12394716:C:T	16	12394716	-0.00199781089902524	0.0681117760858598	0.976600317463843
chr16:17779668:G:A	16	17779668	0.00697542146524758	0.0563396293253938	0.901465545820647
chr16:31127124:G:A	16	31127124	-0.108582390042739	0.0679311038908184	0.109949683962143
chr16:56688556:C:T	16	56688556	-0.0253554489992862	0.0609680664296982	0.67749722061784
chr16:60324635:A:C	16	60324635	-0.0113523870149549	0.0791931284124728	0.88601325013976
chr16:60499572:C:T	16	60499572	-0.0419250848291071	0.062643908942465	0.503329410724954
chr16:62273123:C:T	16	62273123	0.00850946048168024	0.0625744303473627	0.891829644983319
chr16:65972427:C:T	16	65972427	0.063966073026427	0.0548407809060929	0.243454334206333
chr16:69246420:T:C	16	69246420	-0.0282150227950501	0.0747016724567743	0.705651467656321
chr16:71908403:G:A	16	71908403	0.194266335361249	0.0685780033857595	0.00461452612243385
chr16:72103328:C:A	16	72103328	0.0332711787774228	0.0499560009974352	0.505404931852886
chr16:79886631:C:T	16	79886631	-0.045102271731316	0.0509954177494079	0.376459960812989
chr16:81396153:C:A	16	81396153	0.0151945861696534	0.0657314164411511	0.817189180806857
chr16:82294878:C:G	16	82294878	0.0790190458924289	0.0713901724440536	0.268353737703871
chr16:82421890:A:G	16	82421890	-0.0180879734680085	0.113660001076344	0.873557736319717
chr16:83827178:T:C	16	83827178	0.0261091601060166	0.0551414174299123	0.635860395130523
chr16:89331863:A:T	16	89331863	0.0553579411041029	0.0622951632596829	0.374196869359521
chr16:89337630:T:C	16	89337630	0.0741761980305553	0.0565042439261432	0.18926570107477
chr16:89479873:T:G	16	89479873	0.020601167523768	0.057826671195027	0.721647964475038
chr16:90035976:C:A	16	90035976	0.015475466858239	0.0750782440280862	0.836693647430848
chr17:2489248:C:G	17	2489248	-0.0187066612751067	0.0711667916969471	0.792661104366061
chr17:6949267:T:C	17	6949267	0.0389418888003591	0.0703307384909312	0.579786521786264
chr17:7929448:A:G	17	7929448	0.0448706992499729	0.0704329329887788	0.524079335285466
chr17:12174148:T:C	17	12174148	-0.0202669746733433	0.0588756875478763	0.730670809669611
chr17:15219976:C:T	17	15219976	-0.0117676488041824	0.063757055144858	0.853566205752721
chr17:16482403:T:A	17	16482403	-0.138273598770352	0.0757738332380234	0.0680282118653186
chr17:18684803:A:G	17	18684803	0.0219570226105712	0.0501209291139386	0.661327626914339
chr17:20040710:T:C	17	20040710	0.0886111377031036	0.0625107204415131	0.156326552079994
chr17:21275023:A:C	17	21275023	-0.0530752299895278	0.0527832665584545	0.31464105511699
chr17:31554254:C:T	17	31554254	-0.156709197220126	0.0668379154251987	0.0190467218947169
chr17:33472425:T:G	17	33472425	0.0722418533873053	0.0563900251326399	0.200154855702413
chr17:44156671:T:A	17	44156671	-0.045544024400106	0.0549775290443583	0.40743742287962
chr17:45754773:C:T	17	45754773	0.156696641187389	0.0609875641920046	0.0101897962853401
chr17:48779278:C:T	17	48779278	-0.0124116324188333	0.0700709268046971	0.859406623672404
chr17:52703044:C:G	17	52703044	0.137336925043499	0.0649453310394701	0.0344594200740153
chr17:53282498:G:T	17	53282498	-0.063383461895002	0.0620914460436709	0.307345283358013
chr17:58411807:C:T	17	58411807	0.00521185761464654	0.0750580139758127	0.944641202425104
chr17:61409438:A:G	17	61409438	-0.0317209965863378	0.054127203254956	0.557845029756718
chr17:66262233:G:T	17	66262233	-0.0136674256928708	0.0589681032751836	0.816711543128435
chr17:66751216:C:T	17	66751216	0.0387239579521425	0.0728190705319554	0.594876163506946
chr17:66971178:A:G	17	66971178	0.0373407609485991	0.0895233814539565	0.676600701589559
chr17:68771033:G:A	17	68771033	0.0240024957551834	0.0520045218537531	0.644406696157478
chr17:69081332:C:T	17	69081332	0.0590430885746485	0.118207386767955	0.617436130796065
chr17:69213412:T:C	17	69213412	0.120523499071918	0.0644950069375699	0.0616609388886499
chr17:72829246:G:A	17	72829246	0.0253371653603928	0.0655589882792351	0.699142029950071
chr17:73506492:C:T	17	73506492	-0.0829603573216052	0.0959280206156397	0.38713824138958
chr17:77625920:A:T	17	77625920	-0.054180084658615	0.0988784816587777	0.58372886987254
chr18:1137045:A:T	18	1137045	-0.0205267010629771	0.0467463232211641	0.660583025895281
chr18:4080016:T:A	18	4080016	0.111621788770054	0.0836291144573508	0.181966685367776
chr18:8920896:G:C	18	8920896	0.0463283173025756	0.0610533513853637	0.447962070428243
chr18:9609299:C:T	18	9609299	-0.0214379736407806	0.09091184184952	0.813579662392938
chr18:10572326:C:T	18	10572326	0.0558782101728344	0.0562827624016599	0.320801509278836
chr18:11017906:C:T	18	11017906	0.0302535299903469	0.0433859642421575	0.48560789886352
chr18:14686017:A:G	18	14686017	0.0681447137873847	0.0663947062699376	0.304723038926752
chr18:14895123:C:T	18	14895123	0.00960226983690403	0.0571521292979194	0.866573476767944
chr18:30059135:A:G	18	30059135	0.0833393425318552	0.057396052718319	0.146500277935748
chr18:32490781:T:C	18	32490781	0.00273859746873862	0.052154084641142	0.958122533968582
chr18:36255061:C:A	18	36255061	-0.0982251491270553	0.0749642394226823	0.190096594944296
chr18:42762909:A:C	18	42762909	-0.0772625321177045	0.0662559624923652	0.243565143564201
chr18:43928870:G:A	18	43928870	-0.0524653491438352	0.0811778981007241	0.518084500822262
chr18:45461168:C:T	18	45461168	-0.0609582877843385	0.0821233624205805	0.457919489438803
chr18:49146783:T:G	18	49146783	-0.049826442349913	0.0622322409257353	0.423332447577849
chr18:49872731:C:G	18	49872731	0.0502816968174234	0.0663697624393739	0.448690797842539
chr18:50485733:T:C	18	50485733	-0.112421124017232	0.0955998626183482	0.239612910699266
chr18:58120958:C:T	18	58120958	-0.0538283251578318	0.0966595308192382	0.577605421737269
chr18:59256389:C:T	18	59256389	-0.0775464428355509	0.0777206683173663	0.318396569495669
chr18:62998306:G:A	18	62998306	-0.0444119188595341	0.0821889924594025	0.588946481459079
chr18:66103927:C:T	18	66103927	0.0511798333187265	0.0545011076143738	0.347699721159091
chr18:66206557:C:T	18	66206557	-0.0496926641954839	0.0494945234151218	0.315377029255435
chr18:68001558:G:A	18	68001558	0.0233702719689612	0.0611642300224434	0.702394229169201
chr18:71730181:C:T	18	71730181	-0.0644355582714086	0.0671089336622642	0.336972861370174
chr18:72912108:T:C	18	72912108	0.0769065616192883	0.0524537422149674	0.142599599152679
chr18:73248491:G:A	18	73248491	0.0131674598843425	0.0807233964845042	0.870425323840177
chr19:2907557:G:A	19	2907557	0.00971690264306596	0.0599569554739533	0.871254948093062
chr19:17584922:G:A	19	17584922	-0.0101434311223702	0.0515456920178713	0.843995605875496
chr19:18704666:C:T	19	18704666	0.0712037874555056	0.089642618692459	0.427016548566573
chr19:18737022:C:T	19	18737022	-0.00623863014982708	0.0562941084244153	0.911757436420766
chr19:18805179:A:G	19	18805179	0.0889474992371181	0.0559306211080202	0.111763039608341
chr19:21560366:G:T	19	21560366	0.0368950304166163	0.0617155557373031	0.549957482798562
chr19:21659434:G:C	19	21659434	-0.00317284102162789	0.0702890333378003	0.96399578590786
chr19:33474662:T:C	19	33474662	0.040415165555705	0.0618641388929127	0.513569939628545
chr19:37956680:C:T	19	37956680	0.0392981457694225	0.076069143500883	0.605427831959459
chr19:38120117:A:T	19	38120117	0.119440485888442	0.0733228264121869	0.103319943504459
chr19:44380983:T:C	19	44380983	-0.166668528813181	0.0752352491272309	0.0267395879662269
chr19:44819986:A:G	19	44819986	-0.0251791992811655	0.0718014442748206	0.725829802508462
chr19:48685001:C:T	19	48685001	0.0232519334989837	0.0676303895663317	0.730989965927549
chr19:51552139:T:A	19	51552139	0.0563099435398616	0.0723122179581205	0.436153038685231
chr19:52714810:C:T	19	52714810	0.0443017451478626	0.0468637651270823	0.344490186806149
chr19:53330671:T:C	19	53330671	-0.00374633329121237	0.0673088806365294	0.95561360053381
chr19:54944544:G:A	19	54944544	-0.105149014516601	0.111154848292021	0.344164518040022
chr19:57195010:G:C	19	57195010	-0.075230876990925	0.0827818868248405	0.363464008764255
chr20:1709120:A:G	20	1709120	0.0419619734317707	0.0532788302901055	0.430935473312855
chr20:1735934:T:G	20	1735934	0.0651624542822682	0.0645696172762771	0.312887663632746
chr20:1906500:G:T	20	1906500	-0.0971883080338913	0.0821093254607326	0.23655354443138
chr20:3649460:G:A	20	3649460	-0.0916431517422378	0.070424225251117	0.193155265324958
chr20:5407753:C:T	20	5407753	0.096299661859624	0.086406547806215	0.265066906338406
chr20:5860313:T:C	20	5860313	-0.047990471496015	0.0715642935774871	0.502480224391684
chr20:7000966:A:C	20	7000966	0.0382538078760396	0.0665322901391349	0.565314259797488
chr20:12129436:G:A	20	12129436	0.0174527781742543	0.0789031797095831	0.824942681038998
chr20:31347432:T:C	20	31347432	-0.0504486105354065	0.0645630776288461	0.434576180639685
chr20:37593342:C:T	20	37593342	-0.0907737150421153	0.0547401581072711	0.0972638915449827
chr20:38200488:G:A	20	38200488	-0.0447516854972395	0.0582263877498598	0.442142188550184
chr20:38350608:A:G	20	38350608	0.0301263460310425	0.0646638126687376	0.641292885026912
chr20:45729681:A:G	20	45729681	0.00467440780659076	0.0559891354212844	0.933463705174392
chr20:48501317:C:T	20	48501317	-0.0840901058655368	0.059640143687361	0.158552044543643
chr20:49036824:T:G	20	49036824	-0.00885230856891345	0.063421596993719	0.88899281462072
chr20:50371082:C:T	20	50371082	-0.0814172833957418	0.0711006042282577	0.25216784330898
chr20:52513956:G:A	20	52513956	-0.0469566747880069	0.0905688722254167	0.604134763729897
chr20:54253971:A:G	20	54253971	0.00582743349454123	0.0520350905743967	0.910830974383577
chr20:58480201:T:G	20	58480201	0.0315815598782352	0.0507590070603694	0.533819359370102
chr20:60073360:C:T	20	60073360	0.0496882057898482	0.0554897279838926	0.370547267620383
chr21:15297615:T:C	21	15297615	0.0808596469934065	0.0663517178806663	0.222976341889656
chr21:24026351:C:T	21	24026351	0.0813925482186399	0.0704119722211347	0.247702603060105
chr21:26647335:G:C	21	26647335	0.0527733791869682	0.0746906310960073	0.479840229580937
chr21:28043199:C:G	21	28043199	-0.118664938668405	0.0763809043534649	0.120281216570368
chr21:31885030:A:G	21	31885030	-0.0155177992141357	0.0560651031814743	0.781947670090168
chr21:35502622:A:T	21	35502622	-0.102415699477963	0.0590913038683411	0.0830641814979892
chr21:36306638:T:G	21	36306638	-0.0847643620530872	0.0680053372159491	0.212604039469629
chr21:41442549:G:A	21	41442549	-0.0341613762619505	0.05919474808407	0.563870909930433
chr22:20147688:T:C	22	20147688	-0.0862844800558892	0.101282739498783	0.394260201966833
chr22:23891985:A:G	22	23891985	-0.00182434709070679	0.0824255216107865	0.982341639935993
chr22:24245985:G:T	22	24245985	-0.0014027384145459	0.0594884414053634	0.9811876124483
chr22:30662128:G:A	22	30662128	-0.0918191177217415	0.0830456901719365	0.26887986222711
chr22:36977479:G:A	22	36977479	-0.0210551737661524	0.075458548253887	0.780222055825171
chr22:42475109:T:G	22	42475109	0.0539015386909046	0.0483181402144886	0.264612700746676
chr22:44719519:A:G	22	44719519	0.0170797419348311	0.0635361928695562	0.788068897540933
chr22:45210278:T:C	22	45210278	0.0863661179751937	0.0689841165348785	0.210580406962785
chr22:49668266:A:G	22	49668266	0.0221117665829261	0.0598509424442127	0.711794378599284
