SNP	CHR	POS	est	stderr	pval
chr1:1837340:C:T	1	1837340	-1.06945827196971	0.611006604745693	0.0800627753850246
chr1:2261200:G:C	1	2261200	0.080559729832318	0.273059385879148	0.767973706293347
chr1:14678191:A:C	1	14678191	0.0665352576648121	0.252909014995717	0.79248905900336
chr1:14985097:C:T	1	14985097	0.557722143469738	0.285963898720579	0.051137560247569
chr1:15065941:C:T	1	15065941	0.526959734341966	0.307888183875191	0.086983395274464
chr1:20215506:G:C	1	20215506	-0.26838275240894	0.508505793037179	0.597647173637829
chr1:20533654:G:C	1	20533654	0.613240084477379	0.346179260660354	0.0764855003656348
chr1:22009627:T:C	1	22009627	0.37166309953504	0.311457131143011	0.232750262204596
chr1:22126221:C:T	1	22126221	0.264501681796458	0.268693503244028	0.324919249021069
chr1:23180575:A:G	1	23180575	0.718793058324572	0.325917357518907	0.027422829089901
chr1:26058659:G:C	1	26058659	-0.0978113336924716	0.314590909182366	0.755864513108975
chr1:26181362:A:G	1	26181362	0.38789399089965	0.204976997339519	0.0584406152086798
chr1:26848285:C:T	1	26848285	-0.121624847072459	0.617850489495797	0.843943683189988
chr1:28670719:C:T	1	28670719	0.105351007690715	0.25503656122774	0.679546551408764
chr1:29753056:A:C	1	29753056	-0.202505772173239	0.371145075115488	0.585324216501052
chr1:29908726:A:G	1	29908726	-0.0713356790167467	0.463340371035868	0.877641622866003
chr1:31886486:G:T	1	31886486	-0.372723789094045	0.416288188829873	0.370599815488034
chr1:37838865:C:T	1	37838865	0.394102045654572	0.295153135839187	0.181795844128717
chr1:39880059:T:C	1	39880059	0.0151989865217078	0.309451928068197	0.960826992676458
chr1:41175014:G:A	1	41175014	0.47847623580441	0.384373651418429	0.213197705563541
chr1:41597921:C:T	1	41597921	0.665761323270395	0.345597128902914	0.0540533592777395
chr1:42635725:A:G	1	42635725	0.719841110558544	0.327948946036805	0.0281650908407953
chr1:43202709:G:A	1	43202709	0.0229647456026103	0.355901245196608	0.948551714298401
chr1:47498869:G:A	1	47498869	-0.262584880858572	0.420760745075246	0.532580486913824
chr1:51034150:G:A	1	51034150	0.441289438697845	0.277635177862504	0.111957041919474
chr1:54900240:G:A	1	54900240	-0.112098451039539	0.36436147071117	0.758343146224091
chr1:55459433:C:T	1	55459433	-0.972516813869919	0.879056338074511	0.268588429007182
chr1:56563907:C:T	1	56563907	0.11904061015754	0.358687316275049	0.739981002164789
chr1:65351414:T:A	1	65351414	0.302746262465224	0.245654696858263	0.217797551735021
chr1:66254178:T:A	1	66254178	-1.19263383245488	0.973681225220451	0.22062385307821
chr1:73302339:T:C	1	73302339	-0.161944751245559	0.398949601904372	0.684795619597147
chr1:73563666:T:C	1	73563666	-0.0283068822880951	0.334042765347846	0.932467860837297
chr1:76062379:T:C	1	76062379	-0.397571620582791	0.485150363057392	0.412511901602973
chr1:86928231:G:T	1	86928231	0.185592973675029	0.29703615994392	0.532091765598959
chr1:88611347:G:A	1	88611347	0.17961633379376	0.38981365127493	0.644960134310927
chr1:91057167:C:A	1	91057167	-0.0396860820594547	0.507721919996805	0.937696805607146
chr1:91093925:G:A	1	91093925	0.297594298200985	0.270787518109848	0.271769973412422
chr1:92475800:A:G	1	92475800	-0.131729899026653	0.319212581190028	0.679847390197382
chr1:94752415:G:A	1	94752415	0.398650052075706	0.260555914912303	0.126017201776907
chr1:95614324:G:A	1	95614324	0.446529553137955	0.224322149862975	0.0465278813105127
chr1:99691102:T:C	1	99691102	0.245564449992796	0.447966304161549	0.583570947551379
chr1:104937367:T:A	1	104937367	-0.644764935963715	0.34211516414411	0.0594780579966839
chr1:115841221:A:T	1	115841221	-0.787307210679044	1.29537827123107	0.543332266614622
chr1:153704237:C:A	1	153704237	0.222446085395561	0.33448770404425	0.506028001717323
chr1:155857667:G:T	1	155857667	0.237669412344994	0.284722289178888	0.403863464683057
chr1:157334223:T:C	1	157334223	0.387532707764586	0.260860759085407	0.137387020683047
chr1:159540226:C:T	1	159540226	-0.42034954094229	0.262715555075797	0.109594654530281
chr1:165647351:T:C	1	165647351	-0.488256189536257	0.327853730434998	0.136421531536928
chr1:167545338:A:T	1	167545338	0.398195871857922	0.298233011653742	0.181816212920588
chr1:168863629:G:A	1	168863629	-0.459933577851842	0.333523550317299	0.16789049971162
chr1:171350391:G:A	1	171350391	0.0354459141632169	0.248409804148424	0.886533999838077
chr1:173013575:C:G	1	173013575	0.0023306288363692	0.282677162145146	0.993421641552366
chr1:178947344:C:A	1	178947344	-0.328477404372369	0.674703475722179	0.626366716942055
chr1:185127444:C:G	1	185127444	0.436258427596927	0.251428931571838	0.0827202146871535
chr1:185619557:C:T	1	185619557	-0.308463199110405	0.822552703047072	0.707655100114697
chr1:186638909:G:T	1	186638909	0.128938055726417	0.264804353701365	0.626316310143804
chr1:188272062:T:C	1	188272062	0.210145951464835	0.303507627642783	0.488691812815344
chr1:193365737:C:T	1	193365737	-0.718838390349427	0.484150997087408	0.137612690026352
chr1:193791070:G:T	1	193791070	-0.405484559113947	0.583332415009182	0.486981680217337
chr1:195033388:T:C	1	195033388	-0.294132749913744	0.388950671252033	0.449516574030766
chr1:195907914:A:G	1	195907914	-0.493465218061076	0.389377648545209	0.205041684652829
chr1:196692375:G:C	1	196692375	0.540313879477271	0.359948035726585	0.133332656717222
chr1:197559019:A:G	1	197559019	0.197054741355006	0.358543252027342	0.582594964202572
chr1:199160726:G:A	1	199160726	-0.122764790916423	0.370937993085465	0.74067642517293
chr1:204277152:T:C	1	204277152	-0.90186348387908	0.6479293502663	0.163947717254654
chr1:207498131:C:T	1	207498131	0.626993919945301	0.322589221401929	0.0519401484438542
chr1:208744577:C:T	1	208744577	-0.233309533417567	0.798154531944512	0.770048672865317
chr1:210496535:G:A	1	210496535	-0.500507092930202	0.334960587726236	0.135116345546721
chr1:212937214:T:G	1	212937214	0.182783492183932	0.338429516615338	0.589132736375959
chr1:219750864:A:G	1	219750864	0.153203562589044	0.313261097303998	0.624799015038643
chr1:221920463:G:A	1	221920463	0.0590719248225608	0.497398690819582	0.905464135765427
chr1:227462684:A:G	1	227462684	0.168828347749708	0.345723686379851	0.625313861971736
chr1:234456961:G:A	1	234456961	-0.171938210597123	0.526050482971046	0.743783338225126
chr1:237308322:A:G	1	237308322	-0.498015254588743	0.344343086119158	0.1480997122043
chr1:239000642:T:C	1	239000642	-1.68337153997285	1.29685046143865	0.194271532254109
chr1:244583991:C:T	1	244583991	-0.148900579775563	0.381522833083684	0.696329804371842
chr1:246213578:G:A	1	246213578	0.457938558242535	0.268309998766518	0.0878682052022789
chr1:247190028:T:C	1	247190028	0.639179569269999	0.292565088948011	0.0289076856452756
chr1:247897239:C:T	1	247897239	0.145108919033039	0.414696739309595	0.726401929339317
chr2:3248328:A:G	2	3248328	-0.381614577999365	0.368387612126122	0.300246453795935
chr2:4505759:T:G	2	4505759	-0.616420261785956	0.669735667420585	0.357367236846904
chr2:6804400:G:A	2	6804400	0.11780255356807	0.460355153951192	0.798031963432981
chr2:9411790:A:C	2	9411790	-0.825157323101104	0.580626090780405	0.155272879422534
chr2:12096367:C:T	2	12096367	0.688091950649003	0.31700287982343	0.0299601095407521
chr2:13545005:C:T	2	13545005	0.246171743186866	0.252862365186629	0.330284761843894
chr2:16009716:A:G	2	16009716	-0.177529360466935	0.281972861892969	0.528958072106865
chr2:16367899:A:T	2	16367899	0.190903050826804	0.31478789747679	0.544216121684368
chr2:17630111:A:C	2	17630111	0.223166758288329	0.271892774403491	0.411766130317598
chr2:17928966:C:G	2	17928966	0.0671834820833608	0.472625624378491	0.886961943354763
chr2:18261494:A:T	2	18261494	-0.205495769382983	0.31127868313356	0.509146965687587
chr2:19530615:T:C	2	19530615	-0.885622915712144	0.479236433706746	0.0646041581920943
chr2:19562158:T:C	2	19562158	0.407250315739666	0.289849233743641	0.160008821570266
chr2:27383116:G:A	2	27383116	0.195254266882246	0.297916730406886	0.512211025473036
chr2:37762298:C:T	2	37762298	0.344621828210461	0.320984127627727	0.282983462701639
chr2:42010994:T:A	2	42010994	-0.524641308231416	0.533626165157101	0.325527399900807
chr2:45824390:C:G	2	45824390	0.740945483105302	0.338066766788578	0.028400203229869
chr2:46742820:T:C	2	46742820	-0.0685076387560694	0.359954604201278	0.849056034646428
chr2:49789441:T:C	2	49789441	0.391886798826673	0.331023387259049	0.236466750298662
chr2:49994518:G:A	2	49994518	-0.389955352327089	0.303317539224054	0.198570812192916
chr2:51284042:G:A	2	51284042	-0.266837329522326	0.384640785173097	0.487850769668351
chr2:51344078:G:A	2	51344078	-0.00724628118526818	0.216082012131059	0.973248062915848
chr2:57278002:C:A	2	57278002	0.627853523256222	0.282744631178083	0.0263802728321452
chr2:57368273:A:G	2	57368273	-0.418489733861191	0.369356029173145	0.257203619693921
chr2:60075157:T:C	2	60075157	-0.327161258268753	0.746303484191098	0.66111401114415
chr2:60373837:A:G	2	60373837	-1.33351000420329	0.797357254073167	0.0944430668500753
chr2:61147014:T:C	2	61147014	-0.508714086362245	0.323711942302596	0.116066003024141
chr2:61693274:A:G	2	61693274	-0.170088756141895	0.341886470742093	0.618836014299821
chr2:65295480:C:T	2	65295480	-0.0124960674929172	0.339016807962237	0.970596849925402
chr2:66031496:T:C	2	66031496	-0.0235189338332409	0.231593494176435	0.919111762222058
chr2:69165635:T:C	2	69165635	0.000901322828851027	0.441639953149395	0.998371634936808
chr2:71204755:G:A	2	71204755	0.536477927944149	0.34835563691524	0.123553183381049
chr2:72022684:A:G	2	72022684	0.663112659405692	0.453775883889849	0.143927108894251
chr2:76651386:C:A	2	76651386	0.12519562484354	0.282079856325586	0.657165183657886
chr2:79784490:C:G	2	79784490	-0.187506781044535	0.546052713598154	0.731308195136777
chr2:82619301:T:C	2	82619301	-0.0681853749081838	0.404527178963714	0.866146102703216
chr2:83181917:T:C	2	83181917	-0.0842395009652567	0.424216674078716	0.842593966632997
chr2:83400799:T:A	2	83400799	0.476766977775927	0.293485190299097	0.104268932478185
chr2:85744328:G:A	2	85744328	0.337040145179535	0.424836807375523	0.427579603718333
chr2:85757440:T:A	2	85757440	-0.182448245804518	0.473154481756977	0.699793124780593
chr2:99811694:T:C	2	99811694	-0.123049925652387	0.411039220839536	0.764663106087294
chr2:101228073:A:C	2	101228073	0.301211858932529	0.306004480517605	0.324949318326636
chr2:106861882:T:C	2	106861882	0.551537927401968	0.298477379958505	0.064625741832923
chr2:108083619:T:C	2	108083619	-0.693111647360053	0.357718131004764	0.0526730675730515
chr2:114129906:T:C	2	114129906	0.205257672424472	0.208231301623249	0.324270735578127
chr2:118004610:C:T	2	118004610	-0.138469784933456	0.335637977835599	0.679931237876032
chr2:119455921:A:G	2	119455921	-0.117092883414462	0.306229333029166	0.702187003926819
chr2:120644763:G:A	2	120644763	-0.187280134783062	0.418097843667752	0.654201010397199
chr2:120916837:A:G	2	120916837	-0.347216796441225	0.414099661200388	0.401757769419438
chr2:122628686:C:A	2	122628686	-0.183373893467531	0.466003035645456	0.693947531798209
chr2:122629789:A:C	2	122629789	-0.199854088968961	0.389508467707413	0.607886230599322
chr2:126391403:A:G	2	126391403	-1.15927317578323	0.788229286661854	0.14136390357356
chr2:127192867:G:A	2	127192867	0.350937893574349	0.275692135112353	0.203041461422833
chr2:130915743:C:T	2	130915743	-0.171600108208567	0.220328105753494	0.436074596509071
chr2:136507185:G:C	2	136507185	0.0539955708817635	0.325155497920268	0.868109130011619
chr2:141023592:C:T	2	141023592	-0.426625114315347	0.350667260226737	0.223752832809985
chr2:143017176:T:C	2	143017176	-0.719042752200622	0.876485813020251	0.412005156494952
chr2:143920023:G:T	2	143920023	0.285828872125066	0.334416898897199	0.392712699208393
chr2:144729333:C:T	2	144729333	-0.0857010339656842	0.242450723221399	0.72373000401129
chr2:148561010:G:C	2	148561010	0.510917028482444	0.24891564233861	0.0401142026944706
chr2:154835349:G:T	2	154835349	0.173195961732512	0.290089905390744	0.550479099429305
chr2:164974626:C:A	2	164974626	0.622968054631292	0.312623408434611	0.0462931197668581
chr2:167086954:T:G	2	167086954	-0.16355804436533	0.313083308445954	0.601384465327255
chr2:167199229:C:T	2	167199229	0.424055665185434	0.248322809062903	0.0876959066545774
chr2:167657344:C:T	2	167657344	0.685957716871814	0.318347731951005	0.03118190911264
chr2:167884398:C:T	2	167884398	0.690055948374485	0.326936807201528	0.0348006238248039
chr2:168647356:T:G	2	168647356	0.33949300716012	0.243206763388028	0.162743760977645
chr2:170041677:A:G	2	170041677	-0.23672854830559	0.413384289613433	0.566875088059429
chr2:171274449:C:A	2	171274449	-0.142212636671771	0.487929978520961	0.770698646177282
chr2:177787584:G:A	2	177787584	0.30438025375263	0.30664497270612	0.32089784384371
chr2:179648558:C:T	2	179648558	-0.464347510550536	0.623803605478885	0.456646050122899
chr2:183527028:C:T	2	183527028	-0.54007665979542	0.419735516311792	0.198196405059581
chr2:184516924:T:A	2	184516924	0.241732024044425	0.325273848169586	0.457382005194903
chr2:191922008:C:T	2	191922008	0.112249593563093	0.491984699560051	0.819524440923721
chr2:195817951:G:C	2	195817951	0.299789099109375	0.341909221615362	0.380590363774474
chr2:197010424:G:A	2	197010424	0.14834645563951	0.468629379640891	0.751582123956038
chr2:209101337:G:A	2	209101337	0.241751016825309	0.309127352998094	0.434189047964698
chr2:209103516:A:G	2	209103516	-0.190640116360861	0.344990134655876	0.580540185032298
chr2:210957182:G:A	2	210957182	-0.74379719577287	0.452608491620584	0.100309154014172
chr2:214802180:T:C	2	214802180	0.157851938970809	0.219809648935846	0.472677033688368
chr2:215209936:A:G	2	215209936	0.0963818713591694	0.301713031853178	0.749386197093675
chr2:215367000:G:A	2	215367000	0.503839337460576	0.342045798876932	0.14074640386634
chr2:220997842:C:T	2	220997842	-0.0175743273968619	0.193580126109534	0.927662790193272
chr2:226027918:G:A	2	226027918	-0.144785576665322	0.631633510647584	0.818694799137454
chr2:228947684:G:A	2	228947684	-0.342347803619097	0.373964754097604	0.35995295684285
chr2:233152507:T:C	2	233152507	0.308602091553172	0.223571322057987	0.167485215473949
chr2:235620294:A:T	2	235620294	-0.0805399528125561	0.441231773019088	0.855163403436196
chr2:237288548:A:G	2	237288548	0.422233758562738	0.273263448896739	0.122309329910553
chr2:237513585:T:C	2	237513585	-0.670692758900038	0.548061643363842	0.221044952105521
chr2:237920759:T:G	2	237920759	-0.131286638288643	0.141632410910362	0.353950753804157
chr2:240429648:C:T	2	240429648	-0.0744675964658441	0.461095834808268	0.87169855386491
chr3:9841346:T:C	3	9841346	-1.44694148622937	0.975396437596859	0.137957711299088
chr3:10127208:T:G	3	10127208	-0.131663936737255	0.35642841492307	0.711831102889196
chr3:14082905:A:G	3	14082905	0.288494476482272	0.324399776997926	0.373832340165968
chr3:16798495:T:G	3	16798495	-0.325096978604049	0.447169614390939	0.467219559634729
chr3:18882818:T:C	3	18882818	0.0407344423023722	0.38301398984648	0.915302788661743
chr3:20179943:G:A	3	20179943	-1.5671633681753	1.31010722665058	0.23161461868453
chr3:22245167:A:G	3	22245167	0.194945291350362	0.338428694078951	0.564594483334266
chr3:24009496:G:A	3	24009496	0.15110404754736	0.19466444607303	0.437614212931319
chr3:24010534:C:T	3	24010534	0.00256749949547808	0.280194541836478	0.992688867077724
chr3:33111016:C:A	3	33111016	-0.114437064044246	0.510945127828174	0.822779605490559
chr3:33421913:A:G	3	33421913	-0.289078506804314	0.387142458152141	0.45524586545901
chr3:34471110:A:G	3	34471110	-0.141303317218718	0.422698620202533	0.738161814777049
chr3:34498029:C:T	3	34498029	0.434221845933537	0.278381612066172	0.118805277046564
chr3:35230331:G:A	3	35230331	-0.535464298473423	0.450557571160289	0.234656907755807
chr3:41413926:T:C	3	41413926	-0.210985595141094	0.361198258904056	0.559134982842913
chr3:42098050:T:C	3	42098050	-0.616492112582487	0.359531435027846	0.0863984267723068
chr3:46489654:A:G	3	46489654	0.172084834257375	0.358274649672503	0.631003134952952
chr3:56959175:A:G	3	56959175	-0.497613424493052	0.54722048028889	0.363166870646805
chr3:64441608:G:A	3	64441608	0.572053620543091	0.299158219896258	0.0558491436085761
chr3:66150510:T:A	3	66150510	0.185608213351515	0.22215515779396	0.403442380265722
chr3:66995763:G:T	3	66995763	0.706349372376451	0.319334213436267	0.0269705399469554
chr3:68498445:T:C	3	68498445	-0.223228462179438	0.36547483425531	0.541338454776376
chr3:68824246:G:A	3	68824246	0.113627061830775	0.396588607628836	0.774486647494259
chr3:69021248:A:C	3	69021248	0.185723280487358	0.313469562543755	0.55353169950126
chr3:69617754:T:G	3	69617754	0.201120642324078	0.189251065274472	0.287909546899064
chr3:74191731:G:A	3	74191731	-0.317872113499734	0.181197233835279	0.0793811893077254
chr3:74732240:G:A	3	74732240	-0.58352235248907	0.321978564530454	0.0699395667928039
chr3:75709324:A:T	3	75709324	0.0738612916595354	0.283550724198752	0.79448810326166
chr3:84465702:T:C	3	84465702	-0.611010846800595	0.442383188376142	0.167223598513168
chr3:84817748:G:A	3	84817748	0.398883846757123	0.326282310829843	0.221514293019255
chr3:85705423:A:G	3	85705423	0.670820309709946	0.322894938028072	0.0377537003333668
chr3:88069353:C:T	3	88069353	0.288400640307512	0.345066950587726	0.403277727035903
chr3:93986190:G:A	3	93986190	0.437464470950412	0.29737449031392	0.141266931817153
chr3:101022648:G:A	3	101022648	-0.28676892242359	0.453532047502749	0.527189986608565
chr3:106664728:C:T	3	106664728	-0.559631080543284	0.373271777997158	0.133806448797209
chr3:110774699:C:T	3	110774699	-0.60428872264413	0.265595694255625	0.022892716007213
chr3:113428518:G:A	3	113428518	0.208958517886217	0.317751708686075	0.51078509231545
chr3:121058963:T:G	3	121058963	-0.567532254688514	0.504369876987234	0.260491467707879
chr3:122312606:G:A	3	122312606	-0.136336461728049	0.478906246009067	0.775887024161437
chr3:124193435:A:C	3	124193435	-0.4562245555238	0.389155631833437	0.241058678505885
chr3:124804582:A:T	3	124804582	-0.659819792194029	0.604096692997868	0.274726737455231
chr3:126773646:G:T	3	126773646	-0.725045035486838	0.438871819043096	0.0985211784419895
chr3:131110446:C:G	3	131110446	-0.09177876857109	0.405422099774667	0.820907198519148
chr3:131209978:G:T	3	131209978	0.248691551892978	0.224560994021466	0.26809657227187
chr3:133982842:C:T	3	133982842	0.0676133263351243	0.34319707721987	0.843819552318467
chr3:134929007:C:T	3	134929007	0.337964953951038	0.24128337278559	0.161304628855505
chr3:137777496:C:T	3	137777496	-0.43129260471761	0.764977886734107	0.572891967085798
chr3:146265901:G:T	3	146265901	-0.809016200962848	0.546981304614977	0.139125240826433
chr3:148006706:G:A	3	148006706	-0.200352350807821	0.836559925459519	0.810721373215729
chr3:149679065:C:A	3	149679065	-0.12400430170734	0.349470709767057	0.722713501084548
chr3:150888061:C:A	3	150888061	-0.125778906579126	0.56850893721309	0.824902840907144
chr3:152663712:G:C	3	152663712	0.137149103597477	0.234250272393126	0.558224281505038
chr3:159417151:A:G	3	159417151	0.060666281835437	0.310695268845275	0.845189602075421
chr3:164899350:G:A	3	164899350	-0.0818663155008423	0.372142571878984	0.82588172384437
chr3:168053836:T:C	3	168053836	0.237323797535419	0.459002490834247	0.605126487875969
chr3:171028381:G:A	3	171028381	-1.22899272293216	1.00550722646628	0.221608771524809
chr3:174497130:T:C	3	174497130	-0.0211087827113598	0.25010361312621	0.932738287242212
chr3:176663180:T:G	3	176663180	-0.56248697572005	0.633780836457756	0.374804261137214
chr3:196706550:C:T	3	196706550	-0.133512957294734	0.24544463760706	0.58646649731076
chr4:332191:G:A	4	332191	0.243336230149984	0.309784242918811	0.43215913210902
chr4:8816874:T:C	4	8816874	0.694620603748139	0.317208622830514	0.0285393940116514
chr4:9851274:C:G	4	9851274	-0.234994331926191	0.274530243281827	0.392004944869123
chr4:10725805:A:G	4	10725805	-0.90988764486443	0.545633922500632	0.0953993393422145
chr4:13219910:C:T	4	13219910	0.109749536158398	0.246272084360875	0.655854834420789
chr4:18747099:A:G	4	18747099	0.066551905694443	0.316796654393791	0.833607046764591
chr4:20840555:C:T	4	20840555	-0.0797143464052735	0.253042617344252	0.752743884885365
chr4:21137718:C:T	4	21137718	-0.0511444361092053	0.252430776951277	0.839441618513532
chr4:26851610:T:C	4	26851610	-0.169478852846084	0.383108690930181	0.65821570302953
chr4:32302160:A:T	4	32302160	-0.488329494335145	0.362981000869157	0.178518454471362
chr4:34501888:A:G	4	34501888	-0.498619844164077	0.60286918236116	0.408192846657523
chr4:40603484:A:G	4	40603484	-0.0618279742571472	0.327163835020779	0.850107167928555
chr4:41002348:C:T	4	41002348	0.564015587549061	0.314908035753635	0.0732855009642075
chr4:44018406:T:G	4	44018406	0.25107793393134	0.285863050100754	0.379772552818039
chr4:44680448:T:C	4	44680448	-0.552098003649194	0.369053549356179	0.134657966862726
chr4:55337032:C:T	4	55337032	-0.620419253811279	0.393049735678764	0.114456484846593
chr4:55659669:G:A	4	55659669	0.0966308094924624	0.420108994350986	0.818081151242133
chr4:56719096:C:T	4	56719096	0.171694667120555	0.392573051666371	0.661852288164373
chr4:58944563:C:T	4	58944563	-0.146760413206189	0.571738787612209	0.797417033408282
chr4:61158247:C:G	4	61158247	-0.521946386855343	0.507940340173548	0.304150167260471
chr4:64485722:G:A	4	64485722	0.522987382908491	0.325010603307658	0.107585853108406
chr4:67708732:C:T	4	67708732	-0.581224936998155	0.27018041333053	0.0314566701728061
chr4:67911021:C:T	4	67911021	0.293882890077802	0.299542437680575	0.326540460058331
chr4:90022599:G:T	4	90022599	-0.318400456834058	0.38629630719839	0.409803808133947
chr4:95020597:A:T	4	95020597	0.230770605577682	0.291194967676143	0.428072006623469
chr4:95433170:T:C	4	95433170	0.247881732594241	0.265435315593546	0.350371627211112
chr4:97398054:G:A	4	97398054	-0.318070947435999	0.245559728858701	0.195220367319043
chr4:98823404:T:C	4	98823404	-0.797202420234538	0.790939806862726	0.313493858747004
chr4:99262681:C:G	4	99262681	-0.0720168845945363	0.364339116280661	0.843307619493666
chr4:99355957:G:T	4	99355957	0.329504114976128	0.350316555998473	0.346915205200318
chr4:101085120:T:C	4	101085120	-0.680261860973956	0.423164727282199	0.107932007527762
chr4:102399971:C:T	4	102399971	0.368919269643077	0.314326541425454	0.240522593699323
chr4:102884286:T:C	4	102884286	-0.584484760103538	0.324194414749256	0.0714065133399806
chr4:105992845:C:T	4	105992845	0.00343878341907326	0.259702713391052	0.989435335552666
chr4:108791253:G:A	4	108791253	0.55364560293729	0.260145491645366	0.0333192408724267
chr4:110191180:A:G	4	110191180	-0.526944789059086	0.581614951867149	0.364934357543101
chr4:110957298:T:A	4	110957298	-0.347211585057374	0.510703090229057	0.496586933565825
chr4:113348012:C:T	4	113348012	-0.386251073908542	0.435110574038121	0.374697920083925
chr4:115515844:A:G	4	115515844	0.537813892932877	0.302448040043357	0.0753705851274993
chr4:115522695:G:A	4	115522695	-0.302947217648708	0.326032894825596	0.352789497211817
chr4:120770744:A:C	4	120770744	-0.0379977597960717	0.294722004464921	0.897415047111822
chr4:123964831:A:G	4	123964831	-0.0771377231303029	0.292685965060402	0.792125803351686
chr4:125256344:T:C	4	125256344	0.190288496208913	0.345064256033306	0.581319647809478
chr4:126268710:T:G	4	126268710	0.475487599763511	0.334544862638073	0.155230443879271
chr4:134094420:T:C	4	134094420	-0.020118421667174	0.425142302230197	0.962256898623878
chr4:134350906:C:T	4	134350906	0.340019205159473	0.236388560727277	0.150323112531271
chr4:138952375:G:A	4	138952375	0.163793184789221	0.256167849160337	0.522564114798671
chr4:141012527:T:G	4	141012527	0.178497934212491	0.308065657712999	0.562309029445167
chr4:141618953:G:A	4	141618953	-0.174961442111404	0.417329553515817	0.675040391150728
chr4:149616644:T:G	4	149616644	-0.374410292894347	0.401269058215331	0.350786178390895
chr4:154030957:C:G	4	154030957	0.6343191047572	0.310928876732944	0.0413425755459933
chr4:168588553:A:C	4	168588553	-0.0144359945219895	0.325308510965967	0.964604437097923
chr4:171334248:A:T	4	171334248	-0.6073792421178	0.549130325623573	0.26869412369756
chr4:171974219:A:G	4	171974219	0.503103047026537	0.30480525494186	0.0988259815763555
chr4:176312841:C:T	4	176312841	-0.142733688714407	0.408070751606047	0.726506198525557
chr4:179329624:T:G	4	179329624	0.178017279123299	0.21658135499357	0.411109994287382
chr4:183032183:A:G	4	183032183	-0.0981267148283098	0.205988799900823	0.633811390625533
chr4:184991673:A:G	4	184991673	-0.116305186029601	0.331662256880324	0.725833259663074
chr4:189912372:C:T	4	189912372	0.489796898143503	0.274682294773873	0.0745635692240004
chr5:79496:A:G	5	79496	-0.494513168707775	0.919367166921997	0.590656925257062
chr5:5313703:A:G	5	5313703	-0.0337593847886771	0.230912125023739	0.883763395787784
chr5:7364955:T:A	5	7364955	0.502632966260782	0.297918796150015	0.0915749843068777
chr5:8067079:G:C	5	8067079	0.495797406215644	0.40437627760818	0.220168813478241
chr5:13911296:G:T	5	13911296	0.172151456728732	0.325049406783921	0.596378006452259
chr5:15621966:C:G	5	15621966	-0.192179957057926	0.264134772546122	0.466868920698468
chr5:15997511:T:A	5	15997511	-0.465300209002013	0.881317701560234	0.597527323240643
chr5:17902851:T:C	5	17902851	-0.585419321976961	0.45590346918608	0.1991118201034
chr5:20719353:A:C	5	20719353	-0.0965171143541955	0.47011008902936	0.837331905905463
chr5:20732163:G:T	5	20732163	-0.00961112519328619	0.358316049462156	0.978600877753888
chr5:21913130:A:C	5	21913130	-0.399002820956166	0.466799298417545	0.392682303455288
chr5:23787194:A:C	5	23787194	-0.0301688254892351	0.214645559940818	0.888224007251575
chr5:23895775:T:G	5	23895775	0.144639161457635	0.366877452497529	0.693401050212115
chr5:25693600:A:G	5	25693600	0.326691809943917	0.354695729237299	0.357025340792667
chr5:33466391:T:A	5	33466391	0.077774209452258	0.197258086806734	0.693376980936614
chr5:33624899:A:G	5	33624899	-0.8301091746785	0.646613936023096	0.199219411129549
chr5:39550509:T:G	5	39550509	-0.512127149943498	0.344428894224379	0.137044424609007
chr5:39634108:G:A	5	39634108	-0.291880820110563	0.354712090722258	0.410583716943154
chr5:39978357:G:A	5	39978357	0.0138282014656737	0.304844728298128	0.963819201075906
chr5:40238036:C:A	5	40238036	-1.86525792890042	1.31396095733877	0.155733265203713
chr5:44011742:G:T	5	44011742	-0.770591088073588	0.739701655048311	0.297523282054598
chr5:50222627:G:A	5	50222627	0.0281879596594568	0.309778226633522	0.9274973593416
chr5:54814079:C:T	5	54814079	-0.00204315554776007	0.377471111640883	0.995681273993143
chr5:66989845:C:A	5	66989845	0.0904379682890141	0.272550547707986	0.740024500970393
chr5:66992139:G:A	5	66992139	0.0918207117416497	0.364511953778835	0.801118040263539
chr5:73076502:T:C	5	73076502	0.250600009056685	0.271956935907901	0.356805382285331
chr5:76998986:C:A	5	76998986	0.409349553721839	0.239911041993601	0.0879605048564526
chr5:77675144:G:C	5	77675144	0.0231028707325521	0.319184804771509	0.942298816184749
chr5:80530472:T:A	5	80530472	-0.00675470907142437	0.611318790836596	0.991184029515732
chr5:81710558:G:T	5	81710558	-0.0672565086719577	0.41848556502935	0.872318625529577
chr5:82792281:C:G	5	82792281	-0.46401214867092	0.919459934380927	0.613799571582245
chr5:84879932:A:G	5	84879932	-0.426690588216596	0.491961109811697	0.385763496407717
chr5:85476293:A:G	5	85476293	0.399891906692546	0.238311459772488	0.0933427761447002
chr5:85809583:T:C	5	85809583	0.200228967904946	0.214150201453278	0.349791838086355
chr5:92192959:A:T	5	92192959	0.452173343499539	0.236049705049241	0.0554179029804968
chr5:94648523:C:G	5	94648523	0.695501902710931	0.257771408588645	0.00697292844197706
chr5:98024666:G:A	5	98024666	0.214420647646139	0.222748235752168	0.335741094616057
chr5:101328324:T:C	5	101328324	0.484674785333605	0.28509392367264	0.0891209533914094
chr5:101825779:A:C	5	101825779	0.245635542346612	0.237217909832425	0.3004425566029
chr5:106773905:G:A	5	106773905	-1.18517092844547	0.482984892916573	0.0141337185658582
chr5:110045491:C:T	5	110045491	0.444639091085848	0.299056804048953	0.137066373981485
chr5:114915760:G:T	5	114915760	-0.09643025393119	0.264808568944556	0.715745399405546
chr5:115102683:A:G	5	115102683	-0.425936178039814	0.450867037335025	0.344809692220152
chr5:117238479:G:A	5	117238479	0.0141099042330348	0.315862296169242	0.964369499798502
chr5:121740415:G:T	5	121740415	0.46190664061496	0.372615889683038	0.215111479404579
chr5:137227416:A:T	5	137227416	0.473525145741238	0.424322442585902	0.264440999453766
chr5:137406489:C:T	5	137406489	0.0490120997318198	0.349412464979844	0.888446636479172
chr5:140638650:G:A	5	140638650	0.438777799758555	0.327009687873308	0.17966462050995
chr5:142682003:T:C	5	142682003	-0.562006594630412	0.252160782261748	0.0258296850953837
chr5:144183699:A:G	5	144183699	0.663824979779639	0.328423344020789	0.0432541140720751
chr5:145690757:G:T	5	145690757	-1.0999189385884	0.995102478256067	0.269015614938922
chr5:147282093:C:T	5	147282093	-0.486736889682377	0.625701672013396	0.436624614772411
chr5:148033208:G:T	5	148033208	-0.524948936551753	0.771677750292097	0.496333751585747
chr5:151763317:T:C	5	151763317	-0.364316078578587	0.37614167980519	0.332764379978607
chr5:153541577:C:T	5	153541577	-1.46487858839587	0.900686136093483	0.103863963786376
chr5:160435085:T:G	5	160435085	0.415787337670659	0.321932241595555	0.196517602415973
chr5:164252995:G:C	5	164252995	-0.316668975488403	0.597360206511726	0.596032931267455
chr5:168245100:T:C	5	168245100	-0.384641123895413	0.364059295083788	0.290724189586687
chr5:169455657:C:T	5	169455657	0.0317274030692904	0.220131081464756	0.885398137243708
chr5:169808985:G:C	5	169808985	0.027788212935038	0.39728376726254	0.944237035635055
chr5:172672695:T:C	5	172672695	-0.254217946577215	0.27764685217994	0.359868248782919
chr5:173346700:A:C	5	173346700	-0.245992284879828	0.417152178672848	0.555395580553199
chr5:177122146:G:C	5	177122146	-0.741521675945835	0.895383787212061	0.407579489612222
chr6:1084246:G:A	6	1084246	-0.603654402603392	1.03486208902926	0.559678780063533
chr6:3041612:C:A	6	3041612	-0.257490906183347	0.322894342758071	0.425191865520801
chr6:3673174:A:G	6	3673174	-0.82821100960345	0.840069711062547	0.324190201259334
chr6:3786319:G:C	6	3786319	-0.00346191547314048	0.29458496965401	0.990623604008388
chr6:6090729:G:T	6	6090729	-0.731163494355964	0.567386179541872	0.197518999124811
chr6:6354181:A:T	6	6354181	-0.258930870119997	0.28136584902116	0.357434801150838
chr6:6456261:T:C	6	6456261	0.465755875804632	0.227303960473396	0.0404577870518185
chr6:7642514:C:G	6	7642514	0.0413474189297993	0.337618546522822	0.902528502957921
chr6:12212257:G:A	6	12212257	-1.78687446644598	1.18515131131479	0.131626608262095
chr6:21494280:T:C	6	21494280	-0.192114659402654	0.504661413652123	0.703440486938879
chr6:23163726:T:C	6	23163726	0.120652648519537	0.452090549805868	0.789563731605253
chr6:23344439:T:A	6	23344439	-0.0482621369965541	0.4311476648776	0.910871959979763
chr6:24077828:C:T	6	24077828	0.876482779736276	0.367243549914653	0.0170025485944058
chr6:26287827:G:A	6	26287827	-0.320375087085439	0.333543970245952	0.336794425594272
chr6:27261142:G:T	6	27261142	-1.87109863254468	1.16108832160085	0.107069886465455
chr6:31108549:A:G	6	31108549	-0.228472447354095	0.337236327843231	0.498098483809862
chr6:31845997:T:C	6	31845997	-0.144058228742064	0.527785510106464	0.78489285418946
chr6:32660000:G:C	6	32660000	0.242227938120109	0.322213614486525	0.452194222392428
chr6:33148933:A:G	6	33148933	0.0719802348052378	0.320698528604198	0.822408502777478
chr6:37400014:G:T	6	37400014	0.305836483413578	0.256847919436777	0.233759657425005
chr6:39124093:C:T	6	39124093	0.473701226669561	0.297854607336448	0.11174976847635
chr6:45195864:C:T	6	45195864	-0.0883815119925897	0.246301440800348	0.719718726802294
chr6:46738257:G:A	6	46738257	-0.501350100493472	0.492134282961677	0.308332958487353
chr6:47717919:C:A	6	47717919	0.242078315767483	0.268666106408256	0.367568225425816
chr6:48859012:C:A	6	48859012	0.0508236604522944	0.477533693659234	0.915241607978
chr6:49860743:T:G	6	49860743	0.766575776817277	0.303446741680042	0.011529449782495
chr6:53292416:C:G	6	53292416	-0.470396252406086	0.30370675327591	0.121417745113547
chr6:54457248:C:T	6	54457248	-0.168779694885609	0.591338819557871	0.775322685968753
chr6:57513520:G:A	6	57513520	-0.0221374624578956	0.377237822369261	0.953204567671762
chr6:67461006:G:C	6	67461006	0.768530797718272	0.345743436400668	0.0262268917271296
chr6:69504128:A:G	6	69504128	-0.20857729612493	0.351895290521869	0.553364903215226
chr6:81137001:T:C	6	81137001	-0.123689606581891	0.239446119411436	0.60545949794028
chr6:84758749:C:T	6	84758749	0.657591782467217	0.341410172212762	0.0540912853863762
chr6:86667874:G:T	6	86667874	0.613305253505334	0.296664212163395	0.0387022986661184
chr6:87387916:G:T	6	87387916	0.254122477419196	0.333684791125606	0.446319993745252
chr6:88566465:G:A	6	88566465	0.67367584927561	0.464022567555091	0.146552497318637
chr6:93273487:T:C	6	93273487	-0.365298898574683	0.355689293439721	0.30441252873147
chr6:97788153:C:A	6	97788153	-0.00107126947812071	0.332136956844878	0.997426519761108
chr6:98771646:C:T	6	98771646	0.467087948085934	0.304202412811046	0.124673044824157
chr6:104918249:A:G	6	104918249	-0.632824372516343	0.327690497479084	0.0534626685462452
chr6:107129138:A:G	6	107129138	0.230537234481511	0.28803349719138	0.42348868633057
chr6:112187089:T:C	6	112187089	0.44077109462047	0.274609983520324	0.108476118151336
chr6:118046853:T:C	6	118046853	0.116227851301992	0.197534802916093	0.55626936405262
chr6:121081137:A:G	6	121081137	-0.217355782872477	0.52102843954264	0.676556384734506
chr6:123103197:T:C	6	123103197	-0.765398468820844	0.811699078037853	0.34570217847089
chr6:127784009:G:A	6	127784009	-0.119154080509722	0.216992478697082	0.582925723656631
chr6:129527930:G:A	6	129527930	-0.140593163831467	0.357521834669015	0.694139589761642
chr6:137254996:T:C	6	137254996	0.118169424199269	0.242974660423061	0.626722832804972
chr6:138165202:C:G	6	138165202	-0.861509338654941	0.88692577365952	0.33137739218853
chr6:139464917:T:A	6	139464917	0.251869505414773	0.328114273368847	0.442708581260481
chr6:151547601:G:A	6	151547601	-0.573785374922822	0.379623596387765	0.130671631856651
chr6:152638179:C:T	6	152638179	-0.254612898457021	0.424692350765825	0.548824073263695
chr6:153842833:G:A	6	153842833	-0.0900186079947177	0.481373924192533	0.851657889792167
chr6:156754666:T:G	6	156754666	0.640454627668083	0.344352835260373	0.062902638524947
chr6:160701242:A:G	6	160701242	0.237581579474463	0.304882988119495	0.435829543008501
chr6:160909689:G:C	6	160909689	0.69763876184695	0.303937855005671	0.0217140151577433
chr6:162760256:C:T	6	162760256	0.131923663396676	0.337457512176239	0.695845915619394
chr6:163629327:G:A	6	163629327	0.14778620416979	0.231544202937726	0.523302193489297
chr6:167509019:C:T	6	167509019	-0.71676625334268	1.10632085765586	0.517060757151966
chr7:6986920:C:A	7	6986920	0.0531840237410136	0.515435601586442	0.917817990507934
chr7:7863676:G:A	7	7863676	0.438347732567829	0.333331164445324	0.188492509443504
chr7:8111839:A:G	7	8111839	0.286726598151295	0.260321071208663	0.270707615047441
chr7:9602661:C:A	7	9602661	-0.162989971077025	0.262081795299595	0.534004356819428
chr7:11334355:C:A	7	11334355	0.148637855459224	0.455854406171785	0.744375694057704
chr7:12476280:G:A	7	12476280	0.285561046604868	0.393166122664688	0.467647877294691
chr7:12972158:C:G	7	12972158	0.234126330585954	0.350498705018278	0.504145984674287
chr7:20850990:A:T	7	20850990	0.212995490561868	0.352059695214651	0.545180176347093
chr7:22822020:C:A	7	22822020	-0.256964701867272	0.290712697950955	0.37674323677476
chr7:24140802:T:C	7	24140802	0.341827023407165	0.256824225969577	0.183196725572731
chr7:24278575:A:G	7	24278575	0.419329332176718	0.27616757917754	0.128916802969952
chr7:24620726:T:A	7	24620726	0.0660283743886814	0.281211106625246	0.814363949653381
chr7:24740434:C:T	7	24740434	-0.377029190602498	0.295862060337162	0.202542548029821
chr7:28505993:C:T	7	28505993	0.776587065851082	0.33897600770738	0.0219646025491118
chr7:36413989:G:A	7	36413989	-0.0423325419768284	0.41663290177641	0.91906915128025
chr7:41157573:G:A	7	41157573	-0.191160298363219	0.687761521726295	0.781054108069189
chr7:43755241:C:T	7	43755241	0.091849650601514	0.322087910090503	0.775514280554561
chr7:44689517:A:G	7	44689517	-0.277279103516472	0.369467551618115	0.452963879912085
chr7:46192346:C:G	7	46192346	-0.121400199589079	0.240598677153214	0.613857016185099
chr7:46368666:G:A	7	46368666	0.258377691149506	0.299162668329444	0.38776943819563
chr7:47748540:G:T	7	47748540	-1.46561768608288	1.18406200734082	0.215794697222612
chr7:48301675:T:C	7	48301675	0.184231296616212	0.255160672924051	0.470281729402228
chr7:51890159:C:T	7	51890159	0.106485432277916	0.280650739282773	0.704373543960277
chr7:53046603:C:G	7	53046603	-0.0822903677785806	0.316361496562917	0.794775074818331
chr7:55663907:C:A	7	55663907	0.151060588114273	0.303925139886367	0.619166327860159
chr7:56122201:A:G	7	56122201	0.0882079028094603	0.297947856420615	0.767190769854063
chr7:62910214:G:T	7	62910214	0.463311460096313	0.25787855384786	0.0723949243468894
chr7:65406204:G:T	7	65406204	-0.437436502893476	0.620006387214253	0.480477061276043
chr7:67766433:G:A	7	67766433	0.02308361915348	0.312765710574542	0.941165686130599
chr7:68433432:T:C	7	68433432	0.20006605900578	0.296904414118367	0.500413065674312
chr7:71020152:T:G	7	71020152	-0.170475230720502	0.341132378869648	0.617262837663787
chr7:71553830:T:C	7	71553830	-0.456814069852668	0.384469616643316	0.234767664258826
chr7:78390279:T:G	7	78390279	0.276507198786829	0.329245691492805	0.401009177991826
chr7:83524616:A:T	7	83524616	-0.365827040265596	0.259997764081236	0.159415771734889
chr7:84786535:C:A	7	84786535	0.0680399584256379	0.342522772418006	0.84254154113855
chr7:86620755:G:A	7	86620755	0.273085597795188	0.329441849277374	0.407141672597174
chr7:89207269:G:A	7	89207269	-0.0557797900324735	0.299929493476235	0.852463314064947
chr7:91097147:A:G	7	91097147	0.40373643991529	0.284418328183294	0.155748561433528
chr7:103095283:G:A	7	103095283	0.193478292281216	0.530019667323476	0.71508167042109
chr7:113434486:A:C	7	113434486	-0.0130339892946656	0.285042516583414	0.963528262474938
chr7:113749820:G:A	7	113749820	-0.0276412388792545	0.305494610194094	0.927905561321667
chr7:117145973:C:G	7	117145973	-0.196140455225859	0.478935840401939	0.682147905320293
chr7:119808046:G:A	7	119808046	0.107655837891986	0.352539404271683	0.760082466839377
chr7:122582926:C:G	7	122582926	0.17813258459224	0.535143690496116	0.739233397130098
chr7:124802410:A:T	7	124802410	0.340996183033649	0.320703969165212	0.287657725232358
chr7:129047886:A:G	7	129047886	0.475935254702583	0.300433124167849	0.113156467660119
chr7:131384702:T:A	7	131384702	0.141793979576066	0.241909903602169	0.557778913966
chr7:136870573:G:A	7	136870573	-0.56884254808577	0.545749049807368	0.297265552125126
chr7:142873374:T:C	7	142873374	0.443845924542025	0.225244987301563	0.0487807508278755
chr7:143187070:C:T	7	143187070	-1.18532066585559	0.880818596455421	0.178398158008468
chr7:145116884:A:G	7	145116884	0.364866008175876	0.256902161428947	0.155534103743847
chr7:149242006:T:C	7	149242006	-0.00519686651999778	0.382275625510999	0.989153449586398
chr7:153502245:G:A	7	153502245	0.342017313780648	0.267336426919332	0.200773232284931
chr7:153952270:G:A	7	153952270	0.082962870960307	0.313189305036218	0.791088898937513
chr7:154426289:T:C	7	154426289	-0.778438952417574	0.667480793991731	0.243519754924411
chr7:156975524:A:T	7	156975524	0.107758019161407	0.417644832562525	0.796396462239189
chr7:157677820:C:T	7	157677820	-0.407951665548999	0.594412501644349	0.492517197218747
chr8:276778:A:T	8	276778	0.141151861043334	0.28416088315291	0.619377911298498
chr8:1102873:G:T	8	1102873	0.00749127620808713	0.392987338837329	0.98479133787763
chr8:8710521:T:C	8	8710521	-0.0418533805417962	0.46254465327935	0.927901765921883
chr8:9029509:T:C	8	9029509	-0.739598431198779	0.702357346279424	0.292330456578801
chr8:9109096:A:G	8	9109096	-0.139344443022686	0.241553336215341	0.564028480624748
chr8:9827297:A:G	8	9827297	0.395568072007752	0.344747465027409	0.25121055279377
chr8:10675470:T:G	8	10675470	-0.919010379612634	0.911759824013981	0.313477378997629
chr8:13032868:C:A	8	13032868	0.226901849608417	0.233677189287287	0.331545510788489
chr8:14391498:A:G	8	14391498	-1.33442127475373	0.801133795988698	0.0957799701406477
chr8:16627132:C:G	8	16627132	0.741515082940711	0.425727649901264	0.0815505755442364
chr8:17129593:A:G	8	17129593	-0.329161133574961	0.681730867411643	0.629215386493521
chr8:20741226:C:T	8	20741226	0.18324332398486	0.311964875247677	0.556945519222304
chr8:23115837:G:A	8	23115837	-0.218211810596115	0.558253358425373	0.695883636790459
chr8:25783762:T:C	8	25783762	-0.22095771857855	0.252794945377036	0.382086077845386
chr8:27010051:G:C	8	27010051	0.578343853459624	0.352561066463686	0.100920445850146
chr8:27022227:G:T	8	27022227	-0.0878437055562396	0.427974308762242	0.837373194527893
chr8:28150898:A:G	8	28150898	0.704772345419978	0.345773986250492	0.0415253658804972
chr8:28528484:G:T	8	28528484	0.0187798889503751	0.327907523164714	0.954328599113122
chr8:37085597:G:A	8	37085597	-0.188400726974864	0.540323299131701	0.727328450421312
chr8:41788192:C:T	8	41788192	0.626897744799985	0.259284203697471	0.0156145908579883
chr8:42055528:T:G	8	42055528	-0.445223910723393	0.686039630883651	0.51635327172025
chr8:50763512:C:T	8	50763512	-0.916427169270885	1.22557011869232	0.454607464681211
chr8:51570259:T:G	8	51570259	-0.549588195561247	0.959717631894379	0.566877539267929
chr8:53142705:G:A	8	53142705	0.491223892365231	0.271835638792603	0.0707525902227557
chr8:61304314:G:C	8	61304314	0.224416721416095	0.251560066155188	0.372339363882147
chr8:61926940:A:T	8	61926940	0.0884850094232603	0.334990906687643	0.791670866378645
chr8:63445672:G:A	8	63445672	-0.0001178647878239	0.278577387636566	0.999662418789769
chr8:65343369:C:A	8	65343369	0.293600636027453	0.337598934322924	0.384479199461572
chr8:65418628:G:T	8	65418628	0.165586886559445	0.296997874998501	0.577161547234159
chr8:71273350:T:A	8	71273350	0.0509780137140971	0.280004399941713	0.855534482861722
chr8:72033005:T:C	8	72033005	-0.766174478480066	0.570268864840711	0.179099765819729
chr8:72065200:T:A	8	72065200	0.180559051936947	0.287521417201993	0.53001396060052
chr8:73211475:T:C	8	73211475	0.834251648967405	0.328244025431283	0.0110359230172538
chr8:75992459:A:G	8	75992459	-0.00305576394215598	0.752671215334458	0.996760683651289
chr8:78402394:T:A	8	78402394	-0.269438916898372	0.588614459319718	0.647131270310266
chr8:79795588:T:G	8	79795588	-0.171349883654758	0.408051030733287	0.674541936590943
chr8:86323708:T:C	8	86323708	0.71287926687357	0.278378990234979	0.0104424601301322
chr8:89525432:A:G	8	89525432	0.302638622469105	0.23006209680424	0.188353692714426
chr8:92001032:A:G	8	92001032	0.055507563287663	0.298745743532923	0.852600018621023
chr8:92645879:A:G	8	92645879	-0.129845799687984	0.495303023641051	0.793202512466616
chr8:95906161:G:A	8	95906161	-0.494723752245269	0.308871904627312	0.109219370401596
chr8:96365126:C:T	8	96365126	-0.264181054833936	0.303195057108021	0.383577404944787
chr8:98002322:C:T	8	98002322	-0.132182143649088	0.307735292271077	0.667536139525653
chr8:98018653:A:G	8	98018653	-0.69384628882627	1.00769542856748	0.49110799345695
chr8:106920372:G:A	8	106920372	0.659930381444569	0.311810828435505	0.0343070020658565
chr8:108142424:A:G	8	108142424	0.375366700513914	0.286766013104767	0.19054617588024
chr8:109421925:C:T	8	109421925	-0.29640089631007	0.417007707675909	0.477220341493228
chr8:116252872:C:T	8	116252872	0.014497152673673	0.269712572064731	0.957134045021078
chr8:119015250:G:A	8	119015250	-0.0764152055368689	0.442508936307802	0.862898058126843
chr8:121384602:C:T	8	121384602	0.0699404122497514	0.255165461918029	0.784009101555328
chr8:127029052:C:T	8	127029052	-0.733136018654319	0.467443101884258	0.116788680462897
chr8:128437247:A:G	8	128437247	0.0386034306376538	0.269113063175998	0.885937256904227
chr8:131111695:G:T	8	131111695	0.456262948544762	0.279381428138557	0.102444099236873
chr8:131315237:G:A	8	131315237	0.253806283072087	0.360263405852162	0.481120216874236
chr8:135895676:A:T	8	135895676	-0.0405973749424148	0.658449254894501	0.950836746697657
chr8:138585221:A:T	8	138585221	0.870360230430334	0.365836255378818	0.0173550707067754
chr8:141605122:C:T	8	141605122	-0.0913931621902458	0.280895758598625	0.744906151744587
chr9:733358:A:C	9	733358	-0.164054772625226	0.447056938291908	0.713644252313992
chr9:5461379:C:T	9	5461379	-0.965373962972158	0.497384850867529	0.0522704797513188
chr9:11397008:T:G	9	11397008	-0.107407175438039	0.517509499688315	0.83558324729713
chr9:11955148:T:G	9	11955148	0.548306991956152	0.24367794871521	0.0244407126422368
chr9:12389360:A:G	9	12389360	0.280963942628496	0.275878394575923	0.308471741332853
chr9:12615226:G:C	9	12615226	0.246374116776345	0.213567849485811	0.248659885590586
chr9:13582959:T:A	9	13582959	-0.116175496884338	0.516042089365943	0.821879739289463
chr9:13820455:C:G	9	13820455	0.594495288304704	0.288982355882076	0.0396667301058433
chr9:14098421:G:A	9	14098421	-0.608830882669254	0.435816258616199	0.162416628274702
chr9:18952915:A:G	9	18952915	-0.277517749756174	0.326925171543643	0.395952307065367
chr9:29651949:A:G	9	29651949	-0.000834357903107175	0.207394424488186	0.996790080085587
chr9:32058643:A:T	9	32058643	-0.506647491791943	0.471230969820713	0.282304238230588
chr9:37013405:C:T	9	37013405	-0.27344544274851	0.260120342534279	0.293154494653235
chr9:37992585:C:T	9	37992585	0.19613553303123	0.239326712873508	0.412483826019679
chr9:73616570:C:T	9	73616570	0.292867564800104	0.570606109278101	0.607771577016596
chr9:76464251:C:G	9	76464251	0.039743339314353	0.51576141462787	0.938577719058106
chr9:79067117:C:T	9	79067117	0.474144665349714	0.336813038638292	0.159208531546659
chr9:82773489:T:C	9	82773489	-0.360083519139341	0.464311262142353	0.438031371890819
chr9:89995415:A:G	9	89995415	-0.349935937471029	0.495563734951647	0.480102883430928
chr9:91844381:C:T	9	91844381	-0.829660293320647	0.952598954034109	0.383784759302511
chr9:94568472:C:A	9	94568472	-0.761014484185737	0.379535607682088	0.0449502067428313
chr9:96162075:C:T	9	96162075	0.453039765640531	0.339160052185627	0.18162451665761
chr9:97240484:A:G	9	97240484	-0.887031966052854	1.22536324737678	0.469131383295622
chr9:100192956:A:G	9	100192956	0.144424885289674	0.406436892086241	0.722331943580205
chr9:100529836:G:C	9	100529836	-0.0514204180108577	0.340962312748939	0.880125848374256
chr9:101460357:C:T	9	101460357	0.63336799709363	0.269945270792109	0.0189617045597593
chr9:103293239:C:G	9	103293239	0.704891393582121	0.351091698027973	0.0446737901349279
chr9:106822394:G:C	9	106822394	-0.00852670605386939	0.406655741919044	0.983271283469585
chr9:107904127:G:A	9	107904127	0.619863573789363	0.315837103305491	0.0496920540792364
chr9:117420412:T:C	9	117420412	-0.584071097040879	0.318285679904065	0.0664978344423104
chr9:117972207:C:A	9	117972207	0.0299084355207728	0.352366766229687	0.932357820010212
chr9:118511323:G:A	9	118511323	-1.03077202626681	0.827087634568969	0.212666388235717
chr9:121356498:A:G	9	121356498	-0.38565271358349	0.634892585169761	0.543565677754718
chr9:124044726:T:G	9	124044726	-0.34823347587423	0.236000409556013	0.140061240000937
chr9:125005426:C:T	9	125005426	0.664558306948961	0.270460289730215	0.0140048802660557
chr9:129533341:A:G	9	129533341	0.102971201779347	0.258537905645249	0.690421735287994
chr9:136630984:C:T	9	136630984	-0.278861550497233	0.556850073043561	0.616523218654145
chr10:2050300:A:G	10	2050300	-0.19277082330091	0.346718386061957	0.578219923224812
chr10:3113976:C:T	10	3113976	-0.257819189722407	0.315151520654987	0.41331144712453
chr10:4591592:T:C	10	4591592	-0.190515822383357	0.493694611828011	0.699572123276155
chr10:7462546:C:T	10	7462546	-0.0760540345196087	0.287426573359047	0.791315038286851
chr10:7849544:T:G	10	7849544	-0.273878695603143	0.336476366275907	0.415667198005558
chr10:9367893:G:A	10	9367893	-0.370821195783671	0.440565503489463	0.399959442002817
chr10:10628189:C:T	10	10628189	-0.124841680953751	0.399277823961636	0.754532372530323
chr10:14014383:T:C	10	14014383	-0.264112714940277	0.221646903635395	0.233421196572901
chr10:16341555:C:T	10	16341555	0.369445316784832	0.287055506769871	0.198088363318704
chr10:18075702:C:T	10	18075702	-0.0988006336897364	0.473243640789107	0.834625220333917
chr10:20923823:C:G	10	20923823	-0.920583433087235	0.583566164095044	0.114677445432022
chr10:26220185:A:C	10	26220185	-0.0302958801120548	0.872992474735457	0.972316183016004
chr10:27289376:T:C	10	27289376	0.0268204546496431	0.23636179844179	0.9096563314126
chr10:27674317:A:G	10	27674317	0.0767417220251026	0.302997150875291	0.800055410978276
chr10:28771902:G:A	10	28771902	0.416568582946031	0.321265983191845	0.19475266272402
chr10:28891836:C:T	10	28891836	-0.317771053356791	0.307335524190712	0.301157274806101
chr10:30622484:G:A	10	30622484	0.612041544308702	0.352839854710744	0.082808900399256
chr10:35177843:G:T	10	35177843	0.458987186816997	0.289415931905504	0.11276006706878
chr10:43613180:G:A	10	43613180	0.270674906705074	0.276556814524112	0.327712590625961
chr10:44139011:T:C	10	44139011	-1.09525105611678	0.674216548002698	0.104273481926972
chr10:45036473:A:G	10	45036473	-0.0782783953279892	0.323231591549733	0.808645081895921
chr10:51560095:T:G	10	51560095	0.439898800168826	0.320368527061246	0.169720508491356
chr10:54072488:A:G	10	54072488	0.156611719121866	0.22477893890463	0.485967634119334
chr10:54082016:C:T	10	54082016	0.447368642934634	0.255128525819318	0.0795156999661538
chr10:55299918:G:C	10	55299918	-0.142271497913592	0.599388433195846	0.812376665057313
chr10:56747004:T:C	10	56747004	0.294402271487226	0.331399809581771	0.374347237334077
chr10:57761967:T:C	10	57761967	-0.509156296194855	0.582965465152381	0.382450456957822
chr10:61894829:G:A	10	61894829	0.715684688084924	0.359955183762368	0.0467828825090106
chr10:62473064:C:G	10	62473064	0.642261772987309	0.36899605360578	0.0817597825434137
chr10:65713195:A:G	10	65713195	0.599825257207183	0.403973239486174	0.137593013326316
chr10:69232402:C:A	10	69232402	0.118451304691589	0.44543957255812	0.79030079827665
chr10:79437519:C:T	10	79437519	0.609726152255745	0.331323964777477	0.0657283419296874
chr10:81546102:G:A	10	81546102	-1.15649624261268	0.83652722957983	0.166819203323768
chr10:82354363:C:G	10	82354363	-0.608080344660015	0.947943955639198	0.521215491820542
chr10:84591955:C:T	10	84591955	-0.220140786812124	0.478456352596565	0.645439915228662
chr10:84989741:G:A	10	84989741	-0.00218296782740162	0.372369576619707	0.99532253315247
chr10:86779196:C:A	10	86779196	-0.725511321690796	0.58032200200836	0.211231056411826
chr10:91053424:A:C	10	91053424	0.2207692975706	0.319094165801129	0.489023662145394
chr10:93612452:G:A	10	93612452	-0.252286461358712	0.480358513553377	0.599441024820082
chr10:93671121:T:C	10	93671121	-0.334253021962871	0.37652841064562	0.374689639800068
chr10:101249704:C:T	10	101249704	0.660507990972016	0.279317179343044	0.0180435202476871
chr10:102352980:T:C	10	102352980	-0.208913729065606	0.25132862643693	0.405839586674099
chr10:104637359:T:C	10	104637359	-0.122670475065427	0.392368743305787	0.754553582254682
chr10:108480456:T:C	10	108480456	-0.0212796594114898	0.288579033130462	0.941217707034052
chr10:109264424:C:T	10	109264424	0.0794947254902434	0.366700689154538	0.828376929653008
chr10:111352001:T:G	10	111352001	-1.36341748805646	0.779879485065704	0.0804222610510692
chr10:118828443:C:T	10	118828443	-0.834017525643667	0.502617874116628	0.0970458638693832
chr10:120152982:A:G	10	120152982	0.319541267726267	0.443602779955274	0.471320620581807
chr10:121580593:A:G	10	121580593	0.524928886027009	0.315950284616242	0.0966273679184741
chr10:121611573:C:G	10	121611573	0.166894588075406	0.278540472642385	0.549055951843027
chr10:121734173:T:C	10	121734173	0.136227821998908	0.262670128083974	0.604020872997347
chr10:121910644:T:A	10	121910644	-0.243815143210844	0.518781942208321	0.638372052733267
chr10:122561189:A:G	10	122561189	-0.42603173880341	0.332190126559456	0.199669519579304
chr10:123750431:C:G	10	123750431	-0.287849663373915	0.261373293451385	0.270767350820717
chr10:127533155:T:C	10	127533155	0.200696889076123	0.337642672491288	0.552240480161642
chr10:129953349:A:G	10	129953349	0.566717416997903	0.273668716567576	0.0383760422377519
chr10:130263340:C:T	10	130263340	-0.489405815671668	0.809744426721581	0.545580785953208
chr10:130662147:G:T	10	130662147	-0.726917610373829	0.722152966486991	0.314128076772114
chr10:131485315:A:G	10	131485315	-0.706232335394872	0.870484237969661	0.417187821587382
chr10:131819683:A:G	10	131819683	0.0105594653434131	0.260351338115342	0.96764785197901
chr10:131953941:A:C	10	131953941	-0.0115871030475247	0.331048028599371	0.972078724290199
chr11:388357:C:T	11	388357	0.113966300307115	0.267208820628791	0.669738808692184
chr11:2257707:C:T	11	2257707	-0.148025494546363	0.359550968834047	0.680562667239206
chr11:3623903:G:A	11	3623903	-0.0522544130467427	0.270747040215455	0.84695829039666
chr11:5806222:C:T	11	5806222	-0.676054602170552	0.506626970846707	0.182065318245817
chr11:9789492:C:A	11	9789492	0.329004292678402	0.254688024881967	0.196428724631924
chr11:14569664:T:G	11	14569664	0.61324836685327	0.301072539768159	0.0416621580215981
chr11:21819583:A:G	11	21819583	-1.02245808992899	1.20579222340546	0.396462780580538
chr11:36019710:C:A	11	36019710	0.0259080858473963	0.193574624948728	0.893528859188927
chr11:39635569:C:T	11	39635569	0.564352725906901	0.268545353770101	0.0355955747299659
chr11:40512905:C:G	11	40512905	-0.714329184693632	0.569894666327807	0.210045357658981
chr11:41632790:A:T	11	41632790	0.602413045659103	0.340483374742217	0.0768458756711818
chr11:42744986:A:G	11	42744986	-0.0182589655684115	0.332570570279699	0.956216116616316
chr11:43201079:C:T	11	43201079	-0.0429089358218224	0.371629429894686	0.908079240188649
chr11:43982585:G:A	11	43982585	-0.36388602922601	0.517829596865375	0.482234095170759
chr11:44330300:A:G	11	44330300	0.111448604511672	0.321780426228259	0.7290798042211
chr11:49875094:A:G	11	49875094	-0.145253570562834	0.284150128244731	0.609220813236691
chr11:50253126:G:T	11	50253126	-0.376715289071103	0.363028045145978	0.299408351007771
chr11:55906271:G:A	11	55906271	-0.0803101418551478	0.407499424864098	0.843764636132085
chr11:56124264:C:A	11	56124264	-0.664047752420788	0.607840157441756	0.274626124791884
chr11:57305789:G:A	11	57305789	-0.406884589783902	0.351901311435889	0.247580425944176
chr11:58998793:A:C	11	58998793	-0.811677345775386	0.38940066916115	0.0371213259901547
chr11:60456695:C:T	11	60456695	-1.31155018915753	1.02268032142641	0.199680099429019
chr11:62505064:A:G	11	62505064	-0.221789492340285	0.579818072627895	0.702078915967594
chr11:63184971:C:T	11	63184971	-0.235793285723977	0.241045686120302	0.327970502156151
chr11:70801858:T:C	11	70801858	0.491769137161296	0.301842430705368	0.103265464461184
chr11:71334794:T:G	11	71334794	-0.38334537851258	0.536655289552056	0.475027286431744
chr11:72713691:C:T	11	72713691	0.370661641612586	0.253540805398148	0.143757439991389
chr11:77208574:G:A	11	77208574	-0.515571008792181	0.209977131499761	0.0140740654941399
chr11:77376654:A:G	11	77376654	0.109579416321869	0.241488659286782	0.649997038928672
chr11:77897055:A:G	11	77897055	0.0851119643817069	0.413841022911465	0.83705382622401
chr11:79339250:G:A	11	79339250	0.496716796970463	0.268463843514143	0.0642820490518224
chr11:81783030:C:T	11	81783030	-0.39019542257645	0.218695461441837	0.0743919297262691
chr11:83962252:C:T	11	83962252	-0.147856603859582	0.351842827903116	0.674313927653806
chr11:86328783:G:T	11	86328783	0.0822754168421935	0.297797345800421	0.782333103321844
chr11:86644523:C:T	11	86644523	0.24138087532459	0.323745840047189	0.455916591758915
chr11:93046218:A:C	11	93046218	-0.571656634995164	0.415257650266201	0.168626301406468
chr11:99371984:G:C	11	99371984	0.208501722422274	0.321391248713123	0.516501690522992
chr11:100626548:G:A	11	100626548	0.6349131479436	0.345941028648578	0.0664580072025098
chr11:104129521:G:A	11	104129521	-0.389297170982964	0.641216112670362	0.543769162268415
chr11:108728662:A:G	11	108728662	-0.188700432791343	0.522690407396653	0.718086295393569
chr11:110338613:G:A	11	110338613	0.627131446776852	0.333952084413593	0.0603936879492072
chr11:110396347:G:A	11	110396347	-0.247964956288564	0.441458077358861	0.574323592225304
chr11:113800784:C:T	11	113800784	-0.873561656785348	0.710150183701184	0.218656540989374
chr11:115616504:A:T	11	115616504	0.241532363190312	0.353904278253027	0.494935893391067
chr11:119630310:G:A	11	119630310	-0.314130778739801	0.302171306817272	0.298535793253568
chr11:123267436:G:A	11	123267436	-0.151339640464914	0.368639574327466	0.681413150615112
chr11:125907492:T:C	11	125907492	-0.314916019892689	0.328759540410572	0.338117395458133
chr11:126829359:G:A	11	126829359	-0.646659711837515	0.65928233736227	0.326664748858557
chr11:130038952:T:C	11	130038952	0.654991286537514	0.382771865461397	0.0870480217425222
chr11:130290657:C:T	11	130290657	-0.583238330538137	0.575257481326313	0.310643105687521
chr11:131355535:G:A	11	131355535	-0.445221063269861	0.413330925640753	0.281411468213336
chr11:133238417:A:G	11	133238417	-0.0339866579914292	0.216908891225735	0.875492061514344
chr11:133409278:A:G	11	133409278	-0.269035432139352	0.551818281801681	0.625873203738826
chr11:134309503:C:T	11	134309503	-1.05484543249388	0.910372921906358	0.246580135594342
chr12:5192681:C:T	12	5192681	-0.365912915333921	0.351268043672953	0.297554757473299
chr12:5448727:G:A	12	5448727	-0.215814823902634	0.380497737519407	0.570584544037413
chr12:6639294:C:T	12	6639294	-0.0624598169662511	0.433880984490518	0.885535130906892
chr12:19523028:C:A	12	19523028	-0.396972412453939	0.321253754015818	0.216571083029677
chr12:19758400:A:T	12	19758400	0.315206337099458	0.327201397041264	0.335376706257426
chr12:20003679:T:A	12	20003679	-0.0906249448562424	0.333195704198774	0.785631911653697
chr12:21333090:G:A	12	21333090	-0.19070303127593	0.337817153070366	0.572403329920663
chr12:25518059:A:T	12	25518059	-0.899664385962054	0.647489735073292	0.16469136799357
chr12:28965843:C:T	12	28965843	-0.202875803996733	0.326074176503617	0.533825586572706
chr12:32086665:A:C	12	32086665	0.463249206595154	0.357779595383303	0.195392909929073
chr12:44631613:C:T	12	44631613	0.486343653839712	0.278159472404118	0.0803887960129255
chr12:48567461:T:G	12	48567461	0.082717037680202	0.420793695684546	0.844161034383218
chr12:51039498:T:C	12	51039498	-0.000224147184144897	0.664407996616973	0.999730822664545
chr12:52880890:G:T	12	52880890	0.541085353584617	0.366552238364959	0.139904165504403
chr12:53646626:C:G	12	53646626	0.475142243207768	0.313328943656426	0.129409986101602
chr12:53680144:C:A	12	53680144	0.211946326979449	0.238193797643371	0.373569936519017
chr12:54366280:G:A	12	54366280	-0.0571435899895572	0.197706782711765	0.772556877383254
chr12:55599330:T:C	12	55599330	-0.127891465503146	0.38063590706386	0.736875223540172
chr12:56675083:C:T	12	56675083	-0.0726175954224972	0.331531175055214	0.826621222314885
chr12:57436134:C:T	12	57436134	-0.514954580619356	0.421897876775453	0.222250047824698
chr12:58724212:C:T	12	58724212	-0.0107398537368578	0.327609368779962	0.973848034650769
chr12:59048769:A:C	12	59048769	-0.546745240080647	0.633691785813318	0.388250938715304
chr12:59161225:G:A	12	59161225	-0.0427461282892374	0.541801630952075	0.937115129329895
chr12:59226687:C:T	12	59226687	-0.304369835125156	0.343954158034676	0.376203039627986
chr12:63113400:T:C	12	63113400	-0.421823079114817	0.582079277784534	0.468646398207564
chr12:64271340:C:T	12	64271340	-0.927990555465292	0.656301179732352	0.157370542707218
chr12:64756705:C:T	12	64756705	-0.360523453807711	0.32184358312445	0.262636126541344
chr12:67050802:C:T	12	67050802	-1.01196152738658	0.674566691938717	0.133571595623185
chr12:71564908:A:G	12	71564908	-0.36890905814062	0.811030207624234	0.649206539092148
chr12:73909094:G:A	12	73909094	-0.0327699526449441	0.331350473138981	0.921219128567336
chr12:81126959:G:A	12	81126959	-0.491623378718307	0.353850534718162	0.164725368840672
chr12:83608380:A:G	12	83608380	-0.369531835559654	0.239706917185714	0.123171178546354
chr12:90727178:A:C	12	90727178	0.305925333056512	0.253244137722921	0.227037519309966
chr12:92596791:C:T	12	92596791	-0.218574769756863	0.308508415305943	0.478641739183293
chr12:95914573:A:T	12	95914573	-0.574884917363254	0.548414155966642	0.294515226792625
chr12:101611098:G:C	12	101611098	0.169047621570242	0.30019937688616	0.573354651269868
chr12:105967464:T:C	12	105967464	-0.194018561625813	0.246657350722091	0.431521069598357
chr12:109533295:C:T	12	109533295	-0.0509655774500673	0.290497045591189	0.860731814290253
chr12:112209515:G:A	12	112209515	-0.397927598664623	0.447881126267075	0.374289601599541
chr12:120976632:C:A	12	120976632	-0.290398981925532	0.59955124354676	0.628129996737277
chr12:125875525:T:C	12	125875525	-0.505908012996621	0.351193214592405	0.149714569285693
chr12:126449337:A:G	12	126449337	0.483460809725441	0.278201521869997	0.0822446636189086
chr12:131091094:G:A	12	131091094	-0.0658234850049737	0.299466416469531	0.826024925718018
chr12:132776953:G:A	12	132776953	-0.27099328071297	0.468709218601907	0.563149823569897
chr13:19545220:A:G	13	19545220	0.184861251279452	0.260916084602881	0.478629565180429
chr13:22977365:T:G	13	22977365	-0.0541921156905322	0.368393550228851	0.88305003793166
chr13:24330599:T:C	13	24330599	0.0466071991660037	0.342372933456322	0.891718576971078
chr13:24623185:A:C	13	24623185	0.439173792586147	0.284586414425161	0.122782225063852
chr13:25202506:T:G	13	25202506	-1.33169368959113	0.89047662280863	0.13478812926141
chr13:26234118:A:T	13	26234118	0.275411870517386	0.326356978012059	0.398726629391889
chr13:26494236:G:A	13	26494236	0.426309344052553	0.38170678771197	0.264058333731067
chr13:27255876:A:G	13	27255876	-0.0532136038054375	0.614719844266988	0.931016795372419
chr13:42909938:A:G	13	42909938	-0.22868705758541	0.249766170699203	0.359874311974078
chr13:45470952:C:T	13	45470952	-0.663123554266925	0.649681175548794	0.307400987160739
chr13:45708351:G:A	13	45708351	0.226611325608037	0.364701617311924	0.534362191395593
chr13:45809177:C:G	13	45809177	0.0238983424972329	0.372813220028958	0.948888433831718
chr13:50558767:A:T	13	50558767	0.346910604631931	0.419632649942698	0.408406725619827
chr13:58710908:G:A	13	58710908	0.555518527522831	0.312637511161578	0.0755884137757351
chr13:58934154:C:T	13	58934154	0.404097246180126	0.280363718980802	0.149490864308023
chr13:70397215:T:C	13	70397215	-0.874333451709558	0.48408175078776	0.0708919455753928
chr13:70990050:T:C	13	70990050	0.510410843285218	0.328832080327005	0.1206160577778
chr13:75832713:T:C	13	75832713	-0.558675981374455	0.543597775665059	0.304073182360173
chr13:86776101:G:A	13	86776101	0.0821367572815677	0.377497828097976	0.827754759125102
chr13:91472230:T:C	13	91472230	0.112928238149126	0.226732885211459	0.618436600860313
chr13:93235990:C:T	13	93235990	0.300205420902559	0.26044499765265	0.249048562586206
chr13:96765286:G:A	13	96765286	-0.396011907428725	0.447905621332895	0.376619881844738
chr13:102180181:A:G	13	102180181	-0.381732247108684	0.431232036515721	0.376041709185002
chr13:104405113:C:T	13	104405113	-0.183671052161234	0.547369630487897	0.737208618276374
chr13:106009559:G:C	13	106009559	0.26172442583028	0.251397068026	0.297838483214996
chr13:106084136:A:G	13	106084136	-0.547886944071444	0.414297372026054	0.186018843034832
chr13:112716578:T:C	13	112716578	-0.523724996291389	0.490391316555069	0.285532405345895
chr14:21167555:A:G	14	21167555	0.704069862812144	0.30112723801992	0.0193813262288081
chr14:26929954:A:G	14	26929954	0.129786065091398	0.242408309729857	0.592371419053815
chr14:27823594:G:A	14	27823594	0.354840013311454	0.354675680951484	0.317086334566162
chr14:34182794:A:C	14	34182794	-0.495546132638295	0.625072848531792	0.427905190733151
chr14:38216062:T:A	14	38216062	-0.00760839657024525	0.369831890104342	0.983586612910374
chr14:38962987:G:A	14	38962987	-0.525665756671179	0.58541390113792	0.369218268170246
chr14:39925237:C:T	14	39925237	0.514488986753403	0.267743250459782	0.0546591391161563
chr14:44446011:A:G	14	44446011	-0.491927773434412	0.464122338799175	0.289185677844751
chr14:48685878:C:A	14	48685878	-0.624249103227049	0.851376066860836	0.463422007353158
chr14:51426205:T:C	14	51426205	-0.552043255426629	0.548402992727358	0.314108798291453
chr14:52881822:T:G	14	52881822	0.560291473976231	0.23680764973342	0.0179805061676992
chr14:53358297:A:G	14	53358297	0.561507032065735	0.318503322111717	0.0779080754764089
chr14:56254615:G:A	14	56254615	0.233340061197738	0.36153805066208	0.518661904753078
chr14:57978070:T:C	14	57978070	-0.349155740140722	0.377132205567405	0.354540632033284
chr14:62445185:T:C	14	62445185	-0.242638249079636	0.356274139145445	0.495843855178247
chr14:67518615:G:A	14	67518615	0.179574766156298	0.291540710007268	0.537926918368585
chr14:68863518:T:G	14	68863518	0.301965749056874	0.29304179153646	0.302797475219567
chr14:77734277:G:A	14	77734277	-0.386276701846414	0.569321388249245	0.497463474574342
chr14:81022028:G:A	14	81022028	0.461221049920603	0.271917729533346	0.0898520506777939
chr14:81884763:T:G	14	81884763	0.424271446161169	0.31459182163047	0.177452287134452
chr14:82929256:T:A	14	82929256	-0.0896797064982789	0.43614028580811	0.837086784714071
chr14:84531019:T:G	14	84531019	0.194730003072641	0.246016122144605	0.428632733318978
chr14:90804831:C:G	14	90804831	-0.078266762856898	0.347370106541552	0.821736320001455
chr14:91397629:G:T	14	91397629	0.052079370243098	0.41665916731189	0.900529299283771
chr14:91961156:T:C	14	91961156	0.0344978224312393	0.168129663384428	0.837426949689464
chr14:92998270:C:G	14	92998270	-0.862826637050532	0.704544940151721	0.220704083708164
chr14:93757265:G:A	14	93757265	0.512273511796145	0.273794022679691	0.0613426028023816
chr14:93769225:C:T	14	93769225	0.0283990730886945	0.704645536956727	0.96785185169418
chr14:98340169:A:G	14	98340169	-0.150151401192414	0.299328410763574	0.615929480210626
chr14:100721312:C:T	14	100721312	0.561109586811024	0.291155001394351	0.0539565634777575
chr14:102093442:A:G	14	102093442	0.545973403451991	0.291359718655896	0.0609468465381611
chr15:24165057:A:G	15	24165057	0.464660981708303	0.243932969826959	0.0567967663278126
chr15:26353849:A:G	15	26353849	0.118007115910852	0.245307808530331	0.630475763615373
chr15:28182824:G:A	15	28182824	-1.18783425400793	0.922190722595167	0.197726107661501
chr15:33665926:A:G	15	33665926	0.316147529204857	0.379794385042569	0.405173273019969
chr15:34880184:A:T	15	34880184	-0.210551584801906	0.269452072272049	0.434563484067224
chr15:37080410:C:T	15	37080410	-0.0241659778824022	0.235288191465257	0.918194729834774
chr15:37762539:C:G	15	37762539	0.551609235565515	0.361309894686783	0.126837404322256
chr15:52558833:C:G	15	52558833	-0.224226975456088	0.620391154334514	0.717779228934208
chr15:55712443:A:G	15	55712443	-0.464569143132107	0.487366577911256	0.340476979319949
chr15:57522102:A:T	15	57522102	0.207694603195761	0.267362234517432	0.437259960618655
chr15:57590535:T:C	15	57590535	0.561952495158775	0.298355475049968	0.0596326589424928
chr15:69786285:T:C	15	69786285	0.112228741668169	0.281815780551155	0.690457402074906
chr15:71331250:T:C	15	71331250	0.682884666663315	0.335093854582181	0.0415608598635051
chr15:74245092:G:C	15	74245092	-0.0271250430693643	0.434809986936311	0.950257298473603
chr15:76807237:T:C	15	76807237	-0.0285263542272909	0.522897578167289	0.95649348248824
chr15:77734259:G:A	15	77734259	0.167871542694563	0.399728088118731	0.674511504446737
chr15:79750604:G:T	15	79750604	-0.103642494764889	0.424968087104626	0.807321430679953
chr15:81697597:G:A	15	81697597	0.299959175117133	0.255784051857073	0.240914221977786
chr15:87989871:C:T	15	87989871	0.292140487129139	0.285489956651033	0.306168317666944
chr15:88891382:T:C	15	88891382	-0.18705563615621	0.264021004033575	0.47864244251156
chr15:89804552:C:T	15	89804552	-0.912961402477053	1.09097189819663	0.402686385495389
chr15:94791129:A:G	15	94791129	-0.907411904244663	0.708373070943672	0.200200607862829
chr15:97043895:A:G	15	97043895	0.749292463214838	0.375523577905461	0.0460071895108245
chr15:98725394:C:T	15	98725394	-2.45255726602785	1.33924055275792	0.0670551046730794
chr15:100978492:T:G	15	100978492	0.813485690039286	0.329765896629923	0.0136304341542227
chr16:2671727:C:T	16	2671727	-1.0851026120202	0.704110499691813	0.123293168402782
chr16:4957642:T:C	16	4957642	-0.026883589334829	0.273648570879438	0.921740694238993
chr16:5884026:G:T	16	5884026	-0.408045870594696	0.420864171468662	0.332274385037946
chr16:6848656:G:A	16	6848656	-0.735263613687217	0.464157375548966	0.113174927664646
chr16:7909855:G:A	16	7909855	-0.022380734023647	0.212613211299024	0.916165518409972
chr16:8273542:C:G	16	8273542	-0.259713759794452	0.395698520724849	0.511603772401606
chr16:12394716:C:T	16	12394716	-0.0866563773612642	0.332693031873471	0.794501662917609
chr16:13985277:C:A	16	13985277	-1.03960314758748	1.13779021802538	0.360872552127383
chr16:17779668:G:A	16	17779668	0.993012784486018	0.41789739419967	0.0174914120575133
chr16:29740733:G:C	16	29740733	-0.0335453242863385	0.491119390950927	0.945543793348562
chr16:31127124:G:A	16	31127124	0.0754986858909355	0.233595331921575	0.746541593909386
chr16:56688556:C:T	16	56688556	-0.225047769180017	0.451697827653588	0.618324497701375
chr16:60324635:A:C	16	60324635	0.194726387012099	0.408959037370601	0.633966574810239
chr16:60499572:C:T	16	60499572	0.123027762807845	0.31486210233818	0.695992845190325
chr16:62273123:C:T	16	62273123	0.203358271806196	0.345938473979124	0.556636201145212
chr16:65972427:C:T	16	65972427	-0.0499397834329849	0.226333438873287	0.82536733947815
chr16:69246420:T:C	16	69246420	0.341426330604764	0.330752884329695	0.301945578986528
chr16:71908403:G:A	16	71908403	0.35801201681337	0.352225287884563	0.309425115093159
chr16:72103328:C:A	16	72103328	0.143930121260551	0.302435817553725	0.634143465072625
chr16:74837740:A:C	16	74837740	-0.0922229225276941	0.639460981554358	0.885326921490646
chr16:79886631:C:T	16	79886631	-0.259250855694424	0.36209655125292	0.474008870773585
chr16:81396153:C:A	16	81396153	-0.293500724723187	0.28705015057529	0.306557586114362
chr16:82294878:C:G	16	82294878	-0.0457128055524932	0.471002109029849	0.922683229677703
chr16:82421890:A:G	16	82421890	0.340611820587489	0.257263715459218	0.185509936749235
chr16:83827178:T:C	16	83827178	-0.113494398935934	0.335719734545868	0.735315761095057
chr16:84032337:C:T	16	84032337	0.478001571957267	0.336689187680383	0.155691636615741
chr16:89303022:G:A	16	89303022	-0.669954183452428	0.695884399102378	0.335679145154302
chr16:89331863:A:T	16	89331863	0.536034298171406	0.285386057046989	0.0603431705491412
chr16:89337630:T:C	16	89337630	0.608667195526056	0.289483447343517	0.0355009617539501
chr16:89479873:T:G	16	89479873	-0.701650616361261	0.346401605485744	0.0428118541331364
chr16:90035976:C:A	16	90035976	0.686650775614996	0.29431693268595	0.0196464741610759
chr17:2489248:C:G	17	2489248	0.545724160679774	0.372616432759531	0.143037310836401
chr17:4147521:T:C	17	4147521	0.162000619238396	0.30643193752071	0.597036097071248
chr17:6949267:T:C	17	6949267	-0.0586295651929193	0.290989709660759	0.840320691117644
chr17:7929448:A:G	17	7929448	-0.727258671968617	0.423657235803344	0.086048544712462
chr17:10308301:C:T	17	10308301	0.481438718729453	0.326816570610823	0.140719760259918
chr17:12174148:T:C	17	12174148	-0.221836628230585	0.309139783829634	0.47300810875627
chr17:14402381:C:T	17	14402381	-0.177476184747108	0.486173060675288	0.715076065474428
chr17:15219976:C:T	17	15219976	-0.233733979190189	0.429996265379742	0.586735953319566
chr17:16482403:T:A	17	16482403	-0.16276574715243	0.310148612804778	0.599722780400189
chr17:18684803:A:G	17	18684803	-0.510049580380919	0.388706936550457	0.189462782123233
chr17:20040710:T:C	17	20040710	0.172706844956548	0.229956707124766	0.452628165449765
chr17:21275023:A:C	17	21275023	0.00133704802128646	0.204931335403766	0.994794342199421
chr17:30609729:C:T	17	30609729	0.407075238407048	0.315366281238937	0.196772551048342
chr17:31554254:C:T	17	31554254	0.0567923178536566	0.282088448152742	0.840442069025007
chr17:33472425:T:G	17	33472425	-0.000338550780462935	0.301305319929416	0.999103486178062
chr17:44156671:T:A	17	44156671	-0.211346152709278	0.256533154183839	0.410021883482954
chr17:45754773:C:T	17	45754773	-0.0451403479455742	0.235030878399681	0.847694148981671
chr17:48779278:C:T	17	48779278	0.14803196723917	0.20799723020819	0.47664955969503
chr17:52703044:C:G	17	52703044	0.314707396679207	0.342320458777561	0.357920043760107
chr17:53282498:G:T	17	53282498	0.259887825949338	0.251115302705596	0.30069962099929
chr17:58411807:C:T	17	58411807	0.146620023131474	0.336407523716087	0.662952457641972
chr17:61409438:A:G	17	61409438	0.121640545334916	0.38173951863579	0.749993428269816
chr17:66262233:G:T	17	66262233	-0.00823131767707146	0.412535464197517	0.984080870377179
chr17:66751216:C:T	17	66751216	-0.225587475164075	0.283279082246186	0.425832368670101
chr17:66971178:A:G	17	66971178	-0.586946824809482	0.499056684323659	0.239549907350896
chr17:68771033:G:A	17	68771033	-0.425026801299596	0.35450931118801	0.230560701841537
chr17:69081332:C:T	17	69081332	-0.0207745465783	0.318638055418875	0.948016396886815
chr17:69213412:T:C	17	69213412	0.666847949398866	0.313592668041936	0.033463468607458
chr17:72829246:G:A	17	72829246	0.198732061791566	0.274619522712394	0.46927248793292
chr17:73506492:C:T	17	73506492	0.112361637003372	0.355214267157263	0.751759076574044
chr17:75360149:C:G	17	75360149	-0.960973099966913	0.79969470502822	0.229489487618222
chr17:77625920:A:T	17	77625920	-0.00610835195165686	0.321073864662756	0.984821356503949
chr18:1137045:A:T	18	1137045	0.133830450340579	0.279493338468698	0.632057905071995
chr18:4080016:T:A	18	4080016	-0.328740093793393	0.477294953400243	0.490976392642538
chr18:8920896:G:C	18	8920896	-0.472280275990705	0.398966277596932	0.236508124811724
chr18:9609299:C:T	18	9609299	-0.408395807441777	0.411318239917794	0.320761146096282
chr18:10572326:C:T	18	10572326	0.558424957202518	0.288611175196864	0.0530063130966462
chr18:11017906:C:T	18	11017906	0.154962816591694	0.286214622196095	0.588216931179735
chr18:14686017:A:G	18	14686017	-0.182203671309253	0.539684605129348	0.735656055453852
chr18:14895123:C:T	18	14895123	-0.115303593196112	0.367046277811344	0.753415381975713
chr18:30059135:A:G	18	30059135	0.354590468932327	0.265280000227377	0.181332039214667
chr18:32490781:T:C	18	32490781	0.0121755477217425	0.296151355926689	0.967206141900733
chr18:36255061:C:A	18	36255061	0.39624025029061	0.292017950708752	0.17481179744951
chr18:42762909:A:C	18	42762909	-0.204682282300278	0.451572368325996	0.650357401753499
chr18:43928870:G:A	18	43928870	0.340933845994848	0.352194959273517	0.333031429765965
chr18:44831686:A:G	18	44831686	0.761350208932793	0.322624945155965	0.0182817556898389
chr18:45461168:C:T	18	45461168	-0.168936612662737	0.283315731481054	0.550985576785803
chr18:47992191:T:C	18	47992191	0.448844245127123	0.277413556664496	0.105671057490367
chr18:49146783:T:G	18	49146783	-0.470550607868365	0.593665834118982	0.428000043503155
chr18:49872731:C:G	18	49872731	0.00611232723579221	0.311470907694456	0.984343261574305
chr18:50485733:T:C	18	50485733	-0.715204744730551	0.607336815123818	0.238952884557428
chr18:58120958:C:T	18	58120958	-0.767515962923829	0.589626231862568	0.193019251386868
chr18:59256389:C:T	18	59256389	0.220592042618805	0.479637254387355	0.645577719775136
chr18:62622293:T:A	18	62622293	-1.09476033225815	1.01694538258586	0.281695513223784
chr18:62998306:G:A	18	62998306	0.359910909171291	0.426916262263456	0.399201588573466
chr18:66103927:C:T	18	66103927	0.482147899800395	0.277972419798498	0.0828263843376832
chr18:66206557:C:T	18	66206557	0.416145613319063	0.25607355278188	0.104140851329117
chr18:68001558:G:A	18	68001558	-0.561011113598041	0.388662063869543	0.148896023983616
chr18:69946690:A:G	18	69946690	-0.0710699621386818	0.476431702726924	0.881418423331838
chr18:71730181:C:T	18	71730181	0.414742175007858	0.263116216816594	0.114963613412993
chr18:72912108:T:C	18	72912108	-0.0519696934467111	0.294460115060121	0.859907863102466
chr18:73248491:G:A	18	73248491	-0.266652395204952	0.498693042948857	0.592855622436842
chr18:77734991:G:A	18	77734991	-0.424890433566053	1.00828308603001	0.673463061812331
chr19:2907557:G:A	19	2907557	0.145995058602065	0.266717636965767	0.584119859856027
chr19:16021187:G:A	19	16021187	-0.02283135277138	0.549726947875384	0.966871647428151
chr19:17584922:G:A	19	17584922	0.143055475712582	0.205059078841683	0.485408277903047
chr19:18704666:C:T	19	18704666	0.618513415667584	0.337334952439568	0.0667239409820932
chr19:18737022:C:T	19	18737022	0.384523062551495	0.312930861094195	0.219154447053179
chr19:18805179:A:G	19	18805179	0.372938797935392	0.211404495149087	0.0777150425318357
chr19:21560366:G:T	19	21560366	-0.588897730488649	0.439886205787171	0.180652019334452
chr19:21659434:G:C	19	21659434	-0.0464451574951495	0.425081846070421	0.91299493791197
chr19:33474662:T:C	19	33474662	-0.207331863460957	0.345147651378832	0.548036597181709
chr19:37956680:C:T	19	37956680	-0.135388651310085	0.315117955431668	0.66745436543024
chr19:38120117:A:T	19	38120117	-0.346195275833038	0.482879123034532	0.473411224919082
chr19:44380983:T:C	19	44380983	-0.0756076283230492	0.363510445624174	0.835234432584722
chr19:44819986:A:G	19	44819986	-0.357660484314114	0.555131382204827	0.519393371536708
chr19:48685001:C:T	19	48685001	0.259962472692488	0.404553509888558	0.52048947919968
chr19:51210487:G:T	19	51210487	0.730875707688092	0.325348674725929	0.0246759505905026
chr19:51552139:T:A	19	51552139	-0.38548982974733	0.472567343587724	0.414651586070575
chr19:52714810:C:T	19	52714810	0.162207527589351	0.209718246194803	0.439253428661181
chr19:53330671:T:C	19	53330671	-0.288035498109787	0.421929282446133	0.494819832270799
chr19:54944544:G:A	19	54944544	0.426199354465105	0.312746209722427	0.172956820907136
chr19:57195010:G:C	19	57195010	-0.819639780213926	0.72489601763521	0.25818146669596
chr20:1709120:A:G	20	1709120	-0.299486498015427	0.362793575094077	0.409087154216616
chr20:1735934:T:G	20	1735934	-0.198321078742	0.315989940314	0.530253997754228
chr20:1906500:G:T	20	1906500	-0.370658963770349	0.417283670416998	0.374397597728643
chr20:3649460:G:A	20	3649460	-0.131045949528347	0.307819875598536	0.670309822130249
chr20:5407753:C:T	20	5407753	0.448085680371366	0.293670839816171	0.127057379326446
chr20:5860313:T:C	20	5860313	0.29668694906512	0.283002217114593	0.294474818235137
chr20:7000966:A:C	20	7000966	-0.340266718476484	0.455117340641069	0.454673632232774
chr20:12129436:G:A	20	12129436	-0.140293455409986	0.400934644439032	0.726401723292642
chr20:13244402:C:A	20	13244402	-0.511529773114279	0.799488371208485	0.522288714875729
chr20:31347432:T:C	20	31347432	-0.104482605716704	0.236591599448218	0.658767195871557
chr20:37593342:C:T	20	37593342	0.101464594232616	0.238438911476286	0.670445208821142
chr20:38200488:G:A	20	38200488	-0.0376494832525403	0.320284350834165	0.906424081350931
chr20:38350608:A:G	20	38350608	-0.0189345946358419	0.353333024694744	0.957263001334655
chr20:45729681:A:G	20	45729681	-0.235890403789792	0.215477138542981	0.273632671962971
chr20:48501317:C:T	20	48501317	-0.0818270965950056	0.293741852557085	0.780576330859904
chr20:49036824:T:G	20	49036824	0.256648930771378	0.211222274059356	0.224341051511694
chr20:50371082:C:T	20	50371082	-0.438774720533073	0.529284003782656	0.407106244589992
chr20:52513956:G:A	20	52513956	0.106406259428443	0.527912862319241	0.840260507085454
chr20:54253971:A:G	20	54253971	-0.437561599295955	0.348650344507843	0.209473119859282
chr20:58480201:T:G	20	58480201	0.0870578718255445	0.259856454124247	0.737607785684228
chr20:60073360:C:T	20	60073360	-0.0413339002139095	0.273406181518046	0.879832706185455
chr21:14869783:A:G	21	14869783	0.712202043338544	0.364565146449383	0.0507525750832527
chr21:15297615:T:C	21	15297615	0.396877504231356	0.30362468429896	0.191167925908719
chr21:15686888:A:G	21	15686888	0.476649451263147	0.279939279017582	0.0886263378661819
chr21:18805376:C:A	21	18805376	-1.83082909386967	1.41183444015895	0.194709227390251
chr21:22007486:G:T	21	22007486	-0.205903534734322	0.624215707897896	0.741506061884557
chr21:24026351:C:T	21	24026351	0.513036325093546	0.332131776145873	0.122424403929697
chr21:26647335:G:C	21	26647335	0.40269765978946	0.297413268787355	0.175736277041517
chr21:28043199:C:G	21	28043199	-0.551337014573488	0.595413325557805	0.354459705364241
chr21:29538421:G:A	21	29538421	-0.183189965529426	0.57424764172076	0.749719952703789
chr21:31885030:A:G	21	31885030	-0.423280931559271	0.38691581847224	0.273960616269966
chr21:35502622:A:T	21	35502622	-0.192172614244691	0.349999177471248	0.582960224099607
chr21:36306638:T:G	21	36306638	0.313517832806573	0.374662399675634	0.402704492092542
chr21:41442549:G:A	21	41442549	0.196822178050315	0.304155431661997	0.517560420376091
chr21:42627184:G:A	21	42627184	-0.702133313736229	0.841311276623249	0.403959751035169
chr22:20147688:T:C	22	20147688	-0.084932085196525	0.307078320041608	0.782101714625634
chr22:23891985:A:G	22	23891985	-0.225488473305663	0.299698503135432	0.451819935562463
chr22:24245985:G:T	22	24245985	-0.193628982071667	0.39066908885556	0.620152481455662
chr22:28624303:G:A	22	28624303	0.69276704076384	0.321819853466926	0.0313458211144428
chr22:30376697:C:T	22	30376697	-0.320212321594248	0.485544453217665	0.509580358821277
chr22:30662128:G:A	22	30662128	-0.27490454958193	0.375823455004986	0.464490551284696
chr22:36298345:C:A	22	36298345	-1.05826375671037	0.938611388617857	0.259540407497514
chr22:36977479:G:A	22	36977479	0.0446703376834057	0.335808333066634	0.894174941622262
chr22:42475109:T:G	22	42475109	-0.133921236734346	0.260695945108966	0.607457112356146
chr22:44719519:A:G	22	44719519	0.50732240651667	0.224270760825174	0.0236913582417211
chr22:44805054:T:C	22	44805054	-0.644736920995338	0.985207579471462	0.512842967529295
chr22:45210278:T:C	22	45210278	-0.115411805744133	0.380463424424088	0.761626698782089
chr22:47062473:C:T	22	47062473	0.797325246604787	0.310470841960254	0.0102252827850141
chr22:48785864:A:G	22	48785864	0.292206958936882	0.601885186416355	0.627331491214856
chr22:49668266:A:G	22	49668266	0.579262079025255	0.342687886194696	0.0909612319521761
chr22:49926053:G:A	22	49926053	-0.437566980146905	0.633917248796722	0.49003143153064
