SNP	CHR	POS	est	stderr	pval
chr1:1837340:C:T	1	1837340	-0.118787873018489	0.449209299089405	0.791442666134406
chr1:2261200:G:C	1	2261200	-0.0832594800543105	0.117411937432939	0.478248284666974
chr1:14678191:A:C	1	14678191	0.149981331105554	0.161170326318694	0.35207263370425
chr1:14985097:C:T	1	14985097	0.0398224860385047	0.263256797709107	0.879763841361522
chr1:20215506:G:C	1	20215506	0.254214403067024	0.249278971015357	0.30782387804762
chr1:22009627:T:C	1	22009627	-0.195745109577259	0.286924676309338	0.495101267056866
chr1:22126221:C:T	1	22126221	-0.160959234163868	0.294703798635089	0.584947079020625
chr1:23180575:A:G	1	23180575	-0.234591003479796	0.28351358171627	0.407986666586251
chr1:26058659:G:C	1	26058659	-0.454898929190278	0.303226526858159	0.133563889752562
chr1:26181362:A:G	1	26181362	-0.149319218845258	0.374406348316047	0.690028832790447
chr1:28670719:C:T	1	28670719	0.253371996833517	0.283240268587018	0.37102879554774
chr1:29753056:A:C	1	29753056	0.188257779538488	0.186109856011915	0.311757491817259
chr1:29908726:A:G	1	29908726	0.250143663938958	0.295122892699729	0.396665493459365
chr1:31886486:G:T	1	31886486	0.15233481089624	0.199214135383148	0.444462878286887
chr1:37838865:C:T	1	37838865	0.194449999817057	0.2223645205515	0.381865049788546
chr1:39880059:T:C	1	39880059	-0.086523482170861	0.105667894135617	0.412886433982815
chr1:43202709:G:A	1	43202709	0.657540558891268	0.25825709181743	0.0108943430122015
chr1:47498869:G:A	1	47498869	0.386316393211344	0.227914984312791	0.0900750089428991
chr1:54900240:G:A	1	54900240	-0.131104885430585	0.11802015298655	0.26662490091676
chr1:56563907:C:T	1	56563907	-0.171383389462655	0.43135431596064	0.691135444809159
chr1:65351414:T:A	1	65351414	-0.202505724287561	0.185655136433678	0.275377250599503
chr1:73302339:T:C	1	73302339	-0.381099284463998	0.260479872441795	0.143449278797955
chr1:73563666:T:C	1	73563666	0.192918159200529	0.231172767385081	0.403988359741502
chr1:76062379:T:C	1	76062379	0.0466322855121475	0.226732937569175	0.837048272906454
chr1:86928231:G:T	1	86928231	-0.740937117276049	0.436318457109946	0.0894781878663107
chr1:88611347:G:A	1	88611347	0.00920987944670038	0.312128934874208	0.976460514781245
chr1:91057167:C:A	1	91057167	0.268881720522989	0.183239875308498	0.142273910457706
chr1:91093925:G:A	1	91093925	0.0395939632825658	0.191316190044623	0.836044507766467
chr1:92475800:A:G	1	92475800	-0.138571560726494	0.248481041618141	0.577066618319863
chr1:94752415:G:A	1	94752415	0.161492383314764	0.228542189416333	0.479802924819898
chr1:95614324:G:A	1	95614324	0.271965049578117	0.176681030627562	0.123731158027944
chr1:99691102:T:C	1	99691102	0.105587164618094	0.236993272401822	0.655938150571186
chr1:104937367:T:A	1	104937367	-0.346275091020783	0.240181903740801	0.149381335970154
chr1:153704237:C:A	1	153704237	0.284628681388583	0.200525427776859	0.155778234278452
chr1:159540226:C:T	1	159540226	-0.0278436844544894	0.287564717098231	0.922864732909843
chr1:165647351:T:C	1	165647351	0.0805075806120625	0.261936286750633	0.758572731147211
chr1:168863629:G:A	1	168863629	0.311950242489953	0.195477036849252	0.11052432824136
chr1:171350391:G:A	1	171350391	-0.616232840118533	0.308719686475959	0.0459239295114761
chr1:173013575:C:G	1	173013575	0.266952811602181	0.259193921132978	0.303040663488472
chr1:185127444:C:G	1	185127444	-0.383296534398576	0.429335736946534	0.371982265702125
chr1:186638909:G:T	1	186638909	0.352578445790413	0.178724292032285	0.0485239893573364
chr1:188272062:T:C	1	188272062	0.088076307851034	0.194639768508279	0.650902113944649
chr1:193365737:C:T	1	193365737	0.141592457013182	0.21964602801009	0.51916097465412
chr1:195033388:T:C	1	195033388	0.309199339911796	0.2475756871743	0.211698601721956
chr1:195907914:A:G	1	195907914	0.177328934691853	0.205442782655515	0.388052332799958
chr1:196692375:G:C	1	196692375	-0.321317019095775	0.38141237640124	0.399541745279845
chr1:197559019:A:G	1	197559019	-0.26311973344502	0.353883704427167	0.457166709670991
chr1:199160726:G:A	1	199160726	0.0195737213627135	0.274883475825397	0.943232739080364
chr1:204277152:T:C	1	204277152	-0.0496441274573324	0.276674183892333	0.857598718737321
chr1:207498131:C:T	1	207498131	0.00830300655444094	0.30058709323542	0.977963131106407
chr1:210496535:G:A	1	210496535	0.164261401576676	0.18504191653614	0.374703040719877
chr1:212937214:T:G	1	212937214	0.0465688703499353	0.18253539910361	0.798628558509444
chr1:219750864:A:G	1	219750864	-0.424774120992094	0.348693763757285	0.223153015627296
chr1:221920463:G:A	1	221920463	-0.320724493422178	0.227675110395489	0.158925758906938
chr1:227462684:A:G	1	227462684	0.0997193902680828	0.305532788053112	0.744137860585202
chr1:234456961:G:A	1	234456961	-0.0277181116518662	0.248310527760686	0.91111931500737
chr1:237308322:A:G	1	237308322	0.235820867312239	0.222966409970224	0.290214130497406
chr1:244583991:C:T	1	244583991	-0.564408809702305	0.298809045833621	0.0589104310948569
chr1:247190028:T:C	1	247190028	0.376976517627658	0.226579357216064	0.0961578891734238
chr1:247897239:C:T	1	247897239	0.0224190563953746	0.257701982812432	0.930674646254528
chr2:3248328:A:G	2	3248328	0.160873672380671	0.2619485611704	0.53912134717294
chr2:4505759:T:G	2	4505759	0.826477537203508	0.288865987221127	0.00422159754466722
chr2:6804400:G:A	2	6804400	-0.15390493731187	0.369197843255203	0.676778585037115
chr2:9411790:A:C	2	9411790	0.065512836031258	0.204288529755194	0.748447005230375
chr2:12096367:C:T	2	12096367	0.234941619127196	0.252092948801758	0.351354994772807
chr2:13545005:C:T	2	13545005	-0.0188727014833744	0.163326799354569	0.908007785178804
chr2:16009716:A:G	2	16009716	-0.25107685190919	0.294267597685531	0.393533824497473
chr2:16367899:A:T	2	16367899	0.0778184759507386	0.315178390773737	0.804983329562965
chr2:17630111:A:C	2	17630111	0.0923042613729068	0.328619417751248	0.778798614786798
chr2:17928966:C:G	2	17928966	-0.748282958988362	0.422562746330234	0.076590482901838
chr2:18261494:A:T	2	18261494	0.457361461930959	0.225070256983445	0.0421452455842805
chr2:19530615:T:C	2	19530615	0.340228784846399	0.219575564506721	0.121265457654493
chr2:19562158:T:C	2	19562158	-0.388396096659622	0.454524114086814	0.392821623026445
chr2:27383116:G:A	2	27383116	-0.170955942997943	0.193571773413322	0.377146772490457
chr2:37762298:C:T	2	37762298	-0.205495265577491	0.266237972240986	0.440204415987503
chr2:42010994:T:A	2	42010994	0.4251588849129	0.189589925565124	0.0249278914269127
chr2:45824390:C:G	2	45824390	0.0616018009127357	0.274977097223643	0.822737689916026
chr2:49789441:T:C	2	49789441	0.166902734102943	0.252666046310703	0.508890337749442
chr2:49994518:G:A	2	49994518	0.38690705248424	0.292996440161301	0.186662153887408
chr2:51284042:G:A	2	51284042	0.172367564006948	0.329939866609238	0.60137713441861
chr2:51344078:G:A	2	51344078	0.307569216634775	0.227075550143024	0.175583394527461
chr2:57278002:C:A	2	57278002	-0.83870060984026	0.38701812990108	0.0302284865624204
chr2:57368273:A:G	2	57368273	0.139322157007909	0.293962810751701	0.635539243230233
chr2:61147014:T:C	2	61147014	0.202551188832619	0.439827054739672	0.645139701319674
chr2:61693274:A:G	2	61693274	-0.173279451735577	0.136635988887427	0.20473257136915
chr2:65295480:C:T	2	65295480	0.588943542859564	0.24303450576983	0.0153805636366349
chr2:66031496:T:C	2	66031496	-0.00514480778644019	0.310722198745866	0.986789565855226
chr2:69165635:T:C	2	69165635	0.0665986966268294	0.242981882295333	0.784016114748602
chr2:76651386:C:A	2	76651386	0.0417809255589704	0.252401168050057	0.868523844838029
chr2:79784490:C:G	2	79784490	-0.0772179296066737	0.241421709984423	0.749084568153997
chr2:82619301:T:C	2	82619301	0.0431574877666029	0.386692438642692	0.911135216785714
chr2:85744328:G:A	2	85744328	-0.131801828021844	0.432523066392707	0.760573429654901
chr2:85757440:T:A	2	85757440	0.131770255182856	0.246729086826916	0.593294081078751
chr2:99811694:T:C	2	99811694	0.293281259222936	0.176582372867786	0.0967385420316496
chr2:101228073:A:C	2	101228073	0.335201428941547	0.232039108098408	0.148573018174595
chr2:108083619:T:C	2	108083619	0.336826143248365	0.209767386954465	0.10833706426889
chr2:118004610:C:T	2	118004610	-0.0853292029861421	0.200030821891475	0.669685067294167
chr2:119455921:A:G	2	119455921	-0.146029483207329	0.285923936445025	0.60954123027914
chr2:120644763:G:A	2	120644763	-0.394597454787616	0.274815409025794	0.15104114526982
chr2:120916837:A:G	2	120916837	-0.226119042657477	0.315825862860926	0.474015348481809
chr2:122628686:C:A	2	122628686	0.430934593304931	0.241141952799566	0.0739281567409067
chr2:122629789:A:C	2	122629789	0.480094177653582	0.224104699113131	0.0321712576670508
chr2:126391403:A:G	2	126391403	-0.593126663275226	0.405474798728224	0.143523376978108
chr2:127192867:G:A	2	127192867	0.00111010625108844	0.191211986284741	0.995367802614514
chr2:130915743:C:T	2	130915743	0.169354049115164	0.245346570674227	0.49002781389847
chr2:136507185:G:C	2	136507185	-0.229489032072864	0.300679501973915	0.445323432683005
chr2:141023592:C:T	2	141023592	-0.398147955974096	0.301955616009296	0.187314748294112
chr2:143920023:G:T	2	143920023	0.0985601206177599	0.259038153019103	0.703585460689267
chr2:144729333:C:T	2	144729333	-0.101854950407328	0.232289528132824	0.661036374224277
chr2:148561010:G:C	2	148561010	0.282910762337081	0.212697317955357	0.183482135370586
chr2:154835349:G:T	2	154835349	0.263647435633697	0.22125693599612	0.233422254936958
chr2:164974626:C:A	2	164974626	0.45269382542498	0.260921734266584	0.0827444598322933
chr2:167086954:T:G	2	167086954	-0.302449502848387	0.213537992080696	0.156666247504153
chr2:167657344:C:T	2	167657344	0.0702369090102555	0.252218609622014	0.78064674405604
chr2:167884398:C:T	2	167884398	-0.0705859384325116	0.443808797797503	0.873632766539855
chr2:168647356:T:G	2	168647356	-0.447576408918747	0.348584125526148	0.199147584841512
chr2:170041677:A:G	2	170041677	0.315485673186553	0.208215662120037	0.129725043657827
chr2:171274449:C:A	2	171274449	-0.670549407743743	0.672565213919619	0.318763146309364
chr2:177787584:G:A	2	177787584	0.427160564739066	0.240764142693523	0.0760322562927112
chr2:179648558:C:T	2	179648558	0.229653049054086	0.206400890437154	0.265856491146682
chr2:183527028:C:T	2	183527028	-0.20519522496676	0.317812765847349	0.518507245489837
chr2:184516924:T:A	2	184516924	0.110400629170234	0.21569168299371	0.608759754043317
chr2:191922008:C:T	2	191922008	-0.0500270738068349	0.377171963490915	0.894480225742322
chr2:197010424:G:A	2	197010424	-0.32788669879675	0.462583634726032	0.478438644428072
chr2:209101337:G:A	2	209101337	0.0472650256834147	0.279134780383231	0.86553952216975
chr2:209103516:A:G	2	209103516	0.123283981536998	0.293225590736664	0.67416351878709
chr2:210957182:G:A	2	210957182	0.0929279238979947	0.213057293175745	0.662717736181828
chr2:214802180:T:C	2	214802180	0.185683123797389	0.168569235564243	0.270668496836567
chr2:215209936:A:G	2	215209936	0.155772958438169	0.22819423630417	0.494838658942409
chr2:220997842:C:T	2	220997842	-0.00484573178964241	0.175718572742302	0.977999795148347
chr2:228947684:G:A	2	228947684	0.447936102167087	0.275250037830597	0.103656651266247
chr2:233152507:T:C	2	233152507	0.142100722048787	0.147907237866384	0.336681817540151
chr2:235620294:A:T	2	235620294	-0.292826510460488	0.269022004914832	0.276380901702992
chr2:237288548:A:G	2	237288548	-0.11866054578957	0.348712898371269	0.733644552700765
chr2:237513585:T:C	2	237513585	-0.599963113993566	0.463060934910598	0.1950974243426
chr2:237920759:T:G	2	237920759	0.343479861901669	0.231624789180037	0.138097009762806
chr2:240429648:C:T	2	240429648	-0.16049992014109	0.331675808833935	0.628452568761835
chr3:10127208:T:G	3	10127208	0.215667315816146	0.311046321973712	0.488083177969113
chr3:14082905:A:G	3	14082905	0.479077577923517	0.269370418055998	0.0753203773104272
chr3:16798495:T:G	3	16798495	0.455785844315721	0.257367927247806	0.0765689432981724
chr3:18882818:T:C	3	18882818	0.356277266218425	0.196793848638952	0.070232454334347
chr3:22245167:A:G	3	22245167	-0.388186500627813	0.413495958680417	0.347837792280923
chr3:24009496:G:A	3	24009496	0.112756477156911	0.201519459900537	0.575799068360859
chr3:24010534:C:T	3	24010534	-0.0952710193716137	0.203627630568495	0.639878401689526
chr3:33111016:C:A	3	33111016	0.0778777918379394	0.368778882289078	0.832748789620595
chr3:33421913:A:G	3	33421913	-0.0942978259632473	0.280382954840554	0.736631100902268
chr3:34471110:A:G	3	34471110	0.264969250815096	0.246000321363587	0.281431408142477
chr3:35230331:G:A	3	35230331	-0.211822934532162	0.299475620924616	0.479372124115919
chr3:41413926:T:C	3	41413926	0.121929220811701	0.209320374686954	0.560229611596079
chr3:42098050:T:C	3	42098050	0.304544966957985	0.191947753930792	0.112602487525863
chr3:46489654:A:G	3	46489654	0.170972059168563	0.189209452547662	0.366200819006384
chr3:64441608:G:A	3	64441608	-0.359950326003818	0.231377915504104	0.119783864981577
chr3:66150510:T:A	3	66150510	-0.634771820462874	0.395967839782121	0.108914932544015
chr3:66995763:G:T	3	66995763	0.400011147497211	0.24730950941431	0.105780847541218
chr3:68498445:T:C	3	68498445	-0.33054316073291	0.196456106913904	0.0924662436092124
chr3:68824246:G:A	3	68824246	0.0433867587847799	0.206788522946419	0.833814236239734
chr3:69021248:A:C	3	69021248	-0.0800056007387261	0.334051636541785	0.810717353847176
chr3:69617754:T:G	3	69617754	0.0229686304548108	0.199803623678771	0.908479977477609
chr3:74191731:G:A	3	74191731	0.129882499173293	0.223109601964764	0.560467929796428
chr3:74732240:G:A	3	74732240	-0.489464368498979	0.289600843124596	0.0910022309714974
chr3:75709324:A:T	3	75709324	-0.108866909143577	0.196428010827783	0.579419315084352
chr3:84465702:T:C	3	84465702	-0.264786957259889	0.307772058616627	0.389604613996897
chr3:84817748:G:A	3	84817748	0.151620498112111	0.234477782776552	0.51787107975653
chr3:85705423:A:G	3	85705423	0.0024000108483361	0.329473001608161	0.994187946638128
chr3:88069353:C:T	3	88069353	-0.39647624595919	0.296521666945921	0.181193161569405
chr3:93986190:G:A	3	93986190	0.172502808545388	0.227532376276807	0.448363459022893
chr3:101022648:G:A	3	101022648	0.181832587250705	0.211745239548916	0.390487937439313
chr3:106664728:C:T	3	106664728	-0.0178579792449466	0.22315855759238	0.93621838594174
chr3:110774699:C:T	3	110774699	0.124778775676235	0.262034638802751	0.633937661027058
chr3:113428518:G:A	3	113428518	-0.209724373334498	0.248921544959084	0.39949022165803
chr3:121058963:T:G	3	121058963	0.342048886854641	0.256205606667575	0.18185794926883
chr3:122312606:G:A	3	122312606	-0.0607090183977798	0.276081660214673	0.825952812731543
chr3:124193435:A:C	3	124193435	-0.274412568493712	0.382916392913075	0.473597280545531
chr3:126773646:G:T	3	126773646	-0.134661139326226	0.202877867194966	0.506847318793839
chr3:131110446:C:G	3	131110446	-0.0825904981393209	0.35889712984776	0.817996162882547
chr3:131209978:G:T	3	131209978	-0.261874948367983	0.228009346236585	0.250750968561631
chr3:133982842:C:T	3	133982842	-0.0750662428768447	0.254109740649136	0.767681643778454
chr3:146265901:G:T	3	146265901	-0.111840126356215	0.24799662230603	0.652008004378656
chr3:149679065:C:A	3	149679065	-0.18258878671258	0.129306637574152	0.157932167593241
chr3:152663712:G:C	3	152663712	0.104526376369078	0.183964140773387	0.569906731449731
chr3:159417151:A:G	3	159417151	0.634146699354837	0.268263613295787	0.0180839944260828
chr3:164899350:G:A	3	164899350	0.219712310026664	0.309169191451061	0.477298696670611
chr3:168053836:T:C	3	168053836	-0.583740379596254	0.62596737065125	0.351056891232656
chr3:171028381:G:A	3	171028381	0.440090151690276	0.256791809301	0.0865652137938514
chr3:174497130:T:C	3	174497130	-0.280864844425331	0.224846694733532	0.21161412609033
chr3:176663180:T:G	3	176663180	-0.309022665623131	0.525654199010058	0.556611468740527
chr3:196706550:C:T	3	196706550	-0.10663160322957	0.188639740382648	0.571892952863078
chr4:332191:G:A	4	332191	-0.200542932350776	0.241483950498088	0.406278354594382
chr4:8816874:T:C	4	8816874	0.279852487763391	0.226165633375129	0.215946604113484
chr4:9851274:C:G	4	9851274	0.511192414710157	0.224510115945977	0.0227907794645897
chr4:10725805:A:G	4	10725805	0.227688631238365	0.247488989301196	0.357575375209682
chr4:13219910:C:T	4	13219910	0.490555330163229	0.241515079903078	0.0422389511340199
chr4:18747099:A:G	4	18747099	0.121086285148633	0.243419894222391	0.618880272643161
chr4:20840555:C:T	4	20840555	0.0335574242889901	0.228677131274721	0.883332612469167
chr4:21137718:C:T	4	21137718	0.134433356117207	0.192726533059724	0.485468517971682
chr4:26851610:T:C	4	26851610	0.0382538133310118	0.270810763179422	0.887667217370486
chr4:32302160:A:T	4	32302160	0.134339637113672	0.284503749889604	0.636791649853201
chr4:40603484:A:G	4	40603484	0.0873519084056585	0.251668900672422	0.728523259136375
chr4:44018406:T:G	4	44018406	-0.152173408481839	0.229762560747052	0.507774334966065
chr4:44680448:T:C	4	44680448	0.140564219686753	0.226026307102169	0.534012107588222
chr4:55337032:C:T	4	55337032	-0.064171480118155	0.297832281710771	0.829407290220878
chr4:55659669:G:A	4	55659669	0.406027052296507	0.221598451760614	0.0669119723847051
chr4:56719096:C:T	4	56719096	-0.532446527211985	0.581187541933651	0.359595841170056
chr4:61158247:C:G	4	61158247	-0.621395173838569	0.415723072429836	0.134984026067553
chr4:67708732:C:T	4	67708732	-0.0355219040003669	0.221194360650535	0.872415257447342
chr4:67911021:C:T	4	67911021	0.0747855197770296	0.235362668160686	0.75067770075257
chr4:90022599:G:T	4	90022599	0.244419945769153	0.320955889238423	0.446336088825954
chr4:95020597:A:T	4	95020597	-0.104921994370653	0.289103477590991	0.716663198297138
chr4:97398054:G:A	4	97398054	-0.0235151885881851	0.258053497882077	0.927393072341166
chr4:98823404:T:C	4	98823404	0.383707510230123	0.241939099873524	0.112746718911694
chr4:99262681:C:G	4	99262681	-0.204385623622593	0.216737595091842	0.345676014367594
chr4:99355957:G:T	4	99355957	-0.0325052205186549	0.211563653030776	0.877891430971298
chr4:101085120:T:C	4	101085120	0.131782234000325	0.162763133955736	0.418137609275825
chr4:102399971:C:T	4	102399971	-0.261385429019893	0.318608259094583	0.411989522707276
chr4:102884286:T:C	4	102884286	-0.211086181029524	0.283693903548273	0.456838268254945
chr4:105992845:C:T	4	105992845	-0.217968278142713	0.2163196848337	0.31363639691469
chr4:108791253:G:A	4	108791253	-0.228444043071405	0.275518454494496	0.407023812287461
chr4:110957298:T:A	4	110957298	0.00233672228748206	0.31126709617619	0.994010233825555
chr4:113348012:C:T	4	113348012	0.042515261165417	0.203439358457351	0.83446191748008
chr4:115522695:G:A	4	115522695	0.0320990592005873	0.212673026888471	0.880029750812426
chr4:120770744:A:C	4	120770744	0.166042404589127	0.209029613406331	0.426992452012589
chr4:123964831:A:G	4	123964831	-0.277943750399798	0.354899169370671	0.433531643887663
chr4:125256344:T:C	4	125256344	0.230198900425034	0.223883693084611	0.303852214273037
chr4:126268710:T:G	4	126268710	-0.522275701668008	0.528411527335069	0.322962579768821
chr4:134094420:T:C	4	134094420	-0.0907683441709858	0.382632122477866	0.812485407524832
chr4:134350906:C:T	4	134350906	0.0471569378587966	0.164130549534158	0.773872215757564
chr4:138952375:G:A	4	138952375	-0.181277160731108	0.291512996197673	0.534040947267722
chr4:141618953:G:A	4	141618953	0.0614809652419554	0.254644001886509	0.809214973982458
chr4:149616644:T:G	4	149616644	0.776539173125825	0.254590624186343	0.00228728353624108
chr4:154030957:C:G	4	154030957	0.314077319673603	0.24133356772112	0.193113330966106
chr4:171974219:A:G	4	171974219	0.25673693402721	0.219423503922547	0.241979998494145
chr4:176312841:C:T	4	176312841	0.0446298800367115	0.213798572071266	0.834645493773066
chr4:179329624:T:G	4	179329624	0.00411704180032846	0.121566146996553	0.972983463438581
chr4:183032183:A:G	4	183032183	0.129991681658935	0.225669941847071	0.564597824222044
chr4:184991673:A:G	4	184991673	-0.0709630415879591	0.192179289906132	0.711938137404467
chr4:189912372:C:T	4	189912372	0.122416129845981	0.16139395430212	0.448156104963774
chr5:5313703:A:G	5	5313703	0.0855550916394638	0.185934821407517	0.645419428933469
chr5:7364955:T:A	5	7364955	0.438584289491022	0.279291646411712	0.116334829668085
chr5:8067079:G:C	5	8067079	-0.356929624190588	0.298734141179088	0.232162469405019
chr5:13911296:G:T	5	13911296	-0.0480308537387862	0.265587166171742	0.856487045548955
chr5:15621966:C:G	5	15621966	-0.552257957892126	0.382443742471502	0.148732213315828
chr5:17902851:T:C	5	17902851	0.470028529397206	0.350618787649956	0.180060565052226
chr5:20719353:A:C	5	20719353	0.371995992616664	0.204087116802843	0.0683440847186326
chr5:20732163:G:T	5	20732163	0.161790318665077	0.22031997336252	0.462740025441775
chr5:21913130:A:C	5	21913130	-0.449630956954835	0.325652504591152	0.167368818484612
chr5:23787194:A:C	5	23787194	-0.195487600028993	0.154600342539792	0.206061138500197
chr5:23895775:T:G	5	23895775	-0.287866746143423	0.366925484559003	0.432724876775127
chr5:33466391:T:A	5	33466391	0.0529561166163697	0.234987483178553	0.821701420023206
chr5:33624899:A:G	5	33624899	-0.111460950274005	0.464289584652012	0.810277744433628
chr5:39550509:T:G	5	39550509	0.176755361048326	0.230434938807118	0.443051165758385
chr5:39634108:G:A	5	39634108	0.146961968613171	0.273028426943179	0.590393295914454
chr5:39978357:G:A	5	39978357	-0.116133795161126	0.189553357135762	0.54009407490454
chr5:44011742:G:T	5	44011742	0.270079006753368	0.226298081261984	0.232687022418202
chr5:50222627:G:A	5	50222627	0.252792204080532	0.201494962157814	0.209630087857589
chr5:54814079:C:T	5	54814079	-0.380552422512375	0.279522503401341	0.173375467304877
chr5:66989845:C:A	5	66989845	-0.155804539592185	0.232168828955557	0.502167696293268
chr5:66992139:G:A	5	66992139	0.337413921452562	0.256628661625091	0.188579017525486
chr5:73076502:T:C	5	73076502	-0.0740025363272181	0.32190458394585	0.818177508946886
chr5:76998986:C:A	5	76998986	0.285618652600505	0.226702259633119	0.207711047606443
chr5:81710558:G:T	5	81710558	0.19901238305616	0.230399016588782	0.387712761821174
chr5:84879932:A:G	5	84879932	-0.229772125498353	0.272035614236745	0.398311941978724
chr5:85476293:A:G	5	85476293	-0.379539618507541	0.298863334108793	0.204104673206749
chr5:85809583:T:C	5	85809583	-0.115428748727537	0.208948855198025	0.580656624682293
chr5:92192959:A:T	5	92192959	0.311353307909214	0.204496991776548	0.127875718482584
chr5:94648523:C:G	5	94648523	-0.39474144149595	0.448742041518189	0.379042296197754
chr5:98024666:G:A	5	98024666	-0.340604136488008	0.327885154149712	0.298901963103146
chr5:101825779:A:C	5	101825779	0.34339597519381	0.196139744920475	0.0799851900114293
chr5:106773905:G:A	5	106773905	0.0458907694248155	0.405247867185884	0.909839304193337
chr5:114915760:G:T	5	114915760	-0.0316193519952958	0.238399473968216	0.894484579692544
chr5:115102683:A:G	5	115102683	0.0136020387234894	0.271368256590861	0.960023644340237
chr5:117238479:G:A	5	117238479	0.0215686456957247	0.176889256867039	0.902952044852634
chr5:121740415:G:T	5	121740415	0.134959365997673	0.487371533627012	0.781847142617575
chr5:137227416:A:T	5	137227416	-0.242935398864434	0.311800364154257	0.43589864154714
chr5:137406489:C:T	5	137406489	0.327472436583491	0.253307622351697	0.196085235766919
chr5:140638650:G:A	5	140638650	0.0747585774753727	0.260853070555298	0.774424229046569
chr5:142682003:T:C	5	142682003	0.172530915928131	0.197457472817564	0.382247659200859
chr5:144183699:A:G	5	144183699	0.206254053657991	0.253918560020801	0.416628531024878
chr5:145690757:G:T	5	145690757	0.0886444899915702	0.418929042861508	0.832420777083764
chr5:147282093:C:T	5	147282093	0.29235594262913	0.204480870007349	0.152789600329879
chr5:151763317:T:C	5	151763317	-0.223066579814232	0.349711742894976	0.523565846523496
chr5:168245100:T:C	5	168245100	0.140125631897199	0.249923258386925	0.575019361185877
chr5:169455657:C:T	5	169455657	0.0318218775045317	0.215789699042712	0.882763359438764
chr5:169808985:G:C	5	169808985	-0.0755124455202844	0.285579064396069	0.791457302108992
chr5:172672695:T:C	5	172672695	0.234418825419211	0.242027455798271	0.332763298922232
chr5:173346700:A:C	5	173346700	-0.000357597424719676	0.305167935016309	0.999065034801725
chr6:3041612:C:A	6	3041612	0.099207024290346	0.251382808179367	0.693104734029519
chr6:3673174:A:G	6	3673174	0.0504212275488884	0.350909605927129	0.885747459377492
chr6:3786319:G:C	6	3786319	-0.316090395903701	0.420850549233332	0.452607420752324
chr6:6090729:G:T	6	6090729	0.620026799509076	0.253996223977485	0.014643139543301
chr6:6354181:A:T	6	6354181	0.274402295809309	0.226284024122966	0.225265398131024
chr6:6456261:T:C	6	6456261	-0.330141985001382	0.377593518940234	0.381937638309203
chr6:7642514:C:G	6	7642514	-0.246323125099807	0.200691880783294	0.21968368513816
chr6:23163726:T:C	6	23163726	0.529483386085277	0.255940222800502	0.0385669664114965
chr6:23344439:T:A	6	23344439	0.0101715315790095	0.124017422469273	0.934633229321132
chr6:26287827:G:A	6	26287827	0.375351226295717	0.298591885586398	0.208727895504582
chr6:31108549:A:G	6	31108549	-0.107775976628145	0.228796182592764	0.637600239268983
chr6:32660000:G:C	6	32660000	0.0734585074055594	0.210306993796128	0.726870257512767
chr6:33148933:A:G	6	33148933	-0.316378855600111	0.243579392232821	0.193987291990244
chr6:37400014:G:T	6	37400014	-0.172719476431488	0.211765031371648	0.414718367367982
chr6:39124093:C:T	6	39124093	-0.0978794735369594	0.1845961733363	0.595948550561236
chr6:45195864:C:T	6	45195864	0.110799543579745	0.191605149769778	0.563081726867245
chr6:46738257:G:A	6	46738257	-0.833347140362534	0.421097447688171	0.0478172652209756
chr6:47717919:C:A	6	47717919	-0.379513102907865	0.214094752509139	0.0762882390956205
chr6:48859012:C:A	6	48859012	-0.0482482808958728	0.457614722766694	0.916031212523734
chr6:49860743:T:G	6	49860743	0.0678842093690981	0.233268379119784	0.77104111947739
chr6:53292416:C:G	6	53292416	0.0149321366010233	0.283213532688274	0.957951854915743
chr6:69504128:A:G	6	69504128	-0.018220252155254	0.24479044790224	0.940666616097309
chr6:81137001:T:C	6	81137001	-0.579586394588747	0.318313746498045	0.0686369179856902
chr6:84758749:C:T	6	84758749	0.285969145958999	0.218377831241122	0.190359804628415
chr6:87387916:G:T	6	87387916	-0.362675147270943	0.267018274802073	0.174387250073175
chr6:88566465:G:A	6	88566465	0.217989066218447	0.375376075039832	0.56142797349048
chr6:93273487:T:C	6	93273487	0.338582915767003	0.173165758993281	0.0505531843512294
chr6:97788153:C:A	6	97788153	0.191378320297979	0.285002595733647	0.501904121310804
chr6:98771646:C:T	6	98771646	0.394879820446173	0.233919164093823	0.0913913128152188
chr6:104918249:A:G	6	104918249	0.0173387966108695	0.271911078111138	0.949156215017589
chr6:107129138:A:G	6	107129138	-0.131553117654048	0.342680991659768	0.701057141105404
chr6:112187089:T:C	6	112187089	0.0476512833407485	0.30439013543676	0.875602080294033
chr6:118046853:T:C	6	118046853	-0.0179537926280225	0.215320810199186	0.933548122470712
chr6:123103197:T:C	6	123103197	-0.466924368982096	0.597947930653492	0.434874267490609
chr6:127784009:G:A	6	127784009	-0.0341221479225719	0.199146501557049	0.863954904680955
chr6:129527930:G:A	6	129527930	-0.0436246139455102	0.273468600469085	0.873256601604909
chr6:137254996:T:C	6	137254996	-0.071907493381423	0.206875490664337	0.728149418711528
chr6:151547601:G:A	6	151547601	-0.130320487556215	0.168244024392253	0.438580743104008
chr6:152638179:C:T	6	152638179	-0.529894409223335	0.36611711861191	0.147802899747432
chr6:153842833:G:A	6	153842833	-0.177936389439643	0.369477565823256	0.6300978303925
chr6:160701242:A:G	6	160701242	-0.27568090728873	0.339740130203623	0.417109359195168
chr6:162760256:C:T	6	162760256	-0.333432368101276	0.574048064551174	0.56134560433765
chr6:163629327:G:A	6	163629327	0.00665125806802147	0.224123590251891	0.976324860575583
chr7:6986920:C:A	7	6986920	-0.121730470008854	0.386654584571896	0.752890718406321
chr7:7863676:G:A	7	7863676	-0.541714802436711	0.464224512390237	0.243240995303898
chr7:8111839:A:G	7	8111839	-0.288546379621848	0.306580474807937	0.346614348286912
chr7:9602661:C:A	7	9602661	0.0516645642603377	0.235611026056036	0.826432672870434
chr7:11334355:C:A	7	11334355	-0.181770208270073	0.390616726613714	0.641686856379323
chr7:12476280:G:A	7	12476280	-0.329501233007046	0.351663143964819	0.34876899151905
chr7:12972158:C:G	7	12972158	0.0293574891488195	0.28137493815313	0.916902840791636
chr7:20850990:A:T	7	20850990	-0.0454266536724422	0.367068243741212	0.90150899693981
chr7:22822020:C:A	7	22822020	0.348656273407111	0.245554559034151	0.15564467545421
chr7:24140802:T:C	7	24140802	0.0694894137195161	0.166574749883866	0.676556590127138
chr7:24278575:A:G	7	24278575	0.231524461733602	0.246512791376235	0.347628801875354
chr7:24620726:T:A	7	24620726	0.133638102171787	0.20438159934366	0.513198382231529
chr7:24740434:C:T	7	24740434	0.128391644850838	0.17839893543462	0.471716868443546
chr7:28505993:C:T	7	28505993	-0.293240680992838	0.250088514986354	0.240977284423748
chr7:36413989:G:A	7	36413989	0.121671844911629	0.317200101802381	0.701289228646225
chr7:43755241:C:T	7	43755241	0.207217288003114	0.33667251394725	0.538233676693292
chr7:44689517:A:G	7	44689517	-0.472655932651946	0.385222231222837	0.21983405054746
chr7:46192346:C:G	7	46192346	-0.210733523140609	0.313228998691863	0.50108865000199
chr7:48301675:T:C	7	48301675	-0.179439292674446	0.287947982860235	0.533175670206333
chr7:51890159:C:T	7	51890159	0.217617533681074	0.161070170561721	0.176672098939547
chr7:53046603:C:G	7	53046603	-0.311157995666322	0.440404507402989	0.479860016002224
chr7:55663907:C:A	7	55663907	0.141783834080151	0.248019171617816	0.567549075108633
chr7:56122201:A:G	7	56122201	-0.26562798825642	0.290025035991182	0.359730094065177
chr7:62910214:G:T	7	62910214	0.351921907969087	0.21564303857711	0.102686843411017
chr7:65406204:G:T	7	65406204	0.24815580708985	0.253987681600195	0.328549968482581
chr7:67766433:G:A	7	67766433	-0.137420534521433	0.187356009644696	0.463270119643827
chr7:68433432:T:C	7	68433432	0.0382061052265939	0.181066964798087	0.832883066714315
chr7:71020152:T:G	7	71020152	0.0123678921642269	0.267821970070995	0.963167159358738
chr7:71553830:T:C	7	71553830	0.158704525476215	0.211264120137554	0.452523987854405
chr7:78390279:T:G	7	78390279	-0.0916321751040144	0.234512268566113	0.695993050002741
chr7:83524616:A:T	7	83524616	-0.230927239326107	0.273150214011998	0.397875185617295
chr7:84786535:C:A	7	84786535	-0.185733153897739	0.294034351533746	0.527601479200398
chr7:86620755:G:A	7	86620755	-0.610210808330928	0.447673922944399	0.172860510895588
chr7:89207269:G:A	7	89207269	0.758158699701103	0.270060434167815	0.00499483300695447
chr7:91097147:A:G	7	91097147	-0.129689581340901	0.282985768419074	0.64674402244289
chr7:113434486:A:C	7	113434486	-0.259779291647996	0.23056335624773	0.259862815447708
chr7:113749820:G:A	7	113749820	0.182361379231577	0.320292434305641	0.56911253671346
chr7:117145973:C:G	7	117145973	-0.059561761203637	0.253581054279717	0.814299904391137
chr7:119808046:G:A	7	119808046	0.495635650903651	0.255856204188355	0.0527251928337688
chr7:124802410:A:T	7	124802410	0.166148486722734	0.24736152901761	0.501785647580907
chr7:131384702:T:A	7	131384702	0.373973773985624	0.273290032646831	0.171182676444164
chr7:136870573:G:A	7	136870573	0.339508561823817	0.248878831220524	0.172519723467065
chr7:142873374:T:C	7	142873374	-0.0862422279806954	0.290331112102024	0.766429990129262
chr7:145116884:A:G	7	145116884	0.000695806741049019	0.21736099795112	0.997445850391567
chr7:149242006:T:C	7	149242006	-0.0239550386111835	0.327074844009059	0.941614949022035
chr7:153502245:G:A	7	153502245	0.334975534438344	0.242329789467086	0.166875722245353
chr7:153952270:G:A	7	153952270	-0.051387804194009	0.179053425971415	0.774114582669235
chr7:154426289:T:C	7	154426289	-0.466506548795944	0.501391391273608	0.352151633238546
chr7:156975524:A:T	7	156975524	0.0122145447600578	0.212544052521563	0.954172159595098
chr7:157677820:C:T	7	157677820	-0.844583983201434	0.528059084166063	0.109729109842853
chr8:276778:A:T	8	276778	0.0265990896772294	0.157224270679757	0.865655623198383
chr8:1102873:G:T	8	1102873	0.528745510105178	0.284790500807924	0.063366351031616
chr8:8710521:T:C	8	8710521	0.177815062780212	0.227710616222237	0.434872051169667
chr8:9029509:T:C	8	9029509	0.112810398888649	0.28924713146321	0.69652627598383
chr8:9109096:A:G	8	9109096	0.0689552777751513	0.185096096756367	0.709492533585982
chr8:13032868:C:A	8	13032868	0.304090337721729	0.198549109257243	0.125630472624001
chr8:20741226:C:T	8	20741226	-0.105342345058053	0.305775066818621	0.730463325777557
chr8:25783762:T:C	8	25783762	0.120517992182785	0.200304654339364	0.547391527126949
chr8:27022227:G:T	8	27022227	0.337337764522612	0.237180530768303	0.154944200474514
chr8:28150898:A:G	8	28150898	0.0163652209282511	0.255741993206295	0.948977283980839
chr8:28528484:G:T	8	28528484	0.222079908837584	0.194935577591398	0.254599854538252
chr8:41788192:C:T	8	41788192	-0.0886360085237872	0.225117938585641	0.693779331980063
chr8:53142705:G:A	8	53142705	0.200361760791084	0.381670399816902	0.599610874574709
chr8:61304314:G:C	8	61304314	0.168259150114262	0.215286749097473	0.434474189470098
chr8:61926940:A:T	8	61926940	0.133846519397222	0.255380088773114	0.600204046002762
chr8:63445672:G:A	8	63445672	-0.141257761851323	0.24832989105099	0.569470775752215
chr8:65343369:C:A	8	65343369	-0.194034588752548	0.409899068704779	0.635948069163721
chr8:65418628:G:T	8	65418628	-0.193441453967762	0.186654246196499	0.300033076358599
chr8:71273350:T:A	8	71273350	-0.948656862466696	0.608962114489729	0.119274560241491
chr8:72033005:T:C	8	72033005	0.264484477786655	0.233442768816447	0.257225369470702
chr8:72065200:T:A	8	72065200	0.11934280925683	0.167161506980292	0.47526604637992
chr8:73211475:T:C	8	73211475	-0.134985145525302	0.169753442182212	0.426506736716159
chr8:86323708:T:C	8	86323708	0.220167939724219	0.177957150123679	0.216014189731834
chr8:89525432:A:G	8	89525432	-0.442061442998277	0.291547493690542	0.129453933685191
chr8:92001032:A:G	8	92001032	-0.311558154324789	0.369128808284445	0.398649059690018
chr8:92645879:A:G	8	92645879	0.353745011135785	0.243941646266619	0.14702465756123
chr8:95906161:G:A	8	95906161	0.301916698665432	0.170804936578886	0.0771259441723877
chr8:96365126:C:T	8	96365126	0.145007203651535	0.177337896230049	0.413534932831405
chr8:98002322:C:T	8	98002322	-0.24167376247863	0.203403693430909	0.234774968888694
chr8:106920372:G:A	8	106920372	-0.311069967322437	0.278440466036318	0.26391453383057
chr8:108142424:A:G	8	108142424	0.103221588957162	0.168246896451708	0.539537461616452
chr8:109421925:C:T	8	109421925	-0.165188543144698	0.172383698156144	0.337931257577373
chr8:116252872:C:T	8	116252872	0.0384673515948957	0.267193766008023	0.885525740155741
chr8:121384602:C:T	8	121384602	-0.173429369077425	0.322605887563303	0.590860841932597
chr8:127029052:C:T	8	127029052	0.177944035737528	0.205112799305445	0.385644929262735
chr8:128437247:A:G	8	128437247	-0.377140367476571	0.362937649579471	0.298743040487323
chr8:131315237:G:A	8	131315237	0.21864057289704	0.208820368489579	0.295087105881415
chr8:141605122:C:T	8	141605122	0.223488525855646	0.200949023345429	0.266067095150066
chr9:733358:A:C	9	733358	-0.0765329473883868	0.212593903444809	0.71885015114912
chr9:5461379:C:T	9	5461379	0.482952071276554	0.250894671761553	0.0542394174105013
chr9:11397008:T:G	9	11397008	0.110145983702475	0.26096585279744	0.67297357146859
chr9:11955148:T:G	9	11955148	0.290901278631089	0.212062261852861	0.170134124508599
chr9:12389360:A:G	9	12389360	0.179787246048103	0.221013865425638	0.415950981483195
chr9:12615226:G:C	9	12615226	-0.246140492801926	0.328288434493792	0.453393839436229
chr9:13820455:C:G	9	13820455	-0.29714450928586	0.29279427758089	0.310173693413129
chr9:14098421:G:A	9	14098421	0.0456207068716825	0.195658073645178	0.815632917185027
chr9:18952915:A:G	9	18952915	-0.105103854045363	0.246783055411752	0.670183813180842
chr9:29651949:A:G	9	29651949	0.0166126600244253	0.229800186340336	0.942369721742202
chr9:32058643:A:T	9	32058643	-0.0140286584288483	0.477839552410119	0.97657866083143
chr9:37013405:C:T	9	37013405	0.0791445148478741	0.0974583726219202	0.416742669377787
chr9:37992585:C:T	9	37992585	-0.0305320436581597	0.245712153567011	0.90110989580653
chr9:82773489:T:C	9	82773489	0.0640974786547019	0.301302827235645	0.831534127105745
chr9:89995415:A:G	9	89995415	-0.26815490675654	0.297139117957774	0.36681481529638
chr9:94568472:C:A	9	94568472	0.467857118118463	0.244312222655226	0.0554929150836456
chr9:96162075:C:T	9	96162075	-0.00685887989950933	0.173290836391387	0.968427841072963
chr9:100192956:A:G	9	100192956	0.174800070435442	0.368118419251281	0.634895752557613
chr9:100529836:G:C	9	100529836	0.0255170284388577	0.274314517929778	0.925886826803338
chr9:101460357:C:T	9	101460357	-0.118566608564858	0.295304819736467	0.688047742184452
chr9:107904127:G:A	9	107904127	-0.310428731557677	0.213367851988627	0.145697150664965
chr9:117420412:T:C	9	117420412	-0.721227395490562	0.382660396982343	0.0594606995921623
chr9:117972207:C:A	9	117972207	0.231878002919193	0.273927895321199	0.397277864710786
chr9:124044726:T:G	9	124044726	0.0574694480842975	0.207297644673387	0.78160231254634
chr9:125005426:C:T	9	125005426	0.319062751971686	0.218815708368246	0.144803450333751
chr9:129533341:A:G	9	129533341	-0.267615928979679	0.286516922944318	0.350287468617323
chr9:136630984:C:T	9	136630984	0.25085651528123	0.209910539794858	0.232062052132258
chr10:2050300:A:G	10	2050300	-0.219203669520147	0.232484819324678	0.345745843746944
chr10:3113976:C:T	10	3113976	-0.278673691015573	0.250574634471374	0.266078617666459
chr10:4591592:T:C	10	4591592	-0.0235929771991522	0.262382882594052	0.928352276726187
chr10:7462546:C:T	10	7462546	0.0868583570315404	0.197054057350469	0.659369078669801
chr10:7849544:T:G	10	7849544	-0.145558796561448	0.252829493049785	0.564804987251711
chr10:9367893:G:A	10	9367893	-0.249945898220208	0.22659012824617	0.26999461084185
chr10:10628189:C:T	10	10628189	-0.16905407220347	0.338147974781244	0.617116547758625
chr10:14014383:T:C	10	14014383	0.0924231644075231	0.192658465495683	0.63142264596531
chr10:16341555:C:T	10	16341555	-0.553852452911702	0.416066670103574	0.183135465130489
chr10:18075702:C:T	10	18075702	-0.016677554242944	0.475399794535956	0.972015061229513
chr10:27289376:T:C	10	27289376	-0.0410897317171824	0.228132487018793	0.857063495375758
chr10:27674317:A:G	10	27674317	0.110348129355654	0.231702526643298	0.633896893696198
chr10:28771902:G:A	10	28771902	-0.361235814245477	0.258171597835067	0.161750561173379
chr10:28891836:C:T	10	28891836	0.157913920015698	0.193835201070919	0.415254741126128
chr10:30622484:G:A	10	30622484	0.144986802052591	0.255065351766972	0.569743013568749
chr10:35177843:G:T	10	35177843	0.332227851528654	0.248174430348019	0.180672632262074
chr10:45036473:A:G	10	45036473	0.320649862747957	0.250494840327775	0.200522017026417
chr10:51560095:T:G	10	51560095	-0.215064484140295	0.386285974196492	0.577698660317672
chr10:54072488:A:G	10	54072488	0.0653858104921654	0.1099883886979	0.552191643019542
chr10:54082016:C:T	10	54082016	-0.025421042546875	0.175877829196865	0.885075594033183
chr10:55299918:G:C	10	55299918	-0.281945988790483	0.563970430025276	0.617124053185858
chr10:56747004:T:C	10	56747004	-0.622465078258166	0.408012864644156	0.127109113952548
chr10:57761967:T:C	10	57761967	-0.00851837474946923	0.396105935687901	0.98284258014255
chr10:69232402:C:A	10	69232402	-0.115017920257165	0.166491752009236	0.489670782658653
chr10:79437519:C:T	10	79437519	-0.207343080165761	0.345032492715147	0.547881390108387
chr10:82354363:C:G	10	82354363	0.351853800998286	0.207346354060185	0.0897084798067762
chr10:84591955:C:T	10	84591955	-0.403305321304689	0.41050549093208	0.325873163750849
chr10:84989741:G:A	10	84989741	0.176613239804163	0.216913338000297	0.415524048059933
chr10:91053424:A:C	10	91053424	-0.257356182703605	0.245945937934001	0.295379482798262
chr10:93612452:G:A	10	93612452	0.021912899905957	0.259823501896667	0.932787989844495
chr10:93671121:T:C	10	93671121	0.112690518894928	0.339195486834221	0.739716477602538
chr10:101249704:C:T	10	101249704	0.481249706893905	0.236050941467558	0.0414746252353909
chr10:102352980:T:C	10	102352980	0.0830555738222428	0.2495653046748	0.739284530980911
chr10:104637359:T:C	10	104637359	0.0622539276124609	0.371504035504775	0.866919463849405
chr10:108480456:T:C	10	108480456	0.0217102211238947	0.189951354277784	0.909005068156899
chr10:109264424:C:T	10	109264424	0.122308876682631	0.262660247899793	0.64146296120535
chr10:111352001:T:G	10	111352001	0.428936606762815	0.210596094635108	0.0416727155483597
chr10:118828443:C:T	10	118828443	-0.183994315639006	0.296636603321573	0.535081086115808
chr10:120152982:A:G	10	120152982	-0.251755482148672	0.354843579586671	0.478024806487535
chr10:121580593:A:G	10	121580593	-0.609687500064187	0.568967854145643	0.283914306651326
chr10:121611573:C:G	10	121611573	-0.223854467672113	0.34225022178631	0.513068844545694
chr10:121734173:T:C	10	121734173	-0.25033236627198	0.325443203156274	0.441771937845288
chr10:121910644:T:A	10	121910644	-0.0159940188413647	0.290405356085581	0.956078867041146
chr10:122561189:A:G	10	122561189	-0.438470201321552	0.318695554065	0.168874954075347
chr10:123750431:C:G	10	123750431	-0.197305604631033	0.396335611208752	0.618607697623955
chr10:127533155:T:C	10	127533155	-0.898067675275904	0.431325031770779	0.0373321029297435
chr10:129953349:A:G	10	129953349	0.166929490745929	0.25757301824881	0.516929269070963
chr10:131819683:A:G	10	131819683	0.299308929960209	0.225662309135058	0.184721259643151
chr10:131953941:A:C	10	131953941	0.52742293735676	0.255058337133683	0.0386539256762494
chr11:388357:C:T	11	388357	-0.20805588376844	0.361862340683772	0.565319261091422
chr11:2257707:C:T	11	2257707	-0.235816968827334	0.24873681159787	0.343099836696755
chr11:3623903:G:A	11	3623903	-0.289657560056638	0.249213495224919	0.245118979815469
chr11:5806222:C:T	11	5806222	0.0385630863202309	0.227525996887846	0.865412256791251
chr11:9789492:C:A	11	9789492	-0.208427573476575	0.253436259970374	0.410845702554707
chr11:14569664:T:G	11	14569664	-0.0756166158696554	0.354980871115805	0.831314459532021
chr11:36019710:C:A	11	36019710	-0.288204089517877	0.218807982623745	0.187786580597276
chr11:39635569:C:T	11	39635569	-0.031230479797091	0.420369055294834	0.940777243855657
chr11:40512905:C:G	11	40512905	0.131437245104428	0.464133152352131	0.777032221335571
chr11:42744986:A:G	11	42744986	-0.0227350723631592	0.19991639080911	0.90945745616415
chr11:43201079:C:T	11	43201079	-0.149497211226198	0.304975467051149	0.623996470414583
chr11:43982585:G:A	11	43982585	0.187454774251071	0.344375305768876	0.586212480137712
chr11:44330300:A:G	11	44330300	0.00589519967287872	0.223874210884072	0.978992018581208
chr11:49875094:A:G	11	49875094	0.126302454706339	0.210976454187817	0.549401878845774
chr11:50253126:G:T	11	50253126	-0.262490266750212	0.323443594862033	0.417050570619883
chr11:55906271:G:A	11	55906271	0.46535092935543	0.247699698317398	0.0602868433529428
chr11:57305789:G:A	11	57305789	-0.0671139794705829	0.292257447161222	0.818371576902972
chr11:58998793:A:C	11	58998793	-0.391967017117565	0.434593691411843	0.367101474966477
chr11:63184971:C:T	11	63184971	0.0262162498199273	0.300253061989172	0.930422047996061
chr11:70801858:T:C	11	70801858	-0.0125780800322891	0.222965391610799	0.955013038912239
chr11:71334794:T:G	11	71334794	0.0799504821098979	0.317579395195494	0.801234624873823
chr11:77208574:G:A	11	77208574	-0.371009845258173	0.279277956044546	0.184025891767898
chr11:77376654:A:G	11	77376654	0.0190215075221218	0.154941437919579	0.902292567511012
chr11:77897055:A:G	11	77897055	0.062138448380826	0.207549822872138	0.764642098319313
chr11:81783030:C:T	11	81783030	0.118577030805828	0.202655428852025	0.558469399685855
chr11:83962252:C:T	11	83962252	0.160528576018928	0.256204838778471	0.530945463035366
chr11:86328783:G:T	11	86328783	-0.300546449570978	0.271585943954264	0.268451866562449
chr11:93046218:A:C	11	93046218	0.275055495287838	0.302243580469598	0.362798366399748
chr11:100626548:G:A	11	100626548	-0.905249592400893	0.562004120635002	0.107233658433224
chr11:104129521:G:A	11	104129521	-0.37721051341347	0.548587654877356	0.491702822922424
chr11:108728662:A:G	11	108728662	0.268602792850076	0.27816982606772	0.334240760395517
chr11:110396347:G:A	11	110396347	0.261614373927922	0.220635104583541	0.235727669471812
chr11:115616504:A:T	11	115616504	0.13250460084664	0.308903492657492	0.667958557382643
chr11:119630310:G:A	11	119630310	-0.510588817857643	0.390513262173613	0.191049275596132
chr11:123267436:G:A	11	123267436	-0.267006574922884	0.278254186931023	0.337267684254936
chr11:125907492:T:C	11	125907492	0.242875784160826	0.209963655456891	0.247373881214924
chr11:126829359:G:A	11	126829359	0.616698065465621	0.301717019945527	0.0409573203234337
chr11:130290657:C:T	11	130290657	0.290007728107013	0.340593826659915	0.394504567533036
chr11:131355535:G:A	11	131355535	-0.33764816217222	0.217340490735567	0.120293064767498
chr11:133238417:A:G	11	133238417	-0.209409653093209	0.275382111648087	0.446995787066597
chr11:134309503:C:T	11	134309503	0.0532986381386125	0.346035929223288	0.877588988843532
chr12:5192681:C:T	12	5192681	-0.277439634783149	0.346407587491663	0.423186535114009
chr12:5448727:G:A	12	5448727	-0.0020829974712049	0.185708217983129	0.991050710130254
chr12:6639294:C:T	12	6639294	0.17946840458665	0.323558203227525	0.579119604640004
chr12:19523028:C:A	12	19523028	0.0838656861316133	0.203892379940553	0.680835488314729
chr12:20003679:T:A	12	20003679	0.270564568127907	0.306595880795264	0.37751758104791
chr12:21333090:G:A	12	21333090	0.249767065088446	0.281624668709918	0.375143933198492
chr12:25518059:A:T	12	25518059	-0.539274482481321	0.353502892963566	0.127130330796195
chr12:28965843:C:T	12	28965843	-0.224377001806176	0.21313653397493	0.292460929829062
chr12:32086665:A:C	12	32086665	-0.440122560262237	0.377295907406973	0.243404975759226
chr12:44631613:C:T	12	44631613	0.12661422655575	0.355460182451295	0.721692246462461
chr12:53646626:C:G	12	53646626	0.24554253479297	0.27490586963071	0.371756676758825
chr12:53680144:C:A	12	53680144	0.341201810983782	0.21370857242865	0.110360426293129
chr12:54366280:G:A	12	54366280	0.0163489643835828	0.164074156380723	0.920627158375758
chr12:55599330:T:C	12	55599330	0.466063167802901	0.276723478354823	0.0921391935809538
chr12:56675083:C:T	12	56675083	0.205378807448945	0.199146123397759	0.302401546319711
chr12:57436134:C:T	12	57436134	-0.101354445206299	0.408746054153572	0.804161998474013
chr12:58724212:C:T	12	58724212	-0.298778601725314	0.301905587021242	0.322348886094493
chr12:59048769:A:C	12	59048769	0.0477856790945491	0.203332815295513	0.814199314385677
chr12:59161225:G:A	12	59161225	-0.00355259364244457	0.289172981053467	0.990197948971436
chr12:59226687:C:T	12	59226687	-0.25187717378112	0.246039206424784	0.305963864113597
chr12:63113400:T:C	12	63113400	0.4647014476075	0.239748721989584	0.0525884125892874
chr12:64271340:C:T	12	64271340	0.363493812041839	0.23626864356934	0.123932091976301
chr12:64756705:C:T	12	64756705	-0.123907613770233	0.167320527993323	0.458972145735816
chr12:67050802:C:T	12	67050802	0.569404250100256	0.247154971961972	0.0212319132085664
chr12:73909094:G:A	12	73909094	-0.0949408664068021	0.26290228102836	0.71800520860252
chr12:81126959:G:A	12	81126959	-0.108547835534256	0.143608265485363	0.449732754463345
chr12:83608380:A:G	12	83608380	-0.0937332447444508	0.277511750324142	0.735541676677529
chr12:90727178:A:C	12	90727178	0.114055891171176	0.216042298090037	0.597545734636211
chr12:92596791:C:T	12	92596791	-0.115811211906558	0.46539589757255	0.803481063422914
chr12:95914573:A:T	12	95914573	0.345171603759164	0.208886899411721	0.0984463149806252
chr12:105967464:T:C	12	105967464	0.212227327336934	0.211769837172835	0.316266169771352
chr12:109533295:C:T	12	109533295	0.190883650241138	0.261670228515899	0.465707041302031
chr12:112209515:G:A	12	112209515	0.0357948686127752	0.220107689000885	0.870814218123589
chr12:125875525:T:C	12	125875525	-0.323899408556328	0.352715231775543	0.358460326764673
chr12:126449337:A:G	12	126449337	-0.207297414358647	0.119374473068672	0.0824700748588485
chr12:131091094:G:A	12	131091094	0.487010959211892	0.291045953412893	0.0942657069072994
chr12:132776953:G:A	12	132776953	0.226742321533975	0.234574302115333	0.333738062834141
chr13:19545220:A:G	13	19545220	0.0369855578303455	0.384908174983665	0.923449647836075
chr13:22977365:T:G	13	22977365	-0.0802752586237433	0.468920436188604	0.864073080569135
chr13:24330599:T:C	13	24330599	0.255110787612166	0.196024674560854	0.193114110793056
chr13:24623185:A:C	13	24623185	0.169196555162572	0.225144851434234	0.452351268210387
chr13:25202506:T:G	13	25202506	-0.388040749328776	0.338289458397849	0.251353839473563
chr13:26234118:A:T	13	26234118	0.202341647503403	0.262531803501644	0.440865833033461
chr13:26494236:G:A	13	26494236	0.0949462841466959	0.196281150984676	0.628580381578018
chr13:42909938:A:G	13	42909938	0.594678274513731	0.238723557182883	0.0127357248734292
chr13:45708351:G:A	13	45708351	-0.272849446840503	0.543227726140321	0.615474428059294
chr13:45809177:C:G	13	45809177	-0.277714549205064	0.176495701239772	0.115604971699262
chr13:50558767:A:T	13	50558767	-0.0515286299427669	0.435208771393155	0.905750887060611
chr13:58710908:G:A	13	58710908	-0.0801851481856378	0.165326307407714	0.627668240164299
chr13:58934154:C:T	13	58934154	-0.11696135739804	0.181952807748786	0.520346419723968
chr13:70397215:T:C	13	70397215	-0.142445890703455	0.324530334668351	0.660712725139139
chr13:86776101:G:A	13	86776101	0.485965835717785	0.243885565535229	0.0463055088180374
chr13:91472230:T:C	13	91472230	-0.287081054547048	0.369928666138469	0.437722794849169
chr13:93235990:C:T	13	93235990	0.419163117645304	0.242506841997403	0.0839059773807905
chr13:96765286:G:A	13	96765286	0.141915444898692	0.194830732419369	0.466366440789862
chr13:102180181:A:G	13	102180181	-0.191140286098112	0.227070784660838	0.399919390620322
chr13:106009559:G:C	13	106009559	0.277074142638561	0.232739863876541	0.233854428415633
chr13:106084136:A:G	13	106084136	0.519597417089068	0.232638810999572	0.0255163774699747
chr13:112716578:T:C	13	112716578	-0.0841251406959522	0.351151456644941	0.810664096076465
chr14:21167555:A:G	14	21167555	-0.308775343356358	0.390035550533425	0.42855925155295
chr14:26929954:A:G	14	26929954	0.162737709110815	0.19349354721594	0.400320036436254
chr14:27823594:G:A	14	27823594	-0.0138478748159483	0.304095593190243	0.963678566117619
chr14:34182794:A:C	14	34182794	-0.592564253626337	0.493153672413083	0.229525772246128
chr14:38216062:T:A	14	38216062	-0.16826289238896	0.205333837999198	0.41252394375603
chr14:39925237:C:T	14	39925237	0.0336511818515425	0.335841794894652	0.920185938412327
chr14:44446011:A:G	14	44446011	-0.0598021174247266	0.363144217109555	0.869196883354326
chr14:51426205:T:C	14	51426205	-0.208650924908205	0.348490822430377	0.549354833850781
chr14:52881822:T:G	14	52881822	0.0458195344562424	0.245762942105288	0.852101349161581
chr14:53358297:A:G	14	53358297	0.318351599604673	0.236790711754759	0.178805197667395
chr14:56254615:G:A	14	56254615	0.164315046950775	0.242866660736958	0.498682084483311
chr14:57978070:T:C	14	57978070	0.451353758852571	0.226925628151367	0.0467018428523509
chr14:62445185:T:C	14	62445185	-0.318011014888455	0.356004423399319	0.37170817269367
chr14:67518615:G:A	14	67518615	0.255494556075566	0.239653035952821	0.286377582516639
chr14:68863518:T:G	14	68863518	-0.453195077472595	0.229205186540693	0.0480138109675824
chr14:77734277:G:A	14	77734277	-0.0607617717605092	0.33054934887892	0.854154213748192
chr14:84531019:T:G	14	84531019	-0.204961883440959	0.250659004376884	0.413533032193036
chr14:90804831:C:G	14	90804831	0.0132086024248001	0.245959507422577	0.957172314132439
chr14:91397629:G:T	14	91397629	-0.184073516035101	0.44021777648273	0.67584334102303
chr14:91961156:T:C	14	91961156	-0.0675028212552253	0.288100098987788	0.814749477492337
chr14:92998270:C:G	14	92998270	0.559659945585096	0.299709509001386	0.0618539407731666
chr14:98340169:A:G	14	98340169	0.378852317863475	0.275876388765164	0.169668932800837
chr14:100721312:C:T	14	100721312	-0.244174278287239	0.326937686209354	0.455152508665392
chr15:24165057:A:G	15	24165057	0.229805930673145	0.199986072780806	0.250510760309488
chr15:26353849:A:G	15	26353849	-0.28421548771103	0.255085013599291	0.265193789635143
chr15:34880184:A:T	15	34880184	0.370088836503413	0.208843100982793	0.0763795664526317
chr15:37080410:C:T	15	37080410	0.638604079106525	0.324184259894971	0.0488521289057526
chr15:55712443:A:G	15	55712443	0.278817200487606	0.23361404702921	0.232675563445026
chr15:57522102:A:T	15	57522102	-0.0296841738666152	0.345026660382207	0.931439043342525
chr15:69786285:T:C	15	69786285	0.182578028818846	0.252366434746931	0.469394867473187
chr15:71331250:T:C	15	71331250	-0.569273311343646	0.338553247791069	0.092668115021412
chr15:77734259:G:A	15	77734259	-0.347763367033875	0.301113531252928	0.248121382905107
chr15:79750604:G:T	15	79750604	0.241261168401529	0.318287970237951	0.448453076198222
chr15:81697597:G:A	15	81697597	-0.221521893792164	0.39828997382695	0.578086134832373
chr15:87989871:C:T	15	87989871	0.109439804991958	0.239738072220015	0.648032345031912
chr15:88891382:T:C	15	88891382	0.0250838314607589	0.268436977567235	0.925550817143683
chr15:94791129:A:G	15	94791129	-0.0273878401872872	0.391103262388334	0.944172063601707
chr15:100978492:T:G	15	100978492	0.105845038618128	0.331563592917321	0.749552125773191
chr16:2671727:C:T	16	2671727	-0.0653994740479724	0.366332240208396	0.858310666097536
chr16:4957642:T:C	16	4957642	0.0689634727987418	0.248693182960152	0.78154712559219
chr16:5884026:G:T	16	5884026	0.163471837272962	0.231216902362985	0.479562480383759
chr16:6848656:G:A	16	6848656	-0.0420437491384827	0.305410444932628	0.890506682267861
chr16:7909855:G:A	16	7909855	0.119503348556663	0.198603139957817	0.547360979951902
chr16:8273542:C:G	16	8273542	0.300257421359776	0.22133673587815	0.174919824907232
chr16:12394716:C:T	16	12394716	-0.088096740094954	0.253867466589865	0.72857732380913
chr16:17779668:G:A	16	17779668	-0.699497995948001	0.31351729362884	0.0256724859926514
chr16:31127124:G:A	16	31127124	0.0215239611951197	0.197996613802663	0.913433514295294
chr16:56688556:C:T	16	56688556	-0.0711084488980032	0.372861168308831	0.848752602967104
chr16:60324635:A:C	16	60324635	0.185404541704218	0.255836607402682	0.468636689185211
chr16:60499572:C:T	16	60499572	0.184763051714505	0.280889759759759	0.510680913524532
chr16:62273123:C:T	16	62273123	0.130779901576087	0.110486960939615	0.236544433884305
chr16:65972427:C:T	16	65972427	-0.0103074674155004	0.29948044153753	0.972543964305056
chr16:69246420:T:C	16	69246420	-0.0610613838241278	0.320667491390465	0.848980319597624
chr16:71908403:G:A	16	71908403	-0.404035405831192	0.25160585587128	0.10831198840815
chr16:72103328:C:A	16	72103328	-0.254670390434429	0.21446011412007	0.235032285707953
chr16:79886631:C:T	16	79886631	-0.153935422706131	0.240468564553895	0.522076515152753
chr16:81396153:C:A	16	81396153	0.0283877806978075	0.210753104917976	0.892851558810815
chr16:82294878:C:G	16	82294878	0.197207349952885	0.347452106380445	0.570319245779363
chr16:82421890:A:G	16	82421890	-0.150728342483956	0.284647621877838	0.596440550052971
chr16:83827178:T:C	16	83827178	-0.0419131636580413	0.28795999416207	0.884275033741091
chr16:89331863:A:T	16	89331863	0.335823415600422	0.305109667575673	0.271042650940596
chr16:89337630:T:C	16	89337630	0.211154213082487	0.254816673847211	0.407301650440724
chr16:89479873:T:G	16	89479873	-0.203469304573491	0.197341688824193	0.302517001777992
chr16:90035976:C:A	16	90035976	-0.54167094727047	0.386533130262217	0.161107313506445
chr17:2489248:C:G	17	2489248	0.0984596906150604	0.24869107804107	0.692170219524342
chr17:6949267:T:C	17	6949267	0.158708179945439	0.330789135970887	0.631379174159443
chr17:7929448:A:G	17	7929448	-0.27825257477485	0.162960361180448	0.0877317127480713
chr17:12174148:T:C	17	12174148	-0.457125817747852	0.438467558197114	0.297155208642238
chr17:15219976:C:T	17	15219976	0.136152730707707	0.24642190523715	0.580592970525289
chr17:16482403:T:A	17	16482403	0.284665527023255	0.209063205169128	0.173316502577605
chr17:18684803:A:G	17	18684803	0.301748427320771	0.209158563812593	0.149111241455436
chr17:20040710:T:C	17	20040710	0.22259423425906	0.208132437699143	0.284851802905439
chr17:21275023:A:C	17	21275023	-0.369836269308895	0.281976266169565	0.189659684153405
chr17:31554254:C:T	17	31554254	-0.128499061309386	0.258032409829523	0.618486988967249
chr17:33472425:T:G	17	33472425	-0.254945456397132	0.206464441447709	0.216899242465632
chr17:44156671:T:A	17	44156671	0.000336275263130878	0.250626775797781	0.998929448941464
chr17:45754773:C:T	17	45754773	-0.0290066686286913	0.20639413580843	0.888233209859745
chr17:48779278:C:T	17	48779278	-0.383975171343693	0.322386179531033	0.2336374730975
chr17:52703044:C:G	17	52703044	0.403846991778297	0.236560222451569	0.0877916557805735
chr17:53282498:G:T	17	53282498	0.0856232847070499	0.148523314459071	0.564279117371834
chr17:58411807:C:T	17	58411807	0.146422589600883	0.258585572070668	0.571227762726055
chr17:61409438:A:G	17	61409438	-0.21479842217757	0.263356995973059	0.414719268564693
chr17:66262233:G:T	17	66262233	0.108366632696936	0.279232944571726	0.697951766125673
chr17:66751216:C:T	17	66751216	0.148016689635083	0.176302738966947	0.401155255213507
chr17:66971178:A:G	17	66971178	-0.391251395398126	0.321508538457921	0.223633205763531
chr17:68771033:G:A	17	68771033	-0.502281598347812	0.389076253538358	0.196717799409589
chr17:69081332:C:T	17	69081332	0.356315139627875	0.214478783446048	0.0966517717937352
chr17:69213412:T:C	17	69213412	-0.204701525746701	0.262389335734332	0.435305985929184
chr17:72829246:G:A	17	72829246	-0.0361189873334274	0.228939805649794	0.874640950354283
chr17:73506492:C:T	17	73506492	0.252387294530898	0.307605991110201	0.411937466992505
chr17:77625920:A:T	17	77625920	0.109996410635574	0.295805080944974	0.710001283705482
chr18:1137045:A:T	18	1137045	-0.465998630822942	0.250005655737546	0.0623283954404932
chr18:4080016:T:A	18	4080016	-0.16685072449532	0.339905022685118	0.623515179437012
chr18:8920896:G:C	18	8920896	-0.252316229204251	0.288724539751498	0.382172990277077
chr18:9609299:C:T	18	9609299	0.107811049833985	0.201639978813297	0.592877375660052
chr18:10572326:C:T	18	10572326	0.172292428033194	0.176025013493251	0.327681210676175
chr18:11017906:C:T	18	11017906	-0.51441808835727	0.271967772897889	0.0585620218862218
chr18:14686017:A:G	18	14686017	-0.016849626840508	0.26398475055944	0.949107158256084
chr18:14895123:C:T	18	14895123	0.507307152887425	0.254212193734327	0.045976922857725
chr18:30059135:A:G	18	30059135	0.167978044967551	0.197103957915677	0.394086057881622
chr18:32490781:T:C	18	32490781	0.0334255062696946	0.202692767138293	0.86901698800769
chr18:36255061:C:A	18	36255061	-0.201385922387286	0.243998980698663	0.409169740759089
chr18:42762909:A:C	18	42762909	0.13960078282866	0.205336066740064	0.49659001333458
chr18:43928870:G:A	18	43928870	-0.0708484482972711	0.369714767576176	0.848032025746213
chr18:45461168:C:T	18	45461168	0.373312075422479	0.241339496429604	0.121903342457844
chr18:49146783:T:G	18	49146783	-0.334712525802202	0.277302549932144	0.227420550546625
chr18:49872731:C:G	18	49872731	-0.407790223572748	0.475564650312617	0.391176123591843
chr18:50485733:T:C	18	50485733	0.372705495711552	0.252465825345613	0.13987379280406
chr18:58120958:C:T	18	58120958	-0.0545347127621189	0.380993096043474	0.886180939339528
chr18:59256389:C:T	18	59256389	-0.380571086698594	0.251726059627435	0.130572993178062
chr18:62998306:G:A	18	62998306	-0.0899265158034195	0.314248598353351	0.774752807795635
chr18:66103927:C:T	18	66103927	0.0101401924654715	0.221998467524701	0.963567809236236
chr18:66206557:C:T	18	66206557	-0.390849631456629	0.321661098395497	0.224328865547874
chr18:68001558:G:A	18	68001558	0.109778455165491	0.220437755241727	0.618482593574809
chr18:71730181:C:T	18	71730181	-0.107021049780132	0.366943420083106	0.770550071577125
chr18:72912108:T:C	18	72912108	0.409899591094425	0.303634318698637	0.177023102381552
chr18:73248491:G:A	18	73248491	0.0117384952752799	0.340410717095961	0.972491734749153
chr19:2907557:G:A	19	2907557	-0.570077603039742	0.31777419661361	0.0728178430259907
chr19:17584922:G:A	19	17584922	-0.244417644294268	0.286219143642713	0.393131132402674
chr19:18704666:C:T	19	18704666	0.572429218628325	0.295249054144763	0.0525255507224691
chr19:18737022:C:T	19	18737022	0.0460964513236155	0.450895580958775	0.918571658368811
chr19:18805179:A:G	19	18805179	-0.230040467263128	0.220762502183903	0.297399204436093
chr19:21560366:G:T	19	21560366	0.268366897088504	0.231451056229417	0.246253497189232
chr19:21659434:G:C	19	21659434	0.617243701797897	0.267241107155707	0.0209054080455719
chr19:33474662:T:C	19	33474662	-0.340482463745794	0.257314259812297	0.185763404000696
chr19:37956680:C:T	19	37956680	0.109780329287556	0.261888966778749	0.6750798098684
chr19:38120117:A:T	19	38120117	0.112218700751646	0.357144671106399	0.753360966239406
chr19:44380983:T:C	19	44380983	-0.0308446150757006	0.248812611635214	0.901341206202952
chr19:44819986:A:G	19	44819986	0.0380745838457264	0.251844917609308	0.879831630595034
chr19:48685001:C:T	19	48685001	-0.34467714848677	0.332390862340909	0.299752929060612
chr19:51552139:T:A	19	51552139	-0.0289370275719067	0.363872360532137	0.93661487674092
chr19:52714810:C:T	19	52714810	-0.0843383027923631	0.23712534544686	0.722087931719245
chr19:53330671:T:C	19	53330671	0.179440727132235	0.22899480004955	0.433273825891456
chr19:54944544:G:A	19	54944544	0.506256648621471	0.288125761110468	0.0789061638403227
chr19:57195010:G:C	19	57195010	0.284356821987654	0.243895548873088	0.243656534337435
chr20:1709120:A:G	20	1709120	0.275070803770106	0.233135062083908	0.238048957715646
chr20:1735934:T:G	20	1735934	0.0442512701535267	0.211775072657812	0.834484068862614
chr20:1906500:G:T	20	1906500	0.0798847563755938	0.286761023158341	0.780570185995979
chr20:3649460:G:A	20	3649460	0.126075388144352	0.342638675424148	0.712907279681997
chr20:5407753:C:T	20	5407753	-0.327695575177752	0.454784359122632	0.471185471868997
chr20:5860313:T:C	20	5860313	-0.253909086733922	0.24016650986808	0.290410720750899
chr20:7000966:A:C	20	7000966	-0.234732537932499	0.38345991370123	0.540442742868015
chr20:12129436:G:A	20	12129436	0.117642558887293	0.284722539061981	0.679472423898852
chr20:31347432:T:C	20	31347432	-0.120530936955476	0.307640598191659	0.695212358819835
chr20:37593342:C:T	20	37593342	0.392287851362408	0.209198655548342	0.0607661788902212
chr20:38200488:G:A	20	38200488	-0.224249853040128	0.194622670917938	0.249227052296457
chr20:38350608:A:G	20	38350608	-0.375849805782603	0.291690923528812	0.197564752619809
chr20:45729681:A:G	20	45729681	0.0153457713861704	0.117831988634852	0.896381025766612
chr20:48501317:C:T	20	48501317	0.0280114804898474	0.229681696620282	0.902932418508622
chr20:49036824:T:G	20	49036824	0.0710712149220835	0.202269697660888	0.725311856696872
chr20:50371082:C:T	20	50371082	-0.123725616609014	0.285508221269949	0.664758918871679
chr20:52513956:G:A	20	52513956	0.289006146600806	0.270654508440311	0.285608633526539
chr20:54253971:A:G	20	54253971	0.337652611968804	0.254704745818511	0.184951407457494
chr20:58480201:T:G	20	58480201	0.174704038889245	0.19673560144099	0.37453302782544
chr20:60073360:C:T	20	60073360	-0.133207284160181	0.277433925712334	0.631127439602948
chr21:15297615:T:C	21	15297615	-0.0693199614433393	0.241446984570131	0.774034064565133
chr21:24026351:C:T	21	24026351	0.212249209258602	0.276794830040196	0.443194134069067
chr21:26647335:G:C	21	26647335	-0.308052489067775	0.143135016432008	0.031383087036792
chr21:28043199:C:G	21	28043199	-0.209839699973192	0.467968047088461	0.653860181753867
chr21:31885030:A:G	21	31885030	-0.040173760670889	0.198117718699996	0.839309162101971
chr21:35502622:A:T	21	35502622	-0.275005726286603	0.365677248324515	0.452024030328133
chr21:36306638:T:G	21	36306638	0.0316716728372308	0.206426726783666	0.878060639421665
chr21:41442549:G:A	21	41442549	-0.0803748730592043	0.246144566669707	0.744019437882541
chr22:20147688:T:C	22	20147688	0.103701078256077	0.255508055290681	0.684843805010835
chr22:23891985:A:G	22	23891985	-0.464761860257807	0.273316542279628	0.0890458007527701
chr22:24245985:G:T	22	24245985	0.0868634678046858	0.247604494440691	0.725726848993351
chr22:30662128:G:A	22	30662128	-0.0381486575546404	0.400925924988263	0.924194582849764
chr22:36977479:G:A	22	36977479	-0.182921177594109	0.27465698311063	0.505411968811783
chr22:42475109:T:G	22	42475109	-0.283559498126915	0.332565233484651	0.393857176153605
chr22:44719519:A:G	22	44719519	0.0616462135109636	0.193323906728485	0.749821095654143
chr22:45210278:T:C	22	45210278	0.0977457452833745	0.225752286625954	0.66503084358993
chr22:49668266:A:G	22	49668266	-0.315174077074867	0.38846290892942	0.41717254297138
