SNP	CHR	POS	est	stderr	pval
chr1:1837340:C:T	1	1837340	-0.934007637724332	0.318316400380062	0.00334396277467519
chr1:2261200:G:C	1	2261200	0.097232050754885	0.139708986198705	0.486453052212637
chr1:14678191:A:C	1	14678191	-0.0658375608547418	0.149578230653309	0.659825068466308
chr1:14985097:C:T	1	14985097	0.0208551160246141	0.163435629025776	0.898461997362905
chr1:15065941:C:T	1	15065941	0.109844901330748	0.196060781214558	0.575302496223913
chr1:20215506:G:C	1	20215506	0.146162229132552	0.180219822285693	0.417353073766469
chr1:20533654:G:C	1	20533654	0.154350242257447	0.191512269351705	0.420268883173252
chr1:22009627:T:C	1	22009627	0.197585578476056	0.165438730731153	0.232355668524658
chr1:22126221:C:T	1	22126221	0.0138769248607482	0.150447913072675	0.926509421017449
chr1:23180575:A:G	1	23180575	0.148164214693066	0.148790913447412	0.319353134021255
chr1:26058659:G:C	1	26058659	-0.10421786356396	0.173256975085289	0.547492434698935
chr1:26181362:A:G	1	26181362	0.219761007388297	0.128198532909833	0.0864875868691878
chr1:26848285:C:T	1	26848285	0.0319191446722541	0.353426052567013	0.928038090579336
chr1:28670719:C:T	1	28670719	-0.086605020115043	0.134212260566429	0.518743179822714
chr1:29753056:A:C	1	29753056	-0.0790561771660607	0.164894230700311	0.631628717570277
chr1:29908726:A:G	1	29908726	0.100401358482098	0.265378288318877	0.705183248942146
chr1:31886486:G:T	1	31886486	0.0885873993917505	0.173626978580636	0.609899591757135
chr1:37838865:C:T	1	37838865	-0.0785186333720791	0.162407204447422	0.628763707125573
chr1:39880059:T:C	1	39880059	-0.0234949080627236	0.154989407449769	0.879509996470447
chr1:41175014:G:A	1	41175014	0.52352409150103	0.285064071111115	0.0662817076738709
chr1:41597921:C:T	1	41597921	0.371875018757461	0.223598637757283	0.0962851482083995
chr1:42635725:A:G	1	42635725	0.438354632168223	0.227113605005323	0.0535929958461133
chr1:43202709:G:A	1	43202709	-0.286559793871423	0.19042511183624	0.132364584343464
chr1:47498869:G:A	1	47498869	-0.323865050339827	0.222089491196336	0.144767862814867
chr1:51034150:G:A	1	51034150	0.260436602338191	0.147615113307794	0.077682329903785
chr1:54900240:G:A	1	54900240	-0.0454282279197715	0.155506152944486	0.770186170612179
chr1:55459433:C:T	1	55459433	-0.331094268491255	0.3796962193597	0.383209576957357
chr1:56563907:C:T	1	56563907	0.0672694238010891	0.202767149282201	0.74007274613098
chr1:65351414:T:A	1	65351414	0.192928152323213	0.133280324104291	0.147746682606076
chr1:66254178:T:A	1	66254178	-0.0366452652919895	0.34339900615683	0.915016375242941
chr1:73302339:T:C	1	73302339	-0.435108280952117	0.169688088673121	0.0103424324436492
chr1:73563666:T:C	1	73563666	0.208533816262034	0.175392365014796	0.23445695591521
chr1:76062379:T:C	1	76062379	0.109393467858894	0.17073041288486	0.521692903431494
chr1:86928231:G:T	1	86928231	0.180485808927725	0.169957767486951	0.288260634418042
chr1:88611347:G:A	1	88611347	-0.112283196509981	0.194606535193474	0.56395602849809
chr1:91057167:C:A	1	91057167	-0.195338918208163	0.25805095140826	0.449062984605676
chr1:91093925:G:A	1	91093925	0.24430697838054	0.156549821670421	0.11862520679612
chr1:92475800:A:G	1	92475800	0.101144708569495	0.17409187620466	0.561250795895523
chr1:94752415:G:A	1	94752415	-0.00756682571089663	0.1427828278082	0.957735613914686
chr1:95614324:G:A	1	95614324	-0.0289889339895254	0.156055208567573	0.852632378637296
chr1:99691102:T:C	1	99691102	-0.0919585074376158	0.213610814687489	0.666835195287872
chr1:104937367:T:A	1	104937367	-0.129121203480411	0.174404843371662	0.459085639994131
chr1:115841221:A:T	1	115841221	0.417372198067376	0.292590571771817	0.153732202779163
chr1:153704237:C:A	1	153704237	-0.0584076644643441	0.14332583670264	0.683628569750097
chr1:155857667:G:T	1	155857667	0.171137481706055	0.290219044863218	0.555402629227731
chr1:157334223:T:C	1	157334223	0.132086222794425	0.174557765992559	0.44923524047697
chr1:159540226:C:T	1	159540226	-0.332933541892835	0.176055764901314	0.0586151775521188
chr1:165647351:T:C	1	165647351	0.0125528169958824	0.180150215137594	0.944448581661212
chr1:167545338:A:T	1	167545338	0.314991559567388	0.190989198464802	0.09909361491242
chr1:168863629:G:A	1	168863629	-0.00976435224961422	0.159513845548012	0.951189420766098
chr1:171350391:G:A	1	171350391	0.0511386920530598	0.151914924219009	0.736397966595252
chr1:173013575:C:G	1	173013575	-0.147992306432683	0.143166045811686	0.301271321604937
chr1:178947344:C:A	1	178947344	0.194299626140461	0.186865097255819	0.2984395483979
chr1:182872646:T:G	1	182872646	-0.782203870728624	0.810012609698162	0.334209957454624
chr1:185127444:C:G	1	185127444	-0.0133521321955106	0.151245555698807	0.929653217389862
chr1:185619557:C:T	1	185619557	0.266463848818091	0.25142973352683	0.28923809936662
chr1:186638909:G:T	1	186638909	0.0590823417047288	0.143436213941225	0.680407788509685
chr1:188272062:T:C	1	188272062	-0.00117863465009383	0.1653419543219	0.994312354480615
chr1:193365737:C:T	1	193365737	-0.17005482338357	0.192973399390781	0.37819089215487
chr1:193791070:G:T	1	193791070	-0.228778363206822	0.390644288649155	0.558114981069722
chr1:195033388:T:C	1	195033388	-0.0874690944636971	0.244409018739346	0.720433134286401
chr1:195907914:A:G	1	195907914	-0.301893976469457	0.208394639739843	0.147431218680527
chr1:196692375:G:C	1	196692375	0.11335508912371	0.201427486995819	0.573599144578251
chr1:197559019:A:G	1	197559019	-0.172582610314699	0.167122706123034	0.301758342355713
chr1:199160726:G:A	1	199160726	-0.0276486708283932	0.196402077721613	0.88804701634125
chr1:204277152:T:C	1	204277152	-0.456199133892077	0.279893730248256	0.103122374655183
chr1:207498131:C:T	1	207498131	0.268242890809202	0.18148569044229	0.139397395217704
chr1:208744577:C:T	1	208744577	0.440668495012024	0.279140527137548	0.114413644675833
chr1:210496535:G:A	1	210496535	-0.477127525227631	0.208178359776105	0.0219104321421589
chr1:212937214:T:G	1	212937214	0.0347058882507509	0.178827401130963	0.846117330046748
chr1:219750864:A:G	1	219750864	0.11085190289879	0.148148533125082	0.454310342005806
chr1:221920463:G:A	1	221920463	-0.1017206635681	0.258517679746175	0.693967486756937
chr1:227462684:A:G	1	227462684	0.349335080194042	0.20431343439829	0.0873028901333532
chr1:234456961:G:A	1	234456961	0.0766064064837454	0.177440901120173	0.665938290588936
chr1:237308322:A:G	1	237308322	-0.243342957128649	0.201435727287823	0.227030843479798
chr1:239000642:T:C	1	239000642	0.165158081358595	0.357818686719777	0.644390293337933
chr1:242239801:C:T	1	242239801	0.407633979486558	0.372775157904136	0.274169215008448
chr1:244583991:C:T	1	244583991	0.235067677335502	0.196126237563224	0.23070182881442
chr1:246213578:G:A	1	246213578	0.283136733840444	0.192596543947965	0.141533892604205
chr1:247190028:T:C	1	247190028	0.40154258560902	0.170513981384704	0.0185279216996584
chr1:247897239:C:T	1	247897239	-0.0172100655285764	0.222675184548846	0.938394630361275
chr2:3248328:A:G	2	3248328	-0.236424655870241	0.193672719727565	0.222183265194736
chr2:4505759:T:G	2	4505759	-0.412168334050968	0.279601808067614	0.140447631629539
chr2:6804400:G:A	2	6804400	-0.0158484325250895	0.212083375248907	0.94043163167159
chr2:9411790:A:C	2	9411790	-0.144933685241144	0.192318127347035	0.451080872862715
chr2:12096367:C:T	2	12096367	0.0786227642364053	0.202617636034411	0.69799002372129
chr2:13545005:C:T	2	13545005	0.00139783240958263	0.120398965269775	0.990736765549575
chr2:16009716:A:G	2	16009716	-0.143313230908285	0.147683265793054	0.331842459781813
chr2:16367899:A:T	2	16367899	0.0778191924248024	0.165690302484012	0.638593271141836
chr2:17630111:A:C	2	17630111	-0.0101495554997972	0.145502897786763	0.944388659952495
chr2:17928966:C:G	2	17928966	-0.0918921186672923	0.249583143602989	0.712737239197707
chr2:18261494:A:T	2	18261494	-0.125907751830195	0.175094851098991	0.472089707163386
chr2:19530615:T:C	2	19530615	-0.189823522054635	0.211880708135557	0.370307193540964
chr2:19562158:T:C	2	19562158	-0.0865847929107036	0.179767915164426	0.630056274234498
chr2:27383116:G:A	2	27383116	-0.0762651674438309	0.13250554814775	0.564911225607771
chr2:37762298:C:T	2	37762298	0.323747233094618	0.184920757319286	0.079991575971548
chr2:42010994:T:A	2	42010994	0.0415340271948916	0.155972030261369	0.790014712452525
chr2:45824390:C:G	2	45824390	0.0776949475813059	0.195938580810386	0.691716256191326
chr2:46742820:T:C	2	46742820	-0.103105001705724	0.259606865457623	0.691250786283476
chr2:49789441:T:C	2	49789441	-0.0119881926869386	0.181757541429516	0.94741201378631
chr2:49994518:G:A	2	49994518	-0.170267964860129	0.187637056001413	0.364178123679051
chr2:51284042:G:A	2	51284042	-0.153829765043499	0.213886690019771	0.472010620874442
chr2:51344078:G:A	2	51344078	-0.147009032583941	0.136229862474931	0.280532066021592
chr2:57278002:C:A	2	57278002	0.266242688360554	0.153783771685696	0.0834019293967498
chr2:57368273:A:G	2	57368273	0.0450433725024122	0.192854632431117	0.815325599707475
chr2:60075157:T:C	2	60075157	0.132119543250473	0.223291141683323	0.55405697144039
chr2:60373837:A:G	2	60373837	-0.606839001567065	0.417286336969615	0.145876777420817
chr2:61147014:T:C	2	61147014	-0.0699290730825425	0.171515207037647	0.683483992031275
chr2:61693274:A:G	2	61693274	-0.216291319727723	0.172919025943811	0.210998586857437
chr2:65295480:C:T	2	65295480	0.0805286795983304	0.202223251995842	0.690470444090686
chr2:66031496:T:C	2	66031496	0.0366152609367382	0.148356413038148	0.805058324736463
chr2:69165635:T:C	2	69165635	-0.0513911956179559	0.247148792011146	0.835278736063154
chr2:71204755:G:A	2	71204755	0.264917259829791	0.227432579928796	0.244093210672173
chr2:72022684:A:G	2	72022684	0.306524408005453	0.268521200015971	0.253650360446423
chr2:76651386:C:A	2	76651386	0.141479911133596	0.175000363158645	0.418828725681562
chr2:79784490:C:G	2	79784490	-0.00835473786902081	0.277658548477794	0.975995298526475
chr2:82619301:T:C	2	82619301	0.184557228968586	0.207570170776637	0.373932277775216
chr2:83181917:T:C	2	83181917	0.14382375921375	0.212140554072815	0.49779421844254
chr2:83400799:T:A	2	83400799	0.379044990839183	0.232637831286562	0.103242093411397
chr2:85744328:G:A	2	85744328	0.0939933180913698	0.21372320066245	0.660089239222372
chr2:85757440:T:A	2	85757440	-0.00506641132121695	0.22786444170618	0.982261039523556
chr2:99811694:T:C	2	99811694	0.00354341203153894	0.179113884145871	0.984216470084124
chr2:101228073:A:C	2	101228073	0.0267944451646227	0.148291874493548	0.856613097973986
chr2:106861882:T:C	2	106861882	0.215796462110835	0.229324159074166	0.346699432522742
chr2:108083619:T:C	2	108083619	-0.221983883780225	0.188988597426411	0.240159279169816
chr2:114129906:T:C	2	114129906	0.103420280534732	0.158049002810189	0.512882608403369
chr2:118004610:C:T	2	118004610	-0.187141605115736	0.159902339366132	0.24186039413602
chr2:119455921:A:G	2	119455921	-0.0320833934014925	0.158426974614641	0.839516330497934
chr2:120644763:G:A	2	120644763	0.113907637949164	0.160718000444379	0.478484438277648
chr2:120916837:A:G	2	120916837	0.00421877609686549	0.18361380152162	0.981669133033044
chr2:122628686:C:A	2	122628686	0.159603012830444	0.231620330726095	0.490778154105175
chr2:122629789:A:C	2	122629789	0.117045654911205	0.190187876137123	0.538276580664307
chr2:126391403:A:G	2	126391403	-0.272196065166873	0.307467380506905	0.376003279634541
chr2:127192867:G:A	2	127192867	0.158461781886605	0.166342731945571	0.340781516993097
chr2:130915743:C:T	2	130915743	-0.229213027912372	0.122438230682798	0.0611968187881581
chr2:136107122:C:T	2	136107122	-0.210421236999126	0.198283918641664	0.288593651596765
chr2:136507185:G:C	2	136507185	0.220443331190699	0.167097070759021	0.18708450630329
chr2:141023592:C:T	2	141023592	-0.00234293291968205	0.197702203061075	0.990544636231619
chr2:143017176:T:C	2	143017176	-0.00979416853842181	0.366779470380477	0.978696497813802
chr2:143920023:G:T	2	143920023	0.15427067936951	0.169137341470814	0.361714490530356
chr2:144729333:C:T	2	144729333	0.0217294589397737	0.140923736945421	0.877457532457387
chr2:148561010:G:C	2	148561010	0.171597447569713	0.150874833238822	0.255392122343459
chr2:154835349:G:T	2	154835349	-0.167627840792776	0.188088473514116	0.372812207951861
chr2:164974626:C:A	2	164974626	0.187482561372166	0.194252633543538	0.334470634815701
chr2:167086954:T:G	2	167086954	0.0353147631662374	0.148837937989502	0.812447409123428
chr2:167199229:C:T	2	167199229	0.375057943558428	0.155974598598485	0.0161897716549195
chr2:167657344:C:T	2	167657344	0.302444955516144	0.221846457882882	0.172785597114842
chr2:167884398:C:T	2	167884398	-0.0590212928283319	0.202714496469598	0.770932952124671
chr2:168647356:T:G	2	168647356	0.275614053099615	0.150181982551259	0.0664759835183542
chr2:170041677:A:G	2	170041677	0.246954205789261	0.169704532340572	0.145613623127985
chr2:171274449:C:A	2	171274449	0.125696321896242	0.282797089888234	0.656698981498335
chr2:177787584:G:A	2	177787584	-0.128032801085011	0.16130557611638	0.427353620027858
chr2:179648558:C:T	2	179648558	-0.106052091242564	0.244253836019595	0.664151906535308
chr2:180833197:G:A	2	180833197	0.336309243700033	0.24158167253232	0.163887860363054
chr2:183527028:C:T	2	183527028	-0.00315026088065486	0.219968432148723	0.988573548601412
chr2:184516924:T:A	2	184516924	-0.122801721545611	0.197885231569621	0.534882306201847
chr2:191922008:C:T	2	191922008	-0.00424584655635928	0.230665641785326	0.985314223228213
chr2:195817951:G:C	2	195817951	0.329215552835948	0.242574508259181	0.174726274152963
chr2:197010424:G:A	2	197010424	0.2914005184785	0.198805432390382	0.142714411257233
chr2:209101337:G:A	2	209101337	0.0462291169674848	0.152725265389723	0.762122594215916
chr2:209103516:A:G	2	209103516	-0.0237526677036282	0.178684619905762	0.894248204526428
chr2:210957182:G:A	2	210957182	-0.476676124653336	0.226431398206294	0.0352766901807637
chr2:214802180:T:C	2	214802180	-0.0978509880352992	0.134782365082606	0.467843359917421
chr2:215209936:A:G	2	215209936	0.0855532622964752	0.1687826050533	0.612235961988409
chr2:215367000:G:A	2	215367000	0.52689526580179	0.271105485487335	0.0519549940991508
chr2:220997842:C:T	2	220997842	-0.0351302853899366	0.112851549256555	0.75557527436313
chr2:226027918:G:A	2	226027918	-0.154962784357166	0.319999119923594	0.628201336538129
chr2:228947684:G:A	2	228947684	0.0980649174518647	0.183362602527222	0.59277836597786
chr2:233152507:T:C	2	233152507	0.0515498135074094	0.114241543780717	0.651819994211621
chr2:235620294:A:T	2	235620294	-0.0226142366009404	0.211309513937236	0.914773517064911
chr2:237288548:A:G	2	237288548	0.145018468808044	0.144442187020083	0.315383575621377
chr2:237513585:T:C	2	237513585	-0.0753399706766741	0.267530737620345	0.778240737990944
chr2:237920759:T:G	2	237920759	-0.0415505227247323	0.101046770331534	0.680925229686027
chr2:240429648:C:T	2	240429648	0.132914489797088	0.213695356105763	0.533954243046812
chr3:9841346:T:C	3	9841346	-0.19642073276309	0.423949969500878	0.643141380349153
chr3:10127208:T:G	3	10127208	0.234387303558251	0.180194621799042	0.193345658161
chr3:14082905:A:G	3	14082905	0.100742408059719	0.154531747021784	0.514452483413583
chr3:16798495:T:G	3	16798495	-0.415072961876835	0.212456119542995	0.0507381315441044
chr3:18882818:T:C	3	18882818	-0.0435922319670823	0.168538735507761	0.795906729485609
chr3:20179943:G:A	3	20179943	-0.00485274629758316	0.453385620897288	0.991460123034496
chr3:22245167:A:G	3	22245167	0.0644906546346293	0.175438436201949	0.713173701925893
chr3:24009496:G:A	3	24009496	0.0619862078819882	0.144217093897979	0.6673325527514
chr3:24010534:C:T	3	24010534	0.115031154984897	0.157769648602182	0.465935438434382
chr3:33111016:C:A	3	33111016	-0.239831775539543	0.357379388703083	0.502166687816318
chr3:33421913:A:G	3	33421913	0.00984454927954173	0.163128321429216	0.951878075997164
chr3:34471110:A:G	3	34471110	-0.0054611793804572	0.223229548988513	0.980482171311506
chr3:34498029:C:T	3	34498029	0.0876994124203703	0.200763985759109	0.662235794701048
chr3:35230331:G:A	3	35230331	-0.307254575985472	0.264108011722546	0.244680585392355
chr3:41413926:T:C	3	41413926	-0.230691800473343	0.159870974472217	0.149024022989591
chr3:42098050:T:C	3	42098050	-0.160047363640036	0.198738108083649	0.420636232329076
chr3:46489654:A:G	3	46489654	0.0607615393489567	0.184423885891685	0.741802917705689
chr3:56959175:A:G	3	56959175	-0.0130920299110901	0.269331111703603	0.961230560449389
chr3:64441608:G:A	3	64441608	0.275184176839341	0.144584358762546	0.057004327164249
chr3:66150510:T:A	3	66150510	-0.0233861995855369	0.145149467868231	0.872000422153049
chr3:66995763:G:T	3	66995763	0.10135079950723	0.165208205086084	0.539563524994011
chr3:68498445:T:C	3	68498445	0.0100531520187616	0.195791238318631	0.959049589492363
chr3:68824246:G:A	3	68824246	-0.113716553277883	0.165069823890261	0.49088638396882
chr3:69021248:A:C	3	69021248	0.022804650771339	0.156135210815316	0.883876339337869
chr3:69617754:T:G	3	69617754	-0.0862203808283016	0.114225020898993	0.450351472723209
chr3:74191731:G:A	3	74191731	-0.0301262520002738	0.108256179779734	0.780792306356619
chr3:74732240:G:A	3	74732240	-0.315204735755195	0.165362117594929	0.0566309547947669
chr3:75709324:A:T	3	75709324	0.107611243461221	0.146090744435263	0.461362299251893
chr3:84465702:T:C	3	84465702	-0.099723937077758	0.233211446627277	0.668933865276308
chr3:84817748:G:A	3	84817748	0.165117502479139	0.173049472603139	0.340000852105836
chr3:85705423:A:G	3	85705423	0.440695080429771	0.185769060309976	0.0176789829610069
chr3:88069353:C:T	3	88069353	0.238096257880274	0.172335022830365	0.167097780051019
chr3:93986190:G:A	3	93986190	0.119287400004427	0.171218738305379	0.485993099520193
chr3:101022648:G:A	3	101022648	-0.00279628082364515	0.241519367545083	0.99076239940967
chr3:105622159:T:C	3	105622159	-0.250240232016762	0.38429093529889	0.514934228198067
chr3:106664728:C:T	3	106664728	0.0490159411144648	0.18473959414282	0.790759489588374
chr3:110774699:C:T	3	110774699	-0.15821838268222	0.142245289210912	0.266012364214696
chr3:113428518:G:A	3	113428518	0.0762383286442773	0.170994070909203	0.65570297333545
chr3:121058963:T:G	3	121058963	-0.428799220978891	0.209863795490073	0.0410300439373202
chr3:122312606:G:A	3	122312606	0.015553478369127	0.224728954287652	0.944822507824051
chr3:124193435:A:C	3	124193435	0.0796404724075659	0.140132559886136	0.569816073314077
chr3:124804582:A:T	3	124804582	0.153839670654601	0.155496698495541	0.322495036344945
chr3:126773646:G:T	3	126773646	-0.135540042432533	0.192855612482308	0.482176784082543
chr3:131110446:C:G	3	131110446	-0.077457122871115	0.22113725222525	0.726138189721723
chr3:131209978:G:T	3	131209978	0.0650521499574417	0.123851884755394	0.599415317569954
chr3:133982842:C:T	3	133982842	-0.116679457733906	0.151521579042304	0.441269193274995
chr3:134929007:C:T	3	134929007	0.423867351239646	0.218697335868453	0.0526054213259535
chr3:137777496:C:T	3	137777496	0.376384221687385	0.229615466864338	0.101172930035172
chr3:146265901:G:T	3	146265901	-0.131498112236717	0.251135250441499	0.600546545631382
chr3:148006706:G:A	3	148006706	0.0826086382949198	0.244655744867657	0.735625029604423
chr3:149679065:C:A	3	149679065	-0.23980320918909	0.159143502775759	0.131852618796694
chr3:150888061:C:A	3	150888061	0.295883279007384	0.350304168667022	0.398308096513607
chr3:152663712:G:C	3	152663712	0.260251903450694	0.136567905970501	0.0566944198315784
chr3:159417151:A:G	3	159417151	-0.0548180835683457	0.155119907500479	0.723794827899931
chr3:164899350:G:A	3	164899350	-0.217851549943645	0.286569118137241	0.447131486360188
chr3:168053836:T:C	3	168053836	0.119972600604364	0.260785036175044	0.645484612541576
chr3:171028381:G:A	3	171028381	0.218183724378213	0.258518308230049	0.398681786624459
chr3:174497130:T:C	3	174497130	0.14148989121315	0.120555609394773	0.240535909103109
chr3:176663180:T:G	3	176663180	0.0727426435392788	0.28558263376293	0.798941977748512
chr3:196706550:C:T	3	196706550	0.164551267706698	0.143115418997504	0.250234433519209
chr4:332191:G:A	4	332191	-0.0841043611745472	0.153761276210957	0.584392390719783
chr4:8816874:T:C	4	8816874	0.10121871610995	0.145080380768992	0.485381494611496
chr4:9851274:C:G	4	9851274	0.0042327346269286	0.142506119480504	0.976304616870102
chr4:10725805:A:G	4	10725805	-0.344695791365884	0.251263385061202	0.170109993857108
chr4:13219910:C:T	4	13219910	0.12450720377033	0.153389486768918	0.416960212157897
chr4:18747099:A:G	4	18747099	0.235803209112616	0.165368420043215	0.153889564921377
chr4:20840555:C:T	4	20840555	0.0714708777860583	0.136487637238404	0.600526449998217
chr4:21137718:C:T	4	21137718	0.124632853352784	0.141612346104007	0.378805798793
chr4:26851610:T:C	4	26851610	0.00612443840134121	0.184052824076871	0.973454940265032
chr4:32302160:A:T	4	32302160	-0.194517172805861	0.175510390900432	0.267734719181659
chr4:34501888:A:G	4	34501888	-0.639636156820548	0.362264755981179	0.0774530149453141
chr4:40603484:A:G	4	40603484	-0.204618048165329	0.168539656316963	0.224723016495101
chr4:41002348:C:T	4	41002348	0.399655300100142	0.220893528560713	0.0704095835056012
chr4:44018406:T:G	4	44018406	0.156272842404329	0.142018545655468	0.271171265104354
chr4:44680448:T:C	4	44680448	0.121400617460978	0.156761117654612	0.438676152129116
chr4:55337032:C:T	4	55337032	-0.196657662071919	0.143942706623233	0.171869360715198
chr4:55659669:G:A	4	55659669	4.18781776394749e-05	0.208463092027446	0.999839712868003
chr4:56719096:C:T	4	56719096	0.15977380607382	0.180931629834782	0.377202895923671
chr4:58944563:C:T	4	58944563	0.489725008524216	0.228876123117098	0.0323794543945473
chr4:61158247:C:G	4	61158247	0.0492497667615201	0.159171240912751	0.757006830313944
chr4:64485722:G:A	4	64485722	0.303904760455744	0.206015408303273	0.140170744986753
chr4:67708732:C:T	4	67708732	0.0345129999497023	0.164624904540686	0.833943750699055
chr4:67911021:C:T	4	67911021	0.0591567227098855	0.154079404583791	0.701025438603116
chr4:90022599:G:T	4	90022599	-0.00159770527938276	0.18516576652625	0.993115527880715
chr4:95020597:A:T	4	95020597	-0.166701242313048	0.18597886258311	0.370068478441029
chr4:95433170:T:C	4	95433170	0.170113030416015	0.179617285651706	0.34359491884516
chr4:97398054:G:A	4	97398054	0.0273674528659603	0.142877827772586	0.848099070460975
chr4:98823404:T:C	4	98823404	-0.409313714692466	0.267994241521096	0.126680763271048
chr4:99262681:C:G	4	99262681	-0.0880531309087117	0.161064135896562	0.584587551238955
chr4:99355957:G:T	4	99355957	0.0250004004423718	0.188608198038555	0.894547668204416
chr4:101085120:T:C	4	101085120	-0.105044549381086	0.215041827839736	0.625206867872346
chr4:102399971:C:T	4	102399971	-0.0281767197173724	0.161906359368249	0.861841128171126
chr4:102884286:T:C	4	102884286	0.0302431965899722	0.171612838010791	0.860113865751557
chr4:105992845:C:T	4	105992845	-0.000148300280181409	0.155268265405342	0.999237922278453
chr4:108791253:G:A	4	108791253	0.00169695098985166	0.136223565040123	0.990060926847814
chr4:110191180:A:G	4	110191180	-0.21595363230642	0.339330716441236	0.524508896234501
chr4:110957298:T:A	4	110957298	0.0469740427009268	0.193541838636095	0.808232049433108
chr4:113348012:C:T	4	113348012	-0.0651977640785458	0.200828593475533	0.745450649670285
chr4:115515844:A:G	4	115515844	0.289004251197111	0.20742245174091	0.163525375835064
chr4:115522695:G:A	4	115522695	-0.0701892076105335	0.179609573860219	0.695954186617746
chr4:120770744:A:C	4	120770744	0.130500276093195	0.162489874483975	0.421900370673185
chr4:123964831:A:G	4	123964831	0.0371515103103209	0.155289066470272	0.810918718361483
chr4:125256344:T:C	4	125256344	-0.0367793576586325	0.2294083099166	0.872626884974975
chr4:126268710:T:G	4	126268710	-0.057528118098315	0.190902626378594	0.763149168444494
chr4:134094420:T:C	4	134094420	-0.0536056376800889	0.211235380543689	0.799671659808406
chr4:134350906:C:T	4	134350906	0.118444143205699	0.135239788211005	0.381134200042867
chr4:138952375:G:A	4	138952375	0.0121580574002743	0.150404798749514	0.935572721106033
chr4:141012527:T:G	4	141012527	0.476537700598361	0.230990418208971	0.0391107905304492
chr4:141618953:G:A	4	141618953	-0.153894207252797	0.312146522798623	0.621999070148958
chr4:143626434:A:G	4	143626434	-0.118303996383057	0.351732950625087	0.736609911017607
chr4:149616644:T:G	4	149616644	-0.288117005307324	0.208141681335962	0.166286502207141
chr4:154030957:C:G	4	154030957	-0.114786797343278	0.160442040838603	0.474336650257242
chr4:168588553:A:C	4	168588553	-0.241279006762771	0.207934385600638	0.245901750387678
chr4:171334248:A:T	4	171334248	-0.27050488230645	0.326051339819582	0.406742963377546
chr4:171974219:A:G	4	171974219	0.190786023903742	0.172935982289464	0.269932668535268
chr4:176312841:C:T	4	176312841	0.259560851543018	0.17320984015146	0.133994540436724
chr4:179329624:T:G	4	179329624	-0.0423896007234156	0.123180517404049	0.73075164044078
chr4:183032183:A:G	4	183032183	-0.0812544830498286	0.135782759164087	0.549562847132191
chr4:184991673:A:G	4	184991673	-0.000213789358187075	0.17519774606585	0.999026361984342
chr4:189912372:C:T	4	189912372	0.2174105944886	0.154076171187371	0.158227167344072
chr5:79496:A:G	5	79496	-0.16430839480413	0.379536016324226	0.665073535546169
chr5:5313703:A:G	5	5313703	0.00388250489177633	0.146884860374651	0.978912530400821
chr5:7364955:T:A	5	7364955	0.106482022036381	0.185568916853581	0.566093748394216
chr5:8067079:G:C	5	8067079	0.142470681449728	0.202068754790823	0.48077263549228
chr5:13911296:G:T	5	13911296	-0.165410148276823	0.18246995642116	0.364667980499083
chr5:15621966:C:G	5	15621966	0.101182492765934	0.152252157158582	0.506324400049151
chr5:15997511:T:A	5	15997511	-0.151629724927989	0.41261169022622	0.713255257961931
chr5:17902851:T:C	5	17902851	-0.423582070042462	0.302439452918061	0.161348192653611
chr5:20719353:A:C	5	20719353	-0.385732949319003	0.257900655251569	0.134741009962057
chr5:20732163:G:T	5	20732163	-0.197054270636823	0.173023549949515	0.254750291105254
chr5:21913130:A:C	5	21913130	0.0169938432202672	0.189394250600842	0.928503885602197
chr5:23682774:A:T	5	23682774	0.206709097474953	0.212474901166769	0.33062109752876
chr5:23787194:A:C	5	23787194	-0.171048089880632	0.130009059273157	0.188287227320819
chr5:23895775:T:G	5	23895775	0.137695835689181	0.203479281404317	0.498591931624763
chr5:25693600:A:G	5	25693600	0.104220651946449	0.203553493964559	0.608646666935913
chr5:33466391:T:A	5	33466391	0.0713179250251189	0.12017791411975	0.552889266569741
chr5:33624899:A:G	5	33624899	-0.548507757692326	0.329608624470678	0.0960887822637656
chr5:39550509:T:G	5	39550509	-0.0994036367280367	0.143761997692759	0.489285398882404
chr5:39634108:G:A	5	39634108	-0.293285267620872	0.18354746106012	0.110071565022473
chr5:39978357:G:A	5	39978357	0.26459064607267	0.135012275658694	0.0500247244381063
chr5:40238036:C:A	5	40238036	0.109828987543401	0.412019992402019	0.789806203153039
chr5:44011742:G:T	5	44011742	0.260046998537599	0.217822666371841	0.232537711824129
chr5:50222627:G:A	5	50222627	-0.15516575049041	0.199451693381444	0.436591675112979
chr5:54814079:C:T	5	54814079	0.0322434298049819	0.196967165379549	0.869967697926817
chr5:66989845:C:A	5	66989845	-0.147892073926773	0.156909192432006	0.345919882588903
chr5:66992139:G:A	5	66992139	0.231407200685094	0.21251458277938	0.27619783788151
chr5:73076502:T:C	5	73076502	0.0296159747178593	0.153401723457126	0.846910763665852
chr5:76998986:C:A	5	76998986	0.229921428286538	0.153924524236767	0.135246630935736
chr5:77675144:G:C	5	77675144	-0.000189411329033642	0.209544091533358	0.999278775395714
chr5:80530472:T:A	5	80530472	0.179689090176696	0.311054414407845	0.563481973093708
chr5:81710558:G:T	5	81710558	-0.122707582973246	0.195920311200713	0.531109175440267
chr5:82792281:C:G	5	82792281	0.31030358165987	0.280284055194862	0.268248992533129
chr5:84879932:A:G	5	84879932	-0.140240039601961	0.243042513508782	0.563926922069662
chr5:85476293:A:G	5	85476293	0.241482284596059	0.145018643700096	0.0958766580395165
chr5:85809583:T:C	5	85809583	0.234127471806908	0.11754480083293	0.0463913837946893
chr5:92192959:A:T	5	92192959	0.301963139065364	0.148981076699871	0.0426771758771614
chr5:94648523:C:G	5	94648523	0.0706676402998003	0.149049621734547	0.635413219532157
chr5:98024666:G:A	5	98024666	-0.0735760543888117	0.126439892762265	0.560630413563654
chr5:101328324:T:C	5	101328324	0.0954603534437068	0.151613556839135	0.528937080823629
chr5:101825779:A:C	5	101825779	-0.112343648961427	0.120739326486122	0.352130671077627
chr5:106773905:G:A	5	106773905	-0.625602197160335	0.26865634260726	0.0198784823250397
chr5:110045491:C:T	5	110045491	0.494934046037	0.215117710986825	0.0214052475391118
chr5:114915760:G:T	5	114915760	-0.270474373949184	0.140345618852882	0.0539544460923983
chr5:115102683:A:G	5	115102683	-0.171235835659571	0.262630687313783	0.514399630983966
chr5:117238479:G:A	5	117238479	-0.282842373192289	0.168261968364554	0.0927698359904593
chr5:121740415:G:T	5	121740415	0.254762165827839	0.207128154934498	0.218706984819466
chr5:137227416:A:T	5	137227416	0.333108925265232	0.214433841159091	0.120319367821198
chr5:137406489:C:T	5	137406489	0.0255483961035501	0.17639904714962	0.884842758433363
chr5:140638650:G:A	5	140638650	0.187033235584971	0.18719005315488	0.317716097311679
chr5:142682003:T:C	5	142682003	-0.101535940325944	0.136782536365445	0.457895567556294
chr5:144183699:A:G	5	144183699	0.252395586988942	0.193950304573395	0.193141576225142
chr5:145690757:G:T	5	145690757	0.0262393100399682	0.256273477670456	0.918448766427223
chr5:147282093:C:T	5	147282093	-0.470358776872678	0.314236579618493	0.134437467097413
chr5:148033208:G:T	5	148033208	0.00108140878155757	0.355745225841044	0.997574561851617
chr5:151763317:T:C	5	151763317	-0.229358676974694	0.17900912611609	0.200099525158679
chr5:153541577:C:T	5	153541577	-0.516086094053844	0.438155447878924	0.23885213437505
chr5:160435085:T:G	5	160435085	0.168643403694934	0.229927165516286	0.463275198140636
chr5:164252995:G:C	5	164252995	0.0505680706924876	0.281210838143733	0.857291822083519
chr5:168245100:T:C	5	168245100	-0.0864986659924598	0.154456532278412	0.575466154586453
chr5:169455657:C:T	5	169455657	-0.162631043899012	0.131567414887499	0.216419806294334
chr5:169808985:G:C	5	169808985	-0.101484226730128	0.215303629823243	0.63738796075252
chr5:172672695:T:C	5	172672695	-0.0481115024454724	0.158223546288564	0.761072305002387
chr5:173346700:A:C	5	173346700	0.174961740657609	0.215127574754369	0.416050116105459
chr5:177122146:G:C	5	177122146	-0.164947665276109	0.349208553981968	0.636679020780579
chr6:1084246:G:A	6	1084246	-0.271356241722353	0.451409772301034	0.547752982374848
chr6:3041612:C:A	6	3041612	-0.143398287803205	0.150200298908679	0.339722483997182
chr6:3673174:A:G	6	3673174	-0.1507033263611	0.22419951729552	0.501466571200705
chr6:3786319:G:C	6	3786319	-0.1763258496088	0.136194404169399	0.195436524944914
chr6:6090729:G:T	6	6090729	-0.371740551689934	0.285416948248719	0.192763500539223
chr6:6354181:A:T	6	6354181	-0.102567650310824	0.176132605088915	0.560343082178779
chr6:6456261:T:C	6	6456261	0.00090983087041052	0.126691494533783	0.994270067084717
chr6:7642514:C:G	6	7642514	0.209507230621207	0.138904802655114	0.131483073360711
chr6:12212257:G:A	6	12212257	-0.557165795874609	0.447791632305604	0.213406698048957
chr6:21494280:T:C	6	21494280	0.353054479768006	0.198717552563528	0.0756234079130175
chr6:23163726:T:C	6	23163726	0.233443043051657	0.252394230598947	0.355010467119424
chr6:23344439:T:A	6	23344439	-0.129618859716634	0.191558566036557	0.498625542643009
chr6:24077828:C:T	6	24077828	0.222536871106504	0.223374947408255	0.319129604885927
chr6:26287827:G:A	6	26287827	-0.402006573135769	0.19001872597182	0.034377517483557
chr6:27261142:G:T	6	27261142	-0.60423194802669	0.456459813099788	0.185590984756747
chr6:31108549:A:G	6	31108549	0.0243441935570618	0.151144831027488	0.872041938671361
chr6:31845997:T:C	6	31845997	-0.181731930001751	0.287638910202965	0.527513787234188
chr6:32660000:G:C	6	32660000	0.101108449348551	0.176632568246896	0.567035802911433
chr6:33148933:A:G	6	33148933	-0.00174284416958506	0.173286193037956	0.991975327136499
chr6:37400014:G:T	6	37400014	-0.00654213562212156	0.134903750193413	0.961321877627567
chr6:39124093:C:T	6	39124093	0.461530514709351	0.160207213592036	0.00396623475971547
chr6:45195864:C:T	6	45195864	0.0467076219161646	0.132797527491563	0.725047833271102
chr6:46738257:G:A	6	46738257	0.264014698801781	0.233162335729161	0.257499342838201
chr6:47717919:C:A	6	47717919	0.197938342073812	0.146058817460434	0.17535508195647
chr6:48859012:C:A	6	48859012	0.232880224332618	0.285918835624084	0.41535990866403
chr6:49860743:T:G	6	49860743	0.124029230887354	0.173812489905071	0.475486521420752
chr6:53292416:C:G	6	53292416	-0.133310534779093	0.143955877202415	0.354419293694839
chr6:54457248:C:T	6	54457248	-0.255715483256065	0.284593433998807	0.368903536213881
chr6:57513520:G:A	6	57513520	-0.0217875254366804	0.237409028595517	0.926879110386391
chr6:67461006:G:C	6	67461006	0.139399709531319	0.201891264139183	0.489899141641385
chr6:69504128:A:G	6	69504128	-0.231729790350956	0.175205876234476	0.185963689569469
chr6:81137001:T:C	6	81137001	0.126258644456868	0.143814584634509	0.379983571144017
chr6:84758749:C:T	6	84758749	0.183405228401617	0.201472912224882	0.362652709099237
chr6:86667874:G:T	6	86667874	-0.094606589943152	0.193697556509683	0.625249346052899
chr6:87387916:G:T	6	87387916	0.0643082208805566	0.151683710403991	0.671593085995952
chr6:88566465:G:A	6	88566465	0.318096144474681	0.212521227912444	0.134452200994232
chr6:93273487:T:C	6	93273487	-0.328943208307701	0.188418062539587	0.0808429851209708
chr6:97788153:C:A	6	97788153	-0.0121696956547161	0.165959652449102	0.941544121919722
chr6:98771646:C:T	6	98771646	0.170261971836201	0.186685747001391	0.361755829617298
chr6:104918249:A:G	6	104918249	-0.187702927732869	0.14827423704052	0.205542677678372
chr6:107129138:A:G	6	107129138	0.112738639458338	0.149896464334985	0.451984871940824
chr6:112187089:T:C	6	112187089	0.00617437083640711	0.147403183876125	0.966588273196725
chr6:118046853:T:C	6	118046853	0.0546812370042444	0.129288685210216	0.672339712229158
chr6:121081137:A:G	6	121081137	-0.0170831847404701	0.274474799444265	0.950372076648029
chr6:123103197:T:C	6	123103197	0.0308594625911798	0.20106454510299	0.878019462248294
chr6:127784009:G:A	6	127784009	-0.0897043822176782	0.113025653294421	0.427391114212596
chr6:129527930:G:A	6	129527930	-0.272496195654832	0.174452688326802	0.118286508186902
chr6:137254996:T:C	6	137254996	0.184023170591973	0.133809622577115	0.169050507528792
chr6:138165202:C:G	6	138165202	-0.471741831055243	0.388475557685015	0.224617502030438
chr6:139464917:T:A	6	139464917	0.581142897848388	0.242229667904393	0.0164336279189944
chr6:151547601:G:A	6	151547601	0.0265793324480454	0.158978791373049	0.867222194063382
chr6:152638179:C:T	6	152638179	-0.218334607310526	0.230108104400633	0.34270457299161
chr6:153842833:G:A	6	153842833	-0.275875025519961	0.255916451238363	0.281038828752512
chr6:156754666:T:G	6	156754666	0.615364407691015	0.258331279692022	0.0172154044987773
chr6:160701242:A:G	6	160701242	0.0393067016327161	0.165168299250561	0.811896842156891
chr6:160909689:G:C	6	160909689	0.292369070061081	0.212114042400823	0.168092809020805
chr6:161970870:T:G	6	161970870	0.00262807452122393	0.281581638441606	0.992553244402848
chr6:162760256:C:T	6	162760256	0.0417090382985599	0.165802580980435	0.801382387246026
chr6:163629327:G:A	6	163629327	0.0482019355506679	0.145048060052068	0.739649907726767
chr6:167509019:C:T	6	167509019	0.654468711984056	0.263694079617009	0.0130675077265726
chr7:6986920:C:A	7	6986920	-0.242368240098051	0.25932587372401	0.349989949315523
chr7:7863676:G:A	7	7863676	-0.137296097481004	0.177998078237216	0.440508558915572
chr7:8111839:A:G	7	8111839	0.135116217316105	0.148658697122992	0.363401750810794
chr7:9602661:C:A	7	9602661	-0.428626641221846	0.175858318839356	0.0147957309453708
chr7:10804524:T:C	7	10804524	-0.282031403849189	0.300506494957277	0.347977161352989
chr7:11334355:C:A	7	11334355	-0.362995817850168	0.277996392832368	0.191635106975269
chr7:12476280:G:A	7	12476280	-0.0609495302947734	0.206092098902175	0.767429192125548
chr7:12972158:C:G	7	12972158	-0.0913551414469843	0.160532789581526	0.569305479215995
chr7:20850990:A:T	7	20850990	0.100688703576277	0.167165027459494	0.546953728450123
chr7:22822020:C:A	7	22822020	-0.0138378664318479	0.165768716819234	0.933472306823646
chr7:24140802:T:C	7	24140802	0.295150508313756	0.145099537266409	0.0419390550176745
chr7:24278575:A:G	7	24278575	0.0895250987886616	0.164584930496993	0.586479535456216
chr7:24620726:T:A	7	24620726	-0.00471908574335039	0.131199111437354	0.971307169114226
chr7:24740434:C:T	7	24740434	-0.0601622671794177	0.13427010545414	0.654103425226541
chr7:28505993:C:T	7	28505993	0.0347378289294812	0.177342662032304	0.844704319932245
chr7:36413989:G:A	7	36413989	0.0813401841030287	0.226060218906205	0.718984405147858
chr7:41157573:G:A	7	41157573	0.0694454653241633	0.345086417129562	0.840510293229327
chr7:43755241:C:T	7	43755241	-0.118252569513474	0.195541172110015	0.545348363650453
chr7:44689517:A:G	7	44689517	0.214035764691833	0.193687187541685	0.269134036099783
chr7:46192346:C:G	7	46192346	-0.147375562977079	0.137726601357737	0.284592838574018
chr7:46368666:G:A	7	46368666	0.422153014916201	0.235836698807418	0.0734502822833289
chr7:47748540:G:T	7	47748540	-0.597882426209379	0.577897760096875	0.300864320778655
chr7:48301675:T:C	7	48301675	0.0999945992198844	0.134249561929497	0.456367750101026
chr7:51890159:C:T	7	51890159	-0.204698401188637	0.139836650750277	0.143237829921427
chr7:53046603:C:G	7	53046603	-0.215732269299638	0.175397726598508	0.218711910059779
chr7:55663907:C:A	7	55663907	0.00764794186336044	0.149593636506679	0.959226089651624
chr7:56122201:A:G	7	56122201	0.161196622524111	0.179023876467416	0.367896948697319
chr7:62910214:G:T	7	62910214	0.0646186100843551	0.156804185688859	0.68026797422499
chr7:65406204:G:T	7	65406204	0.0193211310858808	0.321894404392354	0.952137159863096
chr7:67766433:G:A	7	67766433	0.0661649143380009	0.169504323720317	0.696282546406566
chr7:68433432:T:C	7	68433432	-0.00891412500833298	0.129860664612701	0.945273181179334
chr7:71020152:T:G	7	71020152	-0.0799484735035411	0.20050701729027	0.690091019154219
chr7:71553830:T:C	7	71553830	-0.295228669127516	0.214554221303391	0.168818659853385
chr7:78390279:T:G	7	78390279	0.265876163898901	0.163985452714675	0.104944753996026
chr7:83524616:A:T	7	83524616	0.14607508005914	0.127511844041284	0.251968776018682
chr7:84786535:C:A	7	84786535	-0.00196320234970617	0.163421583277415	0.990415151181805
chr7:86620755:G:A	7	86620755	0.038826886119513	0.203487935804183	0.848676944574159
chr7:89207269:G:A	7	89207269	-0.181256529089885	0.154745940289272	0.241471436348201
chr7:91097147:A:G	7	91097147	0.0541292948625363	0.15643586524591	0.729330774358413
chr7:96212691:T:C	7	96212691	0.353002807152042	0.313519312078677	0.260192438548944
chr7:103095283:G:A	7	103095283	-0.0720504407160193	0.298296993461777	0.809137177268329
chr7:104663551:G:A	7	104663551	0.363862201043457	0.355116313122001	0.305538636820089
chr7:113434486:A:C	7	113434486	0.121972533955185	0.160986219862968	0.448655612466199
chr7:113749820:G:A	7	113749820	-0.0145650689370978	0.155128745790674	0.925196378873345
chr7:117145973:C:G	7	117145973	0.0652720625898517	0.234506355810666	0.780752801891898
chr7:119808046:G:A	7	119808046	0.0743210782257514	0.176792015143593	0.674202708191956
chr7:122582926:C:G	7	122582926	0.375481684667477	0.241694628948155	0.12029476273853
chr7:124802410:A:T	7	124802410	0.33555971028041	0.2029558590799	0.0982570060794372
chr7:129047886:A:G	7	129047886	0.341917470102241	0.209511861718574	0.102685406854058
chr7:131384702:T:A	7	131384702	-0.119924320733549	0.113749198529267	0.291751460430997
chr7:136870573:G:A	7	136870573	0.0853904882967288	0.260196968926716	0.742778337908208
chr7:142873374:T:C	7	142873374	0.247604705920261	0.155178541757582	0.110575500598957
chr7:143187070:C:T	7	143187070	-0.733367197092242	0.48456952722255	0.130167778139913
chr7:145116884:A:G	7	145116884	0.042702531643687	0.140588598213012	0.761325163842208
chr7:149242006:T:C	7	149242006	-0.0422744970069519	0.189633225856372	0.823591785039137
chr7:153502245:G:A	7	153502245	0.292777751687819	0.146137196643798	0.0451296072826929
chr7:153952270:G:A	7	153952270	0.0776387434723408	0.170938708773079	0.649691695381081
chr7:154426289:T:C	7	154426289	0.0669025360188945	0.252202977002215	0.79079948107404
chr7:156975524:A:T	7	156975524	0.229314807172899	0.138960115449444	0.0988978807862886
chr7:157677820:C:T	7	157677820	-0.0894512851068385	0.237302351284745	0.706210249874997
chr8:276778:A:T	8	276778	-0.0628211891719148	0.150028557435305	0.675414777094819
chr8:1102873:G:T	8	1102873	-0.263942775025491	0.231265771160639	0.25374663040583
chr8:8710521:T:C	8	8710521	0.179409017433102	0.162407751820823	0.269297145858549
chr8:9029509:T:C	8	9029509	-0.0926930488688713	0.289627096984498	0.748935933413474
chr8:9109096:A:G	8	9109096	0.0655096898121146	0.125656030991701	0.602128972882453
chr8:9827297:A:G	8	9827297	0.235447301357709	0.269104875801919	0.38161326366659
chr8:10675470:T:G	8	10675470	-0.295003861367824	0.444168264372516	0.506580611215163
chr8:13032868:C:A	8	13032868	0.249891139202261	0.165367163554319	0.130755552378297
chr8:14391498:A:G	8	14391498	-0.326688737244079	0.397553931999834	0.411220923284533
chr8:16627132:C:G	8	16627132	0.127466644230588	0.26137923030822	0.625784051790881
chr8:17129593:A:G	8	17129593	-0.21255352862808	0.366553866867211	0.562002402239264
chr8:20741226:C:T	8	20741226	0.268128381094723	0.182950260145498	0.142762536312115
chr8:23115837:G:A	8	23115837	-0.211810482847075	0.313655335583942	0.499487138777023
chr8:25783762:T:C	8	25783762	-0.202997650699587	0.152912278571351	0.184329070096157
chr8:27010051:G:C	8	27010051	0.414272037572801	0.260133174455512	0.111263809549438
chr8:27022227:G:T	8	27022227	0.428495788470525	0.173642101870506	0.0135986040183995
chr8:28150898:A:G	8	28150898	0.382612964725681	0.155627560063125	0.0139512264495273
chr8:28528484:G:T	8	28528484	0.0595267117921432	0.126511586653595	0.637980838368232
chr8:29917542:C:T	8	29917542	0.0208218349922575	0.318564356985418	0.947886200112216
chr8:37085597:G:A	8	37085597	-0.35269294649035	0.272409265058056	0.195417822542235
chr8:41788192:C:T	8	41788192	-0.00177076397907508	0.138456656446941	0.989795891647581
chr8:42055528:T:G	8	42055528	-0.143912730573066	0.290022167836827	0.619744235825356
chr8:50763512:C:T	8	50763512	0.218349941672396	0.28789660286229	0.44819252059635
chr8:51570259:T:G	8	51570259	0.251672137611895	0.270717320429195	0.35255274997317
chr8:53142705:G:A	8	53142705	0.213453520488625	0.158267245702186	0.177436419002896
chr8:60609620:T:A	8	60609620	-0.505038451189016	0.68466537510137	0.460731569065448
chr8:61304314:G:C	8	61304314	0.0586939102525374	0.13277419014423	0.658447141537596
chr8:61926940:A:T	8	61926940	-0.231841679843645	0.177077362902546	0.190443671109396
chr8:63445672:G:A	8	63445672	-0.0946470909495047	0.174208307702198	0.586924381106237
chr8:65343369:C:A	8	65343369	0.122467767435731	0.19040222604806	0.52009073624756
chr8:65418628:G:T	8	65418628	0.328993691305115	0.148716738836719	0.0269516778082152
chr8:71273350:T:A	8	71273350	0.042073648223853	0.169003157022624	0.803398028774606
chr8:72033005:T:C	8	72033005	-0.633273824037947	0.279901318424741	0.0236671702141322
chr8:72065200:T:A	8	72065200	0.174949225798222	0.152707892072107	0.251941547081123
chr8:73211475:T:C	8	73211475	0.158040699587416	0.137361113536793	0.2499178013477
chr8:75992459:A:G	8	75992459	0.412586063538754	0.302408609105836	0.172462764893472
chr8:78402394:T:A	8	78402394	-0.717639055714612	0.446470772520488	0.107975520122533
chr8:79795588:T:G	8	79795588	-0.0575680369532141	0.229903193880923	0.80227709725962
chr8:86323708:T:C	8	86323708	0.196465193218711	0.153510342777079	0.200609396231645
chr8:89525432:A:G	8	89525432	-0.0619095073569406	0.125048837490504	0.620541794399978
chr8:92001032:A:G	8	92001032	-0.0671189228730436	0.173809330890261	0.699375143653638
chr8:92645879:A:G	8	92645879	0.241048424564741	0.254508113787688	0.34358023733698
chr8:95906161:G:A	8	95906161	-0.102960769192613	0.139786945555143	0.461393028627872
chr8:96365126:C:T	8	96365126	-0.16736604366683	0.136251686756038	0.219312072145985
chr8:97430280:G:A	8	97430280	-0.0322052175724293	0.246800164964944	0.896177918938637
chr8:98002322:C:T	8	98002322	-0.181670906378105	0.159173743813712	0.253729650080357
chr8:98018653:A:G	8	98018653	0.773591872927182	0.323399477116863	0.0167539734035242
chr8:104471980:T:G	8	104471980	0.171591001465734	0.210954186444542	0.415986405882049
chr8:106920372:G:A	8	106920372	0.465923364892362	0.193118221941686	0.0158377647399163
chr8:108142424:A:G	8	108142424	-0.0895618376325907	0.134061004948233	0.504090329173379
chr8:109421925:C:T	8	109421925	-0.249424099455315	0.189687263346496	0.188535863381567
chr8:116252872:C:T	8	116252872	0.0329049812797933	0.125764954405495	0.793599991832436
chr8:116821900:C:T	8	116821900	0.152160963305333	0.298742237669364	0.610514882065425
chr8:119015250:G:A	8	119015250	-0.382435884516465	0.283223084347785	0.176920051175583
chr8:121384602:C:T	8	121384602	0.0625308894215993	0.141316588537079	0.658136138634942
chr8:127029052:C:T	8	127029052	-0.210582378179508	0.239348000136094	0.378958592415964
chr8:128437247:A:G	8	128437247	-0.055656070268638	0.145850900907181	0.702761306554136
chr8:131111695:G:T	8	131111695	0.1704107077682	0.190989629507166	0.372258356059136
chr8:131315237:G:A	8	131315237	0.108875180920467	0.177178284843379	0.538888235934684
chr8:135895676:A:T	8	135895676	0.292739796916316	0.223048179485424	0.189368022762796
chr8:138585221:A:T	8	138585221	-0.108728235407306	0.210288743843944	0.60512643285515
chr8:141605122:C:T	8	141605122	-0.353473589923937	0.166094798701629	0.0333251757996033
chr9:733358:A:C	9	733358	-0.243418563866929	0.213353639762776	0.253904914424566
chr9:5461379:C:T	9	5461379	-0.0667904414379373	0.21211972234106	0.752859270541562
chr9:11397008:T:G	9	11397008	0.0710455387727679	0.158689226393911	0.654368029098992
chr9:11517950:T:C	9	11517950	-0.422635293941068	0.571312738040523	0.459444590070854
chr9:11955148:T:G	9	11955148	0.122676426894496	0.140582988872443	0.382866748340037
chr9:12389360:A:G	9	12389360	0.0395440916123244	0.146362499616398	0.787022453992355
chr9:12615226:G:C	9	12615226	0.280969678863655	0.144469795963558	0.0517950374975645
chr9:13582959:T:A	9	13582959	-0.129740491808104	0.170888489922541	0.447726100215547
chr9:13820455:C:G	9	13820455	-0.0100205813961541	0.183152015336039	0.956368046813693
chr9:14098421:G:A	9	14098421	-0.128402773180449	0.188210317079812	0.495093364631722
chr9:18952915:A:G	9	18952915	0.149158089754742	0.15060815750328	0.321992366336345
chr9:21476808:G:A	9	21476808	0.71523227806114	0.296458023078807	0.0158395359799361
chr9:29651949:A:G	9	29651949	-0.0544153972981168	0.133351835736755	0.683230466797536
chr9:32058643:A:T	9	32058643	-0.144102443038254	0.243635225870594	0.554206881023753
chr9:37013405:C:T	9	37013405	-0.0444299642116244	0.15269603047695	0.771074262694341
chr9:37992585:C:T	9	37992585	0.182635735520108	0.13169579235013	0.165502732364691
chr9:72294932:G:A	9	72294932	-0.483516387127017	0.576249994391884	0.401427785812533
chr9:73616570:C:T	9	73616570	0.164687412407407	0.318975176326076	0.605643738397243
chr9:76464251:C:G	9	76464251	-0.316375690686051	0.314691745422009	0.314727820050964
chr9:79067117:C:T	9	79067117	0.471636912482246	0.274461504105132	0.0857221769152103
chr9:82773489:T:C	9	82773489	0.110490626715581	0.209476169720631	0.597873105588423
chr9:89995415:A:G	9	89995415	-0.311610994169579	0.358030447628806	0.384110391997149
chr9:91844381:C:T	9	91844381	-0.194592236312682	0.402028742564217	0.628367642819528
chr9:94568472:C:A	9	94568472	-0.241270761336523	0.163432354160829	0.139870636459253
chr9:95559980:C:T	9	95559980	-0.0614514404147313	0.624548130247068	0.921619881703549
chr9:96162075:C:T	9	96162075	0.0804381099332139	0.16728953062471	0.630636116068737
chr9:97240484:A:G	9	97240484	0.446706550636416	0.280906097250271	0.11178196983176
chr9:100192956:A:G	9	100192956	0.0708796200802983	0.202948831638667	0.726902591367664
chr9:100529836:G:C	9	100529836	-0.129525915270786	0.185619521642751	0.485300213292345
chr9:101460357:C:T	9	101460357	0.338572932778201	0.174334322830285	0.0521262143978941
chr9:103293239:C:G	9	103293239	0.175052424232598	0.229908992784847	0.446418922121172
chr9:105684376:G:T	9	105684376	0.519704830275406	0.273141973296578	0.0570808502508582
chr9:106822394:G:C	9	106822394	0.136997615352468	0.272007471316296	0.614504630671065
chr9:107904127:G:A	9	107904127	0.24146635665375	0.170038225737175	0.155587006180017
chr9:117420412:T:C	9	117420412	0.0143920177865745	0.121222627533069	0.905494135789542
chr9:117972207:C:A	9	117972207	-0.108135244185641	0.16849107488026	0.521012020689509
chr9:118511323:G:A	9	118511323	-0.156226378914326	0.32328688008345	0.628922642298456
chr9:121356498:A:G	9	121356498	-0.272710392479168	0.248742381257638	0.272922676642661
chr9:124044726:T:G	9	124044726	-0.109295589959229	0.13587892011857	0.421189002714172
chr9:125005426:C:T	9	125005426	0.0743781328792711	0.164669220931412	0.651498044305537
chr9:129533341:A:G	9	129533341	-0.0906875974611432	0.141299765275635	0.520996578402795
chr9:136630984:C:T	9	136630984	-0.0583427255086954	0.191407267832128	0.76051135747898
chr10:2050300:A:G	10	2050300	-0.235250077135206	0.190120453294564	0.215948322624604
chr10:3113976:C:T	10	3113976	-0.167778593567993	0.151832324096225	0.269148529292688
chr10:4591592:T:C	10	4591592	-0.0952226332063842	0.26217001075464	0.716448406694134
chr10:7462546:C:T	10	7462546	-0.118319143411375	0.161854017102645	0.464764597769707
chr10:7849544:T:G	10	7849544	0.261437854840039	0.176307431054229	0.138113694447506
chr10:9367893:G:A	10	9367893	-0.146482984401583	0.233119809370782	0.52976863735046
chr10:10628189:C:T	10	10628189	-0.0381921534905229	0.200242020886661	0.848737161521058
chr10:14014383:T:C	10	14014383	-0.0235156287639738	0.14276634867642	0.86916902868018
chr10:16341555:C:T	10	16341555	0.309619375718543	0.167411878550693	0.0643933120752609
chr10:18075702:C:T	10	18075702	-0.479040230437702	0.252966482404059	0.0582660999431581
chr10:20923823:C:G	10	20923823	0.132539469663976	0.320015235007952	0.678752448841774
chr10:26220185:A:C	10	26220185	-0.0954384751401526	0.441605893569089	0.828896664818062
chr10:27289376:T:C	10	27289376	0.156670471529301	0.141772430521578	0.269123110583937
chr10:27674317:A:G	10	27674317	-0.0471257503533428	0.135173942130567	0.727366775204422
chr10:28771902:G:A	10	28771902	0.149306813307685	0.170179450376145	0.380296968857341
chr10:28891836:C:T	10	28891836	-0.140231862582553	0.159986559027231	0.380745901011133
chr10:30622484:G:A	10	30622484	0.432902407097846	0.179894737491521	0.0161097042719208
chr10:35177843:G:T	10	35177843	0.0490275568646096	0.18141908372093	0.786971959231475
chr10:43613180:G:A	10	43613180	0.265788263664352	0.168805633788717	0.115366710667504
chr10:44139011:T:C	10	44139011	-0.636783018507483	0.344041739849048	0.0641855458700646
chr10:45036473:A:G	10	45036473	-0.115379629252301	0.188645860973201	0.540789034976102
chr10:51560095:T:G	10	51560095	-0.099860584422135	0.16662199944671	0.548956761574259
chr10:54072488:A:G	10	54072488	-0.0687758278164313	0.126496308042755	0.586649101507676
chr10:54082016:C:T	10	54082016	-0.0165471360157587	0.138622267035825	0.904983393710545
chr10:55299918:G:C	10	55299918	-0.0255550826666811	0.304512890886316	0.933119095739455
chr10:56747004:T:C	10	56747004	0.137793350780164	0.197814427719838	0.486066382385833
chr10:57761967:T:C	10	57761967	-0.0893013157264819	0.266750333841873	0.73779489767663
chr10:61894829:G:A	10	61894829	0.0854256575029708	0.239279026082932	0.721082278347358
chr10:62473064:C:G	10	62473064	0.0809220497168517	0.227241425029693	0.721761135212919
chr10:65713195:A:G	10	65713195	-0.241379662221901	0.255393289233565	0.344592905285311
chr10:69232402:C:A	10	69232402	0.204907037635977	0.219387359741474	0.350305671394508
chr10:79437519:C:T	10	79437519	-0.0076361872355146	0.165667283352409	0.963235715637264
chr10:81546102:G:A	10	81546102	-0.739002311892693	0.426410928589596	0.0830822592426088
chr10:82354363:C:G	10	82354363	-0.451858844540181	0.389780687575121	0.246348459870253
chr10:84591955:C:T	10	84591955	-0.159600891614137	0.238170070919986	0.502785675679369
chr10:84989741:G:A	10	84989741	-0.109955576976405	0.177096667067636	0.534679330584784
chr10:86779196:C:A	10	86779196	0.207528344228377	0.275360745592992	0.451053483319035
chr10:91053424:A:C	10	91053424	0.0814244687132493	0.141319989409572	0.564499656978714
chr10:93612452:G:A	10	93612452	-0.238679232412016	0.261841109177114	0.362009737612164
chr10:93671121:T:C	10	93671121	-0.153366540970213	0.192558445469533	0.425760366530661
chr10:101249704:C:T	10	101249704	0.37087246084617	0.163328823383762	0.0231645139298824
chr10:102352980:T:C	10	102352980	0.0379347777382996	0.14468839248576	0.793180673854975
chr10:104637359:T:C	10	104637359	-0.0210725738271845	0.195415531345576	0.91412682231714
chr10:108480456:T:C	10	108480456	-0.149632909139351	0.168835127363102	0.375473962890317
chr10:109264424:C:T	10	109264424	0.358839128274533	0.186842727318489	0.0547895927989734
chr10:111352001:T:G	10	111352001	-0.417117046008683	0.361912721120326	0.249101332274347
chr10:118828443:C:T	10	118828443	-0.248437352170595	0.221320716871954	0.261640600289429
chr10:120152982:A:G	10	120152982	-0.115801913173798	0.230635451673076	0.61559762885674
chr10:121580593:A:G	10	121580593	0.367244969084003	0.218574834497703	0.0929223851387115
chr10:121611573:C:G	10	121611573	-0.0527007088655763	0.161204749312178	0.743730025482314
chr10:121734173:T:C	10	121734173	0.239832180674458	0.135885183724513	0.0775701585391281
chr10:121910644:T:A	10	121910644	-0.217189482289317	0.201111776627913	0.280167061013688
chr10:122561189:A:G	10	122561189	0.0387169836337186	0.149255300556485	0.795325809566307
chr10:123750431:C:G	10	123750431	-0.184733324048517	0.147191579921077	0.209459298487861
chr10:127533155:T:C	10	127533155	0.0389277853107245	0.181849161843442	0.830495320700849
chr10:129953349:A:G	10	129953349	0.177295732871711	0.175695367674592	0.312922482014048
chr10:130263340:C:T	10	130263340	0.127711151231736	0.236101227464316	0.588564840805827
chr10:130662147:G:T	10	130662147	-0.468849518560342	0.538791780903945	0.384198305191141
chr10:131485315:A:G	10	131485315	-0.193215886808967	0.323141584103932	0.549886973005573
chr10:131819683:A:G	10	131819683	-0.117452776899792	0.152548428016369	0.44133688391011
chr10:131953941:A:C	10	131953941	-0.211517355964654	0.197427560429571	0.284004483916889
chr11:388357:C:T	11	388357	-0.0569528052442678	0.135417821965184	0.674068392947518
chr11:2257707:C:T	11	2257707	0.0153509436661629	0.157423038504109	0.922318249664989
chr11:3623903:G:A	11	3623903	0.171794183202062	0.142118252543577	0.226735258473644
chr11:5806222:C:T	11	5806222	-0.0286828780590296	0.202583452270734	0.887407426020969
chr11:9789492:C:A	11	9789492	0.159882642723394	0.135292311700333	0.237302115613302
chr11:14569664:T:G	11	14569664	0.362881890043483	0.209366085635996	0.0830528370601054
chr11:21819583:A:G	11	21819583	-0.191628877627194	0.494015904238576	0.698089875779494
chr11:36019710:C:A	11	36019710	-0.153441762651913	0.122805540072329	0.211493444240396
chr11:39635569:C:T	11	39635569	0.267213451326462	0.177677776417823	0.132601546622825
chr11:40512905:C:G	11	40512905	-0.243131176841096	0.280142831819857	0.38545843413307
chr11:41632790:A:T	11	41632790	0.160463352256256	0.228012944552309	0.481590545686783
chr11:42744986:A:G	11	42744986	0.351878123001815	0.156874520216414	0.0248932901949189
chr11:43201079:C:T	11	43201079	0.2063711152931	0.155807784389044	0.18532915127367
chr11:43982585:G:A	11	43982585	-0.513377592765183	0.273159533947603	0.0601891148011827
chr11:44330300:A:G	11	44330300	-0.175432858398204	0.169562604141503	0.300846418567597
chr11:49875094:A:G	11	49875094	-0.134213163128263	0.135080613489673	0.320428224528785
chr11:50253126:G:T	11	50253126	0.119611027374333	0.140764064589126	0.395476879402649
chr11:55906271:G:A	11	55906271	-0.174424219190789	0.208939154745493	0.40382543998959
chr11:56124264:C:A	11	56124264	-0.0296720092301286	0.320604500450713	0.926260911986757
chr11:57305789:G:A	11	57305789	-0.0708548717739131	0.194969147992409	0.716294289717348
chr11:58998793:A:C	11	58998793	-0.342683481538892	0.196488131463368	0.0811518305453861
chr11:60456695:C:T	11	60456695	-0.310272172475537	0.344439913613097	0.367693589460811
chr11:62505064:A:G	11	62505064	-0.0228377332419022	0.304211084908783	0.940157429168963
chr11:63184971:C:T	11	63184971	-0.111363873315538	0.137819410347862	0.419066398882807
chr11:65009160:T:C	11	65009160	-0.231626068833512	0.303651928024591	0.445581938341868
chr11:70801858:T:C	11	70801858	0.177755285452733	0.161940783720792	0.272354695870689
chr11:71334794:T:G	11	71334794	-0.120717760695101	0.287371011645255	0.674429691621259
chr11:72713691:C:T	11	72713691	-0.0311235235750617	0.196770907939228	0.874321765208597
chr11:77208574:G:A	11	77208574	-0.339056592057065	0.143841781920202	0.0184158284588078
chr11:77376654:A:G	11	77376654	0.121500844026582	0.127057769897267	0.338938583761993
chr11:77897055:A:G	11	77897055	-0.0425808218496744	0.233413651419686	0.855248076558918
chr11:79339250:G:A	11	79339250	-0.328238672411282	0.213459324378453	0.124119383099673
chr11:81783030:C:T	11	81783030	-0.205188078173449	0.123266982368537	0.0959960524102829
chr11:83962252:C:T	11	83962252	0.0184002482040857	0.165441527436422	0.911442651903466
chr11:86328783:G:T	11	86328783	0.0061353374564318	0.168938474537283	0.971029600143351
chr11:86644523:C:T	11	86644523	0.0891772469108436	0.258074173254561	0.729681753950117
chr11:93046218:A:C	11	93046218	-0.198807695043156	0.195855015889473	0.310069676608129
chr11:99371984:G:C	11	99371984	-0.00521200886527022	0.259566078286767	0.98397979429373
chr11:100626548:G:A	11	100626548	0.332023031007836	0.215484046845659	0.123359581446531
chr11:104129521:G:A	11	104129521	-0.456315690460977	0.305056488688558	0.134695361360395
chr11:108728662:A:G	11	108728662	-0.114835531178949	0.281684979425198	0.683513317819457
chr11:110338613:G:A	11	110338613	0.291888755968932	0.234448995127154	0.213132131170259
chr11:110396347:G:A	11	110396347	0.0890277689122684	0.209831693216596	0.671360309278734
chr11:113789228:G:C	11	113789228	-0.0650217909235324	0.182297540553082	0.721331773337987
chr11:113800784:C:T	11	113800784	-0.0741259285771822	0.28388342829124	0.794004619883777
chr11:115616504:A:T	11	115616504	0.228288111665431	0.190570587896056	0.230948585721147
chr11:119630310:G:A	11	119630310	-0.0673742215504677	0.162789806292404	0.678967496103606
chr11:123267436:G:A	11	123267436	-0.213724535626304	0.19588079437058	0.275231126986522
chr11:125907492:T:C	11	125907492	-0.113078538138806	0.185387041304377	0.541888810956046
chr11:126829359:G:A	11	126829359	-0.0297655955997116	0.239304378447124	0.901011374146368
chr11:130038952:T:C	11	130038952	0.346579900465416	0.290764853485647	0.23327716493347
chr11:130290657:C:T	11	130290657	-0.170902240866912	0.287921510203006	0.552798194268788
chr11:131355535:G:A	11	131355535	-0.176639450049164	0.211964798509409	0.404651128208599
chr11:133238417:A:G	11	133238417	0.0281604591015312	0.140801887501927	0.8414801278675
chr11:133300920:A:C	11	133300920	0.142889411611918	0.20626375439828	0.488465859435536
chr11:133409278:A:G	11	133409278	0.375121644731448	0.210317062401457	0.0744885833825084
chr11:134309503:C:T	11	134309503	0.010545919088388	0.220000109217203	0.9617672707743
chr12:5192681:C:T	12	5192681	-0.363197917387033	0.18077374481382	0.0445233702853498
chr12:5448727:G:A	12	5448727	-0.260433791855391	0.165282301336349	0.115097092329072
chr12:6639294:C:T	12	6639294	-0.344978899483738	0.251408216568316	0.170005462789297
chr12:19523028:C:A	12	19523028	-0.0455161196502445	0.157139520149044	0.772080809366152
chr12:19758400:A:T	12	19758400	0.316722894582698	0.170542414261202	0.0632897746345742
chr12:20003679:T:A	12	20003679	0.113194225443701	0.168557345221796	0.501871955247593
chr12:21333090:G:A	12	21333090	-0.00326278717288555	0.155257577852862	0.983233437392687
chr12:25518059:A:T	12	25518059	-0.121193057176777	0.324834021400868	0.709079783661883
chr12:28965843:C:T	12	28965843	-0.171083984698834	0.146871084396859	0.244076402176556
chr12:32086665:A:C	12	32086665	-0.025409524494205	0.176807821287983	0.885727363973688
chr12:44631613:C:T	12	44631613	0.238291001416864	0.174173387280836	0.171272887961691
chr12:48567461:T:G	12	48567461	-0.259587654310699	0.262134534288328	0.322035289105416
chr12:51039498:T:C	12	51039498	0.565097121466766	0.23444534612707	0.0159368913590201
chr12:52880890:G:T	12	52880890	0.162428330319912	0.260933330351103	0.533619864608471
chr12:53646626:C:G	12	53646626	0.241974214863373	0.191221110993771	0.205722314806692
chr12:53680144:C:A	12	53680144	0.0572456569873305	0.129449565665461	0.658327387395031
chr12:54366280:G:A	12	54366280	0.137898621215565	0.103657007139005	0.183407676835912
chr12:55599330:T:C	12	55599330	0.000368037344385675	0.233954280612626	0.998744835131894
chr12:56675083:C:T	12	56675083	-0.171345277631993	0.1652058174342	0.299660134235642
chr12:57436134:C:T	12	57436134	-0.199400394598335	0.212327110500643	0.347669720539598
chr12:58724212:C:T	12	58724212	0.107334998844313	0.202627653078522	0.596309232856904
chr12:59048769:A:C	12	59048769	0.0970309586768009	0.197033984312278	0.622395617369509
chr12:59161225:G:A	12	59161225	-0.186770275296758	0.259620216890237	0.471895703866068
chr12:59226687:C:T	12	59226687	-0.301690051183234	0.209445350233014	0.149747555908069
chr12:63113400:T:C	12	63113400	0.143050912937556	0.249887374884034	0.567009330325336
chr12:64271340:C:T	12	64271340	-0.0657486806379578	0.220888304599031	0.765965896643263
chr12:64756705:C:T	12	64756705	-0.116857285652097	0.192735214861127	0.544308927934089
chr12:67050802:C:T	12	67050802	-0.364194123139265	0.29140953232652	0.211384541096341
chr12:71564908:A:G	12	71564908	-0.18526122029347	0.350228321642416	0.596824389334966
chr12:73909094:G:A	12	73909094	-0.0422399991667795	0.179635445874269	0.814097824866316
chr12:81126959:G:A	12	81126959	-0.258830041219086	0.203749240404598	0.203964889238266
chr12:83608380:A:G	12	83608380	-0.0993828614988342	0.118773944389915	0.40273896055586
chr12:90727178:A:C	12	90727178	0.339361398636522	0.143591619108059	0.0181091455123192
chr12:92596791:C:T	12	92596791	-0.0213777720517902	0.168286468803961	0.898915046226344
chr12:95914573:A:T	12	95914573	0.441601494505	0.247265569270909	0.0741089579678872
chr12:101611098:G:C	12	101611098	0.203084856381059	0.215114742827694	0.345130360302227
chr12:105967464:T:C	12	105967464	-0.207086752273582	0.1289278435843	0.108225118213533
chr12:109533295:C:T	12	109533295	-0.0924139465949691	0.175717568424952	0.598941565974442
chr12:112209515:G:A	12	112209515	0.0420358694887508	0.196030615394624	0.830207673414494
chr12:120976632:C:A	12	120976632	0.168608305708822	0.297115768565406	0.57038571205169
chr12:125875525:T:C	12	125875525	-0.3784396190256	0.200080821145404	0.0585664660752627
chr12:126449337:A:G	12	126449337	0.162417295652745	0.149323813970289	0.276734123709369
chr12:131091094:G:A	12	131091094	0.0304412149667554	0.157800080541946	0.84702944617657
chr12:132776953:G:A	12	132776953	0.137668243350235	0.250329681904743	0.5823552171264
chr13:19545220:A:G	13	19545220	0.17053494086943	0.164359661561128	0.299469477942804
chr13:22977365:T:G	13	22977365	0.364183571333385	0.202720783648778	0.0724184161438786
chr13:24330599:T:C	13	24330599	0.0316286127296384	0.158399898396691	0.841734209080408
chr13:24623185:A:C	13	24623185	0.0184195354390834	0.154487304445328	0.905093067144858
chr13:25202506:T:G	13	25202506	-0.297903543915174	0.351040499638012	0.396087137365544
chr13:26234118:A:T	13	26234118	0.167845953557066	0.176139857365833	0.340634171051888
chr13:26494236:G:A	13	26494236	0.263377047876983	0.198885519429708	0.185415191222128
chr13:27255876:A:G	13	27255876	-0.304980364722216	0.305674527757553	0.318410749049511
chr13:42909938:A:G	13	42909938	-0.10642209787442	0.142777148661881	0.456046827670088
chr13:45470952:C:T	13	45470952	-0.339809316609798	0.405238772058627	0.401726942801485
chr13:45708351:G:A	13	45708351	-0.163228325183532	0.207342079816766	0.431140408231356
chr13:45809177:C:G	13	45809177	0.217973079553595	0.169923132853078	0.199571053738197
chr13:50558767:A:T	13	50558767	-0.0294081971962393	0.210984382981435	0.88914540443601
chr13:58710908:G:A	13	58710908	0.250762115598469	0.156959410322722	0.110126689485701
chr13:58934154:C:T	13	58934154	0.368636669829073	0.163872081575628	0.0244782123077798
chr13:70397215:T:C	13	70397215	-0.277773575954824	0.231583507888015	0.230351778112437
chr13:70990050:T:C	13	70990050	0.324653129372547	0.259961052570724	0.211718860254187
chr13:75832713:T:C	13	75832713	-0.194255338365566	0.339595474981418	0.567308555375837
chr13:86776101:G:A	13	86776101	0.0940609724808413	0.194356037982518	0.628412707701934
chr13:91472230:T:C	13	91472230	-0.0326491015778003	0.128439247706518	0.799341984014068
chr13:93235990:C:T	13	93235990	-0.0573226911630621	0.137447160202129	0.676639957441524
chr13:96765286:G:A	13	96765286	-0.146174166677481	0.217455605573819	0.501454892205554
chr13:102180181:A:G	13	102180181	-0.0468759581918989	0.15341406908195	0.759945858528502
chr13:104405113:C:T	13	104405113	-0.0419375070220185	0.360824266173507	0.907472671718541
chr13:106009559:G:C	13	106009559	0.150327817065664	0.149341715764634	0.31412559882058
chr13:106084136:A:G	13	106084136	-0.373788795408487	0.196990795659045	0.0577628083544552
chr13:112716578:T:C	13	112716578	-0.128216767636488	0.245435907319388	0.601388878949719
chr14:21167555:A:G	14	21167555	-0.0166133230039562	0.181654471634159	0.927130565552657
chr14:26929954:A:G	14	26929954	0.122404237660804	0.136216452014872	0.368865235019112
chr14:27823594:G:A	14	27823594	0.0436480049895967	0.200787353794596	0.827908917317507
chr14:34182794:A:C	14	34182794	-0.125459657175531	0.252162718869665	0.618812166538961
chr14:38216062:T:A	14	38216062	-0.0775399887294902	0.208927637983936	0.710538303106739
chr14:38962987:G:A	14	38962987	-0.128919994697098	0.242437580296944	0.594888267098632
chr14:39925237:C:T	14	39925237	0.364356121450762	0.1833219345291	0.0468647353050733
chr14:44446011:A:G	14	44446011	-0.106175271394131	0.20162004397813	0.598463963767993
chr14:48685878:C:A	14	48685878	-0.342740099154012	0.367195800207655	0.350614128033958
chr14:51426205:T:C	14	51426205	-0.11041625174983	0.272477754181159	0.685308208531883
chr14:52881822:T:G	14	52881822	0.388089257051945	0.164200213620371	0.0181026160576002
chr14:53358297:A:G	14	53358297	-0.0818729000477006	0.140841059315884	0.56102874868915
chr14:56254615:G:A	14	56254615	0.0326525786067375	0.161934791416137	0.840197943786857
chr14:57978070:T:C	14	57978070	-0.0229999551953026	0.162721391458424	0.887596915526818
chr14:62445185:T:C	14	62445185	0.0622371436545783	0.190020602572837	0.743268267425163
chr14:67518615:G:A	14	67518615	0.145482841844848	0.155364889990341	0.349070064424012
chr14:68863518:T:G	14	68863518	0.158794670724455	0.149670273786062	0.288706570546063
chr14:77734277:G:A	14	77734277	-0.353919017457009	0.301322220241312	0.240173463729196
chr14:81022028:G:A	14	81022028	0.178654918565003	0.199865077759308	0.371387377142427
chr14:81884763:T:G	14	81884763	0.338622093247402	0.196504549472407	0.0848473468047526
chr14:82929256:T:A	14	82929256	0.138488758301808	0.254216304664896	0.585913494522555
chr14:84531019:T:G	14	84531019	0.0128037087487252	0.140135240354556	0.927201139609055
chr14:84812257:C:T	14	84812257	-0.854962722174496	1.22885097575951	0.486590679457614
chr14:90804831:C:G	14	90804831	-0.0425120317429193	0.17090726366859	0.803559375408635
chr14:91397629:G:T	14	91397629	-0.0934468570917388	0.218427054248398	0.66878419229668
chr14:91532430:A:C	14	91532430	0.337750469503524	0.355598256020487	0.342209246881332
chr14:91961156:T:C	14	91961156	0.156980894887416	0.134330057196513	0.242556456212452
chr14:92998270:C:G	14	92998270	-0.252092338069385	0.392162448150051	0.520336811509339
chr14:93757265:G:A	14	93757265	0.231385445477736	0.175563177380711	0.187516656720069
chr14:93769225:C:T	14	93769225	-0.15938104564568	0.402426816657442	0.692068317212952
chr14:98340169:A:G	14	98340169	-0.493079920656047	0.171888521252023	0.00412288987379605
chr14:100721312:C:T	14	100721312	0.104342739388308	0.172882460769004	0.546144670886017
chr14:102093442:A:G	14	102093442	0.473526062117568	0.198728692059912	0.017182621696982
chr15:24165057:A:G	15	24165057	0.184260038996214	0.156080947940321	0.237784908350957
chr15:26353849:A:G	15	26353849	0.0746946768694755	0.145482911210076	0.607653517475786
chr15:28182824:G:A	15	28182824	-0.0035688984690412	0.303607038541045	0.99062108894734
chr15:33665926:A:G	15	33665926	0.259567630226331	0.241027246936307	0.281514955359137
chr15:34880184:A:T	15	34880184	-0.0175726656579603	0.145072161845097	0.903587659752469
chr15:37080410:C:T	15	37080410	-0.00883859540021053	0.143475522513082	0.950878583818881
chr15:37762539:C:G	15	37762539	-0.414280141477925	0.264820898980907	0.117728688363773
chr15:52558833:C:G	15	52558833	0.495577916403405	0.224299167511845	0.0271433191258946
chr15:55712443:A:G	15	55712443	0.304607311531643	0.241204500946151	0.206639802115078
chr15:57522102:A:T	15	57522102	-0.0767781760631367	0.141428966219864	0.587216230077237
chr15:57590535:T:C	15	57590535	0.0239309613927217	0.165692431257227	0.885160911682606
chr15:58439508:G:A	15	58439508	-0.0339501846450729	0.2301823188239	0.882743234024301
chr15:69786285:T:C	15	69786285	0.0704137302432393	0.165230070959601	0.669994423104493
chr15:71331250:T:C	15	71331250	0.346078548479644	0.172335473197867	0.0446254632282453
chr15:74245092:G:C	15	74245092	-0.16619342763593	0.263562317089087	0.528324356585492
chr15:76807237:T:C	15	76807237	0.00615480026152352	0.256652602373887	0.980867720007804
chr15:77734259:G:A	15	77734259	-0.12743055839976	0.182695268116134	0.485487854389546
chr15:79750604:G:T	15	79750604	-0.147412459558072	0.210563069357858	0.483872997580995
chr15:81697597:G:A	15	81697597	0.117225633150349	0.147320025326091	0.426194236736345
chr15:87989871:C:T	15	87989871	0.145781934098479	0.160199286768773	0.362820590093415
chr15:88891382:T:C	15	88891382	-0.384564812661344	0.151323205122447	0.0110426182711227
chr15:89804552:C:T	15	89804552	-0.321032743968342	0.437491766043348	0.463068848721598
chr15:94791129:A:G	15	94791129	-0.00655551459161881	0.296728061750318	0.982374035038876
chr15:97043895:A:G	15	97043895	0.813406585107122	0.313037168018295	0.00936499028326809
chr15:98725394:C:T	15	98725394	-0.550571993898109	0.466918267120929	0.23833391628172
chr15:100978492:T:G	15	100978492	0.290155173075002	0.202458620574277	0.151812715670974
chr16:2671727:C:T	16	2671727	-0.430174367128072	0.361114050174418	0.233558439567832
chr16:4957642:T:C	16	4957642	-0.0490318366623664	0.147221476788608	0.739097957003419
chr16:5603936:C:T	16	5603936	-0.0964364327487094	0.25556658047333	0.70591821880837
chr16:5884026:G:T	16	5884026	0.00195044304101244	0.152126989267919	0.989770482136501
chr16:6848656:G:A	16	6848656	-0.330084875985338	0.240667190416418	0.170206427320197
chr16:7909855:G:A	16	7909855	-0.0315253336432723	0.124997824053787	0.80088102175982
chr16:8273542:C:G	16	8273542	0.0448771461539953	0.185065452469957	0.808397889730472
chr16:12394716:C:T	16	12394716	-0.193217275810989	0.190368288946407	0.310122197637259
chr16:13985277:C:A	16	13985277	-0.422571849071604	0.540595143553998	0.434403270278078
chr16:17779668:G:A	16	17779668	0.435363864129942	0.19896402034142	0.028658405885897
chr16:29740733:G:C	16	29740733	0.239597832424852	0.287217468096212	0.404166289226872
chr16:31127124:G:A	16	31127124	-0.206808184163684	0.144515392118396	0.152417011528533
chr16:56688556:C:T	16	56688556	-0.153466899885393	0.218746665918791	0.48294508042658
chr16:60324635:A:C	16	60324635	0.193099728592864	0.202306677356539	0.339835598450764
chr16:60499572:C:T	16	60499572	0.255248256451186	0.157481123101276	0.105056653167678
chr16:62273123:C:T	16	62273123	0.184745748727167	0.146216869294244	0.206407742772022
chr16:65972427:C:T	16	65972427	-0.142319320555705	0.131156948626551	0.277874275800472
chr16:69246420:T:C	16	69246420	0.130225083388683	0.169660801759508	0.442747799120156
chr16:71908403:G:A	16	71908403	0.0207708610262819	0.172395058073878	0.904099685233624
chr16:72103328:C:A	16	72103328	0.125560893200727	0.156452888673326	0.422236254825925
chr16:74837740:A:C	16	74837740	-0.0999937966936837	0.293600589954691	0.733421563110477
chr16:79886631:C:T	16	79886631	-0.171251156872691	0.232414949983123	0.461223514539052
chr16:81396153:C:A	16	81396153	-0.255370935415713	0.158623177854213	0.10741489696335
chr16:82294878:C:G	16	82294878	0.322204760916813	0.193822594773998	0.0964387197798233
chr16:82421890:A:G	16	82421890	0.234335922599304	0.144634367068265	0.10519032945961
chr16:83827178:T:C	16	83827178	0.0151480428464533	0.167388007301731	0.927892608470081
chr16:84032337:C:T	16	84032337	0.105472494708028	0.21374009160759	0.621686574828704
chr16:89303022:G:A	16	89303022	0.317097116004849	0.302620790125376	0.294713932845213
chr16:89331863:A:T	16	89331863	0.0353793600489548	0.140783778503924	0.801579997808231
chr16:89337630:T:C	16	89337630	-0.00540380315712475	0.132513598408352	0.967471893734604
chr16:89479873:T:G	16	89479873	-0.144745694098138	0.176691725696452	0.412672855986117
chr16:90035976:C:A	16	90035976	0.216291582574223	0.160743230073917	0.178440600787398
chr17:2489248:C:G	17	2489248	0.251185928538182	0.184126115953912	0.172502780679626
chr17:4018176:C:A	17	4018176	-0.134047140654751	0.248653151483354	0.589822776246339
chr17:4147521:T:C	17	4147521	-0.0483121849800077	0.241187605053726	0.841238479995664
chr17:6949267:T:C	17	6949267	-0.311235761306073	0.141994352710809	0.0283875726266419
chr17:7929448:A:G	17	7929448	-0.306265040244326	0.207833857078144	0.140587936389842
chr17:10308301:C:T	17	10308301	0.279104661379793	0.235554229329318	0.236062938431102
chr17:12174148:T:C	17	12174148	-0.17864226841086	0.17439893095379	0.3056788601229
chr17:14402381:C:T	17	14402381	0.0780382414521	0.286329666456006	0.785201592381378
chr17:15219976:C:T	17	15219976	-0.345543088603306	0.182234950553359	0.0579414551354054
chr17:16482403:T:A	17	16482403	-0.110311666668473	0.155590943089031	0.478333698023837
chr17:18684803:A:G	17	18684803	-0.302935823455722	0.205180852008607	0.139827633536912
chr17:20040710:T:C	17	20040710	-0.175561868310784	0.124192434819025	0.157471238255839
chr17:21275023:A:C	17	21275023	0.0370393290881599	0.131613232043986	0.778384006867169
chr17:30609729:C:T	17	30609729	0.500663715403215	0.222210339441361	0.0242523906987028
chr17:31554254:C:T	17	31554254	0.0973314824745575	0.16802286724258	0.562403486722764
chr17:33472425:T:G	17	33472425	-0.264893625231608	0.16068544929529	0.0992454379447112
chr17:44156671:T:A	17	44156671	-0.0118438599091897	0.121061857243471	0.922064802963939
chr17:45754773:C:T	17	45754773	0.0867644141196323	0.152732597892992	0.569980292256315
chr17:48779278:C:T	17	48779278	0.128236579543931	0.134779298374664	0.341372916358585
chr17:52703044:C:G	17	52703044	-0.220340616260706	0.189001266220534	0.243689026355091
chr17:53282498:G:T	17	53282498	-0.0192542614169777	0.123575139501306	0.87618266728026
chr17:58411807:C:T	17	58411807	-0.340445313539394	0.20545840042634	0.0975187429486896
chr17:61409438:A:G	17	61409438	0.198802205706375	0.183042834244984	0.277436242481754
chr17:61905160:C:T	17	61905160	0.0857205963378698	0.27014302583309	0.751004141433827
chr17:66262233:G:T	17	66262233	0.109414293705004	0.205402372969081	0.59425323331051
chr17:66751216:C:T	17	66751216	-0.00687522128144959	0.122384619287583	0.955200669970093
chr17:66971178:A:G	17	66971178	-0.418274637744208	0.253946050289433	0.0995374135798032
chr17:68771033:G:A	17	68771033	-0.0358938546224532	0.123045707730563	0.770507174412939
chr17:69081332:C:T	17	69081332	0.0809964761684462	0.20706996137271	0.695682577734393
chr17:69213412:T:C	17	69213412	0.224552330251625	0.155246749890906	0.14805884645641
chr17:72829246:G:A	17	72829246	-0.0514767928122993	0.15412670608389	0.738387034912082
chr17:73506492:C:T	17	73506492	0.128235494206323	0.21567747477077	0.552130510416735
chr17:75360149:C:G	17	75360149	-0.143859372539518	0.271749904555524	0.596540827901683
chr17:77625920:A:T	17	77625920	0.0427149020992933	0.170902232474685	0.802635567724061
chr18:1137045:A:T	18	1137045	0.0543806244946836	0.154182616731748	0.724311338483908
chr18:4080016:T:A	18	4080016	-0.0125208225767915	0.174728690989824	0.942873561928745
chr18:8920896:G:C	18	8920896	-0.346171584807017	0.274815792695355	0.207795818600831
chr18:9609299:C:T	18	9609299	0.123868490796489	0.212615541757669	0.560166797920765
chr18:10572326:C:T	18	10572326	0.316947536027801	0.148702099970119	0.0330540551074355
chr18:11017906:C:T	18	11017906	0.183770919931469	0.171021840506964	0.282577816017416
chr18:12120157:A:G	18	12120157	-0.130637953613745	0.454979628534864	0.774013366352177
chr18:14686017:A:G	18	14686017	-0.0625046828874019	0.295865824245938	0.832684212262697
chr18:14895123:C:T	18	14895123	-0.187188246168491	0.168200531359583	0.265756807124645
chr18:30059135:A:G	18	30059135	0.0312456010275905	0.133919137900366	0.815515319458845
chr18:32490781:T:C	18	32490781	-0.205557076719343	0.156243122373467	0.18830054258943
chr18:36255061:C:A	18	36255061	0.332832461713996	0.169980882804846	0.0502231836489229
chr18:42762909:A:C	18	42762909	0.201071942445796	0.163124987083019	0.217715693237471
chr18:43928870:G:A	18	43928870	-0.0289914086130235	0.221377951992908	0.895807836323274
chr18:44831686:A:G	18	44831686	0.513565371419328	0.228035059561394	0.0243138438984023
chr18:45461168:C:T	18	45461168	-0.177972797710562	0.163938487900577	0.277652826778235
chr18:47992191:T:C	18	47992191	0.113484290184287	0.212758212736869	0.593759776839786
chr18:49146783:T:G	18	49146783	-0.249529572220729	0.271705952842543	0.358419458292497
chr18:49872731:C:G	18	49872731	-0.0121250669724729	0.170879650181682	0.943432166217268
chr18:50485733:T:C	18	50485733	-0.136265827830748	0.283560978985532	0.630834856267957
chr18:58120958:C:T	18	58120958	-0.428129805494529	0.301660012777294	0.155827271616082
chr18:59256389:C:T	18	59256389	0.219954984860613	0.225344452373117	0.329023124477213
chr18:62622293:T:A	18	62622293	-0.286281111556203	0.282152971787773	0.310281824638246
chr18:62998306:G:A	18	62998306	0.044553522466423	0.199349065165535	0.823150261860231
chr18:66103927:C:T	18	66103927	-0.0188631289731202	0.141116100720122	0.893662745404456
chr18:66206557:C:T	18	66206557	0.154878936062272	0.138660852604438	0.264010472022603
chr18:68001558:G:A	18	68001558	-0.245184517023561	0.188090041548015	0.192387523461319
chr18:69946690:A:G	18	69946690	0.059533493255288	0.149070230004807	0.689623978502574
chr18:71730181:C:T	18	71730181	-0.0299797655798534	0.147907645387632	0.839375411174232
chr18:72912108:T:C	18	72912108	-0.111382144920705	0.147503443922471	0.450179650739933
chr18:73248491:G:A	18	73248491	-0.0722293319518326	0.227483664239309	0.750853338757517
chr18:77734991:G:A	18	77734991	0.428075360962058	0.29627794425055	0.148501755482783
chr19:2907557:G:A	19	2907557	0.000550920137090313	0.142667261892278	0.99691891767368
chr19:16021187:G:A	19	16021187	-0.222827908232388	0.279669545297057	0.425593750614777
chr19:17584922:G:A	19	17584922	0.015378480097392	0.122237203402951	0.899883507428698
chr19:18704666:C:T	19	18704666	0.180608530049063	0.195967367810047	0.356723934814102
chr19:18737022:C:T	19	18737022	0.265010612587364	0.161456173713242	0.100718972367886
chr19:18805179:A:G	19	18805179	0.0441363244081192	0.141523620100271	0.755142797202487
chr19:21560366:G:T	19	21560366	0.246034474539008	0.16037378093744	0.124997296959073
chr19:21659434:G:C	19	21659434	-0.0910591867856662	0.205237560844353	0.657276121253674
chr19:33474662:T:C	19	33474662	0.0197843546927554	0.165244927724491	0.904699050635362
chr19:37956680:C:T	19	37956680	-0.049124582280639	0.166281666786505	0.767665467182269
chr19:38120117:A:T	19	38120117	0.16077081739283	0.211950383511747	0.448133497910011
chr19:44380983:T:C	19	44380983	0.199332907847779	0.19882986719726	0.31608768218779
chr19:44819986:A:G	19	44819986	-0.146596948984899	0.267709655068426	0.583968790903343
chr19:48685001:C:T	19	48685001	0.626013785802363	0.187750939284294	0.000855212034454045
chr19:51210487:G:T	19	51210487	0.712299125596379	0.226481129931365	0.00166046797774677
chr19:51552139:T:A	19	51552139	-0.27034430446969	0.229982650570013	0.239795260963621
chr19:52714810:C:T	19	52714810	-0.045420448586096	0.113110018767264	0.688007941477981
chr19:53330671:T:C	19	53330671	-0.0274141503400891	0.232620370824906	0.906187057513463
chr19:54944544:G:A	19	54944544	0.0523051867761338	0.200406171224541	0.794095677688183
chr19:57195010:G:C	19	57195010	-0.0883296057359665	0.260189513302487	0.734246801297566
chr20:1709120:A:G	20	1709120	-0.15987792942341	0.178042470251962	0.369198152565895
chr20:1735934:T:G	20	1735934	-0.082369536117133	0.170753651910912	0.629530246426919
chr20:1906500:G:T	20	1906500	0.119124825664185	0.209445676106396	0.569517393700355
chr20:3649460:G:A	20	3649460	-0.0380675612600216	0.185530146201903	0.837429448754126
chr20:5407753:C:T	20	5407753	0.0701466077492939	0.173516071911302	0.686017296709661
chr20:5860313:T:C	20	5860313	0.101396277404679	0.151321860121137	0.502813005463104
chr20:7000966:A:C	20	7000966	-0.364438393263649	0.234709393412633	0.120489610430248
chr20:12129436:G:A	20	12129436	-0.201331663689268	0.207649309410824	0.332258176333028
chr20:13244402:C:A	20	13244402	0.160878240033027	0.222707448591732	0.470064099663008
chr20:31347432:T:C	20	31347432	0.0490301342059728	0.131248390480713	0.708726111127098
chr20:37593342:C:T	20	37593342	-0.0292413768553043	0.125009477620495	0.815052303772475
chr20:38200488:G:A	20	38200488	-0.0932249742177277	0.153392155574237	0.543349439699243
chr20:38350608:A:G	20	38350608	0.0574160505251084	0.156618172203784	0.713918224681648
chr20:45729681:A:G	20	45729681	-0.0671513907606845	0.130499434910563	0.606851945077067
chr20:48501317:C:T	20	48501317	-0.033249908985207	0.165035326316812	0.840329939509868
chr20:49036824:T:G	20	49036824	0.277391959790316	0.13714176124143	0.0431076079852536
chr20:50371082:C:T	20	50371082	0.0711117359999012	0.19796378097509	0.71943358949604
chr20:52513956:G:A	20	52513956	0.383811054484404	0.196849390359162	0.0512035274626158
chr20:54253971:A:G	20	54253971	-0.360923926251834	0.166329653289478	0.0300120482656969
chr20:58480201:T:G	20	58480201	0.0188962056640215	0.130668629701391	0.88501750146189
chr20:60073360:C:T	20	60073360	-0.207952769239197	0.124550003161708	0.0949920387842277
chr21:14869783:A:G	21	14869783	0.25324786184546	0.283698713990641	0.372036694605311
chr21:15297615:T:C	21	15297615	0.26375876631891	0.177529284045559	0.137353260202044
chr21:15686888:A:G	21	15686888	0.0140627760265956	0.187090186145589	0.94008282683622
chr21:18805376:C:A	21	18805376	-0.0162968321139286	0.390355986715786	0.966699077495942
chr21:22007486:G:T	21	22007486	0.0582401355582907	0.38099122734302	0.878504920410831
chr21:24026351:C:T	21	24026351	0.172368091097274	0.167105716466729	0.302310490485566
chr21:26647335:G:C	21	26647335	0.19965565733655	0.162550225809355	0.219345417630209
chr21:28043199:C:G	21	28043199	-0.137532019772512	0.282139140484445	0.625931191522738
chr21:29538421:G:A	21	29538421	0.146971979710109	0.267776525285412	0.583101130638249
chr21:31885030:A:G	21	31885030	-0.171516534676738	0.211508277537921	0.417410956216176
chr21:35502622:A:T	21	35502622	-0.119168484039424	0.214112070265456	0.577820843547573
chr21:36306638:T:G	21	36306638	0.273141566824421	0.206196889673306	0.185282666476333
chr21:41442549:G:A	21	41442549	-0.00209681762347592	0.154573409148695	0.989176876480144
chr21:42627184:G:A	21	42627184	-0.51790575631051	0.389561431190798	0.183696748375887
chr22:20147688:T:C	22	20147688	0.118008359796696	0.170934019385731	0.489959180616832
chr22:23891985:A:G	22	23891985	-0.161227932201773	0.183682650055828	0.380077967375712
chr22:24245985:G:T	22	24245985	-0.179846699496604	0.257553134560161	0.484996043162315
chr22:28624303:G:A	22	28624303	0.526972037461883	0.256123478514464	0.0396389126337658
chr22:30376697:C:T	22	30376697	-0.0151647337288505	0.232529771630018	0.948001775072824
chr22:30662128:G:A	22	30662128	-0.307522559279522	0.224330576369409	0.170423126281056
chr22:36298345:C:A	22	36298345	0.0923952151246337	0.375103499356996	0.805435104443785
chr22:36977479:G:A	22	36977479	0.0681211079650277	0.221845814101841	0.758793818409667
chr22:42350572:C:T	22	42350572	0.447017439093023	0.313534231010413	0.153944193636514
chr22:42475109:T:G	22	42475109	0.0333606523338787	0.161022286105304	0.835869018917376
chr22:44719519:A:G	22	44719519	0.433371008946975	0.203099357231765	0.0328601234456003
chr22:44805054:T:C	22	44805054	-0.430645093243243	0.435163346508983	0.322361303855109
chr22:45210278:T:C	22	45210278	0.121770095779358	0.172218596146385	0.479524807441929
chr22:47062473:C:T	22	47062473	0.203163203844438	0.205893183428011	0.323769724705983
chr22:48785864:A:G	22	48785864	-0.179199648951369	0.313327476499617	0.56737314969393
chr22:49668266:A:G	22	49668266	0.225079100036603	0.190357978785207	0.237047385893798
chr22:49926053:G:A	22	49926053	0.47947034833172	0.222286449267703	0.0310061982036098
