SNP	CHR	POS	est	stderr	pval
chr1:1837340:C:T	1	1837340	-0.180917247113262	0.284237656696412	0.524450629970086
chr1:2261200:G:C	1	2261200	0.0556307817596246	0.170945483436987	0.744855683999357
chr1:14678191:A:C	1	14678191	-0.133585568566664	0.144376869682141	0.354832747177159
chr1:14985097:C:T	1	14985097	0.07083019430311	0.202175850014832	0.726083894543053
chr1:15065941:C:T	1	15065941	-0.265178722269362	0.385564064572201	0.491598732526316
chr1:20215506:G:C	1	20215506	0.00825260814584872	0.213471143918943	0.96916216065281
chr1:20533654:G:C	1	20533654	-0.164244168780218	0.318161451388432	0.605694476088241
chr1:22009627:T:C	1	22009627	0.261374567734678	0.18074083778643	0.148141022014545
chr1:22126221:C:T	1	22126221	0.14287513096921	0.17084016057018	0.402981199553005
chr1:23180575:A:G	1	23180575	0.139220027492404	0.155047400896405	0.369228664520633
chr1:26058659:G:C	1	26058659	0.298879531429014	0.172551448393479	0.083252491255152
chr1:26181362:A:G	1	26181362	0.198137524597438	0.161436416261309	0.219694470243371
chr1:26848285:C:T	1	26848285	-0.0960798355297733	0.477782892528246	0.84062415285184
chr1:28670719:C:T	1	28670719	-0.406079843371711	0.218735182629948	0.0633836401930054
chr1:29753056:A:C	1	29753056	-0.145056440270232	0.159390784379254	0.362786689313254
chr1:29908726:A:G	1	29908726	-0.0128885064770877	0.218084780809893	0.952873569167811
chr1:31886486:G:T	1	31886486	0.225817893186425	0.164371050598108	0.169494441173399
chr1:37838865:C:T	1	37838865	-0.265985154822821	0.283539414513051	0.348198766735886
chr1:39880059:T:C	1	39880059	-0.0963651631984416	0.158403974808113	0.542954925695797
chr1:41175014:G:A	1	41175014	0.2910973852618	0.322028540074509	0.366022430980668
chr1:41597921:C:T	1	41597921	0.00541520129523254	0.360538609078597	0.988016420571028
chr1:42635725:A:G	1	42635725	0.409612226083879	0.234595715041615	0.0808049466946097
chr1:43202709:G:A	1	43202709	-0.34095977359559	0.369416114343326	0.356023146120403
chr1:47498869:G:A	1	47498869	-0.119237455437624	0.217157649732576	0.582948865148945
chr1:51034150:G:A	1	51034150	0.483808744380744	0.199209424047934	0.0151554112829152
chr1:54900240:G:A	1	54900240	0.00110126993583041	0.19056164902565	0.995388991475589
chr1:55459433:C:T	1	55459433	-0.34393058342632	0.385465283482611	0.372260081719121
chr1:56563907:C:T	1	56563907	0.278752333407644	0.21945341868688	0.204009176943924
chr1:65351414:T:A	1	65351414	-0.102125246863609	0.240017267212904	0.670478599433779
chr1:66254178:T:A	1	66254178	0.0431171933461059	0.251845016449886	0.864062365981262
chr1:73302339:T:C	1	73302339	-0.0864271305474694	0.145127460662269	0.55149213481386
chr1:73563666:T:C	1	73563666	-0.261906455640162	0.284804903038613	0.357782071210712
chr1:76062379:T:C	1	76062379	0.0271168547151117	0.19044979546882	0.886777317555323
chr1:86928231:G:T	1	86928231	0.0340158549422985	0.152647596387014	0.823660725714545
chr1:88611347:G:A	1	88611347	-0.158615535821124	0.242073136887003	0.512314484691636
chr1:91057167:C:A	1	91057167	-0.564087445904374	0.561249040127183	0.314869258594615
chr1:91093925:G:A	1	91093925	-0.127081332005654	0.339844135022366	0.708448920639521
chr1:92475800:A:G	1	92475800	0.174954057440254	0.184678107896474	0.343462523802246
chr1:94752415:G:A	1	94752415	0.0202411669361481	0.202106790324909	0.92022456539555
chr1:95614324:G:A	1	95614324	-0.142189982464089	0.182571188979342	0.436086112604771
chr1:99691102:T:C	1	99691102	0.00127176101470668	0.17260387140443	0.99412116721843
chr1:104937367:T:A	1	104937367	-0.137499856955535	0.232383252194229	0.554055281830658
chr1:115841221:A:T	1	115841221	0.303598291708702	0.376801410715397	0.420401469391729
chr1:153704237:C:A	1	153704237	-0.0944887808876736	0.242747681002052	0.697093516842862
chr1:155857667:G:T	1	155857667	0.30828754562464	0.362695464826367	0.395330603847539
chr1:157334223:T:C	1	157334223	-0.0820067704302465	0.190600003108851	0.667009523601125
chr1:159540226:C:T	1	159540226	-0.368344654483193	0.255708794015698	0.149730261399541
chr1:165647351:T:C	1	165647351	0.00037717851926782	0.200194780310038	0.998496740331183
chr1:167545338:A:T	1	167545338	0.208422789451095	0.299413511343119	0.486364022627603
chr1:168863629:G:A	1	168863629	0.0819227651035603	0.150615716840322	0.586497145010825
chr1:171350391:G:A	1	171350391	-0.0102692106492486	0.232232985465497	0.964729492911453
chr1:173013575:C:G	1	173013575	0.00855047039837403	0.154829139875335	0.955959051928633
chr1:178947344:C:A	1	178947344	0.26548397804843	0.219835909431723	0.227183419901678
chr1:185127444:C:G	1	185127444	-0.0835602267052099	0.224520183715065	0.709764457331655
chr1:185619557:C:T	1	185619557	0.0323157391452463	0.272331937360807	0.905542309022188
chr1:186638909:G:T	1	186638909	-0.236718675445797	0.190932711709509	0.215048797961766
chr1:188272062:T:C	1	188272062	-0.213721607191974	0.20699205468432	0.301832720777577
chr1:193365737:C:T	1	193365737	-0.143652648881826	0.182349905928182	0.430822065024607
chr1:193791070:G:T	1	193791070	-0.996299538043238	0.598207139977325	0.0958178601147208
chr1:195033388:T:C	1	195033388	0.00419319005040534	0.210040385614077	0.984072304152395
chr1:195907914:A:G	1	195907914	-0.169453737161282	0.167860290333745	0.312738402424294
chr1:196692375:G:C	1	196692375	0.079312977078328	0.167073016175367	0.63498624136105
chr1:197559019:A:G	1	197559019	-0.0778031848114049	0.22630110373383	0.730993824306163
chr1:199160726:G:A	1	199160726	-0.136257194819933	0.204698774692481	0.505636540222087
chr1:204277152:T:C	1	204277152	-0.10441448429713	0.182772182753571	0.567808404094151
chr1:207498131:C:T	1	207498131	0.293920532525792	0.218323815659509	0.178218810291474
chr1:208744577:C:T	1	208744577	0.121829328090588	0.413957035844416	0.768525401137634
chr1:210496535:G:A	1	210496535	-0.836657236743083	0.363157576835338	0.0212315827520863
chr1:212937214:T:G	1	212937214	0.0619005762003818	0.141997323640142	0.662889138383832
chr1:219750864:A:G	1	219750864	0.428095551944786	0.164062501336513	0.00907159192300078
chr1:221920463:G:A	1	221920463	-0.338866682095113	0.327045402345812	0.30013418214903
chr1:227462684:A:G	1	227462684	-0.19086139423586	0.282939144886095	0.499950940664923
chr1:234456961:G:A	1	234456961	-0.0921792104348416	0.194605577454547	0.635733832910496
chr1:237308322:A:G	1	237308322	-0.0191612765398809	0.168264898323531	0.909336359651449
chr1:239000642:T:C	1	239000642	-0.113252114520048	0.361405472266352	0.754002765181109
chr1:244583991:C:T	1	244583991	0.433545603202136	0.201798979988302	0.03168172746025
chr1:246213578:G:A	1	246213578	0.488721137787241	0.179057410177434	0.00634477095288133
chr1:247190028:T:C	1	247190028	0.076649524928775	0.178066359204182	0.666864815598792
chr1:247897239:C:T	1	247897239	-0.0750683472116478	0.16601255808811	0.651135892802395
chr2:3248328:A:G	2	3248328	-0.00460799792773598	0.187037711554723	0.980344720479848
chr2:4505759:T:G	2	4505759	-0.295469029670943	0.23239762637375	0.203588390804501
chr2:6804400:G:A	2	6804400	-0.623489463984913	0.327344715406774	0.0568206744838409
chr2:9411790:A:C	2	9411790	0.254806529678367	0.171684794668938	0.137768294208462
chr2:12096367:C:T	2	12096367	-0.317613865696408	0.333552575705787	0.34098780349077
chr2:13545005:C:T	2	13545005	-0.0816980019398141	0.178898091860245	0.64790580448914
chr2:16009716:A:G	2	16009716	-0.252232792390319	0.147565627422884	0.0873968167892483
chr2:16367899:A:T	2	16367899	0.0800535400055809	0.170431703328944	0.638561951384589
chr2:17630111:A:C	2	17630111	-0.425420104188799	0.191967685444378	0.0266844700405388
chr2:17928966:C:G	2	17928966	-0.222032713637414	0.255530851570988	0.384897640884542
chr2:18261494:A:T	2	18261494	0.0448555720796701	0.17242182261358	0.794747914596029
chr2:19530615:T:C	2	19530615	0.0744089651276281	0.209615831996715	0.722606228920271
chr2:19562158:T:C	2	19562158	-0.141844040275465	0.185730041985	0.445039599078971
chr2:27383116:G:A	2	27383116	-0.151357688020022	0.185573410929897	0.414716574106244
chr2:37762298:C:T	2	37762298	0.300851459025539	0.213076140170263	0.157966614695784
chr2:42010994:T:A	2	42010994	-0.340998577473476	0.363500420995179	0.348194672210111
chr2:45824390:C:G	2	45824390	0.00878144377390869	0.222912213941799	0.968576120376878
chr2:46742820:T:C	2	46742820	0.132523099252755	0.340803366916375	0.697383399162376
chr2:49789441:T:C	2	49789441	-0.0461012498934787	0.191641216751651	0.809895998290102
chr2:49994518:G:A	2	49994518	-0.154817370262392	0.211678803459824	0.464547865531654
chr2:51284042:G:A	2	51284042	0.1748576910414	0.201224881295683	0.384865426533427
chr2:51344078:G:A	2	51344078	-0.0476369914790479	0.151471672774339	0.753145575875116
chr2:57278002:C:A	2	57278002	0.542640530259518	0.175467745308706	0.00198453357101769
chr2:57368273:A:G	2	57368273	-0.261375029574312	0.294265559514746	0.374417900528153
chr2:60075157:T:C	2	60075157	0.193345402645166	0.261848432943162	0.460279488897142
chr2:60373837:A:G	2	60373837	0.0446644242984624	0.20872188936014	0.83055475380738
chr2:61147014:T:C	2	61147014	0.143188383727438	0.256123056679789	0.576120165861368
chr2:61693274:A:G	2	61693274	0.187459122893167	0.224956890304446	0.404669174457096
chr2:65295480:C:T	2	65295480	-0.443607868478696	0.283060083414118	0.117071165247991
chr2:66031496:T:C	2	66031496	-0.19229733609088	0.234322057038185	0.411843373042149
chr2:69165635:T:C	2	69165635	0.163415395461562	0.193904822256676	0.399362200032903
chr2:71204755:G:A	2	71204755	-0.152024427155049	0.382225031000583	0.690825237148061
chr2:72022684:A:G	2	72022684	0.342497049861074	0.259866755366377	0.187513095252151
chr2:76651386:C:A	2	76651386	-0.0445900477928064	0.17553370931244	0.799475816067518
chr2:79784490:C:G	2	79784490	0.212173147687212	0.188839352648756	0.261197924844516
chr2:82619301:T:C	2	82619301	0.304315729275183	0.215281588524202	0.157488011761147
chr2:83181917:T:C	2	83181917	-0.110353078840716	0.276269364965686	0.689568908986074
chr2:83400799:T:A	2	83400799	0.144417248974016	0.300986147399625	0.631359936667905
chr2:85744328:G:A	2	85744328	0.0693226849750515	0.230159831209193	0.763266814050262
chr2:85757440:T:A	2	85757440	-0.0337938571148562	0.1785885557313	0.849914553805499
chr2:99811694:T:C	2	99811694	0.0640050721903586	0.184427741464644	0.72855610000706
chr2:101228073:A:C	2	101228073	0.123522454909761	0.214698162064598	0.565067627801046
chr2:106861882:T:C	2	106861882	-0.599919481332685	0.472035697408634	0.203757206395265
chr2:108083619:T:C	2	108083619	0.26742002527968	0.171190318872552	0.118259440978565
chr2:114129906:T:C	2	114129906	-0.191862285803326	0.139703302570789	0.16964188591392
chr2:118004610:C:T	2	118004610	-0.299887446008712	0.182371863153509	0.100099090123575
chr2:119455921:A:G	2	119455921	-0.147253531545435	0.120941767505154	0.223392250380925
chr2:120644763:G:A	2	120644763	0.0740279428989471	0.137142645180855	0.58934330025006
chr2:120916837:A:G	2	120916837	0.042223360300124	0.179998758936087	0.814537962290289
chr2:122628686:C:A	2	122628686	-0.359832542185289	0.294883254250279	0.22236850980448
chr2:122629789:A:C	2	122629789	-0.255671214643379	0.33241078092384	0.441808799918562
chr2:126391403:A:G	2	126391403	0.238661842662155	0.147519373032764	0.105698398401984
chr2:127192867:G:A	2	127192867	0.200749818738939	0.177299285347393	0.257522937163817
chr2:130915743:C:T	2	130915743	0.102810308607405	0.164578451076292	0.532175351276843
chr2:136507185:G:C	2	136507185	0.159574319642646	0.125931080596361	0.205099528540985
chr2:141023592:C:T	2	141023592	0.284960637841589	0.213970991480032	0.182935025366698
chr2:143017176:T:C	2	143017176	-0.17657413034138	0.318304243623968	0.579076736920504
chr2:143920023:G:T	2	143920023	-0.281694743482185	0.268524595356555	0.294156791903798
chr2:144729333:C:T	2	144729333	0.0919376461233324	0.171011981646889	0.5908467502768
chr2:148561010:G:C	2	148561010	-0.225661502519009	0.26437531584444	0.393346087438439
chr2:154835349:G:T	2	154835349	0.0412832483238343	0.152910540610833	0.787173322916508
chr2:164974626:C:A	2	164974626	0.256320801172296	0.220139109981812	0.244278836855587
chr2:167086954:T:G	2	167086954	0.242412769255753	0.175775279225193	0.167862026800457
chr2:167199229:C:T	2	167199229	0.384876057887312	0.184876471409282	0.0373606331707274
chr2:167657344:C:T	2	167657344	-0.282810616363428	0.392640366962904	0.471353223206254
chr2:167884398:C:T	2	167884398	-0.145989363403553	0.263851140005752	0.58005663194231
chr2:168647356:T:G	2	168647356	-0.369199354172063	0.249020297734695	0.138178730691633
chr2:170041677:A:G	2	170041677	-0.0843085962414379	0.248841677730057	0.734757265260783
chr2:171274449:C:A	2	171274449	0.307194904711292	0.210403495462091	0.144282496267199
chr2:177787584:G:A	2	177787584	-0.0191170264194917	0.218496678778518	0.930279298231945
chr2:179648558:C:T	2	179648558	-0.168144939113676	0.303645316166381	0.579746918809072
chr2:183527028:C:T	2	183527028	-0.135714835498763	0.297281237399884	0.648016080152047
chr2:184516924:T:A	2	184516924	-0.0531474396120422	0.206653393800501	0.797038628002946
chr2:191922008:C:T	2	191922008	0.389256185997193	0.20033790922966	0.0520163824517472
chr2:195817951:G:C	2	195817951	-0.0938379259115407	0.397266348668795	0.813270420016441
chr2:197010424:G:A	2	197010424	0.185217558280907	0.21374184562403	0.386189742699303
chr2:209101337:G:A	2	209101337	-0.151698834024328	0.177146494495107	0.391805980847423
chr2:209103516:A:G	2	209103516	-0.0446654727428906	0.201800292201698	0.824831580087614
chr2:210957182:G:A	2	210957182	-0.203763415955669	0.151978680182285	0.180005907886106
chr2:214802180:T:C	2	214802180	0.0123591593615208	0.176002984858506	0.944017516877641
chr2:215209936:A:G	2	215209936	-0.266656708828304	0.240973245009805	0.268474597275699
chr2:215367000:G:A	2	215367000	0.5650389480013	0.262138025507724	0.0311225992020299
chr2:220997842:C:T	2	220997842	-0.222234309226524	0.164817762090784	0.177541390923708
chr2:226027918:G:A	2	226027918	0.325360324136296	0.279833212478191	0.244953782738939
chr2:228947684:G:A	2	228947684	0.00710830573249249	0.221516591422166	0.974400860229505
chr2:233152507:T:C	2	233152507	0.13649680623888	0.151425075471537	0.367367807835639
chr2:235620294:A:T	2	235620294	0.0921889758951998	0.164820183750272	0.575936100344767
chr2:237288548:A:G	2	237288548	-0.00971151433504055	0.226229965061738	0.965759230186793
chr2:237513585:T:C	2	237513585	-0.0398078668170967	0.190426230491449	0.834412226373538
chr2:237920759:T:G	2	237920759	0.0927311887504825	0.148390723031252	0.532028615913605
chr2:240429648:C:T	2	240429648	0.195629775979747	0.137602430715572	0.155112515401485
chr3:9841346:T:C	3	9841346	-0.535738495716754	0.435471875508587	0.218604171317478
chr3:10127208:T:G	3	10127208	0.182929239730913	0.174182094084235	0.293617712872483
chr3:14082905:A:G	3	14082905	0.312596601552944	0.213606834251877	0.143352376475616
chr3:16798495:T:G	3	16798495	-0.28740320036012	0.24204501181064	0.235071584881469
chr3:18882818:T:C	3	18882818	-0.0352635117189786	0.163731606408852	0.829475831143637
chr3:20179943:G:A	3	20179943	0.540423770161913	0.34493619920121	0.117176541726568
chr3:22245167:A:G	3	22245167	-0.00281977023505061	0.249343134891341	0.990977079909096
chr3:24009496:G:A	3	24009496	-0.00116618691150147	0.181795585107106	0.994881745067506
chr3:24010534:C:T	3	24010534	-0.204702369406033	0.215143953435427	0.341367368775138
chr3:33111016:C:A	3	33111016	-0.34650364668661	0.307313541290161	0.259520650800056
chr3:33421913:A:G	3	33421913	-0.103955419943814	0.12142929748854	0.391943387063674
chr3:34471110:A:G	3	34471110	-0.0554948843970826	0.117259451390622	0.636023580887029
chr3:34498029:C:T	3	34498029	0.00248833136281046	0.303836045827148	0.993465623943982
chr3:35230331:G:A	3	35230331	-0.149858105035236	0.220961745061976	0.497639586086401
chr3:41413926:T:C	3	41413926	-0.199958944553887	0.176693096822098	0.257771609378173
chr3:42098050:T:C	3	42098050	-0.0322174265011283	0.183753566947974	0.86082070967454
chr3:46489654:A:G	3	46489654	0.12405690043375	0.164753157318343	0.451458036891571
chr3:56959175:A:G	3	56959175	0.439468510595528	0.196029581744758	0.0249712027779042
chr3:64441608:G:A	3	64441608	0.0292230764066373	0.10306512154836	0.776762984241002
chr3:66150510:T:A	3	66150510	-0.00642413221956604	0.210368719145993	0.975638396276363
chr3:66995763:G:T	3	66995763	-0.166528912374526	0.218680417540085	0.446348173647189
chr3:68498445:T:C	3	68498445	0.013894474055743	0.197057856972142	0.943788046207299
chr3:68824246:G:A	3	68824246	0.0336338400971558	0.108188698580022	0.755890883234461
chr3:69021248:A:C	3	69021248	0.137529244299132	0.160000014656712	0.390032901804376
chr3:69617754:T:G	3	69617754	-0.161097173582331	0.16932666416473	0.341402003769848
chr3:74191731:G:A	3	74191731	-0.0844896765846319	0.170854773995223	0.620944879195591
chr3:74732240:G:A	3	74732240	0.0434607109873089	0.159768698829158	0.78560457404973
chr3:75709324:A:T	3	75709324	0.106850051954162	0.148797409082686	0.472701296484513
chr3:84465702:T:C	3	84465702	0.119355244943027	0.198207012871017	0.547057866687603
chr3:84817748:G:A	3	84817748	-0.138879275844166	0.257352584697627	0.589441232678916
chr3:85705423:A:G	3	85705423	0.203712757484391	0.15984293141082	0.202501913284206
chr3:88069353:C:T	3	88069353	-0.0362804020471427	0.279117936581768	0.896580400160796
chr3:93986190:G:A	3	93986190	0.151038993440614	0.200852656591204	0.452057658735604
chr3:101022648:G:A	3	101022648	0.467183518716143	0.207994565949608	0.0246954716025247
chr3:106664728:C:T	3	106664728	0.131658082826811	0.222430485966089	0.553913103442995
chr3:110774699:C:T	3	110774699	0.180157844884875	0.193827310436277	0.352642426166824
chr3:113428518:G:A	3	113428518	-0.164576746350939	0.198592646730633	0.407265578670294
chr3:121058963:T:G	3	121058963	-0.489976678632254	0.240993004328315	0.0420366365809366
chr3:122312606:G:A	3	122312606	-0.0606254905783181	0.251621006030296	0.809601849501031
chr3:124193435:A:C	3	124193435	0.262773899313575	0.176393763761527	0.136302971418878
chr3:124804582:A:T	3	124804582	0.299850762346256	0.218027381534136	0.1690417192619
chr3:126773646:G:T	3	126773646	0.175845280295526	0.162577624053223	0.279426689454434
chr3:131110446:C:G	3	131110446	0.105484496251825	0.180127791056706	0.558138147211633
chr3:131209978:G:T	3	131209978	-0.00888663032179048	0.153482013564698	0.953828170315314
chr3:133982842:C:T	3	133982842	-0.255213631814316	0.166527967099163	0.125384998534936
chr3:134929007:C:T	3	134929007	-0.552123363294024	0.347643872652444	0.112244135211394
chr3:137777496:C:T	3	137777496	0.123674631399625	0.360554295164989	0.731589053820444
chr3:146265901:G:T	3	146265901	-0.321923914771894	0.206853601319483	0.119639465900014
chr3:148006706:G:A	3	148006706	-0.318157310804313	0.408291891156683	0.435838441491646
chr3:149679065:C:A	3	149679065	-0.306943615093823	0.225578637200729	0.173610247637448
chr3:150888061:C:A	3	150888061	0.59959202294644	0.243251217228877	0.0137048196903493
chr3:152663712:G:C	3	152663712	-0.510481277941247	0.283652880747207	0.071912928995725
chr3:159417151:A:G	3	159417151	-0.0831785115143234	0.190951964959238	0.663127595635739
chr3:164899350:G:A	3	164899350	-0.178103744634399	0.296141499158116	0.547564049036835
chr3:168053836:T:C	3	168053836	0.263441393259539	0.243340934178047	0.278985098696525
chr3:171028381:G:A	3	171028381	0.0791143193604295	0.294025179478268	0.787873292088154
chr3:174497130:T:C	3	174497130	0.154755971052938	0.189690189678866	0.414594285702366
chr3:176663180:T:G	3	176663180	-0.167082428372291	0.315533161882891	0.596441898187842
chr3:196706550:C:T	3	196706550	-0.302624163098422	0.225711707727522	0.179999921147255
chr4:332191:G:A	4	332191	0.13303600447847	0.188404025683086	0.480113007279617
chr4:8816874:T:C	4	8816874	0.0115828889629577	0.170910436658136	0.945967380822723
chr4:9851274:C:G	4	9851274	0.0966313032723266	0.162687591479999	0.552533187440988
chr4:10725805:A:G	4	10725805	0.0183846142545002	0.182573427193363	0.919790915281767
chr4:13219910:C:T	4	13219910	0.545896731010642	0.200839311424963	0.00656625375500841
chr4:18747099:A:G	4	18747099	0.0849488971834171	0.20345698747075	0.67629257853848
chr4:20840555:C:T	4	20840555	0.381118532996487	0.187834402575704	0.0424569183327493
chr4:21137718:C:T	4	21137718	0.442157527994586	0.198427085189846	0.0258596921842968
chr4:26851610:T:C	4	26851610	0.171219620292329	0.248200963441243	0.490293119176309
chr4:32302160:A:T	4	32302160	-0.0448820312447189	0.197627978729257	0.820343161911605
chr4:34501888:A:G	4	34501888	0.158989837993433	0.191029292881236	0.405250981550782
chr4:40603484:A:G	4	40603484	0.0568922059766888	0.205778489103618	0.782184758227499
chr4:41002348:C:T	4	41002348	0.013754608988755	0.310488500604298	0.964665352770465
chr4:44018406:T:G	4	44018406	-0.0163468276775668	0.216853112030195	0.939910756944392
chr4:44680448:T:C	4	44680448	0.281098524742294	0.23926466263718	0.240057348200408
chr4:55337032:C:T	4	55337032	0.0255292905589736	0.191945909828073	0.894191384041497
chr4:55659669:G:A	4	55659669	-0.115504743701265	0.186190607298314	0.535022432231869
chr4:56719096:C:T	4	56719096	0.349679857437188	0.205343233286049	0.0885859951574269
chr4:58944563:C:T	4	58944563	-0.734372350131865	0.519228711127379	0.157258472029922
chr4:61158247:C:G	4	61158247	0.126291035286383	0.239973764558137	0.598700501740803
chr4:64485722:G:A	4	64485722	0.0359137871116141	0.282297826703348	0.89876667552522
chr4:67708732:C:T	4	67708732	0.136854752784193	0.240085907197498	0.568661353511221
chr4:67911021:C:T	4	67911021	0.121788830073035	0.136479863783831	0.372201343272425
chr4:90022599:G:T	4	90022599	-0.0629819492191552	0.202816967885545	0.75615346526125
chr4:95020597:A:T	4	95020597	-0.215934798499483	0.257749601555355	0.402160076347845
chr4:95433170:T:C	4	95433170	-0.0677842660185315	0.289631214174586	0.814956668338524
chr4:97398054:G:A	4	97398054	-0.0984799240090266	0.179712416696084	0.583701379700402
chr4:98823404:T:C	4	98823404	0.0479710099608326	0.213965813552307	0.822602139622889
chr4:99262681:C:G	4	99262681	0.374417053645131	0.166653453318951	0.0246604572595346
chr4:99355957:G:T	4	99355957	0.259065121569857	0.148811166682549	0.0817013897180667
chr4:101085120:T:C	4	101085120	0.184885778824222	0.157568323784304	0.2406478826472
chr4:102399971:C:T	4	102399971	0.127840953880811	0.169303988992502	0.450190713256244
chr4:102884286:T:C	4	102884286	-0.0629872493911068	0.194848351409944	0.746496124089327
chr4:105992845:C:T	4	105992845	0.0340424725017235	0.164944841870353	0.836488618004641
chr4:108791253:G:A	4	108791253	0.242073899211873	0.148435121848586	0.102924134399003
chr4:110191180:A:G	4	110191180	0.119033565424055	0.311328298732413	0.702208465179793
chr4:110957298:T:A	4	110957298	-0.108820670613953	0.172545919419121	0.528252014342048
chr4:113348012:C:T	4	113348012	0.0460663617766742	0.175390863309641	0.792820571199186
chr4:115515844:A:G	4	115515844	-0.0970548242246075	0.314477163156248	0.757608471230869
chr4:115522695:G:A	4	115522695	0.259022016520967	0.201534498157835	0.198705278238476
chr4:120770744:A:C	4	120770744	-0.270356534134547	0.20909167785391	0.196009413806471
chr4:123964831:A:G	4	123964831	0.216624624381451	0.161220226378349	0.17905945131843
chr4:125256344:T:C	4	125256344	-0.335382184474436	0.400754238835638	0.402661458304289
chr4:126268710:T:G	4	126268710	-0.00178676095645164	0.215033773587005	0.993370285269887
chr4:134094420:T:C	4	134094420	-0.370690562550793	0.351467782340155	0.291565815730566
chr4:134350906:C:T	4	134350906	0.188142442525046	0.146024080544034	0.197594804996502
chr4:138952375:G:A	4	138952375	-0.401832723849994	0.200632181941388	0.0451952330964621
chr4:141012527:T:G	4	141012527	0.275540001217373	0.192695514671315	0.152738743430416
chr4:141618953:G:A	4	141618953	0.199364219702445	0.226094247053524	0.377898577264525
chr4:149616644:T:G	4	149616644	-0.524749634655464	0.352614731749114	0.13670683738591
chr4:154030957:C:G	4	154030957	-0.202915291151884	0.240715005618852	0.399245773194453
chr4:168588553:A:C	4	168588553	0.110908874501767	0.197225826821453	0.573881271145015
chr4:171334248:A:T	4	171334248	0.385693775500393	0.201578726973089	0.0557012817781893
chr4:171974219:A:G	4	171974219	0.260916115956622	0.185030276395725	0.158502301931126
chr4:176312841:C:T	4	176312841	0.21615522776055	0.147369178439313	0.142441333096054
chr4:179329624:T:G	4	179329624	0.0747269879864865	0.189980822612774	0.694068645815753
chr4:183032183:A:G	4	183032183	0.363195909561372	0.180378386215246	0.0440597076110554
chr4:184991673:A:G	4	184991673	-0.199612542133521	0.178080182888125	0.262324537934455
chr4:189912372:C:T	4	189912372	-0.237081006129216	0.1615501170427	0.142229641358013
chr5:79496:A:G	5	79496	0.278336782597559	0.382296742881121	0.466573950623553
chr5:5313703:A:G	5	5313703	-0.0375937134251825	0.225496781477354	0.867594241354957
chr5:7364955:T:A	5	7364955	-0.511324082216208	0.316591996942302	0.10629153867778
chr5:8067079:G:C	5	8067079	-0.0172325049305981	0.163821022097733	0.916224214305221
chr5:13911296:G:T	5	13911296	-0.222625114093873	0.236837717143467	0.347222628712911
chr5:15621966:C:G	5	15621966	0.240047387641655	0.171231700632636	0.160949180531487
chr5:15997511:T:A	5	15997511	-0.432278900952419	0.432983926473	0.318099148805177
chr5:17902851:T:C	5	17902851	-0.0769065361659276	0.245973773119298	0.75453782601555
chr5:20719353:A:C	5	20719353	-0.382953073531566	0.474377418670471	0.419508011957059
chr5:20732163:G:T	5	20732163	-0.0146547284427025	0.238933072858279	0.95109318917368
chr5:21913130:A:C	5	21913130	0.26657639798685	0.165956097561077	0.108206530278961
chr5:23787194:A:C	5	23787194	-0.035665708284714	0.16224646176383	0.826008025510598
chr5:23895775:T:G	5	23895775	0.133651524325009	0.190794851205101	0.483615985161565
chr5:25693600:A:G	5	25693600	0.215855244434084	0.249219783056842	0.386422145212988
chr5:33466391:T:A	5	33466391	-0.152823138279683	0.214878585704023	0.476956017658892
chr5:33624899:A:G	5	33624899	-0.0469161650649998	0.33258552439948	0.887818621414626
chr5:39550509:T:G	5	39550509	0.0228709258206286	0.135893758827138	0.866347237913998
chr5:39634108:G:A	5	39634108	0.00829075237541155	0.198397261858024	0.966667188568313
chr5:39978357:G:A	5	39978357	0.248311430978863	0.124127743790569	0.0454516192172565
chr5:40238036:C:A	5	40238036	0.0286820511056938	0.420251345873256	0.945586821057551
chr5:44011742:G:T	5	44011742	-0.0741607472458837	0.252306030953175	0.76881007425859
chr5:50222627:G:A	5	50222627	-0.11269149622731	0.281834216881692	0.689266780011488
chr5:54814079:C:T	5	54814079	0.311801239677644	0.168585862525444	0.0643842042624251
chr5:66989845:C:A	5	66989845	-0.0259661456037851	0.173719022178212	0.88118112959909
chr5:66992139:G:A	5	66992139	0.112519145559187	0.22419414799161	0.615750094076969
chr5:73076502:T:C	5	73076502	0.219075251255811	0.171839359363051	0.202350300100306
chr5:76998986:C:A	5	76998986	-0.272137568111544	0.206466281467033	0.187479313873352
chr5:77675144:G:C	5	77675144	-0.00857334360422641	0.234491298230881	0.970834675531082
chr5:80530472:T:A	5	80530472	0.463887113323862	0.2354138500878	0.0487790903988838
chr5:81710558:G:T	5	81710558	-0.0101476337389877	0.199206617425169	0.959373136882894
chr5:82792281:C:G	5	82792281	0.648252943303495	0.474308656699298	0.171709241598999
chr5:84879932:A:G	5	84879932	-0.253842128064689	0.168890462681473	0.132839406385494
chr5:85476293:A:G	5	85476293	0.303631617238459	0.160368075379976	0.0583123993126219
chr5:85809583:T:C	5	85809583	0.125232199302423	0.175161195382644	0.474637460729852
chr5:92192959:A:T	5	92192959	0.268933337073669	0.157438617525334	0.0876031375904464
chr5:94648523:C:G	5	94648523	-0.0458578667229796	0.185002189594801	0.80422924569986
chr5:98024666:G:A	5	98024666	-0.0415442282376388	0.18007473208633	0.817543612767188
chr5:101328324:T:C	5	101328324	0.339263023870961	0.238268270839375	0.154484130567151
chr5:101825779:A:C	5	101825779	0.271195639063838	0.187873205241546	0.148878672664117
chr5:106773905:G:A	5	106773905	-0.105772137128994	0.145502564632454	0.467260595129727
chr5:110045491:C:T	5	110045491	-0.213134988215636	0.442112348838185	0.629746759650422
chr5:114915760:G:T	5	114915760	-0.234651799237939	0.194302295789468	0.227176706009172
chr5:115102683:A:G	5	115102683	0.181545094862129	0.228752618913066	0.427410470500344
chr5:117238479:G:A	5	117238479	-0.131164566031615	0.227753931192404	0.564679578983143
chr5:121740415:G:T	5	121740415	0.276842468946796	0.222862388651236	0.214158129192835
chr5:137227416:A:T	5	137227416	0.105989763322533	0.251129017442146	0.672986309012901
chr5:137406489:C:T	5	137406489	-0.0243519435277952	0.225683571236861	0.914072605234727
chr5:140638650:G:A	5	140638650	-0.164499708301149	0.277703275443384	0.553611001684214
chr5:142682003:T:C	5	142682003	-0.171729039707506	0.18544996740441	0.354439339141557
chr5:144183699:A:G	5	144183699	0.125889642708542	0.204889915273245	0.538934015058887
chr5:145690757:G:T	5	145690757	0.272510971759058	0.246290016940125	0.268525852736292
chr5:147282093:C:T	5	147282093	-0.130217662143028	0.256345550669389	0.611469422942136
chr5:148033208:G:T	5	148033208	0.385454157682587	0.213453530690581	0.0709497524158546
chr5:151763317:T:C	5	151763317	-0.115788792213821	0.164482171408825	0.481457976418914
chr5:153541577:C:T	5	153541577	-0.0185271955946852	0.330270459177638	0.955264500914995
chr5:160435085:T:G	5	160435085	0.495238699587182	0.2390611063853	0.0383028725337662
chr5:164252995:G:C	5	164252995	-0.175415719354914	0.332895482465945	0.598235727098537
chr5:168245100:T:C	5	168245100	0.0761465899611638	0.17064091829165	0.655424795204326
chr5:169455657:C:T	5	169455657	-0.0774161312556893	0.182543170330758	0.671494592505803
chr5:169808985:G:C	5	169808985	0.148432500022062	0.297296282644589	0.617585905142842
chr5:172672695:T:C	5	172672695	-0.0370414137182758	0.182253473884107	0.838946516197263
chr5:173346700:A:C	5	173346700	0.22661142399509	0.212705476252825	0.286705569431642
chr5:177122146:G:C	5	177122146	0.137021380146245	0.319905539359033	0.668419435200238
chr6:1084246:G:A	6	1084246	-0.0395431349642284	0.323986008487891	0.902857849089368
chr6:3041612:C:A	6	3041612	-0.107160892805859	0.185023254521404	0.562470917747886
chr6:3673174:A:G	6	3673174	-0.0401142802153656	0.260000754607423	0.877384830526481
chr6:3786319:G:C	6	3786319	-0.211444386965343	0.179049144136479	0.237630796091231
chr6:6090729:G:T	6	6090729	-0.602926038096935	0.331816793898531	0.0692102270155832
chr6:6354181:A:T	6	6354181	-0.182669093704215	0.198875552551913	0.358352163033452
chr6:6456261:T:C	6	6456261	-0.0290497188725899	0.140652250615276	0.83637243774846
chr6:7642514:C:G	6	7642514	0.29381859372251	0.200898183057149	0.143597427943504
chr6:12212257:G:A	6	12212257	-0.565083485389109	0.481583792667295	0.240641210951599
chr6:21494280:T:C	6	21494280	0.381136396472167	0.251398479430523	0.129502956786844
chr6:23163726:T:C	6	23163726	0.147677067612751	0.305563850196988	0.628887250147039
chr6:23344439:T:A	6	23344439	0.0652140169024207	0.190293314490449	0.731822193628784
chr6:24077828:C:T	6	24077828	0.381500131298648	0.246411712458687	0.121568761612953
chr6:26287827:G:A	6	26287827	-0.128674227043326	0.213691890302774	0.547075368260896
chr6:27261142:G:T	6	27261142	0.349376166865741	0.251379428687719	0.164578698980559
chr6:31108549:A:G	6	31108549	-0.0334023232486481	0.135321524139507	0.805034579208547
chr6:31845997:T:C	6	31845997	0.294919989803766	0.179796086477641	0.100942263356238
chr6:32660000:G:C	6	32660000	0.135554533559503	0.199493321009531	0.496824848054755
chr6:33148933:A:G	6	33148933	-0.417802712889633	0.190702493161848	0.0284618307019374
chr6:37400014:G:T	6	37400014	0.0214172252525365	0.190560988782201	0.910513868876211
chr6:39124093:C:T	6	39124093	0.297751170027543	0.165020416885993	0.0711797022462239
chr6:45195864:C:T	6	45195864	-0.659785158682738	0.249910180449494	0.00828842182318679
chr6:46738257:G:A	6	46738257	0.331610142790421	0.300328584908414	0.269524701725254
chr6:47717919:C:A	6	47717919	0.389862953002304	0.175992770662999	0.026744871254994
chr6:48859012:C:A	6	48859012	-0.148736093369474	0.285965144429225	0.60298017724764
chr6:49860743:T:G	6	49860743	-0.438045414159406	0.331295162669887	0.186094577335434
chr6:53292416:C:G	6	53292416	-0.108002366211627	0.177746188817619	0.543438685873172
chr6:54457248:C:T	6	54457248	0.186123723336688	0.245710637651249	0.448755446983697
chr6:57513520:G:A	6	57513520	-0.336453625949482	0.276817572753864	0.224200419373907
chr6:67461006:G:C	6	67461006	0.0699411277135845	0.253572225188017	0.78268378752424
chr6:69504128:A:G	6	69504128	-0.34887925513235	0.269515188565837	0.195503216182271
chr6:81137001:T:C	6	81137001	0.331905621387273	0.199786725942678	0.0966532767690788
chr6:84758749:C:T	6	84758749	0.344623744629069	0.176850963669627	0.0513351323066974
chr6:86667874:G:T	6	86667874	-0.707877134410826	0.385831559422967	0.0665532368743326
chr6:87387916:G:T	6	87387916	-0.0899749110127704	0.207383256803573	0.664391469567604
chr6:88566465:G:A	6	88566465	-0.12066498881021	0.17278182903383	0.484948210647839
chr6:93273487:T:C	6	93273487	-0.0502379002874247	0.148618548779265	0.735338692861513
chr6:97788153:C:A	6	97788153	-0.108697263831804	0.220314133411671	0.621748354568973
chr6:98771646:C:T	6	98771646	-0.245790671648696	0.327444892603601	0.452874052426485
chr6:104918249:A:G	6	104918249	-0.0898523741610687	0.176261944512911	0.610215297846962
chr6:107129138:A:G	6	107129138	0.0868681674446598	0.186203694495918	0.640841721490391
chr6:112187089:T:C	6	112187089	-0.0761230606105862	0.139024957678103	0.584001201021567
chr6:118046853:T:C	6	118046853	0.153089509115357	0.154656851694384	0.322239778161048
chr6:121081137:A:G	6	121081137	-0.0701559982710676	0.172175505683756	0.683664337868719
chr6:123103197:T:C	6	123103197	0.0137919080271049	0.232639175902361	0.952725469620199
chr6:127784009:G:A	6	127784009	-0.191529956213798	0.184054738443736	0.29805468403848
chr6:129527930:G:A	6	129527930	-0.11501909536572	0.197497620292132	0.560309279513295
chr6:137254996:T:C	6	137254996	-0.242171765286869	0.184306345166456	0.188858569921812
chr6:138165202:C:G	6	138165202	0.171882784551149	0.231062701246618	0.456949436424222
chr6:139464917:T:A	6	139464917	0.0978730979899167	0.398181910850166	0.805837087580094
chr6:151547601:G:A	6	151547601	0.184201288381458	0.204289025533065	0.367232186815165
chr6:152638179:C:T	6	152638179	-0.0479935222420154	0.153758377564474	0.7549371815986
chr6:153842833:G:A	6	153842833	-0.184931045422806	0.254733025156432	0.467851118461947
chr6:156754666:T:G	6	156754666	0.371509115989496	0.395669914662384	0.347763099714097
chr6:160701242:A:G	6	160701242	-0.147820105951784	0.236251219614824	0.531518070506913
chr6:160909689:G:C	6	160909689	0.0296994686256451	0.318131566865209	0.925620799479929
chr6:162760256:C:T	6	162760256	0.043090671954674	0.219379835484984	0.84428114136117
chr6:163629327:G:A	6	163629327	-0.0504289370465556	0.153097092731197	0.741859515110858
chr6:167509019:C:T	6	167509019	0.053567377631262	0.416950238360102	0.897773658781221
chr7:6986920:C:A	7	6986920	-0.463434881811583	0.570113043661809	0.416285463469664
chr7:7863676:G:A	7	7863676	-0.273727689287885	0.331695007069375	0.409235858790275
chr7:8111839:A:G	7	8111839	0.355198087274527	0.174469889989279	0.0417633693572879
chr7:9602661:C:A	7	9602661	-0.0501963701724896	0.343583026328192	0.883844996687723
chr7:11334355:C:A	7	11334355	-0.668822537096333	0.360477868038122	0.0635423335563241
chr7:12476280:G:A	7	12476280	0.277757698729923	0.182559679425073	0.128143825296371
chr7:12972158:C:G	7	12972158	-0.0354488661601749	0.180869506553737	0.844616904391411
chr7:20850990:A:T	7	20850990	-0.00649077763585775	0.206814005599512	0.974962811741211
chr7:22822020:C:A	7	22822020	0.0945092675185187	0.185607420158892	0.610619711686603
chr7:24140802:T:C	7	24140802	-0.147114815905266	0.191311689638874	0.441905329991504
chr7:24278575:A:G	7	24278575	-0.133507789857816	0.197992626020719	0.50011623107942
chr7:24620726:T:A	7	24620726	-0.171162811763966	0.18561551740486	0.356457469611049
chr7:24740434:C:T	7	24740434	-0.090145820825564	0.166265448802278	0.587694429688235
chr7:28505993:C:T	7	28505993	0.114927214199944	0.168455168080085	0.495085853190625
chr7:36413989:G:A	7	36413989	-0.121633524384522	0.239164692115492	0.611049156284172
chr7:41157573:G:A	7	41157573	0.331890539346295	0.230209068312759	0.149389321645517
chr7:43755241:C:T	7	43755241	-0.23482508680215	0.197528300891587	0.234511518060189
chr7:44689517:A:G	7	44689517	0.360233954756756	0.236241829081997	0.127295880034565
chr7:46192346:C:G	7	46192346	0.0672785461262561	0.199859194034518	0.736396043156059
chr7:46368666:G:A	7	46368666	0.521078682152037	0.239070865485251	0.0292871795090965
chr7:47748540:G:T	7	47748540	0.0699165927548936	0.228070567664258	0.759180708635512
chr7:48301675:T:C	7	48301675	0.21317965155663	0.164669045216382	0.19546012702141
chr7:51890159:C:T	7	51890159	0.0295700523629735	0.13968736920028	0.832350938991695
chr7:53046603:C:G	7	53046603	-0.0971000189593647	0.208173446565603	0.640901972507105
chr7:55663907:C:A	7	55663907	-0.0526579509606069	0.174164912684733	0.762388812941878
chr7:56122201:A:G	7	56122201	0.0669647719218902	0.145909219102231	0.646271372264146
chr7:62910214:G:T	7	62910214	0.232888658048598	0.201048632078256	0.246713169448941
chr7:65406204:G:T	7	65406204	0.386286017917043	0.264180932587278	0.143685729014942
chr7:67766433:G:A	7	67766433	0.211308375446635	0.205239741798004	0.303212603206291
chr7:68433432:T:C	7	68433432	0.1729924136127	0.183840285200633	0.346708468379263
chr7:71020152:T:G	7	71020152	-0.0466725953967852	0.243218341411874	0.847823772034861
chr7:71553830:T:C	7	71553830	0.116140282044377	0.153417333341708	0.449036738754742
chr7:78390279:T:G	7	78390279	-0.027945444510068	0.186149157594257	0.880666834563368
chr7:83524616:A:T	7	83524616	0.299433287956613	0.134479109242453	0.0259729727505361
chr7:84786535:C:A	7	84786535	-0.130668740735633	0.234573130111917	0.577493912725796
chr7:86620755:G:A	7	86620755	0.184372344398396	0.252856858891015	0.465905641242496
chr7:89207269:G:A	7	89207269	-0.33879455998792	0.164299199471774	0.0392021672437407
chr7:91097147:A:G	7	91097147	-0.0437472897230037	0.216652828362433	0.839976557786643
chr7:103095283:G:A	7	103095283	0.291656429465793	0.255263884274995	0.253217861725567
chr7:113434486:A:C	7	113434486	0.247158533583805	0.144781032942691	0.087799831801433
chr7:113749820:G:A	7	113749820	0.037775387239846	0.165852517169637	0.819828990629845
chr7:117145973:C:G	7	117145973	0.160496517438102	0.19814519848388	0.417943347062462
chr7:119808046:G:A	7	119808046	-0.224257169163575	0.195563109370758	0.251495162447628
chr7:122582926:C:G	7	122582926	0.498595769369116	0.272738399993572	0.0675330593272938
chr7:124802410:A:T	7	124802410	-0.347273103558668	0.375342207070725	0.354852886129386
chr7:129047886:A:G	7	129047886	0.129428672804957	0.2105298401048	0.538702724355659
chr7:131384702:T:A	7	131384702	0.0127727602882288	0.163079492937154	0.937571682437414
chr7:136870573:G:A	7	136870573	0.0492782377648118	0.227153037161269	0.828256278087937
chr7:142873374:T:C	7	142873374	0.159387071183329	0.241477854644425	0.509222771312513
chr7:143187070:C:T	7	143187070	-0.294390392450401	0.228190347217435	0.197012858384247
chr7:145116884:A:G	7	145116884	0.0137321928932556	0.198641193251309	0.944885631874442
chr7:149242006:T:C	7	149242006	-0.0383206627743548	0.265694228261916	0.885320087674084
chr7:153502245:G:A	7	153502245	0.149175425214849	0.213701486214225	0.485142698498255
chr7:153952270:G:A	7	153952270	0.0308378012253776	0.162009567997965	0.849038357967143
chr7:154426289:T:C	7	154426289	-0.14106505192922	0.29335247154412	0.630607323342255
chr7:156975524:A:T	7	156975524	0.054526840405627	0.161615092695605	0.735825140699391
chr7:157677820:C:T	7	157677820	0.070711118989892	0.225478367936678	0.753821144373436
chr8:276778:A:T	8	276778	0.0921995113398072	0.175157063004389	0.598622874265754
chr8:1102873:G:T	8	1102873	-0.0750384863513983	0.189771431290819	0.692536579134976
chr8:8710521:T:C	8	8710521	-0.059358750623209	0.18525724183721	0.748655591186777
chr8:9029509:T:C	8	9029509	0.113004924145438	0.286842370787252	0.693609274729624
chr8:9109096:A:G	8	9109096	-0.0050875091730761	0.239998912530043	0.983087669059686
chr8:9827297:A:G	8	9827297	-0.589218211806454	0.540603618248993	0.275745520364938
chr8:10675470:T:G	8	10675470	0.285250796691776	0.415176129874683	0.492045094084
chr8:13032868:C:A	8	13032868	-0.0748311896084619	0.227138908409588	0.741814661473949
chr8:14391498:A:G	8	14391498	0.3860874302611	0.251019273142328	0.124029341192784
chr8:16627132:C:G	8	16627132	0.395728683711047	0.259469974483753	0.127223560476655
chr8:17129593:A:G	8	17129593	0.442061080852627	0.337926960109253	0.190820502476704
chr8:20741226:C:T	8	20741226	0.0528533441675741	0.220478198758955	0.81054623785206
chr8:23115837:G:A	8	23115837	-0.741508680907994	0.477216699035599	0.120227443689943
chr8:25783762:T:C	8	25783762	0.16924123024214	0.154279543499126	0.272651108034509
chr8:27010051:G:C	8	27010051	0.285867429604613	0.253732413228994	0.259890813190372
chr8:27022227:G:T	8	27022227	0.464420827090265	0.187680730822456	0.0133413151401072
chr8:28150898:A:G	8	28150898	0.253391258952702	0.182273808374616	0.164477796023028
chr8:28528484:G:T	8	28528484	0.167759448974845	0.177391906737417	0.344301844616334
chr8:37085597:G:A	8	37085597	0.0343696500443118	0.156446840258654	0.82611337135352
chr8:41788192:C:T	8	41788192	0.180523821543335	0.148595379353419	0.224416311438498
chr8:42055528:T:G	8	42055528	0.170903558078068	0.31634213606941	0.589025247430898
chr8:50763512:C:T	8	50763512	-0.460794395376581	0.657705935019935	0.483547346916948
chr8:51570259:T:G	8	51570259	-0.136372912725637	0.481401106887563	0.776959648337242
chr8:53142705:G:A	8	53142705	0.166189274660846	0.178269372199398	0.351214145005573
chr8:61304314:G:C	8	61304314	0.209785733399599	0.142353338991617	0.140563106212965
chr8:61926940:A:T	8	61926940	0.125451822914508	0.206905417754994	0.544299296040901
chr8:63445672:G:A	8	63445672	-0.131233551047766	0.187795695963863	0.484670642616289
chr8:65343369:C:A	8	65343369	-0.0524269505994586	0.214995536701031	0.807345953500264
chr8:65418628:G:T	8	65418628	-0.0362181672901092	0.188409378564092	0.84756108112916
chr8:71273350:T:A	8	71273350	0.135412385278102	0.211408705324833	0.521831881490531
chr8:72033005:T:C	8	72033005	-0.182095850366707	0.194672839849605	0.349585171423551
chr8:72065200:T:A	8	72065200	-0.0792750611821989	0.203498163204229	0.696860784112346
chr8:73211475:T:C	8	73211475	-0.0406033550289949	0.203352769295161	0.84173903326402
chr8:75992459:A:G	8	75992459	0.700156286938188	0.3302076838695	0.0339764316496383
chr8:78402394:T:A	8	78402394	-0.871887704513037	0.649043830727638	0.179161324588252
chr8:79795588:T:G	8	79795588	0.109402695490488	0.219573836617046	0.618307743954595
chr8:86323708:T:C	8	86323708	-0.0503574379006867	0.144617907327688	0.727682289307545
chr8:89525432:A:G	8	89525432	0.0833363358720633	0.154192723283206	0.588873862548165
chr8:92001032:A:G	8	92001032	-0.104991999848838	0.168653573608633	0.533593070183371
chr8:92645879:A:G	8	92645879	-0.455628269537705	0.398171485730551	0.252498578586582
chr8:95906161:G:A	8	95906161	0.0591120027605	0.143138190212518	0.679627445272856
chr8:96365126:C:T	8	96365126	0.0942896947926182	0.161297332138295	0.558836411935489
chr8:98002322:C:T	8	98002322	0.0249795608869073	0.135456990993264	0.853692189290886
chr8:98018653:A:G	8	98018653	0.195536139152551	0.635720629539705	0.758400518526072
chr8:106920372:G:A	8	106920372	0.192727239658692	0.223721575543343	0.388984616579506
chr8:108142424:A:G	8	108142424	-0.278028896769514	0.180646280742777	0.123785011570578
chr8:109421925:C:T	8	109421925	-0.181250935261034	0.170939693968342	0.288998620560324
chr8:116252872:C:T	8	116252872	0.0948107255335853	0.200513997512313	0.636328447957315
chr8:119015250:G:A	8	119015250	0.166845331233801	0.168346915108092	0.321646313285671
chr8:121384602:C:T	8	121384602	0.0594644392219274	0.15209264173884	0.695815624630734
chr8:127029052:C:T	8	127029052	-0.0619082469890347	0.151676636718615	0.683156643578606
chr8:128437247:A:G	8	128437247	-0.171105574429515	0.159153527152502	0.28233103568694
chr8:131111695:G:T	8	131111695	-0.126776317268982	0.288833384516831	0.660715570323857
chr8:131315237:G:A	8	131315237	-0.117169537650691	0.202524445104989	0.562896116718219
chr8:135895676:A:T	8	135895676	0.221340219875541	0.235431145849912	0.347141434861689
chr8:138585221:A:T	8	138585221	-0.396264993605304	0.442305772671522	0.370302247192687
chr8:141605122:C:T	8	141605122	-0.0984985558017445	0.161206366586057	0.541193560669323
chr9:733358:A:C	9	733358	-0.151862401944773	0.158439687931691	0.337817177602574
chr9:5461379:C:T	9	5461379	0.0874679665562506	0.210277031720092	0.677435332499838
chr9:11397008:T:G	9	11397008	0.137885095793656	0.205797804538695	0.50285603463276
chr9:11955148:T:G	9	11955148	0.0425669836993567	0.160308521328184	0.790599943362726
chr9:12389360:A:G	9	12389360	0.0486204654594604	0.20653487116353	0.813890181676858
chr9:12615226:G:C	9	12615226	0.247004586294174	0.201004344067978	0.219127308250443
chr9:13582959:T:A	9	13582959	-0.176903015477602	0.342116689982293	0.605097626364983
chr9:13820455:C:G	9	13820455	-0.042123266309708	0.203712457963201	0.83618319351923
chr9:14098421:G:A	9	14098421	0.0237326608371494	0.157754211500453	0.880416898519184
chr9:18952915:A:G	9	18952915	-0.0172522337217707	0.191885121307111	0.928359386898469
chr9:29651949:A:G	9	29651949	-0.0332508681179709	0.16419352034546	0.839517859098514
chr9:32058643:A:T	9	32058643	0.195621404885209	0.194267641980189	0.31394989000425
chr9:37013405:C:T	9	37013405	-0.0051694034725777	0.183464793774783	0.977521346543991
chr9:37992585:C:T	9	37992585	0.0281979997987811	0.154864693378377	0.855518745965493
chr9:73616570:C:T	9	73616570	0.0709102667081924	0.331767395293372	0.830753804124038
chr9:76464251:C:G	9	76464251	0.0912525755830442	0.220729174470952	0.679303170965747
chr9:79067117:C:T	9	79067117	-0.232254741933184	0.406458164582862	0.567720948206499
chr9:82773489:T:C	9	82773489	0.22472472382794	0.185130129770519	0.224795692822576
chr9:89995415:A:G	9	89995415	-0.107347432469879	0.302798084656778	0.722950565639063
chr9:91844381:C:T	9	91844381	-0.0684526997700746	0.415538808950804	0.869154624305843
chr9:94568472:C:A	9	94568472	-0.173705742272216	0.194915841039103	0.372830842516717
chr9:96162075:C:T	9	96162075	-0.132773910911302	0.124042670794714	0.284444246483244
chr9:97240484:A:G	9	97240484	0.427044139111184	0.296460991293579	0.149733541876234
chr9:100192956:A:G	9	100192956	0.261381768249185	0.172324504112288	0.12931724507519
chr9:100529836:G:C	9	100529836	0.0739838757574555	0.179204506159321	0.679719396790831
chr9:101460357:C:T	9	101460357	0.369900392114684	0.191352804780838	0.0532262711941665
chr9:103293239:C:G	9	103293239	0.358657363772429	0.223461588500752	0.108492313424843
chr9:106822394:G:C	9	106822394	-0.0546073832809238	0.331717972675287	0.869243157984687
chr9:107904127:G:A	9	107904127	-0.214466573173458	0.215299900630304	0.319187248880297
chr9:117420412:T:C	9	117420412	0.186918538675569	0.178245048022454	0.294334406590769
chr9:117972207:C:A	9	117972207	0.12331085117579	0.181194521206807	0.49616004731509
chr9:118511323:G:A	9	118511323	-0.150034728303692	0.303155271489195	0.620663295500275
chr9:121356498:A:G	9	121356498	-0.259822461435876	0.281448398986633	0.355922798615792
chr9:124044726:T:G	9	124044726	0.147689951967644	0.20088139787442	0.46221179333607
chr9:125005426:C:T	9	125005426	0.131480642248902	0.226572945399772	0.561711250084308
chr9:129533341:A:G	9	129533341	-0.32321103344406	0.22542234958506	0.151628751600172
chr9:136630984:C:T	9	136630984	-0.125064399741862	0.161074177159739	0.437489360521764
chr10:2050300:A:G	10	2050300	-0.216528235135476	0.105589716010231	0.040300412139883
chr10:3113976:C:T	10	3113976	-0.0464381611283722	0.191175535345648	0.808076286376476
chr10:4591592:T:C	10	4591592	0.0811794408709094	0.189066730377823	0.667654525598513
chr10:7462546:C:T	10	7462546	0.000935759912516014	0.197410682089799	0.996217906838187
chr10:7849544:T:G	10	7849544	0.380102684749108	0.196336969608227	0.0528712495308932
chr10:9367893:G:A	10	9367893	-0.0876496275778479	0.173446919826828	0.613320210254358
chr10:10628189:C:T	10	10628189	0.189067292757661	0.162115038953318	0.243511815101384
chr10:14014383:T:C	10	14014383	-0.0929773209471478	0.212952098809807	0.662393170002922
chr10:16341555:C:T	10	16341555	0.184495038141532	0.164148326257165	0.261032876376447
chr10:18075702:C:T	10	18075702	-0.00532768220256955	0.225360351976942	0.981139187028392
chr10:20923823:C:G	10	20923823	0.157954386294135	0.35948565682488	0.660379004313573
chr10:26220185:A:C	10	26220185	-0.129575278087096	0.397292323781494	0.744313941107275
chr10:27289376:T:C	10	27289376	0.0392819480161012	0.134156467365674	0.76966970433846
chr10:27674317:A:G	10	27674317	-0.12089585183865	0.13336260188993	0.364660739521299
chr10:28771902:G:A	10	28771902	-0.35704587541438	0.241714814161856	0.139638939402337
chr10:28891836:C:T	10	28891836	0.0423974777671731	0.212038634660438	0.841518384425296
chr10:30622484:G:A	10	30622484	-0.186205522603888	0.289703207737221	0.520389051488217
chr10:35177843:G:T	10	35177843	0.262465030384899	0.162770629518677	0.106856666078952
chr10:43613180:G:A	10	43613180	-0.131177809297329	0.33247314479275	0.693173843286812
chr10:44139011:T:C	10	44139011	0.215372041988016	0.159615753289488	0.177235584682978
chr10:45036473:A:G	10	45036473	0.0194292167035987	0.20720996285568	0.925295165985192
chr10:51560095:T:G	10	51560095	0.0493000117248653	0.177608382845444	0.781337048229059
chr10:54072488:A:G	10	54072488	-0.185401013207324	0.187455881944443	0.322644490872497
chr10:54082016:C:T	10	54082016	0.0611141486393006	0.146789085892103	0.677161323161842
chr10:55299918:G:C	10	55299918	0.150271457809604	0.204745633872312	0.462983975454851
chr10:56747004:T:C	10	56747004	0.421345231639534	0.210656197486382	0.0454834345121279
chr10:57761967:T:C	10	57761967	-0.143563861821993	0.301618074831856	0.634089357389373
chr10:61894829:G:A	10	61894829	0.397858437024637	0.234150442784399	0.0892895470994308
chr10:62473064:C:G	10	62473064	-0.567725381706032	0.477011356628529	0.233978943072198
chr10:65713195:A:G	10	65713195	0.152407393217687	0.273814332461254	0.577794924166818
chr10:69232402:C:A	10	69232402	0.117844889937807	0.154306414863167	0.44504186541588
chr10:79437519:C:T	10	79437519	-0.263032476081317	0.271645056618872	0.332897197216038
chr10:81546102:G:A	10	81546102	-0.00150162121706874	0.22035348061962	0.994562776549945
chr10:82354363:C:G	10	82354363	-0.0260679993855652	0.179127753663444	0.884294470165877
chr10:84591955:C:T	10	84591955	0.444566908615766	0.185363341771386	0.016468941285976
chr10:84989741:G:A	10	84989741	-0.212524758459156	0.212707533908004	0.317726528004468
chr10:86779196:C:A	10	86779196	0.34441134542482	0.269788638858843	0.201744589813305
chr10:91053424:A:C	10	91053424	0.101211982498985	0.138207956967507	0.463975343612385
chr10:93612452:G:A	10	93612452	-0.0832345856994459	0.208859590824893	0.690247407205235
chr10:93671121:T:C	10	93671121	-0.0657083652346879	0.158041516466744	0.677580888153034
chr10:101249704:C:T	10	101249704	0.438017702904647	0.194575658094701	0.0243764582018359
chr10:102352980:T:C	10	102352980	0.0267836459905109	0.164258549303539	0.870472885925149
chr10:104637359:T:C	10	104637359	-0.263931170530684	0.250876293739688	0.292782524856159
chr10:108480456:T:C	10	108480456	-0.0261968185502138	0.149699050725554	0.86108233850017
chr10:109264424:C:T	10	109264424	0.0457124617198157	0.231263577587636	0.843308032474463
chr10:111352001:T:G	10	111352001	-0.0235215297753572	0.222215533589459	0.915701309821302
chr10:118828443:C:T	10	118828443	-0.0215538129501141	0.174606109365301	0.901756712005037
chr10:120152982:A:G	10	120152982	-0.322285816810704	0.281764877721782	0.252701952962416
chr10:121580593:A:G	10	121580593	0.551676750100089	0.255332473465775	0.030724613971209
chr10:121611573:C:G	10	121611573	-0.461666621320363	0.240182467112056	0.054586942638061
chr10:121734173:T:C	10	121734173	0.108829655197293	0.160577878591364	0.497938124613044
chr10:121910644:T:A	10	121910644	-0.380797001125883	0.188723866762432	0.0436176254122321
chr10:122561189:A:G	10	122561189	0.288050842133769	0.164435166403823	0.0798151947440283
chr10:123750431:C:G	10	123750431	-0.206354297778363	0.172173451652904	0.230712444104603
chr10:127533155:T:C	10	127533155	-0.123710355607841	0.211671106374098	0.558920209168953
chr10:129953349:A:G	10	129953349	-0.0416735161742465	0.196958118427687	0.832430287036514
chr10:130263340:C:T	10	130263340	0.540428533762024	0.404407335562955	0.181435877673651
chr10:130662147:G:T	10	130662147	0.173724496152144	0.225358627670262	0.440777964807012
chr10:131485315:A:G	10	131485315	0.47162653963087	0.231476511186088	0.0416029253508188
chr10:131819683:A:G	10	131819683	-0.00924223048048537	0.17467217605847	0.957802131277434
chr10:131953941:A:C	10	131953941	-0.0536360941495006	0.154072975086765	0.727749040937865
chr11:388357:C:T	11	388357	0.145312051059982	0.151179515267975	0.33645726607239
chr11:2257707:C:T	11	2257707	-0.0887523156980439	0.161628407742917	0.582927667253161
chr11:3623903:G:A	11	3623903	0.150830822753104	0.201765477177771	0.454728522223416
chr11:5806222:C:T	11	5806222	0.256679519480428	0.179707065652509	0.153199255939659
chr11:9789492:C:A	11	9789492	-0.0660207062590517	0.128759339634079	0.608129714579393
chr11:14569664:T:G	11	14569664	0.389426082643089	0.225128569420856	0.0836670598103141
chr11:21819583:A:G	11	21819583	-0.0959110597545162	0.314708625043714	0.760547837128917
chr11:36019710:C:A	11	36019710	0.148714870459661	0.18224226687551	0.414483877056049
chr11:39635569:C:T	11	39635569	0.117801939302618	0.294746859732278	0.689398436786821
chr11:40512905:C:G	11	40512905	0.156366381023982	0.243311556270325	0.520445338130037
chr11:41632790:A:T	11	41632790	-0.771374735358612	0.579979222225316	0.183516925049084
chr11:42744986:A:G	11	42744986	0.278781053054529	0.206349672524865	0.176691325940835
chr11:43201079:C:T	11	43201079	-0.105628827757751	0.239287723656344	0.65890158277141
chr11:43982585:G:A	11	43982585	-0.322371821345789	0.274493426832302	0.240225013650887
chr11:44330300:A:G	11	44330300	0.170162071332019	0.21085385250735	0.419658252280928
chr11:49875094:A:G	11	49875094	-0.0565919382462925	0.183465783223752	0.757731989481831
chr11:50253126:G:T	11	50253126	-0.14747722837543	0.192480729396599	0.443561964682037
chr11:55906271:G:A	11	55906271	-0.152184251044911	0.231920877689534	0.511701631728744
chr11:56124264:C:A	11	56124264	-0.145321809143544	0.3986824006478	0.715480789667803
chr11:57305789:G:A	11	57305789	-0.521060086440791	0.299276291669899	0.081671828473056
chr11:58998793:A:C	11	58998793	0.200909627998034	0.172183606150071	0.24327754934701
chr11:60456695:C:T	11	60456695	-0.332300884039738	0.321065830683545	0.300672185018899
chr11:62505064:A:G	11	62505064	0.443972095063269	0.255146768776026	0.0818475136947194
chr11:63184971:C:T	11	63184971	0.470948387966516	0.222165363772688	0.0340220609392307
chr11:70801858:T:C	11	70801858	-0.0854106448544074	0.150468328078332	0.570284842823681
chr11:71334794:T:G	11	71334794	-0.163774232656079	0.192965425747269	0.396035336404493
chr11:72713691:C:T	11	72713691	-0.390095692259167	0.35542005560725	0.272395615235231
chr11:77208574:G:A	11	77208574	0.133117446654467	0.156463218498775	0.394885644795883
chr11:77376654:A:G	11	77376654	0.157310964583867	0.152481378645708	0.302225197090467
chr11:77897055:A:G	11	77897055	0.141792169379458	0.278868061590069	0.611133512616155
chr11:79339250:G:A	11	79339250	0.0559866580792255	0.180640610884534	0.756611184698491
chr11:81783030:C:T	11	81783030	-0.0220082580783685	0.16403365542327	0.89326881060278
chr11:83962252:C:T	11	83962252	-0.183980222949252	0.238449165684695	0.440369147786938
chr11:86328783:G:T	11	86328783	0.196689916008177	0.200764186544921	0.327231170416814
chr11:86644523:C:T	11	86644523	-0.803538247954432	0.560074946809283	0.151373254856952
chr11:93046218:A:C	11	93046218	-0.135511787320639	0.23358995881048	0.561829135190748
chr11:99371984:G:C	11	99371984	-0.743903437250798	0.520995953438069	0.153335388542126
chr11:100626548:G:A	11	100626548	0.0410162400915832	0.304392829213898	0.892811341154006
chr11:104129521:G:A	11	104129521	0.299740740291857	0.23231454539132	0.196968505444434
chr11:108728662:A:G	11	108728662	-0.0801090012665097	0.336106629431082	0.811614290976726
chr11:110338613:G:A	11	110338613	-0.126226663543689	0.397810135915601	0.751013102379966
chr11:110396347:G:A	11	110396347	-0.316340251620901	0.248486732711655	0.202994278861027
chr11:113800784:C:T	11	113800784	0.33149942865761	0.222354712066486	0.13599862989645
chr11:115616504:A:T	11	115616504	0.122215524238487	0.225406345593775	0.587680112953828
chr11:119630310:G:A	11	119630310	0.0816171482540584	0.214130395589459	0.703087277052203
chr11:123267436:G:A	11	123267436	0.103032405153977	0.239920433339833	0.667600094832699
chr11:125907492:T:C	11	125907492	0.161071230896472	0.196208004749925	0.411691386270341
chr11:126829359:G:A	11	126829359	0.155035651645453	0.269493913748681	0.565098952190161
chr11:130038952:T:C	11	130038952	0.728893477870824	0.387789781904983	0.0601612754525881
chr11:130290657:C:T	11	130290657	-0.274794487637004	0.322532861696907	0.394220133106686
chr11:131355535:G:A	11	131355535	-0.0827575611270577	0.177725148051106	0.641466667845541
chr11:133238417:A:G	11	133238417	-0.20234016915102	0.181022756211817	0.263669100782691
chr11:133409278:A:G	11	133409278	0.14405939965514	0.424190284197011	0.734150002704156
chr11:134309503:C:T	11	134309503	-0.0619979709710843	0.239584786923728	0.795810723365789
chr12:5192681:C:T	12	5192681	0.114817492136557	0.155602740424442	0.460582131993494
chr12:5448727:G:A	12	5448727	-0.0447962201124252	0.142629549829548	0.753464905969865
chr12:6639294:C:T	12	6639294	-0.957768653508184	0.526366988268536	0.0688224659215503
chr12:19523028:C:A	12	19523028	0.106962876741419	0.176609226039464	0.544749076854325
chr12:19758400:A:T	12	19758400	0.00362808707649304	0.291943300200963	0.990084649479732
chr12:20003679:T:A	12	20003679	0.381936725583531	0.194864556151014	0.0499944734095861
chr12:21333090:G:A	12	21333090	0.234604676528133	0.15548922901875	0.131345745074285
chr12:25518059:A:T	12	25518059	-0.0588423033735746	0.24778964131266	0.812293137917973
chr12:28965843:C:T	12	28965843	0.020326682878848	0.133810367663104	0.879260573883919
chr12:32086665:A:C	12	32086665	-0.2763695986268	0.170990575739008	0.106032587183677
chr12:44631613:C:T	12	44631613	0.182912191293246	0.19467086064623	0.347424224378744
chr12:48567461:T:G	12	48567461	-0.16780436851522	0.248439867289913	0.4994010028692
chr12:51039498:T:C	12	51039498	0.196668297504048	0.383505047246308	0.608078626087829
chr12:52880890:G:T	12	52880890	-0.153810839857019	0.388351463370081	0.692060083457975
chr12:53646626:C:G	12	53646626	-0.161782117726815	0.287928071352822	0.57419519453497
chr12:53680144:C:A	12	53680144	-0.304474743252854	0.220430074717824	0.167194154533787
chr12:54366280:G:A	12	54366280	-0.0548757757078953	0.154665456353273	0.722737142971213
chr12:55599330:T:C	12	55599330	-0.164387495492494	0.234112169758934	0.482570613189191
chr12:56675083:C:T	12	56675083	-0.296316867246847	0.188619520687575	0.116188067070545
chr12:57436134:C:T	12	57436134	0.0941076748475405	0.184151840214006	0.609327921033171
chr12:58724212:C:T	12	58724212	-0.443166058615548	0.312494324057853	0.156144890342736
chr12:59048769:A:C	12	59048769	0.239771705297444	0.236491005853427	0.310643639446793
chr12:59161225:G:A	12	59161225	-0.133366117694907	0.320606785768285	0.677424394127377
chr12:59226687:C:T	12	59226687	-0.0664912990003419	0.202803987954152	0.74301758035428
chr12:63113400:T:C	12	63113400	0.0919271327201983	0.257655903905924	0.721254594070564
chr12:64271340:C:T	12	64271340	-0.0290886499275414	0.241565993569383	0.904152832944376
chr12:64756705:C:T	12	64756705	0.145703634157981	0.264086407755371	0.581135323713142
chr12:67050802:C:T	12	67050802	0.233737627976229	0.231738747814825	0.313154236691008
chr12:71564908:A:G	12	71564908	-0.307800870094499	0.248578656680996	0.215625839876983
chr12:73909094:G:A	12	73909094	0.000361846585189977	0.189478331511069	0.998476281557296
chr12:81126959:G:A	12	81126959	0.150206174298245	0.207458572987907	0.469047484074386
chr12:83608380:A:G	12	83608380	0.1705455340707	0.210569892908314	0.417984064264022
chr12:90727178:A:C	12	90727178	-0.242018947468306	0.210042495291693	0.249223281033058
chr12:92596791:C:T	12	92596791	-0.0142090132753352	0.201136364164772	0.943681344317214
chr12:95914573:A:T	12	95914573	0.462789339523147	0.2225879986963	0.0376054224523313
chr12:101611098:G:C	12	101611098	-0.0281116998283958	0.19594826089093	0.885923021432123
chr12:105967464:T:C	12	105967464	0.00340635058273607	0.170529305434143	0.984063186086022
chr12:109533295:C:T	12	109533295	-0.286641987487055	0.279867974673287	0.305738780758056
chr12:112209515:G:A	12	112209515	-0.216717422873541	0.304518654021435	0.476667862804153
chr12:120976632:C:A	12	120976632	-0.196372791781539	0.385329007419578	0.610315121659634
chr12:125875525:T:C	12	125875525	-0.0162979172105069	0.186402797461526	0.93032665128884
chr12:126449337:A:G	12	126449337	0.0214810250014738	0.202230320700694	0.915407330900613
chr12:131091094:G:A	12	131091094	-0.236389815176317	0.168572569365303	0.160824793029836
chr12:132776953:G:A	12	132776953	-0.233306685124081	0.328774717838707	0.477936852003131
chr13:19545220:A:G	13	19545220	-0.396846124216967	0.234179753030722	0.090147181071195
chr13:22977365:T:G	13	22977365	0.168223571297894	0.264107525547495	0.52415671492627
chr13:24330599:T:C	13	24330599	-0.231807747643583	0.23195602622495	0.317619967757106
chr13:24623185:A:C	13	24623185	0.282054040871463	0.16577222662405	0.0888575164562394
chr13:25202506:T:G	13	25202506	0.250998638832037	0.194726226892923	0.197404277553341
chr13:26234118:A:T	13	26234118	0.000703554816039756	0.189492286192472	0.997037587930641
chr13:26494236:G:A	13	26494236	0.247882593524262	0.152652990150033	0.104411971655822
chr13:27255876:A:G	13	27255876	-1.17477102153965	0.511159777578353	0.0215477800050181
chr13:42909938:A:G	13	42909938	-0.425150552387057	0.25159026853394	0.0910560946714088
chr13:45470952:C:T	13	45470952	-0.127839362589868	0.352534579158817	0.716881830556177
chr13:45708351:G:A	13	45708351	0.0963203928051509	0.237803261522737	0.685446378598491
chr13:45809177:C:G	13	45809177	0.224514006650922	0.271409672612859	0.408115515352602
chr13:50558767:A:T	13	50558767	-0.1242880980819	0.222786281495485	0.57692606167765
chr13:58710908:G:A	13	58710908	-0.140389939230866	0.164260613286149	0.392729410208916
chr13:58934154:C:T	13	58934154	0.264931133045174	0.167904533098851	0.114596015558057
chr13:70397215:T:C	13	70397215	0.160987542662249	0.157101267242222	0.305487115359549
chr13:70990050:T:C	13	70990050	0.071209837019763	0.389214634857576	0.854831163231573
chr13:75832713:T:C	13	75832713	-0.288333153358581	0.443164736297182	0.51528990411976
chr13:86776101:G:A	13	86776101	0.114763275166566	0.168902352684121	0.496843134046665
chr13:91472230:T:C	13	91472230	0.148611846210566	0.18866825283015	0.430878831120432
chr13:93235990:C:T	13	93235990	-0.295441123588844	0.191216866830459	0.122332268012498
chr13:96765286:G:A	13	96765286	-0.0441731587944673	0.156301431269428	0.777471834429901
chr13:102180181:A:G	13	102180181	-0.0135373873769041	0.152320987079732	0.929181984301634
chr13:104405113:C:T	13	104405113	-0.447748966578107	0.466164749356817	0.336806086182125
chr13:106009559:G:C	13	106009559	0.307361388964376	0.179971932165521	0.087667969117217
chr13:106084136:A:G	13	106084136	0.0569283497854781	0.149363118620756	0.70309891691998
chr13:112716578:T:C	13	112716578	0.363235802900585	0.200453899259141	0.0699759162732224
chr14:21167555:A:G	14	21167555	-0.226754283855673	0.2614906870935	0.385854308302605
chr14:26929954:A:G	14	26929954	-0.0894059447438587	0.19719041733264	0.650261431882706
chr14:27823594:G:A	14	27823594	0.0264711159319072	0.20738863485523	0.898433757903913
chr14:34182794:A:C	14	34182794	0.469037912132408	0.213613485522048	0.0281111493138502
chr14:38216062:T:A	14	38216062	-0.164131759999315	0.162941824556726	0.313789273190038
chr14:38962987:G:A	14	38962987	0.202839235400085	0.216846341717314	0.349579423640716
chr14:39925237:C:T	14	39925237	0.0487823716153561	0.273585466380587	0.858481399871994
chr14:44446011:A:G	14	44446011	0.070675408867862	0.227578254550308	0.756139462526173
chr14:48685878:C:A	14	48685878	0.341220680660714	0.288976701990007	0.237686321637356
chr14:51426205:T:C	14	51426205	0.156896878249823	0.232322944656696	0.499460047253459
chr14:52881822:T:G	14	52881822	-0.2916105010948	0.258043441022357	0.258441260263816
chr14:53358297:A:G	14	53358297	-0.114079090342857	0.137189587626375	0.405666745218388
chr14:56254615:G:A	14	56254615	-0.0817969570763711	0.168335953508092	0.627027465551392
chr14:57978070:T:C	14	57978070	-0.335684514991469	0.187971248897883	0.0741269431754157
chr14:62445185:T:C	14	62445185	-0.158904166607207	0.172072548191401	0.355761326695805
chr14:67518615:G:A	14	67518615	0.20534601121914	0.193102432387477	0.287598516175712
chr14:68863518:T:G	14	68863518	0.143972101797847	0.170195900800156	0.397597422369188
chr14:77734277:G:A	14	77734277	-0.229882895996231	0.322935734449141	0.476555569983816
chr14:81022028:G:A	14	81022028	0.266278035991653	0.205845875724268	0.195810655198822
chr14:81884763:T:G	14	81884763	-0.253125873279913	0.359978500303426	0.48195017405517
chr14:82929256:T:A	14	82929256	-0.110838911675274	0.27178338353805	0.683405255950335
chr14:84531019:T:G	14	84531019	0.134522736963016	0.151823816689035	0.375593267013564
chr14:90804831:C:G	14	90804831	0.113728504662151	0.248940935783152	0.647779331827015
chr14:91397629:G:T	14	91397629	0.0213714525110256	0.193326533462133	0.911976462784001
chr14:91961156:T:C	14	91961156	-0.0046368217827459	0.169500498779974	0.978175951353005
chr14:92998270:C:G	14	92998270	-0.0988250712891686	0.243879191141446	0.685314763945771
chr14:93757265:G:A	14	93757265	-0.224292637779967	0.291154745408296	0.441089086870258
chr14:93769225:C:T	14	93769225	-0.154891288989571	0.392147326214709	0.692855882698451
chr14:98340169:A:G	14	98340169	-0.451549843740738	0.178964423718461	0.0116316617268367
chr14:100721312:C:T	14	100721312	0.124347627455831	0.161297633848387	0.440754147448754
chr14:102093442:A:G	14	102093442	-0.184259442956956	0.348220623300124	0.59670438630792
chr15:24165057:A:G	15	24165057	-0.359090569514749	0.316238175008423	0.256163072293215
chr15:26353849:A:G	15	26353849	-0.0350418672565615	0.161404243074857	0.828125556331249
chr15:28182824:G:A	15	28182824	0.262439541493381	0.308774932582562	0.395359570165037
chr15:33665926:A:G	15	33665926	0.549472002542724	0.252536427693062	0.029569258011973
chr15:34880184:A:T	15	34880184	-0.17395640423901	0.19805734665571	0.379773713230859
chr15:37080410:C:T	15	37080410	-0.176001062995797	0.211449042350106	0.405207539275657
chr15:37762539:C:G	15	37762539	0.182811610999101	0.45323257207784	0.686690353199735
chr15:52558833:C:G	15	52558833	0.374030181516863	0.265315878891872	0.158612266866522
chr15:55712443:A:G	15	55712443	0.151246437754791	0.300002384431618	0.614155421317336
chr15:57522102:A:T	15	57522102	-0.299646897058447	0.211752835484299	0.157045464233309
chr15:57590535:T:C	15	57590535	0.319875074376002	0.195231196179928	0.10132943534352
chr15:69786285:T:C	15	69786285	-0.214759579692333	0.283659417880069	0.44898776949018
chr15:71331250:T:C	15	71331250	0.00233097042094415	0.228180459411791	0.991849376724676
chr15:74245092:G:C	15	74245092	0.0903399433491544	0.176528051281496	0.608819195114297
chr15:76807237:T:C	15	76807237	-0.0100483002687714	0.301125381539686	0.97338020474865
chr15:77734259:G:A	15	77734259	0.075282157265991	0.168558114580426	0.655146315954617
chr15:79750604:G:T	15	79750604	-0.253105651646325	0.140253077452508	0.0711317735920214
chr15:81697597:G:A	15	81697597	0.0119537876674785	0.186050019113099	0.948770848923457
chr15:87989871:C:T	15	87989871	0.0591752484105464	0.206704291879212	0.774663883552109
chr15:88891382:T:C	15	88891382	-0.0242324739738699	0.209843632609013	0.908065687059612
chr15:89804552:C:T	15	89804552	0.169099748828839	0.252667390798241	0.503330721313884
chr15:94791129:A:G	15	94791129	-0.371972809979918	0.412036664042743	0.366649946401963
chr15:97043895:A:G	15	97043895	0.659084177926244	0.304711803593282	0.0305430609652902
chr15:98725394:C:T	15	98725394	0.1210818235008	0.260649177183962	0.642261307430792
chr15:100978492:T:G	15	100978492	-0.193938996320023	0.275320740750133	0.481176771689146
chr16:2671727:C:T	16	2671727	-0.0409125725786761	0.193758664432996	0.832768491262127
chr16:4957642:T:C	16	4957642	0.0654814198618473	0.186723400093781	0.725823376917294
chr16:5884026:G:T	16	5884026	-0.124348389047107	0.15823813702038	0.431966667002765
chr16:6848656:G:A	16	6848656	-0.194256903080003	0.204533318159413	0.342235857787378
chr16:7909855:G:A	16	7909855	-0.0015759175096852	0.152602198578642	0.991760420802237
chr16:8273542:C:G	16	8273542	-0.0596420779740307	0.222993072231251	0.789113796686444
chr16:12394716:C:T	16	12394716	-0.213897384082095	0.239650553577894	0.372104280370041
chr16:13985277:C:A	16	13985277	-1.18758381211601	0.693608437218278	0.0868631518954449
chr16:17779668:G:A	16	17779668	0.0941892366047694	0.127735780242995	0.460894021789581
chr16:29740733:G:C	16	29740733	0.294355500498577	0.348631380162665	0.398492129509787
chr16:31127124:G:A	16	31127124	-0.472813385676965	0.275376464616285	0.0859844828572435
chr16:56688556:C:T	16	56688556	-0.32612187118404	0.164975261549335	0.0480650819538274
chr16:60324635:A:C	16	60324635	0.200181976409224	0.16796881500543	0.233347281560596
chr16:60499572:C:T	16	60499572	0.0794432437120696	0.175381339714425	0.650567230706424
chr16:62273123:C:T	16	62273123	-0.0169834385699849	0.145555860763218	0.907113744573572
chr16:65972427:C:T	16	65972427	-0.330455700640659	0.195023331495787	0.090181346863385
chr16:69246420:T:C	16	69246420	-0.0613298709852983	0.228267040644604	0.788179037042604
chr16:71908403:G:A	16	71908403	0.107566988430743	0.18857818929245	0.568399276574097
chr16:72103328:C:A	16	72103328	0.0850495349790063	0.119296528507461	0.47589187053629
chr16:74837740:A:C	16	74837740	-0.121735007638018	0.467759874658271	0.794670113276257
chr16:79886631:C:T	16	79886631	0.139384048290086	0.186028795745904	0.453700146450062
chr16:81396153:C:A	16	81396153	-0.0218920192705224	0.158391588395399	0.89007087041166
chr16:82294878:C:G	16	82294878	-0.0110399877403001	0.269559717797034	0.967331269250937
chr16:82421890:A:G	16	82421890	0.0662517691010021	0.193207491379756	0.731670108192588
chr16:83827178:T:C	16	83827178	-0.0223754253401123	0.160048240490824	0.888814649761098
chr16:84032337:C:T	16	84032337	0.313953031166759	0.242664550451767	0.195743574171739
chr16:89303022:G:A	16	89303022	0.16962394608821	0.308979459141157	0.58301828096395
chr16:89331863:A:T	16	89331863	0.117959967833169	0.152253328433807	0.438480794222853
chr16:89337630:T:C	16	89337630	0.0217606139845306	0.139651940705272	0.876174631235502
chr16:89479873:T:G	16	89479873	-0.184643538520151	0.194247665254844	0.341829147331018
chr16:90035976:C:A	16	90035976	0.0557972074539263	0.227679716051496	0.806403117349776
chr17:2489248:C:G	17	2489248	0.0923633850782737	0.191145995082174	0.628947642993165
chr17:4147521:T:C	17	4147521	0.171517401726383	0.328532438096884	0.601620593551053
chr17:6949267:T:C	17	6949267	-0.255111564377164	0.17851873143051	0.152990875237362
chr17:7929448:A:G	17	7929448	-0.173184364638437	0.174409990622672	0.320723243807086
chr17:10308301:C:T	17	10308301	0.418333440026456	0.22762487797901	0.0660890068444129
chr17:12174148:T:C	17	12174148	0.0987661300694218	0.187350932383618	0.59807428312161
chr17:14402381:C:T	17	14402381	0.140836419856666	0.320049491636288	0.659903969433461
chr17:15219976:C:T	17	15219976	-0.259223222703738	0.239804629558077	0.279707467825413
chr17:16482403:T:A	17	16482403	-0.0536100826047037	0.181053526699492	0.76715315153591
chr17:18684803:A:G	17	18684803	-0.447145638413863	0.199127263647987	0.0247343236743458
chr17:20040710:T:C	17	20040710	0.00055900178817189	0.166493855121506	0.997321113995813
chr17:21275023:A:C	17	21275023	0.109777092303054	0.187813398662475	0.558883389459082
chr17:30609729:C:T	17	30609729	-0.15900474080873	0.337059409618783	0.637111672919304
chr17:31554254:C:T	17	31554254	-0.267007776269633	0.250409592949247	0.286295218912105
chr17:33472425:T:G	17	33472425	0.0542218946436326	0.144833114546288	0.708125353395988
chr17:44156671:T:A	17	44156671	-0.128260630163632	0.177460711582715	0.469830371529283
chr17:45754773:C:T	17	45754773	0.150099428442104	0.191304983610685	0.432683414010284
chr17:48779278:C:T	17	48779278	0.479392012227769	0.166236093376422	0.00392905454899384
chr17:52703044:C:G	17	52703044	-0.375191440883333	0.349167725171725	0.282584891892023
chr17:53282498:G:T	17	53282498	-0.238166977250489	0.126949664454911	0.0606451058341301
chr17:58411807:C:T	17	58411807	0.0619993492237395	0.156905459954498	0.692740859781123
chr17:61409438:A:G	17	61409438	0.0219382237602038	0.152454090891529	0.885579020892961
chr17:66262233:G:T	17	66262233	0.12269157484784	0.187245880907283	0.51231123721294
chr17:66751216:C:T	17	66751216	0.176520423981735	0.164476290765062	0.283169203229345
chr17:66971178:A:G	17	66971178	-0.0859733769118847	0.256787490618862	0.737773242871306
chr17:68771033:G:A	17	68771033	-0.177596700049796	0.17999110381333	0.323791152464042
chr17:69081332:C:T	17	69081332	0.331097668060896	0.253782781146677	0.192012104486905
chr17:69213412:T:C	17	69213412	0.0135701462684471	0.207973306868251	0.947975380462993
chr17:72829246:G:A	17	72829246	-0.111532164247826	0.110324561148046	0.312042317303915
chr17:73506492:C:T	17	73506492	-0.0948630865872594	0.287277795197461	0.741238435557526
chr17:75360149:C:G	17	75360149	-0.2308330114979	0.353481577153067	0.513738876568101
chr17:77625920:A:T	17	77625920	-0.00909333079485201	0.192381302418929	0.962300247513906
chr18:1137045:A:T	18	1137045	0.226465203546455	0.141046359542125	0.108360003805369
chr18:4080016:T:A	18	4080016	0.269521642175474	0.188824214888717	0.153473849192287
chr18:8920896:G:C	18	8920896	0.199732992601905	0.166573119120184	0.230500348402372
chr18:9609299:C:T	18	9609299	-0.095787756361799	0.25984591629523	0.712401361660619
chr18:10572326:C:T	18	10572326	-0.0109064073538022	0.187453058606161	0.953603600994216
chr18:11017906:C:T	18	11017906	-0.0663951019032632	0.145261294333693	0.647618149174956
chr18:14686017:A:G	18	14686017	0.374239115078539	0.203021415033738	0.0652782201852561
chr18:14895123:C:T	18	14895123	-0.237552121309602	0.2094471249331	0.256716286061928
chr18:30059135:A:G	18	30059135	0.239636150330658	0.157295981848901	0.127640459993833
chr18:32490781:T:C	18	32490781	-0.11206514219282	0.240808657524217	0.6416664627565
chr18:36255061:C:A	18	36255061	0.149888751640572	0.16748668937555	0.370824863827493
chr18:42762909:A:C	18	42762909	0.188149853277574	0.176142087517848	0.285443425820212
chr18:43928870:G:A	18	43928870	-0.370027158134044	0.329811285694725	0.261889648132342
chr18:44831686:A:G	18	44831686	0.202226691180154	0.27838942268162	0.467583432596199
chr18:45461168:C:T	18	45461168	0.24504474272538	0.156834415347873	0.118183801558692
chr18:47992191:T:C	18	47992191	-0.0913829280487433	0.335688261446498	0.785448582594409
chr18:49146783:T:G	18	49146783	0.246573488814924	0.204818916665854	0.228643339959467
chr18:49872731:C:G	18	49872731	-0.0451083848393998	0.205706851500956	0.826428205215172
chr18:50485733:T:C	18	50485733	0.377842817091404	0.209385329866638	0.0711477311335498
chr18:58120958:C:T	18	58120958	-0.323908292653399	0.308692354921103	0.294043934403456
chr18:59256389:C:T	18	59256389	-0.0156514476580502	0.282284561385456	0.955783437712924
chr18:62622293:T:A	18	62622293	0.130015507316571	0.225788628224286	0.564731166989235
chr18:62998306:G:A	18	62998306	-0.0350657643827137	0.198566738402111	0.859827031262825
chr18:66103927:C:T	18	66103927	-0.208289920177393	0.245690360192272	0.396563798437747
chr18:66206557:C:T	18	66206557	0.1053895476742	0.1628384276993	0.517500455710952
chr18:68001558:G:A	18	68001558	-0.406183879146834	0.253533000991105	0.109134668105799
chr18:69946690:A:G	18	69946690	0.208409780877754	0.158487546493308	0.188512749883538
chr18:71730181:C:T	18	71730181	0.126410245295004	0.180800228475272	0.484445279651308
chr18:72912108:T:C	18	72912108	-0.183139625262401	0.152541143061147	0.229909634978149
chr18:73248491:G:A	18	73248491	0.372160953153747	0.261452370806646	0.154609540884406
chr18:77734991:G:A	18	77734991	0.389216718949599	0.343904489308429	0.257736114018916
chr19:2907557:G:A	19	2907557	0.257481509065922	0.18386313739112	0.161394267591923
chr19:16021187:G:A	19	16021187	-0.277483054625854	0.28278880613926	0.326475507503696
chr19:17584922:G:A	19	17584922	-0.127397832387139	0.164598344434095	0.438935412282262
chr19:18704666:C:T	19	18704666	0.424987842661292	0.214714857951943	0.0477808119389964
chr19:18737022:C:T	19	18737022	0.285214398594048	0.197587708080412	0.148884599068085
chr19:18805179:A:G	19	18805179	-0.110194780972785	0.232129631448512	0.634992081251146
chr19:21560366:G:T	19	21560366	0.285010425664256	0.208775994241773	0.172206094625268
chr19:21659434:G:C	19	21659434	0.158329721313892	0.199599793262902	0.427640395971579
chr19:33474662:T:C	19	33474662	0.145889565415965	0.15523458249882	0.347319812536268
chr19:37956680:C:T	19	37956680	0.0168529399753676	0.197246635374348	0.931910838516659
chr19:38120117:A:T	19	38120117	0.458649901941428	0.205468773597057	0.0256009418584229
chr19:44380983:T:C	19	44380983	-0.0399159734138452	0.243549317582917	0.869815555211922
chr19:44819986:A:G	19	44819986	-0.0933785436367052	0.216855877124074	0.666757889887594
chr19:48685001:C:T	19	48685001	-0.177485556325843	0.357448537955618	0.619517302822626
chr19:51210487:G:T	19	51210487	0.441020093369203	0.304195928229278	0.147117200313556
chr19:51552139:T:A	19	51552139	-0.0840238227619921	0.214797084613213	0.695665913778905
chr19:52714810:C:T	19	52714810	-0.0959077882512468	0.17453504209322	0.582659288191154
chr19:53330671:T:C	19	53330671	-0.0569057686907714	0.190841320396865	0.765562971110416
chr19:54944544:G:A	19	54944544	0.294651330260273	0.18581564599703	0.11280315275295
chr19:57195010:G:C	19	57195010	0.356796635620069	0.220272608282611	0.105276158688648
chr20:1709120:A:G	20	1709120	-0.0234941213869414	0.161464987616623	0.884311394014982
chr20:1735934:T:G	20	1735934	0.233074627366043	0.155720421815918	0.134458177027161
chr20:1906500:G:T	20	1906500	0.209424967129392	0.220906815133574	0.343117225692246
chr20:3649460:G:A	20	3649460	0.0883277413315446	0.192329244055363	0.646052647701332
chr20:5407753:C:T	20	5407753	0.0210286882199162	0.191803738990427	0.912697672284788
chr20:5860313:T:C	20	5860313	-0.0186535827264278	0.208695450905289	0.928778457851372
chr20:7000966:A:C	20	7000966	-0.0652470417432308	0.224624097511113	0.771455063378376
chr20:12129436:G:A	20	12129436	0.0772436044031149	0.191613939459942	0.686859206757269
chr20:13244402:C:A	20	13244402	0.0539110939048721	0.409764167957439	0.895327461271203
chr20:31347432:T:C	20	31347432	0.258049943074613	0.146175379958673	0.0775058388892941
chr20:37593342:C:T	20	37593342	-0.167310380014489	0.225137356363244	0.457392071167541
chr20:38200488:G:A	20	38200488	-0.0962015877403775	0.167696839455933	0.566195403664873
chr20:38350608:A:G	20	38350608	0.242495935658083	0.200000074464439	0.225328989667731
chr20:45729681:A:G	20	45729681	-0.22852793824597	0.151960065449774	0.132615258735755
chr20:48501317:C:T	20	48501317	0.23186956006299	0.141819161084047	0.102056096144863
chr20:49036824:T:G	20	49036824	0.115104780828884	0.143615100538101	0.422853213290925
chr20:50371082:C:T	20	50371082	0.0799850087526044	0.251010815058869	0.749990687341828
chr20:52513956:G:A	20	52513956	-0.414207270908226	0.320770092076493	0.196603073446311
chr20:54253971:A:G	20	54253971	-0.0637223242144801	0.150275241321069	0.67153853017122
chr20:58480201:T:G	20	58480201	-0.2455064342041	0.172448019735852	0.15454645238773
chr20:60073360:C:T	20	60073360	0.176081593955169	0.17841018223353	0.323668072472588
chr21:14869783:A:G	21	14869783	-0.456643702475084	0.613642318160909	0.456783986906953
chr21:15297615:T:C	21	15297615	0.254090326394824	0.213521758931311	0.234047435264613
chr21:15686888:A:G	21	15686888	-0.348600251696398	0.542921825032917	0.520820037637617
chr21:18805376:C:A	21	18805376	0.381548341610064	0.26590039004399	0.1513071584708
chr21:22007486:G:T	21	22007486	-0.630101676053171	0.667329939941685	0.345060758634064
chr21:24026351:C:T	21	24026351	0.238199581528121	0.172807939481502	0.168077827495764
chr21:26647335:G:C	21	26647335	0.00423981017703174	0.20830171882658	0.983760837255874
chr21:28043199:C:G	21	28043199	-0.0921517748221963	0.232508383930441	0.691856119738518
chr21:29538421:G:A	21	29538421	-0.0364543056420436	0.332752605856716	0.912763268466736
chr21:31885030:A:G	21	31885030	0.0815494906949296	0.166906309616031	0.625128867875002
chr21:35502622:A:T	21	35502622	-0.0126634044638456	0.166735900375895	0.939459770542085
chr21:36306638:T:G	21	36306638	0.087553391721544	0.148978253020646	0.556738756747066
chr21:41442549:G:A	21	41442549	-0.00305097579133666	0.18020207481842	0.986491774941054
chr21:42627184:G:A	21	42627184	-0.431613520176743	0.407357559044688	0.289351808315172
chr22:20147688:T:C	22	20147688	-0.00372320577806003	0.250350807279987	0.988134334632672
chr22:23891985:A:G	22	23891985	0.206469637519304	0.185721425587205	0.266259914297182
chr22:24245985:G:T	22	24245985	-0.0346755941908433	0.197120696220317	0.860364280260217
chr22:28624303:G:A	22	28624303	0.0134642785328992	0.320812172803077	0.966523131317916
chr22:30376697:C:T	22	30376697	0.353963739019129	0.252067756476223	0.160247261285742
chr22:30662128:G:A	22	30662128	0.133380178273211	0.18224007725361	0.464234075285758
chr22:36298345:C:A	22	36298345	0.100342664438176	0.448289601535001	0.822886108813759
chr22:36977479:G:A	22	36977479	0.377740614955463	0.206389049998291	0.0672146961488521
chr22:42475109:T:G	22	42475109	-0.0603846279891956	0.106023133211098	0.568988372319692
chr22:44719519:A:G	22	44719519	-0.0367320736956477	0.38181494237224	0.923358660138206
chr22:44805054:T:C	22	44805054	-0.121775601909975	0.199102341177583	0.540787115198841
chr22:45210278:T:C	22	45210278	0.405627255486279	0.215984435122462	0.0603757902143893
chr22:47062473:C:T	22	47062473	0.267118969632271	0.212026035130223	0.207726934469014
chr22:48785864:A:G	22	48785864	-0.0744869603454419	0.272791889591469	0.784811582925492
chr22:49668266:A:G	22	49668266	0.31707937750135	0.179937127188756	0.0780409827206876
chr22:49926053:G:A	22	49926053	0.0323853266406689	0.356085752196346	0.927533821241027
