SNP	CHR	POS	est	stderr	pval
chr1:1837340:C:T	1	1837340	0.0571650974412273	0.0917307137670019	0.533163727093207
chr1:2261200:G:C	1	2261200	-0.0367314229579798	0.0754130172631314	0.626208681818661
chr1:14678191:A:C	1	14678191	0.0532635156567562	0.0570346326330521	0.350365679614274
chr1:14985097:C:T	1	14985097	0.0594896333340269	0.0918940660316404	0.517391297435792
chr1:15065941:C:T	1	15065941	0.0875456380510155	0.103922594667726	0.399557393280398
chr1:20215506:G:C	1	20215506	-0.148060787029591	0.0761572885584196	0.0518780071762761
chr1:20533654:G:C	1	20533654	0.0810239689384659	0.12030904513703	0.500651308111242
chr1:22009627:T:C	1	22009627	0.0860894137478816	0.0745520853786195	0.248190657552342
chr1:22126221:C:T	1	22126221	0.0793576936268095	0.0581124263184953	0.172067982261125
chr1:23180575:A:G	1	23180575	0.0213702258056947	0.0591903291822962	0.718067658914752
chr1:26058659:G:C	1	26058659	-0.0195575015350206	0.0776428956120681	0.801125765130157
chr1:26181362:A:G	1	26181362	-0.0551267110219536	0.0756440425112926	0.466145583180652
chr1:26848285:C:T	1	26848285	0.0691068627683392	0.101764507416434	0.497083307267222
chr1:28670719:C:T	1	28670719	0.068771263209444	0.0684076834623629	0.314745244408957
chr1:29753056:A:C	1	29753056	-0.0319803066553741	0.0539856698876519	0.55359273909186
chr1:29908726:A:G	1	29908726	-0.0482466187285885	0.0983366245550245	0.623690173840461
chr1:31886486:G:T	1	31886486	0.0422504061421136	0.063026791702148	0.502630692744375
chr1:37838865:C:T	1	37838865	0.00133980039236282	0.0882248755439664	0.987883633121397
chr1:39880059:T:C	1	39880059	-0.0080768727823713	0.0577203109801392	0.888714344259163
chr1:41175014:G:A	1	41175014	0.020367327595725	0.13593754031206	0.880899866315521
chr1:41597921:C:T	1	41597921	0.207534303664789	0.0860315020990375	0.0158519735800731
chr1:42635725:A:G	1	42635725	0.0166364549251082	0.120064277688462	0.889795559163254
chr1:43202709:G:A	1	43202709	-0.159714782325226	0.0830434779635425	0.0544465243059777
chr1:47498869:G:A	1	47498869	-0.0872057922545859	0.0880422029116438	0.321929843145174
chr1:51034150:G:A	1	51034150	0.0408620540896264	0.093519773939329	0.662158552863784
chr1:54900240:G:A	1	54900240	-0.00914695122922038	0.0740763898244112	0.901727025588373
chr1:55459433:C:T	1	55459433	-0.114704521519229	0.136242088637096	0.399834450998838
chr1:56563907:C:T	1	56563907	0.0518760945444268	0.101877732819675	0.610612366479638
chr1:65351414:T:A	1	65351414	-0.069944419753021	0.0653979031656997	0.284835047399418
chr1:66254178:T:A	1	66254178	-0.280216022901006	0.156488905988596	0.0733503364758707
chr1:73302339:T:C	1	73302339	0.106063712284966	0.0659178326011882	0.107609974021059
chr1:73563666:T:C	1	73563666	-0.0301163640903798	0.0859009951883075	0.725893040731379
chr1:76062379:T:C	1	76062379	-0.0789799852110524	0.0734059465895099	0.281956582948831
chr1:86928231:G:T	1	86928231	0.00875705854825146	0.0786487151640396	0.911343605604153
chr1:88611347:G:A	1	88611347	0.0118024487780858	0.0779661847689152	0.879676696519087
chr1:91057167:C:A	1	91057167	-0.186516399687385	0.106197048275528	0.0790331416083001
chr1:91093925:G:A	1	91093925	-0.214905866542796	0.100494050855631	0.0324767175761486
chr1:92475800:A:G	1	92475800	-0.0900254115636515	0.0697974943500961	0.197117105856952
chr1:94752415:G:A	1	94752415	0.000119825632955822	0.0671511223604791	0.998576241640864
chr1:95614324:G:A	1	95614324	-0.00472824789672635	0.0675143150849634	0.944167183257389
chr1:99691102:T:C	1	99691102	0.0304220127487201	0.0757593083855475	0.688006853868449
chr1:104937367:T:A	1	104937367	-0.11048449997221	0.0616671216094143	0.0731926834520874
chr1:115841221:A:T	1	115841221	-0.303778551592795	0.395739844778944	0.442711877652482
chr1:153704237:C:A	1	153704237	0.0925728960532148	0.0659333194751873	0.160307488857783
chr1:155857667:G:T	1	155857667	-0.172798255437644	0.158706081637343	0.276244665883828
chr1:157334223:T:C	1	157334223	0.079503444569313	0.123207519341972	0.518745243665207
chr1:159540226:C:T	1	159540226	0.126202379672347	0.0615276294200249	0.0402523689223286
chr1:165647351:T:C	1	165647351	0.114925109354448	0.0667575596698096	0.0851547809946097
chr1:167545338:A:T	1	167545338	0.0998681091148384	0.107187491195051	0.351484238684902
chr1:168863629:G:A	1	168863629	-0.012588270210789	0.0715011215844013	0.860249192447307
chr1:171350391:G:A	1	171350391	-0.0955212543940264	0.0608624003494888	0.11654021311614
chr1:173013575:C:G	1	173013575	0.0403716970690267	0.0672051267683157	0.548024183028105
chr1:178947344:C:A	1	178947344	-0.200688418080376	0.150282344476887	0.181742471276533
chr1:185127444:C:G	1	185127444	0.0972166198872188	0.0966566454454307	0.314514943731847
chr1:185619557:C:T	1	185619557	0.0777725000303787	0.121226700715676	0.52116803063007
chr1:186638909:G:T	1	186638909	-0.0272635151542866	0.0822630213286838	0.740328135532957
chr1:188272062:T:C	1	188272062	-0.078989950694748	0.0634353530063372	0.213056799361687
chr1:193365737:C:T	1	193365737	0.0321485045657928	0.0666563993970086	0.629591535157084
chr1:193791070:G:T	1	193791070	0.102509772605494	0.112248062568546	0.361114682074095
chr1:195033388:T:C	1	195033388	0.022174809280789	0.0722364417172644	0.758862110552359
chr1:195907914:A:G	1	195907914	-0.0199045064312509	0.0669992766215305	0.766401315846496
chr1:196692375:G:C	1	196692375	0.109465345255878	0.0780634855426589	0.160837459740134
chr1:197559019:A:G	1	197559019	-0.0647883281712455	0.0695979182863068	0.351908074226442
chr1:199160726:G:A	1	199160726	-0.0210764155028905	0.0817372641317108	0.796518312543151
chr1:204277152:T:C	1	204277152	-0.00212861620474662	0.0782819764950961	0.978306874575543
chr1:207498131:C:T	1	207498131	0.0123603868606863	0.093090091522951	0.894368353180477
chr1:208744577:C:T	1	208744577	0.000451713051318213	0.174438519945038	0.997933859637931
chr1:210496535:G:A	1	210496535	-0.0270879817782514	0.0600178230193441	0.651750072547842
chr1:212937214:T:G	1	212937214	0.124845609591475	0.0724288572070489	0.0847620438985257
chr1:219750864:A:G	1	219750864	0.0764355198153432	0.0711806287625811	0.282901241663055
chr1:221920463:G:A	1	221920463	0.0324676360629122	0.0751830265863949	0.665851925285361
chr1:227462684:A:G	1	227462684	0.0309198141049987	0.0851278896876093	0.716443514208829
chr1:234456961:G:A	1	234456961	-0.0630141203579689	0.0735151484448816	0.391357399583082
chr1:237308322:A:G	1	237308322	-0.142154119133017	0.0601049624522487	0.0180253064014059
chr1:239000642:T:C	1	239000642	0.0625346214747376	0.0863630716434114	0.469010590579968
chr1:244583991:C:T	1	244583991	0.00226355816652845	0.0758276431419682	0.97618559876372
chr1:246213578:G:A	1	246213578	-0.0494768788068241	0.156918623809349	0.752531772093211
chr1:247190028:T:C	1	247190028	-0.0186832819081884	0.0723109669286789	0.796118193661596
chr1:247897239:C:T	1	247897239	0.128884648205938	0.0757980429457698	0.0890615248785146
chr2:3248328:A:G	2	3248328	-0.0766458899022115	0.0810487396524759	0.344313603002196
chr2:4505759:T:G	2	4505759	0.0978480393978165	0.106162952308471	0.356696648560163
chr2:6804400:G:A	2	6804400	-0.224243550302603	0.117662729270852	0.0566740401259189
chr2:9411790:A:C	2	9411790	0.0300446505410075	0.0710552831302343	0.672415753347524
chr2:12096367:C:T	2	12096367	-0.230513196882972	0.124977273166305	0.0651189082183564
chr2:13545005:C:T	2	13545005	0.00781152999103924	0.0662224278971075	0.906100160797073
chr2:16009716:A:G	2	16009716	-0.0374772826339887	0.0618515396464177	0.54456575493143
chr2:16367899:A:T	2	16367899	-0.112790147919758	0.0688610233022644	0.10143444272593
chr2:17630111:A:C	2	17630111	-0.00533416875607764	0.067175892130063	0.936709697994829
chr2:17928966:C:G	2	17928966	0.0200905830605529	0.0842951633171313	0.811620400370688
chr2:18261494:A:T	2	18261494	-0.044753997321272	0.0779421369242076	0.565835748178088
chr2:19530615:T:C	2	19530615	-0.0349871679659368	0.0765826689707752	0.647775338604708
chr2:19562158:T:C	2	19562158	0.0699959264928621	0.0839311249814702	0.404298653494668
chr2:27383116:G:A	2	27383116	0.122352032553365	0.0741238680624236	0.0988115245367082
chr2:37762298:C:T	2	37762298	-0.0312632966739935	0.0887696229621614	0.724699804178515
chr2:42010994:T:A	2	42010994	0.0968238685036941	0.0591321009351908	0.101543505562766
chr2:45824390:C:G	2	45824390	0.111258474350833	0.0798122247164319	0.163316722710156
chr2:46742820:T:C	2	46742820	0.177135084259255	0.113481876169764	0.118544802591001
chr2:49789441:T:C	2	49789441	0.133699961407288	0.0704425291208863	0.0576960051020685
chr2:49994518:G:A	2	49994518	-0.0161140745924536	0.0680617425267855	0.812845533140051
chr2:51284042:G:A	2	51284042	0.00994067649167452	0.0711237946366612	0.888845008601854
chr2:51344078:G:A	2	51344078	0.0717179555831297	0.0559495279072293	0.199901207807921
chr2:57278002:C:A	2	57278002	0.0885246747414913	0.0707065032156579	0.210569180015886
chr2:57368273:A:G	2	57368273	0.0552312551610447	0.0742837800978997	0.457168718154375
chr2:60075157:T:C	2	60075157	-0.019711784206228	0.126817735406317	0.87647920461981
chr2:60373837:A:G	2	60373837	0.0523598635296169	0.0969507925594939	0.589151255542061
chr2:61147014:T:C	2	61147014	-0.0237005481042326	0.0826849762014069	0.774390516158457
chr2:61693274:A:G	2	61693274	-0.111635897042948	0.072548849200835	0.123860778180647
chr2:65295480:C:T	2	65295480	0.0844236426986521	0.0744882471475222	0.257053846231768
chr2:66031496:T:C	2	66031496	-0.0340533380034739	0.070217776246237	0.627699413750423
chr2:69165635:T:C	2	69165635	0.0475556985132571	0.0853992155966146	0.577620755022129
chr2:71204755:G:A	2	71204755	-0.137366814100742	0.111886959805385	0.219548888003146
chr2:72022684:A:G	2	72022684	0.118791339010752	0.121494116520938	0.328196085952441
chr2:76651386:C:A	2	76651386	-0.123137517472316	0.0660731683246976	0.0623703239386644
chr2:79784490:C:G	2	79784490	-0.0156686206866846	0.111244460109855	0.887989589510075
chr2:82619301:T:C	2	82619301	0.0554472421951039	0.0897394630744881	0.536661622533707
chr2:83181917:T:C	2	83181917	0.0666434844828997	0.0982514187897169	0.497584420678923
chr2:83400799:T:A	2	83400799	-0.0691792661459569	0.0998491661238604	0.488411413116346
chr2:85744328:G:A	2	85744328	-0.111995458625442	0.147551936942034	0.447838211332575
chr2:85757440:T:A	2	85757440	-0.0861507491305304	0.102681759142657	0.40146519330488
chr2:99811694:T:C	2	99811694	0.0429969601609437	0.0603860178735556	0.476443083179652
chr2:101228073:A:C	2	101228073	-0.0275955622689994	0.0586069074903171	0.637741764542752
chr2:106861882:T:C	2	106861882	0.0930495303291284	0.0959674264358242	0.332248439983452
chr2:108083619:T:C	2	108083619	0.0675470280531373	0.0684935286954775	0.32404421927434
chr2:114129906:T:C	2	114129906	0.0578176651620593	0.090546533525541	0.523121637699043
chr2:118004610:C:T	2	118004610	0.0865356602522125	0.0528160484852434	0.101330991461183
chr2:119455921:A:G	2	119455921	-0.0746760862673239	0.0588236820554498	0.204266293491941
chr2:120644763:G:A	2	120644763	0.0402758365168093	0.0696664264696346	0.563180371959867
chr2:120916837:A:G	2	120916837	-0.00747547614766507	0.0751709330419223	0.920783870150272
chr2:122628686:C:A	2	122628686	-0.221244880885561	0.133024384632658	0.0962743265818378
chr2:122629789:A:C	2	122629789	-0.142075286963976	0.0886337525539548	0.108946158526296
chr2:126391403:A:G	2	126391403	0.130420919069986	0.0771446626959019	0.0909128473218406
chr2:127192867:G:A	2	127192867	0.150429739946995	0.0706354727257208	0.0331994607348655
chr2:130915743:C:T	2	130915743	-0.0175499621790257	0.0656334539463525	0.789166165885339
chr2:136507185:G:C	2	136507185	0.0883677905747011	0.0600542781696509	0.141165306467091
chr2:141023592:C:T	2	141023592	0.0134973205923845	0.108372092079846	0.90088290800101
chr2:143017176:T:C	2	143017176	0.00896270590119996	0.114450091911577	0.937580634563904
chr2:143920023:G:T	2	143920023	-0.106210492725345	0.082480804650844	0.197850580028621
chr2:144729333:C:T	2	144729333	0.0251554011828025	0.0714517303498962	0.724792163700192
chr2:148561010:G:C	2	148561010	-0.11323920479469	0.100330087077256	0.259038560675666
chr2:154835349:G:T	2	154835349	0.0962697346459895	0.0605202021014504	0.11167617996128
chr2:164974626:C:A	2	164974626	-0.136122903590421	0.129074388028137	0.291604567669322
chr2:167086954:T:G	2	167086954	0.0628016689991612	0.0507740257985504	0.2161295009583
chr2:167199229:C:T	2	167199229	0.00041393339494076	0.104364207398142	0.996835407393576
chr2:167657344:C:T	2	167657344	-0.00548957012858771	0.0782763662013272	0.944089695097509
chr2:167884398:C:T	2	167884398	-0.0155719620628018	0.0837285536134512	0.852459268434439
chr2:168647356:T:G	2	168647356	-0.0144512395263543	0.0654969194217696	0.825372762227018
chr2:170041677:A:G	2	170041677	-0.000872476875412336	0.0973281195925468	0.9928476322343
chr2:171274449:C:A	2	171274449	-0.0725390078655367	0.0980375656852739	0.459354404192785
chr2:177787584:G:A	2	177787584	0.0216536385722817	0.0749101211329264	0.772534247715133
chr2:179648558:C:T	2	179648558	-0.00731703683913487	0.111007500465786	0.947445660041198
chr2:183527028:C:T	2	183527028	-0.0691430858850401	0.0809660159456256	0.393117935289454
chr2:184516924:T:A	2	184516924	-0.0417254113265142	0.0670484464543309	0.533733216770141
chr2:191922008:C:T	2	191922008	-0.204638572238535	0.161638374931374	0.205503359784713
chr2:195817951:G:C	2	195817951	0.0369047096341344	0.0983093035162916	0.707367565203241
chr2:197010424:G:A	2	197010424	0.151212288259359	0.0971081180605477	0.11943394197933
chr2:209101337:G:A	2	209101337	0.0594885912686821	0.0586933313222475	0.310797808479407
chr2:209103516:A:G	2	209103516	0.0162485550584728	0.0589355900190157	0.782778327625869
chr2:210957182:G:A	2	210957182	0.045299691292728	0.0573708546727296	0.429764825151584
chr2:214802180:T:C	2	214802180	0.0389998964531631	0.065461815026017	0.551331838211163
chr2:215209936:A:G	2	215209936	0.0232680357353726	0.0711196094060317	0.743541084487766
chr2:215367000:G:A	2	215367000	-0.13166829078134	0.184968712886061	0.476563316888414
chr2:220997842:C:T	2	220997842	0.00488197256914096	0.0566594247866539	0.931336470496126
chr2:226027918:G:A	2	226027918	0.0362130433712869	0.107875852690517	0.73710326061966
chr2:228947684:G:A	2	228947684	0.00390320071985235	0.0681085977776332	0.954299459472308
chr2:233152507:T:C	2	233152507	-0.0649373652019939	0.0754577524687302	0.38946989733446
chr2:235620294:A:T	2	235620294	-0.141114761170747	0.0722894741102167	0.050928831232008
chr2:237288548:A:G	2	237288548	0.0348913053541675	0.069379555343427	0.615031267534468
chr2:237513585:T:C	2	237513585	-0.101754054689621	0.084403090522239	0.227982322937982
chr2:237920759:T:G	2	237920759	0.045794761031666	0.0578745153708472	0.428782486564424
chr2:240429648:C:T	2	240429648	-0.0601085690248643	0.0701776575729577	0.391710201167955
chr3:9841346:T:C	3	9841346	-0.143182769787623	0.181284449165657	0.429630686427422
chr3:10127208:T:G	3	10127208	0.0455906184958687	0.0953975371777562	0.632720370564567
chr3:14082905:A:G	3	14082905	0.0346256731483281	0.0693538291274555	0.61759541372995
chr3:16798495:T:G	3	16798495	-0.0876675727506124	0.0939239513301227	0.350619214152824
chr3:18882818:T:C	3	18882818	-0.140924155448038	0.0684667077120261	0.0395625618911776
chr3:20179943:G:A	3	20179943	-0.113391727858712	0.19666756732096	0.56423303272308
chr3:22245167:A:G	3	22245167	0.135699564255262	0.0752700811632749	0.0714140743015508
chr3:24009496:G:A	3	24009496	0.0957863393724315	0.0547345499631199	0.0801155491589998
chr3:24010534:C:T	3	24010534	-0.00610860792855185	0.0742838853536046	0.934461205323815
chr3:33111016:C:A	3	33111016	0.0268464687771319	0.0807220590623019	0.739452031023137
chr3:33421913:A:G	3	33421913	-0.0992843454806589	0.0604408849124096	0.100451513103232
chr3:34471110:A:G	3	34471110	-0.0985520901380331	0.0682524707345295	0.148757430010102
chr3:34498029:C:T	3	34498029	0.0241582219608132	0.0771302271196443	0.754118525911777
chr3:35230331:G:A	3	35230331	-0.0792440238441777	0.087725914987087	0.366359409424241
chr3:41413926:T:C	3	41413926	0.0370734210264365	0.0553433337175398	0.502933960310721
chr3:42098050:T:C	3	42098050	0.0182906585827575	0.0620820567390763	0.768283652698936
chr3:46489654:A:G	3	46489654	0.122594550037521	0.0728966702630038	0.0926157982737593
chr3:56959175:A:G	3	56959175	-0.223827791020907	0.192558905378509	0.245078675357716
chr3:64441608:G:A	3	64441608	-0.023440223746279	0.0680853488656699	0.730637934377466
chr3:66150510:T:A	3	66150510	0.0626080604872049	0.0809504242093411	0.439278363832845
chr3:66995763:G:T	3	66995763	-0.085828567238212	0.105736431696714	0.416951279317245
chr3:68498445:T:C	3	68498445	-0.104871459481325	0.0710973939284558	0.140201942746421
chr3:68824246:G:A	3	68824246	0.0207416313967598	0.0549503504961601	0.705830810152821
chr3:69021248:A:C	3	69021248	0.0578994035958911	0.0673834964090919	0.390201503782028
chr3:69617754:T:G	3	69617754	-0.0476507836661799	0.0543422379725789	0.380560196935583
chr3:74191731:G:A	3	74191731	0.0129670863571957	0.053179150094656	0.807356452424797
chr3:74732240:G:A	3	74732240	0.0164825762294489	0.0790741109207658	0.834881787786997
chr3:75709324:A:T	3	75709324	-0.0254455726755344	0.0579062415505674	0.660352082750779
chr3:84465702:T:C	3	84465702	0.103962122307549	0.0588141020459214	0.0771212117942413
chr3:84817748:G:A	3	84817748	0.0634235424598731	0.0702092717927681	0.36634019196366
chr3:85705423:A:G	3	85705423	-0.00714490287796896	0.0713293772153357	0.920211152841463
chr3:88069353:C:T	3	88069353	0.114472286460579	0.076585768094028	0.134994326339309
chr3:93986190:G:A	3	93986190	-0.192440514002022	0.084906606961687	0.0234210109345354
chr3:101022648:G:A	3	101022648	-0.0135534068348448	0.0881337291452701	0.877781396992467
chr3:106664728:C:T	3	106664728	-0.0304501159732789	0.0764460250960807	0.690393015679198
chr3:110774699:C:T	3	110774699	0.0233558662149519	0.0664782242745388	0.725339982067785
chr3:113428518:G:A	3	113428518	-0.0876903280938267	0.0814050311908101	0.28138637952136
chr3:121058963:T:G	3	121058963	0.124288234799711	0.0911774004597272	0.172836066187091
chr3:122312606:G:A	3	122312606	-0.205129470480372	0.0993305208317309	0.0389116234049359
chr3:124193435:A:C	3	124193435	0.00873412611561133	0.0768623448344013	0.909528445143643
chr3:124804582:A:T	3	124804582	0.0709642596909707	0.129883181971073	0.584811703978474
chr3:126773646:G:T	3	126773646	-0.0137229735174102	0.0897401782498823	0.878462194483574
chr3:131110446:C:G	3	131110446	-0.161150512303093	0.12790352797435	0.207691737393262
chr3:131209978:G:T	3	131209978	0.0241721464673731	0.0689532482167082	0.725919603845755
chr3:133982842:C:T	3	133982842	0.0191859894124964	0.0519074068632177	0.711666024768893
chr3:134929007:C:T	3	134929007	-0.0334776264579051	0.0948749624708839	0.724193026700398
chr3:137777496:C:T	3	137777496	-0.296206345101317	0.190804502100693	0.120564743755645
chr3:146265901:G:T	3	146265901	0.135161539727153	0.0736630156713081	0.0665259955385048
chr3:148006706:G:A	3	148006706	-0.0934602985451287	0.175179279579078	0.593679006067916
chr3:149679065:C:A	3	149679065	-0.107211057808046	0.0805786111097477	0.183348618703419
chr3:150888061:C:A	3	150888061	-0.0705957801547433	0.152732628662394	0.643924949413505
chr3:152663712:G:C	3	152663712	-0.100558792981287	0.060219219591311	0.0949433625458618
chr3:159417151:A:G	3	159417151	0.0136244377213492	0.0489259114261096	0.780650976718812
chr3:164899350:G:A	3	164899350	0.0555060299200935	0.0897745362556246	0.536389097307407
chr3:168053836:T:C	3	168053836	0.0478342437149133	0.0830159695782206	0.564476406490933
chr3:171028381:G:A	3	171028381	-0.191005692728182	0.129092963741542	0.138980556923762
chr3:174497130:T:C	3	174497130	0.164111648545822	0.0619620938002804	0.00808303832959023
chr3:176663180:T:G	3	176663180	-0.140954024092519	0.166048044782943	0.395950884508503
chr3:196706550:C:T	3	196706550	-0.0650189036945317	0.0616722898638356	0.291761852912632
chr4:332191:G:A	4	332191	0.069074822306146	0.0685595029030518	0.313686689388686
chr4:8816874:T:C	4	8816874	0.00664552320387923	0.069182136326295	0.923474214797912
chr4:9851274:C:G	4	9851274	0.0763464557258656	0.0611484618832212	0.21183244103075
chr4:10725805:A:G	4	10725805	0.073882470038416	0.0731815040054486	0.312697294272075
chr4:13219910:C:T	4	13219910	-0.0420387421407246	0.0594750800836069	0.479672429011013
chr4:18747099:A:G	4	18747099	-0.0193775492449941	0.0518292163739908	0.708498738509547
chr4:20840555:C:T	4	20840555	-0.0119885896884704	0.0642110849246116	0.851891214193555
chr4:21137718:C:T	4	21137718	-0.0577684807643368	0.0630117350638058	0.359253091564892
chr4:26851610:T:C	4	26851610	0.136415630518157	0.0789890736743146	0.0841642524060368
chr4:32302160:A:T	4	32302160	-0.100455688496691	0.0834932939752191	0.228914888226694
chr4:34501888:A:G	4	34501888	0.0673913643030178	0.113824249855515	0.553807005269971
chr4:40603484:A:G	4	40603484	-0.0426712355094186	0.0758869940680985	0.573911829132206
chr4:41002348:C:T	4	41002348	-0.0613916908792285	0.127047474492452	0.628940596343572
chr4:44018406:T:G	4	44018406	0.0762905854237332	0.0591405446531938	0.197054868572728
chr4:44680448:T:C	4	44680448	0.145402886934787	0.0655424463325588	0.0265239086122224
chr4:55337032:C:T	4	55337032	-0.0342745353485267	0.0703162220460334	0.62595062283641
chr4:55659669:G:A	4	55659669	0.0247211962305741	0.0617174960555149	0.688748443339147
chr4:56719096:C:T	4	56719096	-0.00530528362910285	0.0955922633228844	0.955740854879
chr4:58944563:C:T	4	58944563	-0.0182928787107424	0.124116109917065	0.882827980105408
chr4:61158247:C:G	4	61158247	0.0830512790968051	0.0698906521865229	0.234714014345491
chr4:64485722:G:A	4	64485722	-0.0204200471738405	0.0869697008813031	0.81436788211729
chr4:67708732:C:T	4	67708732	0.00689648896304516	0.0874528664364102	0.937144380447238
chr4:67911021:C:T	4	67911021	0.0321927188528998	0.0551158040841997	0.559158189652074
chr4:90022599:G:T	4	90022599	-0.00998554882625683	0.0809896912327926	0.901874234836948
chr4:95020597:A:T	4	95020597	0.103465170794322	0.0647606426156026	0.110119757069529
chr4:95433170:T:C	4	95433170	0.113762652019334	0.102179850819748	0.265555135566804
chr4:97398054:G:A	4	97398054	0.0269065727914	0.073435378072342	0.714068140999089
chr4:98823404:T:C	4	98823404	0.231239490092725	0.0899335667200695	0.0101339284476762
chr4:99262681:C:G	4	99262681	-0.0241093349836492	0.0652581515651922	0.711795636893179
chr4:99355957:G:T	4	99355957	-0.0109910172749196	0.0603088845721258	0.855390139201301
chr4:101085120:T:C	4	101085120	-0.0978851416853863	0.081849602887017	0.231729855652323
chr4:102399971:C:T	4	102399971	0.0675597998307639	0.0645648621903889	0.295382625516121
chr4:102884286:T:C	4	102884286	-0.0615353356087801	0.0692467615435102	0.374197413875027
chr4:105992845:C:T	4	105992845	-0.0987766880622844	0.0755225802306862	0.190904061208584
chr4:108791253:G:A	4	108791253	-0.0947129178163856	0.05457963294301	0.0826848249770776
chr4:110191180:A:G	4	110191180	0.214428159688436	0.0951269509572725	0.0241882250895377
chr4:110957298:T:A	4	110957298	-0.0514124978640133	0.0681990645412324	0.450933722277648
chr4:113348012:C:T	4	113348012	-0.0486416886546884	0.0802062259747567	0.54421081911944
chr4:115515844:A:G	4	115515844	-0.036705470744181	0.110082924262475	0.738806146637006
chr4:115522695:G:A	4	115522695	0.0667666760815949	0.0738180256696314	0.365742742536098
chr4:120770744:A:C	4	120770744	0.239387306905214	0.0761096808635124	0.00165920115230089
chr4:123964831:A:G	4	123964831	-0.0046845531944221	0.0666567495349974	0.943971793836324
chr4:125256344:T:C	4	125256344	-0.00482980389658985	0.0684225830044582	0.943725770456201
chr4:126268710:T:G	4	126268710	0.0545917356155736	0.0804375276171159	0.497337533973164
chr4:134094420:T:C	4	134094420	0.0816078604322299	0.0882657388283084	0.355189587030487
chr4:134350906:C:T	4	134350906	-0.0255318052114416	0.0617878527092643	0.679447467089302
chr4:138952375:G:A	4	138952375	-0.10704530722956	0.0600097029751651	0.0744561721297655
chr4:141012527:T:G	4	141012527	0.0616078895845257	0.105927009054321	0.56083142915862
chr4:141618953:G:A	4	141618953	0.148507617930584	0.0786743119493037	0.0590762775537408
chr4:149616644:T:G	4	149616644	0.0441086178343572	0.0679451438220531	0.516222138536751
chr4:154030957:C:G	4	154030957	0.0184507387784792	0.0909092524007871	0.839168042965278
chr4:168588553:A:C	4	168588553	0.166277944043485	0.0844054351146417	0.0488394067677702
chr4:171334248:A:T	4	171334248	0.0740135256629473	0.0987634363535424	0.453614891381551
chr4:171974219:A:G	4	171974219	-0.0118049480468191	0.0591592021903842	0.841836115017583
chr4:176312841:C:T	4	176312841	0.150366666051209	0.0650797989082084	0.0208606664059394
chr4:179329624:T:G	4	179329624	-0.00430949486457925	0.0625419540583921	0.945064710115419
chr4:183032183:A:G	4	183032183	0.038696931656565	0.0672403607374217	0.564952144390469
chr4:184991673:A:G	4	184991673	0.0249164163594186	0.0570057930075898	0.662049204972604
chr4:189912372:C:T	4	189912372	-0.053039977197034	0.074080562550705	0.474005565391213
chr5:79496:A:G	5	79496	-0.0847280701925233	0.15275624726977	0.579125941732073
chr5:5313703:A:G	5	5313703	0.0146270398756571	0.0655611611126635	0.823453584882246
chr5:7364955:T:A	5	7364955	-0.223955313147684	0.115690319720346	0.0528900910624891
chr5:8067079:G:C	5	8067079	-0.0808122673850826	0.0581531659879432	0.16463664616817
chr5:13911296:G:T	5	13911296	0.0273095967047602	0.0692598604233634	0.693354940253658
chr5:15621966:C:G	5	15621966	-0.00631418125973832	0.0671092418249483	0.925039170855126
chr5:15997511:T:A	5	15997511	-0.0373803059234108	0.165740970394134	0.821563494036028
chr5:17902851:T:C	5	17902851	-0.247536889518752	0.116762928238008	0.034006419673138
chr5:20719353:A:C	5	20719353	0.00874901813760257	0.071513000993957	0.902628452228353
chr5:20732163:G:T	5	20732163	-0.0768889902924863	0.0736584732050122	0.296551068769246
chr5:21913130:A:C	5	21913130	0.0164939165145933	0.0722447295015025	0.819408238801906
chr5:23787194:A:C	5	23787194	0.0709218380926736	0.0682226227992167	0.298542131825671
chr5:23895775:T:G	5	23895775	-0.0151259490542421	0.0593793308134954	0.798928364190348
chr5:25693600:A:G	5	25693600	-0.0710589799750405	0.158016694820073	0.652931917853443
chr5:33466391:T:A	5	33466391	-0.0985988668940493	0.0634805305324586	0.120371949510989
chr5:33624899:A:G	5	33624899	0.0269831539378685	0.0800329027444834	0.736003254600466
chr5:39550509:T:G	5	39550509	-0.0774080463682476	0.0639042118067097	0.225775205378884
chr5:39634108:G:A	5	39634108	-0.0149314334738978	0.0682909591721148	0.82692708975866
chr5:39978357:G:A	5	39978357	0.0269707402403034	0.0604050251643417	0.655237349968568
chr5:40238036:C:A	5	40238036	0.120576999810554	0.0984995523460069	0.220900346179076
chr5:44011742:G:T	5	44011742	-0.0735357844722584	0.0843711764613546	0.383440427026195
chr5:50222627:G:A	5	50222627	0.114152977870789	0.077032063508024	0.138369796796921
chr5:54814079:C:T	5	54814079	-0.0570008849053869	0.111017452893	0.6076430427652
chr5:66989845:C:A	5	66989845	0.0132589815790052	0.0711035419449203	0.852072849010877
chr5:66992139:G:A	5	66992139	0.0859439700976529	0.0768255056081554	0.263272161571201
chr5:73076502:T:C	5	73076502	-0.0857403377974577	0.0707979851158715	0.225873871986208
chr5:76998986:C:A	5	76998986	-0.325733517254644	0.0692467973321962	2.55174953478488e-06
chr5:77675144:G:C	5	77675144	0.077169964778824	0.0687105833566303	0.261388174536435
chr5:80530472:T:A	5	80530472	-0.008930318076285	0.133995346782657	0.946863143018708
chr5:81710558:G:T	5	81710558	0.0419204801262392	0.0688588025936246	0.542664319615813
chr5:82792281:C:G	5	82792281	-0.0488115262320098	0.176424560158754	0.782032886306312
chr5:84879932:A:G	5	84879932	0.115793702795517	0.0762412908480796	0.128818030100246
chr5:85476293:A:G	5	85476293	0.091249655588543	0.0667857152312888	0.171843257289255
chr5:85809583:T:C	5	85809583	0.0184435883602862	0.0595314899406797	0.756703690591623
chr5:92192959:A:T	5	92192959	0.0590111829961467	0.0700417592260943	0.399500144742873
chr5:94648523:C:G	5	94648523	-0.0570734714109999	0.0780709208564955	0.464750766731085
chr5:98024666:G:A	5	98024666	0.0681016858315332	0.0590895819677828	0.249109118386847
chr5:101328324:T:C	5	101328324	-0.215492688157433	0.147617009423012	0.144342482652702
chr5:101825779:A:C	5	101825779	-0.0366535488431579	0.0631273791461941	0.561490930563005
chr5:106773905:G:A	5	106773905	0.20565906707053	0.0740556970469035	0.00548486014939786
chr5:110045491:C:T	5	110045491	0.0327596930943486	0.110767566247164	0.767419731637294
chr5:114915760:G:T	5	114915760	-0.0146845401039974	0.0667285750697464	0.825821510250861
chr5:115102683:A:G	5	115102683	0.115939335061167	0.0793856742127587	0.144164615859382
chr5:117238479:G:A	5	117238479	0.0358652535130876	0.0543268436121263	0.509141184701689
chr5:121740415:G:T	5	121740415	0.10029015838948	0.0845537503131793	0.235578350056785
chr5:137227416:A:T	5	137227416	-0.0828176279887527	0.0824461434566019	0.31513488461381
chr5:137406489:C:T	5	137406489	0.074607521783539	0.0776927814589888	0.3369097952437
chr5:140638650:G:A	5	140638650	-0.0240519005538072	0.0711238487608996	0.73523562637232
chr5:142682003:T:C	5	142682003	-0.0455460152107036	0.0700400922552253	0.515508201418075
chr5:144183699:A:G	5	144183699	-0.0357711205481192	0.0803550404974033	0.656201696653183
chr5:145690757:G:T	5	145690757	-0.0601150557215195	0.137878417721924	0.662836384399853
chr5:147282093:C:T	5	147282093	-0.118909217390405	0.118766861116501	0.316730793849022
chr5:148033208:G:T	5	148033208	-0.11635136212315	0.184798527245091	0.528948499527391
chr5:151763317:T:C	5	151763317	0.0803232420096375	0.0606998388311798	0.185740312582295
chr5:153541577:C:T	5	153541577	0.0662081089474547	0.130910086694758	0.613030379153513
chr5:160435085:T:G	5	160435085	0.0727394707170888	0.0964619821073106	0.450804800819656
chr5:164252995:G:C	5	164252995	-0.211360982643225	0.17939411298621	0.238719462677816
chr5:168245100:T:C	5	168245100	-0.0377511431000207	0.058865369762239	0.521319165673234
chr5:169455657:C:T	5	169455657	0.0300511551097075	0.0690673541631748	0.663490376096124
chr5:169808985:G:C	5	169808985	0.051747286390764	0.0911063964049361	0.570043514886671
chr5:172672695:T:C	5	172672695	-0.0979538277441342	0.0940869526494444	0.297829626179998
chr5:173346700:A:C	5	173346700	-0.0724247450390121	0.0782307987715394	0.354558753870867
chr5:177122146:G:C	5	177122146	-0.250582952453979	0.287456266231471	0.38335815497891
chr6:1084246:G:A	6	1084246	-0.222610812905742	0.263950448742577	0.399015353346357
chr6:3041612:C:A	6	3041612	-0.0764289684759598	0.0655327867642072	0.24350501939475
chr6:3673174:A:G	6	3673174	0.169089583520189	0.0787235318358819	0.0317223973507081
chr6:3786319:G:C	6	3786319	0.066359338737156	0.0711710796456963	0.351134025241631
chr6:6090729:G:T	6	6090729	-0.0458470284632602	0.0845716763883037	0.587743732264375
chr6:6354181:A:T	6	6354181	-0.018078987389897	0.0886473372326591	0.838398187550129
chr6:6456261:T:C	6	6456261	-0.050539881468182	0.087004793862033	0.561317174000801
chr6:7642514:C:G	6	7642514	0.0235279542321273	0.072975442928227	0.747142714844519
chr6:12212257:G:A	6	12212257	-0.0135203679838681	0.128205075142089	0.916011670078606
chr6:21494280:T:C	6	21494280	0.0763563923570569	0.0735741271291159	0.299355814763038
chr6:23163726:T:C	6	23163726	-0.164828735841078	0.129641406686197	0.203579110645735
chr6:23344439:T:A	6	23344439	-0.0841334194359216	0.0748740960393102	0.261155065994304
chr6:24077828:C:T	6	24077828	-0.0806261211848504	0.128742927316802	0.531146580454888
chr6:26287827:G:A	6	26287827	0.0376043046902989	0.0859086158312593	0.661586017363228
chr6:27261142:G:T	6	27261142	0.144518017503789	0.158361938212005	0.361463211429522
chr6:31108549:A:G	6	31108549	0.0213407969089442	0.0505097656358481	0.672654019231513
chr6:31845997:T:C	6	31845997	-0.0132747301057157	0.0797299617415708	0.867766528177091
chr6:32660000:G:C	6	32660000	0.0413686215598903	0.0733766442912668	0.572900738217275
chr6:33148933:A:G	6	33148933	0.0476629059557705	0.0643756285784994	0.459064946092215
chr6:37400014:G:T	6	37400014	-0.0583675737872565	0.0680782219594211	0.391245719761259
chr6:39124093:C:T	6	39124093	-0.150569540620104	0.0788483304962694	0.05618347892549
chr6:45195864:C:T	6	45195864	-0.00616093174593887	0.0620020394665357	0.920847202220067
chr6:46738257:G:A	6	46738257	-0.032141717628492	0.116497330918365	0.782624188037297
chr6:47717919:C:A	6	47717919	0.0522323350624629	0.0626571556944193	0.404494459643185
chr6:48859012:C:A	6	48859012	-0.0166547098378625	0.0950377952733693	0.860888685719435
chr6:49860743:T:G	6	49860743	-0.0394865947932724	0.0757620384679819	0.602232783481689
chr6:53292416:C:G	6	53292416	-0.0617777575461946	0.0635275343524001	0.330823543808441
chr6:54457248:C:T	6	54457248	0.049303298612237	0.0967286941431353	0.610256703935075
chr6:57513520:G:A	6	57513520	-0.0143002720458837	0.0909890948048085	0.875115062927441
chr6:67461006:G:C	6	67461006	0.0478143542379176	0.0990343502795023	0.629233664292383
chr6:69504128:A:G	6	69504128	0.0199915683659352	0.0739354557211479	0.786858562715348
chr6:81137001:T:C	6	81137001	0.0248904715740844	0.0606474553403296	0.681503404762604
chr6:84758749:C:T	6	84758749	-0.0646629838126407	0.105782068290844	0.5410109684227
chr6:86667874:G:T	6	86667874	-0.197698832063058	0.0991543585895557	0.0461685441078835
chr6:87387916:G:T	6	87387916	-0.000172860779862297	0.0760623209421655	0.998186712856142
chr6:88566465:G:A	6	88566465	0.0414445180625223	0.0715406579290404	0.562377194750017
chr6:93273487:T:C	6	93273487	0.117879749024956	0.0733438294566565	0.108005878690162
chr6:97788153:C:A	6	97788153	0.0508640457977727	0.0814272350297406	0.532196575966897
chr6:98771646:C:T	6	98771646	0.0325440631592761	0.0707596974020092	0.645570974737193
chr6:104918249:A:G	6	104918249	0.00781269113059813	0.0581254651154714	0.893077730210491
chr6:107129138:A:G	6	107129138	-0.0366943003673409	0.0718995869884754	0.609802907138679
chr6:112187089:T:C	6	112187089	0.0516833092559267	0.072563011690102	0.476307384606603
chr6:118046853:T:C	6	118046853	0.0907842066771824	0.0622511449311748	0.144742990929619
chr6:121081137:A:G	6	121081137	-0.0455779056991534	0.130978665124067	0.727855491426141
chr6:123103197:T:C	6	123103197	0.0320297480797391	0.0780351528484402	0.681473810624331
chr6:127784009:G:A	6	127784009	0.0411584859089885	0.0563083302089123	0.464810649160605
chr6:129527930:G:A	6	129527930	0.114726904658105	0.0690042511074895	0.0963912632820865
chr6:137254996:T:C	6	137254996	-0.00237344899792004	0.0592572739766618	0.968050638130512
chr6:138165202:C:G	6	138165202	-0.0600868092966151	0.148626320138501	0.686006036434659
chr6:139464917:T:A	6	139464917	0.0549854628114564	0.109352680720753	0.615086021942423
chr6:151547601:G:A	6	151547601	0.0375842329077841	0.0452542334592784	0.406248754478789
chr6:152638179:C:T	6	152638179	0.147947453354332	0.0712982892118036	0.0379819811796928
chr6:153842833:G:A	6	153842833	-0.104320154489809	0.10303975267513	0.311334273619607
chr6:156754666:T:G	6	156754666	0.0571249580990995	0.0882267173485321	0.517321898029847
chr6:160701242:A:G	6	160701242	0.0550809708843432	0.0744007751271036	0.459101045372715
chr6:160909689:G:C	6	160909689	0.0511255727481201	0.0929749283367537	0.58239785270456
chr6:162760256:C:T	6	162760256	0.100569279388678	0.0777693124562889	0.19595076798132
chr6:163629327:G:A	6	163629327	-0.108721172465283	0.0643730089136964	0.0912338382265487
chr6:167509019:C:T	6	167509019	0.175789658059116	0.0787361933372156	0.0255726241956128
chr7:6986920:C:A	7	6986920	0.00658988590949663	0.0913298857710897	0.942478748261707
chr7:7863676:G:A	7	7863676	-0.0583158177455856	0.0806805724387218	0.469803529037123
chr7:8111839:A:G	7	8111839	-0.0200758357901459	0.0597508358232913	0.736876483246524
chr7:9602661:C:A	7	9602661	-0.0376458274384311	0.107218846121881	0.725504298108942
chr7:11334355:C:A	7	11334355	-0.0680308879064549	0.12204727232239	0.577244436404138
chr7:12476280:G:A	7	12476280	-0.00641755922324446	0.078900166711305	0.935173381613139
chr7:12972158:C:G	7	12972158	0.0338971601553631	0.0689887797979233	0.623183808955722
chr7:20850990:A:T	7	20850990	0.118181224639102	0.0696921356302032	0.0899310993379449
chr7:22822020:C:A	7	22822020	-0.0650247063686745	0.0746083312843216	0.383455269199081
chr7:24140802:T:C	7	24140802	-0.0375856030909384	0.0490279370105237	0.443309833823243
chr7:24278575:A:G	7	24278575	-0.0856181760268663	0.0675375241256788	0.204900573252346
chr7:24620726:T:A	7	24620726	0.0301883258108674	0.0530339043347313	0.569202156708453
chr7:24740434:C:T	7	24740434	0.0206820121985784	0.0455875413851467	0.650061431154996
chr7:28505993:C:T	7	28505993	0.0620183700593268	0.0695534469260766	0.37257255115082
chr7:36413989:G:A	7	36413989	-0.00310182568639941	0.0965133935896429	0.974361352924027
chr7:41157573:G:A	7	41157573	0.0266074860554799	0.131785354323528	0.839994765529083
chr7:43755241:C:T	7	43755241	0.0396704234675426	0.0619949639351845	0.522239228503811
chr7:44689517:A:G	7	44689517	0.0848239901441668	0.0908331956635794	0.350384622505302
chr7:46192346:C:G	7	46192346	0.0185055612996952	0.0579495712352815	0.749469420380474
chr7:46368666:G:A	7	46368666	0.0857886762064142	0.110923407292333	0.439282953744601
chr7:47748540:G:T	7	47748540	-0.0807911687822534	0.176565064022412	0.647260210641261
chr7:48301675:T:C	7	48301675	-0.0637390041496978	0.0675435679223535	0.345337057166827
chr7:51890159:C:T	7	51890159	0.0351916495909306	0.0636816481632376	0.580524749765771
chr7:53046603:C:G	7	53046603	0.153123373089723	0.0656846978578638	0.0197434537125664
chr7:55663907:C:A	7	55663907	0.107490364737177	0.067022242520494	0.108757841333846
chr7:56122201:A:G	7	56122201	0.0249671369830854	0.0572227961808712	0.662608546739451
chr7:62910214:G:T	7	62910214	-0.00647252928686921	0.102478199242963	0.949639048176071
chr7:65406204:G:T	7	65406204	0.0529351020309718	0.122470195752813	0.665575388849776
chr7:67766433:G:A	7	67766433	-0.0394791667791931	0.0585876453452758	0.500407963962427
chr7:68433432:T:C	7	68433432	0.071047257702781	0.0784995240266801	0.365430372574199
chr7:71020152:T:G	7	71020152	0.0256783509924671	0.104527420736034	0.805944366234544
chr7:71553830:T:C	7	71553830	-0.0109290592565855	0.0602988294031968	0.856172698302281
chr7:78390279:T:G	7	78390279	-0.0188637329344851	0.0578176773611394	0.74422584980107
chr7:83524616:A:T	7	83524616	-0.0747638245557889	0.0677272872565649	0.269638618954038
chr7:84786535:C:A	7	84786535	-0.0581568461107944	0.0684590759735395	0.395596134334641
chr7:86620755:G:A	7	86620755	0.23615722421739	0.0985951968981913	0.0166103786107381
chr7:89207269:G:A	7	89207269	0.0612420714582875	0.0715399028888545	0.391967513397248
chr7:91097147:A:G	7	91097147	0.140103014017806	0.0662716123624039	0.034509048759773
chr7:103095283:G:A	7	103095283	-0.179789907790215	0.18530262829046	0.331921805493344
chr7:113434486:A:C	7	113434486	-0.0881444613094423	0.0700701645401939	0.208411399114846
chr7:113749820:G:A	7	113749820	0.138956755216778	0.0613688175346377	0.0235563289359626
chr7:117145973:C:G	7	117145973	-0.0249352357825258	0.0670902266042489	0.710140658764355
chr7:119808046:G:A	7	119808046	0.0347045663297825	0.0738326531810951	0.638323865600775
chr7:122582926:C:G	7	122582926	-0.0901398197888168	0.117624402622626	0.443476374789504
chr7:124802410:A:T	7	124802410	-0.00734478678389527	0.0810126302450108	0.927760972608732
chr7:129047886:A:G	7	129047886	-0.153172990822129	0.10823983601709	0.157031597861567
chr7:131384702:T:A	7	131384702	0.0199912754545948	0.0608054192469608	0.742326087091091
chr7:136870573:G:A	7	136870573	-0.0636986403725054	0.0782194372901694	0.415439775808526
chr7:142873374:T:C	7	142873374	-0.06677354953405	0.0757915542706816	0.378309320305187
chr7:143187070:C:T	7	143187070	0.24542746433284	0.12416489945106	0.0480840159373812
chr7:145116884:A:G	7	145116884	0.0388379443558186	0.0619966685729711	0.53101843368284
chr7:149242006:T:C	7	149242006	-0.145177329304818	0.083407470389629	0.0817573215983707
chr7:153502245:G:A	7	153502245	-0.169901036045388	0.0839576468996871	0.0430060000888831
chr7:153952270:G:A	7	153952270	-0.0488282913786256	0.0578066776079899	0.398288109436885
chr7:154426289:T:C	7	154426289	-0.134711273690793	0.0938444727914198	0.151152154204283
chr7:156975524:A:T	7	156975524	0.0881564567771184	0.056197835261466	0.116722369429943
chr7:157677820:C:T	7	157677820	0.115980147481108	0.0830609276604145	0.162616294820696
chr8:276778:A:T	8	276778	0.0594252457958135	0.0542010708699969	0.272910287469585
chr8:1102873:G:T	8	1102873	0.00166685475386093	0.0741975937094207	0.982076968428838
chr8:8710521:T:C	8	8710521	0.0899936421086444	0.0750765182573822	0.230647624795183
chr8:9029509:T:C	8	9029509	-0.175443469730291	0.0771900391631209	0.0230335892120653
chr8:9109096:A:G	8	9109096	-0.129954730938619	0.0827196190164006	0.116176444658852
chr8:9827297:A:G	8	9827297	0.169406015796034	0.109176435318877	0.120740729932746
chr8:10675470:T:G	8	10675470	-0.0889934843625479	0.145790788179844	0.541584206859924
chr8:13032868:C:A	8	13032868	-0.0210247647124956	0.0939619933577081	0.822945471656352
chr8:14391498:A:G	8	14391498	0.0882705130689929	0.116709481150033	0.449453259788054
chr8:16627132:C:G	8	16627132	-0.165807155314467	0.274347887110762	0.545598832740812
chr8:17129593:A:G	8	17129593	-0.0898200458602298	0.116675952064546	0.441403804137919
chr8:20741226:C:T	8	20741226	-0.025893639184504	0.0823832510888879	0.753287820580747
chr8:23115837:G:A	8	23115837	0.017616494167207	0.101985098476234	0.862858974519658
chr8:25783762:T:C	8	25783762	-0.00282210935882249	0.0735600666286651	0.969396911307051
chr8:27010051:G:C	8	27010051	-0.220837059858058	0.14934127341187	0.139209557287108
chr8:27022227:G:T	8	27022227	-0.0219910774155266	0.0745964944182142	0.768146350380579
chr8:28150898:A:G	8	28150898	0.0413932544370815	0.0685361332555224	0.545868573650405
chr8:28528484:G:T	8	28528484	0.0495885931087235	0.0547456806307183	0.365042150442273
chr8:37085597:G:A	8	37085597	0.144016548650847	0.131544321560582	0.273598185736448
chr8:41788192:C:T	8	41788192	0.00695556540574138	0.0677074674917701	0.918177529489814
chr8:42055528:T:G	8	42055528	0.0776362391873413	0.103284401047184	0.452246894950893
chr8:50763512:C:T	8	50763512	0.018016507847074	0.245924507471265	0.941598967729151
chr8:51570259:T:G	8	51570259	0.0319168785996141	0.211955145309987	0.880304534957778
chr8:53142705:G:A	8	53142705	-0.0323572033179392	0.0711563627048683	0.649300760081089
chr8:61304314:G:C	8	61304314	0.0915749656712972	0.0563619445882438	0.104212449359696
chr8:61926940:A:T	8	61926940	-0.0663276988831151	0.0528624786943291	0.209579807138915
chr8:63445672:G:A	8	63445672	0.0197428337371517	0.0776352267287964	0.799261853711699
chr8:65343369:C:A	8	65343369	0.0171699490934166	0.0681180280835754	0.800993337711569
chr8:65418628:G:T	8	65418628	0.0773788724617751	0.0614668033231481	0.208076364112342
chr8:71273350:T:A	8	71273350	0.0274560476082587	0.0769833902474276	0.721354604871829
chr8:72033005:T:C	8	72033005	0.0192676588613629	0.0830732232423006	0.816587837342152
chr8:72065200:T:A	8	72065200	-0.00318292865989852	0.0585176283886381	0.956622337631576
chr8:73211475:T:C	8	73211475	-0.0238704464390518	0.0731644813631593	0.744229688789648
chr8:75992459:A:G	8	75992459	-0.210622133399652	0.301515711415764	0.484836756103198
chr8:78402394:T:A	8	78402394	0.0348358010155519	0.143812091410834	0.808600883095622
chr8:79795588:T:G	8	79795588	0.00257322208797235	0.0884364355968152	0.976787344582639
chr8:86323708:T:C	8	86323708	0.0767943084718223	0.0600485137369608	0.200942453161785
chr8:89525432:A:G	8	89525432	0.0838280223995744	0.0492845318677934	0.0889619108933715
chr8:92001032:A:G	8	92001032	0.0223428312707662	0.0615722401033538	0.71670063300495
chr8:92645879:A:G	8	92645879	0.145066568586056	0.0880340618470204	0.0993842957091784
chr8:95906161:G:A	8	95906161	0.00024177517520411	0.0579611782205856	0.99667177020948
chr8:96365126:C:T	8	96365126	0.0309972448864811	0.0542800940147854	0.567958292516608
chr8:98002322:C:T	8	98002322	0.0675076138471599	0.0675684330151689	0.317746305489745
chr8:98018653:A:G	8	98018653	-0.115830094390695	0.229170527606765	0.613255520620952
chr8:106920372:G:A	8	106920372	-0.0777375629652896	0.0757507132719081	0.304783752972292
chr8:108142424:A:G	8	108142424	0.053665919372698	0.0659627018119323	0.415885734449601
chr8:109421925:C:T	8	109421925	0.0251392272842311	0.0709760783881817	0.723194279271625
chr8:116252872:C:T	8	116252872	-0.0440891219311223	0.0642164445779678	0.4923533699224
chr8:119015250:G:A	8	119015250	0.0328313877794232	0.0861989104470508	0.70329275187088
chr8:121384602:C:T	8	121384602	-0.0662413611633646	0.0671200893535002	0.323687683440792
chr8:127029052:C:T	8	127029052	-0.0850021948659334	0.0753681998134958	0.259393525316962
chr8:128437247:A:G	8	128437247	-0.0652551958536989	0.074723498706769	0.382505673933643
chr8:131111695:G:T	8	131111695	-0.047235963935295	0.123381754910854	0.701835438942292
chr8:131315237:G:A	8	131315237	0.0702492749550253	0.0698809475073616	0.314766478747736
chr8:135895676:A:T	8	135895676	-0.0951300430717973	0.106500820026792	0.371732428961708
chr8:138585221:A:T	8	138585221	-0.0842449848799462	0.104241038411393	0.418989937496535
chr8:141605122:C:T	8	141605122	0.0608583587407641	0.06969996418198	0.382582613816052
chr9:733358:A:C	9	733358	0.0174529203330158	0.0783118226849803	0.823641014853194
chr9:5461379:C:T	9	5461379	-0.10178910864836	0.124559241702905	0.413817370438406
chr9:11397008:T:G	9	11397008	-0.0184716967414165	0.117751400496667	0.875347072408315
chr9:11955148:T:G	9	11955148	0.0419739298066671	0.0624544182156936	0.50153720800741
chr9:12389360:A:G	9	12389360	-0.23666068582945	0.0904089683661574	0.0088532831467395
chr9:12615226:G:C	9	12615226	0.0490070520059736	0.0647524713398164	0.449147653739412
chr9:13582959:T:A	9	13582959	0.146577200092313	0.099769291266425	0.141788994189794
chr9:13820455:C:G	9	13820455	0.0556873610647403	0.0657768317905932	0.3972122203036
chr9:14098421:G:A	9	14098421	-0.0077972213099209	0.0733863832656114	0.915384886730287
chr9:18952915:A:G	9	18952915	0.0635995220993016	0.0632407850450705	0.314573107744322
chr9:29651949:A:G	9	29651949	0.00564123859041177	0.0602408326897193	0.925391348902938
chr9:32058643:A:T	9	32058643	0.0235786202798851	0.079533264200458	0.766876997652245
chr9:37013405:C:T	9	37013405	0.00164850367020005	0.0630254726579625	0.979132791723342
chr9:37992585:C:T	9	37992585	-0.0418028875806713	0.0571343297899792	0.464376289223482
chr9:73616570:C:T	9	73616570	-0.0889765078015467	0.137843357973725	0.518609702895758
chr9:76464251:C:G	9	76464251	0.244314826738241	0.0978532559381816	0.0125338332668553
chr9:79067117:C:T	9	79067117	0.0305123106085238	0.128297466087345	0.812017034852277
chr9:82773489:T:C	9	82773489	-0.00734985316864691	0.0717639439530238	0.918425631727706
chr9:89995415:A:G	9	89995415	-0.0763092345943067	0.0904276929312685	0.398741946610493
chr9:91844381:C:T	9	91844381	0.0225217461075808	0.153866978732226	0.883628095794918
chr9:94568472:C:A	9	94568472	-0.0261367411177629	0.0501617771896675	0.60233267515473
chr9:96162075:C:T	9	96162075	-0.00865318720009146	0.0565259148208705	0.878332395250789
chr9:97240484:A:G	9	97240484	-0.719781907099531	0.545100119392181	0.186682092551424
chr9:100192956:A:G	9	100192956	-0.0647068925628269	0.0800460221240472	0.418876972042869
chr9:100529836:G:C	9	100529836	0.00482890489938081	0.0810139011394129	0.952469534842918
chr9:101460357:C:T	9	101460357	0.0381684892774151	0.0801025941062644	0.633721735743945
chr9:103293239:C:G	9	103293239	0.186194500602877	0.0937861538362995	0.0471100970290541
chr9:106822394:G:C	9	106822394	-0.0870367153428931	0.0912650278157228	0.340250731061462
chr9:107904127:G:A	9	107904127	0.0338254017838946	0.0738488176745549	0.646926726185357
chr9:117420412:T:C	9	117420412	-0.023783747031743	0.0627074347141522	0.704479106821526
chr9:117972207:C:A	9	117972207	-0.0392171491658132	0.0732545925237924	0.592404997584915
chr9:118511323:G:A	9	118511323	-0.0312602090881597	0.126605961866592	0.804978298538708
chr9:121356498:A:G	9	121356498	-0.0923546957414737	0.131893199177491	0.4837878411233
chr9:124044726:T:G	9	124044726	-0.104779915302634	0.0663503770693726	0.1142922640887
chr9:125005426:C:T	9	125005426	0.00622257945757002	0.0878703081981558	0.943544598773824
chr9:129533341:A:G	9	129533341	0.065212277522608	0.0635041864245705	0.304468826233284
chr9:136630984:C:T	9	136630984	-0.0155305730304827	0.0762679945438292	0.838641404723905
chr10:2050300:A:G	10	2050300	0.00455989521634726	0.0603665894481405	0.93978766877966
chr10:3113976:C:T	10	3113976	0.040699123094873	0.0668533242101424	0.542668721281992
chr10:4591592:T:C	10	4591592	-0.101550666114188	0.0779366333940265	0.192578122300195
chr10:7462546:C:T	10	7462546	0.0774375086959998	0.0676838196582273	0.252579406916104
chr10:7849544:T:G	10	7849544	0.161091762732678	0.0710185976964305	0.0233106898702167
chr10:9367893:G:A	10	9367893	0.145857861594491	0.0624131127994134	0.0194405029401239
chr10:10628189:C:T	10	10628189	0.0540429392857873	0.0538767112634498	0.315819686898545
chr10:14014383:T:C	10	14014383	-0.106422792943065	0.0791693815061382	0.178870204583167
chr10:16341555:C:T	10	16341555	-0.0402031433315286	0.0769866424306948	0.601524587286082
chr10:18075702:C:T	10	18075702	0.115410671165914	0.162405592792835	0.47731207912246
chr10:20923823:C:G	10	20923823	0.00194145634631993	0.131289667691283	0.988201648939879
chr10:26220185:A:C	10	26220185	0.0564171955326	0.11960373625562	0.637140261830309
chr10:27289376:T:C	10	27289376	-0.00519658147332423	0.0887997609100465	0.953334257499941
chr10:27674317:A:G	10	27674317	-0.0908853487081982	0.0477706779533206	0.0571013517638607
chr10:28771902:G:A	10	28771902	-0.121073244486619	0.107196378077954	0.258706889244868
chr10:28891836:C:T	10	28891836	-0.00995343069292076	0.0573239250784548	0.862152447709398
chr10:30622484:G:A	10	30622484	0.111638828459117	0.0846570330283168	0.187263109818475
chr10:35177843:G:T	10	35177843	0.152255362231718	0.113644274554165	0.180325361467131
chr10:43613180:G:A	10	43613180	0.0480622517710147	0.112311385059241	0.668696634417985
chr10:44139011:T:C	10	44139011	0.0539972561611375	0.0990318553611918	0.58558063585126
chr10:45036473:A:G	10	45036473	0.108302884266833	0.0746045999213079	0.146587326635903
chr10:51560095:T:G	10	51560095	0.17564119017494	0.0854730310346972	0.0398856595216542
chr10:54072488:A:G	10	54072488	0.015069021089807	0.0597162930329807	0.800775532689886
chr10:54082016:C:T	10	54082016	-0.067789887941323	0.0782172326558301	0.386113325471851
chr10:55299918:G:C	10	55299918	0.0214477401196505	0.0780331845794853	0.783428338179657
chr10:56747004:T:C	10	56747004	0.0801821912958241	0.0841794417505331	0.340835800078979
chr10:57761967:T:C	10	57761967	-0.0282222661507658	0.171282333596559	0.869124668327523
chr10:61894829:G:A	10	61894829	-0.07881876750373	0.132142195008794	0.550861731931221
chr10:62473064:C:G	10	62473064	0.197279790224618	0.104841086800089	0.0598763487382137
chr10:65713195:A:G	10	65713195	-0.0191954566848346	0.1270178502149	0.879877831796195
chr10:69232402:C:A	10	69232402	-0.0369503174557766	0.0850544475721201	0.663975245155547
chr10:79437519:C:T	10	79437519	0.0168468215528246	0.0726884163414542	0.816718504644896
chr10:81546102:G:A	10	81546102	-0.035557537653001	0.119821359812709	0.76665388186188
chr10:82354363:C:G	10	82354363	0.0509974022372579	0.0798943333497488	0.523271493826403
chr10:84591955:C:T	10	84591955	0.0290843792362286	0.0785416671743658	0.711155180707848
chr10:84989741:G:A	10	84989741	0.0270211952054386	0.0611197921447379	0.65841524497044
chr10:86779196:C:A	10	86779196	0.0521262017101178	0.0997209865307716	0.601168785800787
chr10:91053424:A:C	10	91053424	-0.0241761627636405	0.0532972748621841	0.650109744965537
chr10:93612452:G:A	10	93612452	-0.0850806998767591	0.0953614095183779	0.37228995528079
chr10:93671121:T:C	10	93671121	0.00268146561691877	0.0811144624314641	0.97362849564566
chr10:101249704:C:T	10	101249704	0.0622695844681033	0.0696525982860323	0.371320649811805
chr10:102352980:T:C	10	102352980	-0.108477839290324	0.0715710034132091	0.129603465540745
chr10:104637359:T:C	10	104637359	-0.0133097166382045	0.0742679115446055	0.857771075913436
chr10:108480456:T:C	10	108480456	-0.021931982224915	0.0599589769058049	0.714526909375458
chr10:109264424:C:T	10	109264424	-0.252569729852903	0.120790926975432	0.0365311056517491
chr10:111352001:T:G	10	111352001	0.140151165639424	0.0719400026814613	0.0513949400755197
chr10:118828443:C:T	10	118828443	0.110659803294459	0.0681667698221209	0.104510602817036
chr10:120152982:A:G	10	120152982	0.0973268215522179	0.0950060113968742	0.305633145922154
chr10:121580593:A:G	10	121580593	0.196920761559455	0.0821422508457847	0.0165157672209324
chr10:121611573:C:G	10	121611573	0.0615787437260094	0.0744865085498564	0.408401434956793
chr10:121734173:T:C	10	121734173	-0.113097530736382	0.0904535978354479	0.211176263597594
chr10:121910644:T:A	10	121910644	0.0966500704732757	0.0592527595386	0.102858915560554
chr10:122561189:A:G	10	122561189	-0.0390519122148267	0.0655600587226235	0.551398230544832
chr10:123750431:C:G	10	123750431	0.00964236578364615	0.0747303541595455	0.897334882828876
chr10:127533155:T:C	10	127533155	-0.108831010005424	0.0752092635462996	0.147884986241306
chr10:129953349:A:G	10	129953349	-0.0862841855543098	0.112808647519364	0.444347717293881
chr10:130263340:C:T	10	130263340	0.212045681235025	0.107998213219905	0.0495975751408302
chr10:130662147:G:T	10	130662147	-0.321013335365922	0.293205547167172	0.273586478728583
chr10:131485315:A:G	10	131485315	0.153994463194746	0.0943127716941602	0.102509796528828
chr10:131819683:A:G	10	131819683	-0.0239825592821592	0.0571468476035102	0.674729845531726
chr10:131953941:A:C	10	131953941	-0.0684455488236363	0.0803379316466399	0.394230458363698
chr11:388357:C:T	11	388357	-0.0384366030727853	0.092179268195802	0.676695482066107
chr11:2257707:C:T	11	2257707	-0.00843417450364027	0.0569592176506233	0.88228443321211
chr11:3623903:G:A	11	3623903	-0.113952076490419	0.0883384088757869	0.19706823129187
chr11:5806222:C:T	11	5806222	-0.018466384080452	0.0805357101579421	0.818640137150902
chr11:9789492:C:A	11	9789492	0.0257363274088371	0.0580229446366627	0.657364842425647
chr11:14569664:T:G	11	14569664	-0.0487147693447111	0.100412442312446	0.627572256823577
chr11:21819583:A:G	11	21819583	-0.00680605137574955	0.0965456089514417	0.943799113947907
chr11:36019710:C:A	11	36019710	0.0411699823926215	0.0687887356640394	0.549507094951387
chr11:39635569:C:T	11	39635569	-0.0261931887731729	0.117889157631136	0.824169961129642
chr11:40512905:C:G	11	40512905	-0.230285182036068	0.149949277592784	0.124598759601109
chr11:41632790:A:T	11	41632790	-0.335308789409334	0.260965530034243	0.19883502554015
chr11:42744986:A:G	11	42744986	-0.0436266944078576	0.0666613510295798	0.512820256561522
chr11:43201079:C:T	11	43201079	0.0327554990962434	0.0907757754484508	0.718219319996247
chr11:43982585:G:A	11	43982585	0.171089371250236	0.097398500275039	0.0789874741264174
chr11:44330300:A:G	11	44330300	0.0247764447019704	0.0968653707888009	0.798118962882629
chr11:49875094:A:G	11	49875094	-0.00423212457907045	0.0701490156611864	0.951892417622444
chr11:50253126:G:T	11	50253126	0.0521955557617508	0.0700489666888465	0.45619340044991
chr11:55906271:G:A	11	55906271	-0.0844526769134599	0.0797597394909127	0.289673370905948
chr11:56124264:C:A	11	56124264	0.0561123027805089	0.107639669734826	0.602159464333636
chr11:57305789:G:A	11	57305789	0.0837910144747044	0.0727389311206991	0.249344994347681
chr11:58998793:A:C	11	58998793	-0.00757100068308353	0.0805830447929595	0.925146670748161
chr11:60456695:C:T	11	60456695	-0.140198657546708	0.130881397892569	0.284084649578231
chr11:62505064:A:G	11	62505064	0.00316628151496995	0.110247027833711	0.977088000198376
chr11:63184971:C:T	11	63184971	0.0828257802002103	0.0578481110243374	0.152206734398715
chr11:70801858:T:C	11	70801858	0.0110235670809098	0.0656609451227182	0.866672800656506
chr11:71334794:T:G	11	71334794	-0.00838239624272166	0.0852592685103864	0.921680945163815
chr11:72713691:C:T	11	72713691	-0.14998654330414	0.118485325421054	0.205561065835711
chr11:77208574:G:A	11	77208574	0.112629050296535	0.0658594710415606	0.0872396100647832
chr11:77376654:A:G	11	77376654	0.0311539596529551	0.0562118060999619	0.579425218921205
chr11:77897055:A:G	11	77897055	-0.0288886439907793	0.104401634689535	0.782005237229604
chr11:79339250:G:A	11	79339250	0.0140888882891078	0.0984602284696292	0.886217384421205
chr11:81783030:C:T	11	81783030	-0.0831484881542917	0.0748654424327963	0.266723722381439
chr11:83962252:C:T	11	83962252	-0.152931141321185	0.11865752011017	0.197452007947447
chr11:86328783:G:T	11	86328783	0.115398801784428	0.0801000180576103	0.14967402169279
chr11:86644523:C:T	11	86644523	-0.00316078324081508	0.112727634161314	0.977630953131065
chr11:93046218:A:C	11	93046218	0.00385835830728942	0.0877404920700257	0.964924602710473
chr11:99371984:G:C	11	99371984	-0.0757529459416953	0.112639728328473	0.501250023647476
chr11:100626548:G:A	11	100626548	0.0871692881557639	0.115581875094838	0.450742445918206
chr11:104129521:G:A	11	104129521	-0.0536350094846555	0.128477710547628	0.676337966464333
chr11:108728662:A:G	11	108728662	0.0489531470837791	0.105990528980328	0.644179275233642
chr11:110338613:G:A	11	110338613	-0.352702637615425	0.232809599337528	0.129776652329728
chr11:110396347:G:A	11	110396347	-0.0478851899911071	0.0931222703563242	0.607099266317493
chr11:113800784:C:T	11	113800784	0.133766551823813	0.0905488359184927	0.139598917557383
chr11:115616504:A:T	11	115616504	0.0521210292348744	0.0769321887522345	0.498093128456168
chr11:119630310:G:A	11	119630310	0.0359802029803994	0.0770390636891451	0.640472386832818
chr11:123267436:G:A	11	123267436	0.0749076960451628	0.0836822420179996	0.370709865370079
chr11:125907492:T:C	11	125907492	0.0981053656099047	0.0589852433091596	0.0962686456685422
chr11:126829359:G:A	11	126829359	0.0349603891305442	0.104821971720175	0.738740606125935
chr11:130038952:T:C	11	130038952	-0.195692373030209	0.19652829781526	0.319373310002246
chr11:130290657:C:T	11	130290657	-0.065256191681481	0.0918855301886944	0.477586274005533
chr11:131355535:G:A	11	131355535	-0.0252305492696844	0.0949154938024388	0.790376924870823
chr11:133238417:A:G	11	133238417	0.0325861278757484	0.0702422097618932	0.642711571625583
chr11:133409278:A:G	11	133409278	-0.296428622491671	0.237114634190595	0.211245123478678
chr11:134309503:C:T	11	134309503	0.0033964788465465	0.103471946320775	0.973814047744189
chr12:5192681:C:T	12	5192681	0.0617025986981967	0.0597049514811427	0.301389310679307
chr12:5448727:G:A	12	5448727	0.129297640311175	0.0616703395396173	0.0360295647024496
chr12:6639294:C:T	12	6639294	-0.0225930263256995	0.0815693765175111	0.781796024144834
chr12:19523028:C:A	12	19523028	-0.0904458566935528	0.0610402938096211	0.138409438219712
chr12:19758400:A:T	12	19758400	-0.0250550620201483	0.0980509840161708	0.798313034902483
chr12:20003679:T:A	12	20003679	0.0650026441456959	0.0775197501514576	0.401733047800068
chr12:21333090:G:A	12	21333090	0.0813921613189046	0.0606521137618842	0.179611902063249
chr12:25518059:A:T	12	25518059	-0.044686912328712	0.094755476361056	0.637210596272943
chr12:28965843:C:T	12	28965843	0.0743040034871831	0.062281687176478	0.232857107012058
chr12:32086665:A:C	12	32086665	0.0737582639940822	0.0813239029193729	0.364423157657116
chr12:44631613:C:T	12	44631613	0.00206675804244571	0.0927332784151782	0.98221892017181
chr12:48567461:T:G	12	48567461	0.0294532584824802	0.0814707587835281	0.717711217538521
chr12:51039498:T:C	12	51039498	-0.361448355511387	0.271814125888222	0.183596384749623
chr12:52880890:G:T	12	52880890	0.171508288998048	0.113930198709149	0.132226303214105
chr12:53646626:C:G	12	53646626	-0.0986761077233918	0.093533214320402	0.291432333650133
chr12:53680144:C:A	12	53680144	-0.0105108723813119	0.0668525408977129	0.875067742624844
chr12:54366280:G:A	12	54366280	-0.010231667437333	0.057567916064216	0.858933363207644
chr12:55599330:T:C	12	55599330	0.0589295862404433	0.0741126761170581	0.426534949540322
chr12:56675083:C:T	12	56675083	-0.0232492067154857	0.0709368907225438	0.743104524188637
chr12:57436134:C:T	12	57436134	0.0256805450725329	0.0650788930159906	0.69313341923114
chr12:58724212:C:T	12	58724212	-0.0155935979781825	0.0776322937566897	0.840804263853365
chr12:59048769:A:C	12	59048769	-0.0371531657162788	0.0853857245237429	0.663474228228971
chr12:59161225:G:A	12	59161225	0.0727729370261075	0.0894100560424369	0.415688833090987
chr12:59226687:C:T	12	59226687	0.131675898495056	0.0738180228227921	0.074457690375983
chr12:63113400:T:C	12	63113400	0.142391378843251	0.0816646192023176	0.0812268360121065
chr12:64271340:C:T	12	64271340	-0.0757997023203154	0.123352304971517	0.538886521251515
chr12:64756705:C:T	12	64756705	0.0520080662816237	0.0888552364227145	0.55833771948327
chr12:67050802:C:T	12	67050802	-0.0676522764132327	0.0785249691173725	0.388941580224196
chr12:71564908:A:G	12	71564908	0.0431541164153683	0.0990927571228714	0.66320524623551
chr12:73909094:G:A	12	73909094	0.00146616230557814	0.06218739769063	0.981190402807393
chr12:81126959:G:A	12	81126959	0.0386384617450901	0.0652800264137352	0.553925615878511
chr12:83608380:A:G	12	83608380	-0.0537228695347803	0.0636613073185843	0.398733256577336
chr12:90727178:A:C	12	90727178	-0.128484470691093	0.0739097970709258	0.0821411203502331
chr12:92596791:C:T	12	92596791	-0.0114029144732052	0.0730464672793444	0.875950303668092
chr12:95914573:A:T	12	95914573	0.0847762682548891	0.0796402751190262	0.287106828780233
chr12:101611098:G:C	12	101611098	-0.233525209091076	0.20034726238375	0.243775319370886
chr12:105967464:T:C	12	105967464	0.0220847572177141	0.0601006320324737	0.713273702541804
chr12:109533295:C:T	12	109533295	0.0303071894213429	0.0967967076270359	0.754203588228729
chr12:112209515:G:A	12	112209515	0.0746371935708261	0.0751194216277229	0.32042713459614
chr12:120976632:C:A	12	120976632	-0.15355784707698	0.132716711631784	0.247258163739334
chr12:125875525:T:C	12	125875525	0.118749493194353	0.0647747592553454	0.0667627261015888
chr12:126449337:A:G	12	126449337	-0.0417268517320072	0.064816599298078	0.519725894943798
chr12:131091094:G:A	12	131091094	0.10360623763948	0.0791283281696053	0.190417697805541
chr12:132776953:G:A	12	132776953	-0.32166012517976	0.138452023969625	0.0201651597995781
chr13:19545220:A:G	13	19545220	-0.0231904755546362	0.063443018349882	0.714714063554101
chr13:22977365:T:G	13	22977365	-0.0503084026678921	0.0830677183797815	0.544759673764951
chr13:24330599:T:C	13	24330599	-0.0934411246426368	0.097633429317477	0.338536585027633
chr13:24623185:A:C	13	24623185	0.0265962746363685	0.0696534741858498	0.702582261603541
chr13:25202506:T:G	13	25202506	0.0564710871517293	0.0829602824876966	0.496061161933085
chr13:26234118:A:T	13	26234118	-0.017786685929514	0.0936954789780335	0.849438389404228
chr13:26494236:G:A	13	26494236	0.0784435674507584	0.0620188579136903	0.205930798200246
chr13:27255876:A:G	13	27255876	-0.196550188769231	0.130127899704015	0.130931572669448
chr13:42909938:A:G	13	42909938	0.0255207506592724	0.0736090682628933	0.728811742447194
chr13:45470952:C:T	13	45470952	0.170160973990775	0.108321898983168	0.116209947399666
chr13:45708351:G:A	13	45708351	-0.0204728281236468	0.0837965566598135	0.806986198154131
chr13:45809177:C:G	13	45809177	-0.157684917961835	0.0826723071423783	0.0564754470868662
chr13:50558767:A:T	13	50558767	0.114557020384991	0.0916765570958599	0.21145369788666
chr13:58710908:G:A	13	58710908	-0.0527379131821382	0.063938691478558	0.409473775350323
chr13:58934154:C:T	13	58934154	-0.0873112994048085	0.0588060888830212	0.13761475274971
chr13:70397215:T:C	13	70397215	0.0508651416511145	0.076963142780893	0.508674774549433
chr13:70990050:T:C	13	70990050	-0.0339923786324731	0.148552650547213	0.819005885398226
chr13:75832713:T:C	13	75832713	0.00461974025037817	0.0993103368945526	0.962897211138265
chr13:86776101:G:A	13	86776101	-0.0514702101475585	0.0664965794814788	0.438914271360561
chr13:91472230:T:C	13	91472230	0.0672985491787359	0.0713365869467777	0.345479116617544
chr13:93235990:C:T	13	93235990	-0.116742497755198	0.10102302531138	0.247843634498776
chr13:96765286:G:A	13	96765286	-0.0141329406874634	0.063232912074412	0.823141646944525
chr13:102180181:A:G	13	102180181	0.0292892891191264	0.070004474630531	0.675660775196702
chr13:104405113:C:T	13	104405113	0.0537263293819626	0.101911777301432	0.598065334924476
chr13:106009559:G:C	13	106009559	-0.00636467884831682	0.0576560815989786	0.912099753384689
chr13:106084136:A:G	13	106084136	0.0699239865973088	0.0597982155278164	0.242269762932141
chr13:112716578:T:C	13	112716578	-0.035528308475877	0.0942002577611749	0.706056761199432
chr14:21167555:A:G	14	21167555	0.0462895573741967	0.110599624484649	0.675557697255787
chr14:26929954:A:G	14	26929954	-0.114240367854855	0.0856725888601654	0.182383200141835
chr14:27823594:G:A	14	27823594	-0.140163060158193	0.0950227014067551	0.140199598103379
chr14:34182794:A:C	14	34182794	-0.046610693078676	0.132116066434805	0.724237561821033
chr14:38216062:T:A	14	38216062	0.0770670288245928	0.0631135044521502	0.222053387099203
chr14:38962987:G:A	14	38962987	-0.0707361866906335	0.128575893958549	0.582215648526778
chr14:39925237:C:T	14	39925237	-0.0154104823354271	0.0925809467411372	0.86779956664712
chr14:44446011:A:G	14	44446011	0.118639402729602	0.0755166623120463	0.116174263457508
chr14:48685878:C:A	14	48685878	0.282485333742546	0.130261874528507	0.0301133961450273
chr14:51426205:T:C	14	51426205	-0.0317833168046901	0.111915202678621	0.776414494367356
chr14:52881822:T:G	14	52881822	-0.0240515702779125	0.067300428361543	0.720810203461733
chr14:53358297:A:G	14	53358297	-0.101739859297785	0.0590905705946201	0.0851127626662851
chr14:56254615:G:A	14	56254615	0.00625599286224162	0.066813390639879	0.925400044700429
chr14:57978070:T:C	14	57978070	-0.0850036838000743	0.0638955015955261	0.183401417338838
chr14:62445185:T:C	14	62445185	0.0107589028387257	0.0628270942366819	0.8640301604431
chr14:67518615:G:A	14	67518615	-0.00946618746948827	0.0557927266776505	0.865271986868739
chr14:68863518:T:G	14	68863518	0.00114863451858761	0.072161961078596	0.98730024744956
chr14:77734277:G:A	14	77734277	-0.213503891961628	0.189861501219181	0.260790622532851
chr14:81022028:G:A	14	81022028	-0.0544829475443602	0.204841700582549	0.790257800259075
chr14:81884763:T:G	14	81884763	-0.0579375732780671	0.16804254992472	0.730260383215311
chr14:82929256:T:A	14	82929256	-0.148314198225634	0.127106666086983	0.243271634409299
chr14:84531019:T:G	14	84531019	0.00804700201927857	0.0769558506643894	0.916719818057838
chr14:90804831:C:G	14	90804831	0.0883686961793204	0.0828576195575083	0.286191980985068
chr14:91397629:G:T	14	91397629	0.0357470892432646	0.0895244391827017	0.689672326136024
chr14:91961156:T:C	14	91961156	0.0606281847601628	0.0621360735862995	0.32919705552525
chr14:92998270:C:G	14	92998270	-0.0468310979583502	0.0882918506474312	0.595825986886858
chr14:93757265:G:A	14	93757265	0.098609542983043	0.0798221790984926	0.216694614778469
chr14:93769225:C:T	14	93769225	-0.238119419450426	0.206599708081753	0.249089320037528
chr14:98340169:A:G	14	98340169	0.0480643108984031	0.0824841748360106	0.560088888127072
chr14:100721312:C:T	14	100721312	0.0441028250010992	0.0899794517145572	0.624032502871721
chr14:102093442:A:G	14	102093442	-0.144089447501346	0.109328672692877	0.187521233475938
chr15:24165057:A:G	15	24165057	0.0283596067159788	0.0743416840783287	0.702849692887078
chr15:26353849:A:G	15	26353849	-0.112933001181686	0.0744378933741983	0.12923033854262
chr15:28182824:G:A	15	28182824	-0.0887019508078393	0.209258587285704	0.671648378688045
chr15:33665926:A:G	15	33665926	-0.0641707660384888	0.154520800707008	0.677930460655041
chr15:34880184:A:T	15	34880184	0.0015697048039878	0.062096557022469	0.979832861663744
chr15:37080410:C:T	15	37080410	-0.108819058867959	0.063452543387492	0.0863511592128674
chr15:37762539:C:G	15	37762539	-0.0198282926207824	0.110317431380339	0.857357845780866
chr15:52558833:C:G	15	52558833	-0.138087804435355	0.135564591825286	0.308386909254208
chr15:55712443:A:G	15	55712443	-0.129557042827091	0.107064477042221	0.226246546662663
chr15:57522102:A:T	15	57522102	0.0908991666214068	0.0602010467556288	0.131062134142043
chr15:57590535:T:C	15	57590535	0.109404609586062	0.0835204691000002	0.190225020298905
chr15:69786285:T:C	15	69786285	-0.0504247293288021	0.0713739093871267	0.479885419623173
chr15:71331250:T:C	15	71331250	0.173406470474305	0.0833939231164219	0.0375837427407372
chr15:74245092:G:C	15	74245092	0.0304727148066963	0.119536346574224	0.798781597650158
chr15:76807237:T:C	15	76807237	-0.0830611758956327	0.115963110385818	0.473823162869451
chr15:77734259:G:A	15	77734259	0.122373075294044	0.0672566200321702	0.0688359643730398
chr15:79750604:G:T	15	79750604	-0.0481154077528977	0.0750522161084235	0.521462630898557
chr15:81697597:G:A	15	81697597	0.0507802115604491	0.0691530049480284	0.46275569653261
chr15:87989871:C:T	15	87989871	-0.0446452413373543	0.0692400733132269	0.519063896628894
chr15:88891382:T:C	15	88891382	0.0570889572976975	0.0808294103730266	0.480008172117478
chr15:89804552:C:T	15	89804552	0.047418873284084	0.12299573979957	0.699842822566119
chr15:94791129:A:G	15	94791129	0.0229382293685738	0.120963589080471	0.849599699259781
chr15:97043895:A:G	15	97043895	0.150691724106968	0.192339003524751	0.433351514878358
chr15:98725394:C:T	15	98725394	-0.0729644437889314	0.103978305262989	0.482849074185237
chr15:100978492:T:G	15	100978492	-0.127594719566652	0.0861326089746926	0.138506592582635
chr16:2671727:C:T	16	2671727	0.201547959537449	0.0734295233470016	0.00605512930546326
chr16:4957642:T:C	16	4957642	0.00715390447841552	0.0537755385113657	0.894167528352236
chr16:5884026:G:T	16	5884026	0.093121064214866	0.0669710521755048	0.164386994646739
chr16:6848656:G:A	16	6848656	-0.0401023131239817	0.0601461903469821	0.504933527184407
chr16:7909855:G:A	16	7909855	-0.074009620472444	0.0578452367484958	0.200741481686933
chr16:8273542:C:G	16	8273542	-0.0477160484587683	0.0973390494510451	0.623989135824142
chr16:12394716:C:T	16	12394716	-0.0241635977353417	0.0767095777767649	0.752760854749944
chr16:13985277:C:A	16	13985277	-0.217037972785781	0.244840324526955	0.375376698458969
chr16:17779668:G:A	16	17779668	-0.0197536826380248	0.0619532505016046	0.749841623175383
chr16:29740733:G:C	16	29740733	-0.102833354619287	0.143938127149627	0.474962879559139
chr16:31127124:G:A	16	31127124	-0.0125703179023633	0.0642593784820941	0.844908844020977
chr16:56688556:C:T	16	56688556	0.00437180657712503	0.0682164772239897	0.948900752284408
chr16:60324635:A:C	16	60324635	-0.0348448430703469	0.0752478166789295	0.643315749232081
chr16:60499572:C:T	16	60499572	-0.0293795840594945	0.0645321320180451	0.648914556789353
chr16:62273123:C:T	16	62273123	0.0292664142331632	0.0709361307100529	0.679918639559372
chr16:65972427:C:T	16	65972427	0.101996324778988	0.0621389384212675	0.100709498341013
chr16:69246420:T:C	16	69246420	-0.0505916117952456	0.0799160903900981	0.52669502087055
chr16:71908403:G:A	16	71908403	0.186261183237385	0.0694671176412283	0.00733398903101734
chr16:72103328:C:A	16	72103328	0.0636054918657492	0.0630532175676697	0.313090295700163
chr16:74837740:A:C	16	74837740	-0.114845790988529	0.120104533662221	0.338963478748315
chr16:79886631:C:T	16	79886631	0.00505194637893991	0.0557667417797426	0.927817847456701
chr16:81396153:C:A	16	81396153	0.0290091070427401	0.0681136428031743	0.670185993795859
chr16:82294878:C:G	16	82294878	-0.00285132189212073	0.0853545827152743	0.973351136119335
chr16:82421890:A:G	16	82421890	0.0161230161201157	0.0951022027833799	0.865376968085788
chr16:83827178:T:C	16	83827178	-0.0498202302048092	0.0724167311980714	0.491474354990907
chr16:84032337:C:T	16	84032337	-0.0780646341828611	0.136475182142504	0.567317854482235
chr16:89303022:G:A	16	89303022	-0.0822208530256226	0.104008162044392	0.429222346412517
chr16:89331863:A:T	16	89331863	0.0576511440426623	0.0688388813956138	0.402323159989152
chr16:89337630:T:C	16	89337630	0.0799418284370295	0.0622457229046765	0.199038993119369
chr16:89479873:T:G	16	89479873	0.0129282837671449	0.0648439612628409	0.841969185936841
chr16:90035976:C:A	16	90035976	-0.0783244709250954	0.0803597075977028	0.329722282336897
chr17:2489248:C:G	17	2489248	-0.057034123333892	0.0780002247183039	0.464654189158594
chr17:4147521:T:C	17	4147521	-0.476906827584791	0.303249857426704	0.115799165704131
chr17:6949267:T:C	17	6949267	0.01472743187234	0.0762832036857923	0.846909960597613
chr17:7929448:A:G	17	7929448	0.0380912395212618	0.0611087504972483	0.533064224678482
chr17:10308301:C:T	17	10308301	0.13947385516914	0.112357141267403	0.214478723183147
chr17:12174148:T:C	17	12174148	0.0578923269661397	0.0677892968451281	0.393102803291478
chr17:14402381:C:T	17	14402381	-0.0427797773695665	0.120150539243758	0.721802012224275
chr17:15219976:C:T	17	15219976	-0.0142129271194959	0.0743011343985262	0.848299838512565
chr17:16482403:T:A	17	16482403	-0.173482344451572	0.0761030468019846	0.0226331087124502
chr17:18684803:A:G	17	18684803	0.0461231216292968	0.0577628126704119	0.424585256589891
chr17:20040710:T:C	17	20040710	0.0390375462731032	0.0705959994619941	0.580283211400537
chr17:21275023:A:C	17	21275023	-0.0137577641723586	0.0696958802161374	0.843516804052534
chr17:30609729:C:T	17	30609729	0.0324053325719092	0.105420587732585	0.758545830553668
chr17:31554254:C:T	17	31554254	-0.143672975045434	0.0755531491508822	0.0572215516720677
chr17:33472425:T:G	17	33472425	0.100009139693319	0.0727405056134706	0.16917004321415
chr17:44156671:T:A	17	44156671	-0.0356235045461818	0.056726824745407	0.530014811397011
chr17:45754773:C:T	17	45754773	0.105498706408812	0.0672896776374908	0.116921050558882
chr17:48779278:C:T	17	48779278	-0.0103626717901905	0.0741146669346194	0.8888026472667
chr17:52703044:C:G	17	52703044	0.0984223968641165	0.06841698695269	0.150273336278935
chr17:53282498:G:T	17	53282498	-0.0586665270086065	0.0649779807588862	0.366596058192713
chr17:58411807:C:T	17	58411807	0.0385141870038339	0.0769234268949751	0.616594834465194
chr17:61409438:A:G	17	61409438	-0.0826695164102839	0.0630730598337671	0.189960977303384
chr17:66262233:G:T	17	66262233	-0.048324768040965	0.0666083440473673	0.468141529202937
chr17:66751216:C:T	17	66751216	-0.0152024032458986	0.0674100849847971	0.821573835043028
chr17:66971178:A:G	17	66971178	-0.0355730768012673	0.104685650853905	0.734000726117343
chr17:68771033:G:A	17	68771033	0.100779323983907	0.0604682655885223	0.0955843852588653
chr17:69081332:C:T	17	69081332	-0.021101856834493	0.144300235285779	0.883735264230876
chr17:69213412:T:C	17	69213412	0.0332065309991736	0.0735440138975022	0.651615422761462
chr17:72829246:G:A	17	72829246	0.0388800649170016	0.0688139926648365	0.572072191975914
chr17:73506492:C:T	17	73506492	-0.0690938917328083	0.0907327511225712	0.446352544945976
chr17:75360149:C:G	17	75360149	-0.0419605006245154	0.112897990414418	0.710140512776684
chr17:77625920:A:T	17	77625920	-0.0829950271229265	0.0903058727340243	0.358072809556387
chr18:1137045:A:T	18	1137045	-0.000144217213515117	0.0577370236849007	0.9980070228587
chr18:4080016:T:A	18	4080016	0.0176278930876767	0.12253507730464	0.885611042619539
chr18:8920896:G:C	18	8920896	0.157215679562967	0.0627454439135784	0.0122239994732443
chr18:9609299:C:T	18	9609299	0.00330435033334452	0.100628894762803	0.973804577799557
chr18:10572326:C:T	18	10572326	0.0757907162513225	0.065130021714441	0.244552394219563
chr18:11017906:C:T	18	11017906	-0.00526680070360155	0.0520839230712646	0.919454067740271
chr18:14686017:A:G	18	14686017	0.129975295180672	0.0774080476229609	0.0931339598463221
chr18:14895123:C:T	18	14895123	0.00120243101178913	0.0676817850805714	0.985825570766681
chr18:30059135:A:G	18	30059135	0.0404841985664757	0.0616326000135541	0.511268760304205
chr18:32490781:T:C	18	32490781	0.100092578442098	0.0587628754003651	0.0885062979378403
chr18:36255061:C:A	18	36255061	-0.0663623245195785	0.071519241769224	0.353462200206194
chr18:42762909:A:C	18	42762909	-0.0234048388320367	0.0743677871928067	0.752976209329983
chr18:43928870:G:A	18	43928870	0.043442466572927	0.0991058655966693	0.661136897830432
chr18:44831686:A:G	18	44831686	-0.0141467557190477	0.0957743602618832	0.882572257681591
chr18:45461168:C:T	18	45461168	-0.0242574639033871	0.0727298463678381	0.738735511284864
chr18:47992191:T:C	18	47992191	-0.154701805541343	0.133636858243082	0.247015765875305
chr18:49146783:T:G	18	49146783	0.00509771145078168	0.0735720845505366	0.944759848819945
chr18:49872731:C:G	18	49872731	0.0432951859722022	0.0818465166186408	0.596819191692663
chr18:50485733:T:C	18	50485733	-0.0306303574847968	0.0822515547041654	0.709596153463131
chr18:58120958:C:T	18	58120958	-0.0967085245824603	0.10300919196608	0.347816015118026
chr18:59256389:C:T	18	59256389	-0.120618074915165	0.10595620090003	0.254963200964411
chr18:62622293:T:A	18	62622293	0.101998782356154	0.0950194655109047	0.283068613917008
chr18:62998306:G:A	18	62998306	0.0147600813843582	0.0789540553778007	0.851703602260879
chr18:66103927:C:T	18	66103927	0.0279789316407143	0.0640649558572178	0.662308942001937
chr18:66206557:C:T	18	66206557	-0.101511396666533	0.0654655894393422	0.120995910367222
chr18:68001558:G:A	18	68001558	0.107308469594393	0.0721941691319682	0.137176804269566
chr18:69946690:A:G	18	69946690	-0.147114335080866	0.111094274620448	0.185426778488855
chr18:71730181:C:T	18	71730181	-0.0574613716439823	0.0635979917154131	0.366255699158336
chr18:72912108:T:C	18	72912108	0.0172303933067204	0.0668217106283231	0.796517878590373
chr18:73248491:G:A	18	73248491	-0.034181388932678	0.100723361006168	0.734339227369036
chr18:77734991:G:A	18	77734991	-0.076041317275978	0.199339477888748	0.702857182783019
chr19:2907557:G:A	19	2907557	0.0283653309370605	0.0599687692944821	0.636211953078259
chr19:16021187:G:A	19	16021187	-0.101108048873817	0.103100964706497	0.326755379001526
chr19:17584922:G:A	19	17584922	-0.00574215904096429	0.0568831438239542	0.919592863477174
chr19:18704666:C:T	19	18704666	-0.0351252988413921	0.103266660912239	0.733749810785628
chr19:18737022:C:T	19	18737022	-0.0536428264757488	0.0734497406396925	0.465186186869867
chr19:18805179:A:G	19	18805179	0.013806284183362	0.0821702281560948	0.866567138623023
chr19:21560366:G:T	19	21560366	0.0210420953727743	0.0608873897468048	0.729650586377544
chr19:21659434:G:C	19	21659434	0.0252390951937799	0.0850161759247798	0.766562679987724
chr19:33474662:T:C	19	33474662	-0.00241855312579741	0.0739022329114846	0.973892780820573
chr19:37956680:C:T	19	37956680	-0.0429910729476503	0.074649428685231	0.564678547177431
chr19:38120117:A:T	19	38120117	0.0308852307659029	0.090481166442734	0.732844398883167
chr19:44380983:T:C	19	44380983	-0.173159098430083	0.0855601348846514	0.0429877297577861
chr19:44819986:A:G	19	44819986	0.00579866575068018	0.0813355681702167	0.943164477309737
chr19:48685001:C:T	19	48685001	-0.0108366907879941	0.0925167884317588	0.906755329233735
chr19:51210487:G:T	19	51210487	-0.109941029428003	0.131498941758914	0.403121046246179
chr19:51552139:T:A	19	51552139	0.0861643741338642	0.0705407655125415	0.221903046798693
chr19:52714810:C:T	19	52714810	0.0703977002977301	0.0516917000272584	0.173236932160958
chr19:53330671:T:C	19	53330671	0.0130784124806461	0.065685521829329	0.842179459050431
chr19:54944544:G:A	19	54944544	-0.155358500286163	0.137195399861479	0.257471115387074
chr19:57195010:G:C	19	57195010	-0.0218938243686241	0.0908491042095544	0.809562024590167
chr20:1709120:A:G	20	1709120	-0.00111254912232009	0.0556727248439796	0.984056345526291
chr20:1735934:T:G	20	1735934	0.0973805724905339	0.068517677037829	0.155244840089827
chr20:1906500:G:T	20	1906500	-0.11621401556104	0.0879536910820862	0.186398309008177
chr20:3649460:G:A	20	3649460	-0.0960153002828897	0.0797257767265929	0.228466147862797
chr20:5407753:C:T	20	5407753	0.116613138125753	0.0809585804494123	0.149752870674352
chr20:5860313:T:C	20	5860313	-0.0619887876995401	0.0754492154669588	0.411306760441618
chr20:7000966:A:C	20	7000966	0.0435283840910879	0.0820811533911102	0.595897625614552
chr20:12129436:G:A	20	12129436	0.00842999587840576	0.0753692515020591	0.910942919541612
chr20:13244402:C:A	20	13244402	0.108268692748927	0.152812147205801	0.478629586137729
chr20:31347432:T:C	20	31347432	-0.0364206152178438	0.0720926696133646	0.613424229580682
chr20:37593342:C:T	20	37593342	-0.155819460927502	0.0579858461929396	0.00720541856742474
chr20:38200488:G:A	20	38200488	-0.000677190715572527	0.0631217169889331	0.991440193997414
chr20:38350608:A:G	20	38350608	0.036952774122334	0.0712509301575877	0.604019722135609
chr20:45729681:A:G	20	45729681	-0.0376479231957052	0.0603210775672833	0.532545163010806
chr20:48501317:C:T	20	48501317	-0.0451887404027983	0.0769559295548775	0.557067485118234
chr20:49036824:T:G	20	49036824	-0.0335156616020919	0.0661730644779675	0.612516248584498
chr20:50371082:C:T	20	50371082	-0.123577701405217	0.0839126300864668	0.14083332550651
chr20:52513956:G:A	20	52513956	-0.138964715133082	0.118512062001414	0.240964810269555
chr20:54253971:A:G	20	54253971	0.0305738061738894	0.0511142646036955	0.549742346054399
chr20:58480201:T:G	20	58480201	0.0250568966190477	0.0510315251410041	0.623420657361334
chr20:60073360:C:T	20	60073360	0.0354107599053454	0.0592913442575802	0.5503516889623
chr21:14869783:A:G	21	14869783	-0.104833762199546	0.0939692289806221	0.264585688894183
chr21:15297615:T:C	21	15297615	0.0461225768477888	0.0767827904470593	0.548047153554245
chr21:15686888:A:G	21	15686888	0.0366805623673458	0.088065910773974	0.67703494182457
chr21:18805376:C:A	21	18805376	0.115639177490179	0.132426056561565	0.382534548688354
chr21:22007486:G:T	21	22007486	-0.170725691734432	0.165208969029379	0.301420305252795
chr21:24026351:C:T	21	24026351	0.0528434573328268	0.075197294763124	0.48222351098293
chr21:26647335:G:C	21	26647335	0.101727128015246	0.0828727254018669	0.219630834812868
chr21:28043199:C:G	21	28043199	-0.0609557116034552	0.115170993556697	0.596623223293144
chr21:29538421:G:A	21	29538421	0.113963533407135	0.0953144333145233	0.231829766260794
chr21:31885030:A:G	21	31885030	0.0610570965568783	0.0617505278333752	0.322775470149068
chr21:35502622:A:T	21	35502622	-0.0115607785418937	0.0640322551270804	0.856723809956731
chr21:36306638:T:G	21	36306638	-0.0146708309529143	0.0724535468120964	0.839536779746567
chr21:41442549:G:A	21	41442549	0.0861369483610046	0.0639454738672143	0.177968170048546
chr21:42627184:G:A	21	42627184	0.044525814591754	0.11746034680634	0.70463511877534
chr22:20147688:T:C	22	20147688	0.00676593820254949	0.0912562070602361	0.940897217303423
chr22:23891985:A:G	22	23891985	0.0725995334494503	0.082029329985371	0.376133116903901
chr22:24245985:G:T	22	24245985	0.0368612771631139	0.0669665651434837	0.582015560851032
chr22:28624303:G:A	22	28624303	-0.0432458171915105	0.104475393995365	0.678923147784738
chr22:30376697:C:T	22	30376697	0.0282247447998695	0.101005729241132	0.779909427650742
chr22:30662128:G:A	22	30662128	-0.0787873854613425	0.0886517800471441	0.374148877227776
chr22:36298345:C:A	22	36298345	0.0230281668441161	0.1259115870534	0.854883103690965
chr22:36977479:G:A	22	36977479	0.057620355307062	0.0770193989651122	0.454383061000182
chr22:42475109:T:G	22	42475109	-0.00502383739452697	0.062329989676333	0.93575955293677
chr22:44719519:A:G	22	44719519	-0.0212007243403725	0.0732785214863919	0.772338779786627
chr22:44805054:T:C	22	44805054	0.152540160045455	0.0839533399746221	0.0692226921673011
chr22:45210278:T:C	22	45210278	0.1119106741451	0.0743246462600566	0.132144016448118
chr22:47062473:C:T	22	47062473	0.00849384317500543	0.118608417080355	0.942910306101468
chr22:48785864:A:G	22	48785864	-0.0901387162967346	0.12209569475578	0.460354733422723
chr22:49668266:A:G	22	49668266	-0.01677147419526	0.070617690249693	0.812271415297071
chr22:49926053:G:A	22	49926053	0.113519698136897	0.121363392490377	0.349597559801329
