SNP	CHR	POS	est	stderr	pval
chr1:1837340:C:T	1	1837340	0.200969833057216	0.37743705775008	0.594407994063718
chr1:2261200:G:C	1	2261200	-0.445011710735164	0.354420601011599	0.209259798999093
chr1:14678191:A:C	1	14678191	0.100073045133025	0.240836869491214	0.677759730017461
chr1:14985097:C:T	1	14985097	0.103536927236108	0.336664573790639	0.758434406547075
chr1:20215506:G:C	1	20215506	-0.725196484191953	0.294483134184858	0.0137930674838591
chr1:22009627:T:C	1	22009627	-0.161261317167616	0.311593325957847	0.604780805189698
chr1:22126221:C:T	1	22126221	-0.25780983370886	0.132339055191003	0.0514028900846444
chr1:23180575:A:G	1	23180575	-0.377687009337377	0.334092422654546	0.258271238689021
chr1:26058659:G:C	1	26058659	0.306908714007489	0.247047902705329	0.214124246488001
chr1:26181362:A:G	1	26181362	-0.274148521439673	0.386573842915493	0.478215859148381
chr1:28670719:C:T	1	28670719	-0.360707624409368	0.312629778676105	0.248588226679087
chr1:29753056:A:C	1	29753056	0.18660987649704	0.255215277768803	0.464665458381583
chr1:29908726:A:G	1	29908726	0.241317604202037	0.209580013286156	0.249553632568024
chr1:31886486:G:T	1	31886486	0.347065696974122	0.240155670177721	0.148410226000308
chr1:37838865:C:T	1	37838865	-0.844548370196549	0.562763717574548	0.133429099582496
chr1:39880059:T:C	1	39880059	-0.446307434421335	0.226227911916456	0.0485158292341473
chr1:43202709:G:A	1	43202709	0.394793420179188	0.285425472423139	0.166611167841477
chr1:47498869:G:A	1	47498869	-0.278389757257815	0.406731948987448	0.493687832018418
chr1:54900240:G:A	1	54900240	0.171147084446118	0.322144357263309	0.595228568843051
chr1:56563907:C:T	1	56563907	-0.482800246922078	0.381493060319956	0.205672636214744
chr1:65351414:T:A	1	65351414	-0.452046929849353	0.284003583819141	0.111453374636003
chr1:73302339:T:C	1	73302339	0.507553003915977	0.321613082400644	0.114531640891982
chr1:73563666:T:C	1	73563666	-0.749756501650212	0.548266693348747	0.17146760977266
chr1:76062379:T:C	1	76062379	0.322324183086298	0.266551396645156	0.22657127083272
chr1:86928231:G:T	1	86928231	0.382878841169576	0.229493706001819	0.0952436597439926
chr1:88611347:G:A	1	88611347	0.594345819889418	0.306294882963401	0.0523266448301901
chr1:91057167:C:A	1	91057167	0.00699183520082613	0.471737589523165	0.98817462665822
chr1:91093925:G:A	1	91093925	-0.173813444675634	0.278533980762106	0.532608155238592
chr1:92475800:A:G	1	92475800	0.0265542863427341	0.290219795820599	0.927097564819132
chr1:94752415:G:A	1	94752415	0.199487721870502	0.213455971931375	0.350014355524427
chr1:95614324:G:A	1	95614324	0.0218340374844746	0.297492239645578	0.941492880779282
chr1:99691102:T:C	1	99691102	-0.207429295689811	0.417536659605751	0.619335021962516
chr1:104937367:T:A	1	104937367	-0.475402937500281	0.242209274243136	0.0496720219309473
chr1:153704237:C:A	1	153704237	-0.831469031015118	0.37484152918583	0.0265420076771498
chr1:159540226:C:T	1	159540226	-0.152645546102691	0.244698499177694	0.532751900917771
chr1:165647351:T:C	1	165647351	-0.0953028992363087	0.270523065048862	0.724619875903236
chr1:168863629:G:A	1	168863629	-0.716230601705833	0.460715235215665	0.120039968719538
chr1:171350391:G:A	1	171350391	-0.0444228725853447	0.291708083559051	0.878961865688263
chr1:173013575:C:G	1	173013575	0.216674689801221	0.261733815342743	0.407759023221876
chr1:185127444:C:G	1	185127444	0.178068554966099	0.234615987682213	0.447865253562022
chr1:186638909:G:T	1	186638909	-0.468861675695916	0.506412054299236	0.354523861447217
chr1:188272062:T:C	1	188272062	-0.718456039186624	0.401425643060357	0.0734923097232584
chr1:193365737:C:T	1	193365737	0.221799519994645	0.272858430197261	0.416290310295284
chr1:195033388:T:C	1	195033388	-0.532576112310301	0.506464385075507	0.293002896611822
chr1:195907914:A:G	1	195907914	0.183496133946095	0.25532508310979	0.472340273581394
chr1:196692375:G:C	1	196692375	-0.100558722710265	0.410787204797555	0.806615035680452
chr1:197559019:A:G	1	197559019	0.129843552998001	0.365851351958037	0.722658553133877
chr1:199160726:G:A	1	199160726	-0.740933303980103	0.494691047741428	0.134193073733174
chr1:204277152:T:C	1	204277152	-0.479293315316483	0.295124606056425	0.104367886488027
chr1:207498131:C:T	1	207498131	0.0281319658162203	0.396739277508931	0.943471022210887
chr1:210496535:G:A	1	210496535	-0.137173070078336	0.262192980317414	0.600851793473604
chr1:212937214:T:G	1	212937214	0.181958354940616	0.249130551656944	0.465161907220862
chr1:219750864:A:G	1	219750864	0.253840062974907	0.223095926795751	0.255201164123663
chr1:221920463:G:A	1	221920463	0.341033424461522	0.333263255318535	0.306158740421196
chr1:227462684:A:G	1	227462684	-0.190317233825676	0.358378370524546	0.595383357503622
chr1:234456961:G:A	1	234456961	0.230914690282963	0.283313239009378	0.415043215853958
chr1:237308322:A:G	1	237308322	-0.112355807163982	0.215984081216606	0.602921319673805
chr1:244583991:C:T	1	244583991	0.285066197992788	0.268389264759596	0.288173445283313
chr1:247190028:T:C	1	247190028	0.0841831025814569	0.279003521553157	0.762859618231747
chr1:247897239:C:T	1	247897239	0.643540455765114	0.347190758386665	0.0638014939775809
chr2:3248328:A:G	2	3248328	0.263408452377423	0.180436643098258	0.144334321539618
chr2:4505759:T:G	2	4505759	-0.147863848689187	0.437284705404166	0.735257001814458
chr2:6804400:G:A	2	6804400	-0.923976665392857	0.729237304734412	0.205139109371433
chr2:9411790:A:C	2	9411790	0.441680234541777	0.228206962142332	0.0529366730701817
chr2:12096367:C:T	2	12096367	0.627643805573945	0.287110452003828	0.0288104182502111
chr2:13545005:C:T	2	13545005	0.238667192430892	0.269469116610241	0.375782417055913
chr2:16009716:A:G	2	16009716	-0.166585123054888	0.235603715654139	0.479531408067145
chr2:16367899:A:T	2	16367899	0.46415669384313	0.255969699418414	0.0697814454593805
chr2:17630111:A:C	2	17630111	-0.548398163913789	0.393652718451632	0.163589121592764
chr2:17928966:C:G	2	17928966	-0.121302153046795	0.377550619514537	0.747992812481065
chr2:18261494:A:T	2	18261494	-0.0559851537360279	0.377369009564628	0.88206141078711
chr2:19530615:T:C	2	19530615	-0.41811277262025	0.352469734603878	0.235528570342609
chr2:19562158:T:C	2	19562158	0.121175443577555	0.226844122668946	0.593217462017907
chr2:27383116:G:A	2	27383116	-0.684676612757006	0.345959874661372	0.0478088402814582
chr2:37762298:C:T	2	37762298	0.595953743857379	0.30677216224225	0.0520573566118453
chr2:42010994:T:A	2	42010994	-0.147680593982648	0.246257246279667	0.548705854265505
chr2:45824390:C:G	2	45824390	0.0463921953313089	0.366160375574034	0.899178546758036
chr2:49789441:T:C	2	49789441	0.383966786321669	0.293427884212096	0.190684830700989
chr2:49994518:G:A	2	49994518	0.0960301498539809	0.126113680096015	0.446384127679818
chr2:51284042:G:A	2	51284042	0.431340335140293	0.239002389847905	0.0711133060448661
chr2:51344078:G:A	2	51344078	0.279573718956062	0.220058856845647	0.203924472642691
chr2:57278002:C:A	2	57278002	0.430094515049823	0.251419157328311	0.0871425592172531
chr2:57368273:A:G	2	57368273	-0.194813466435462	0.332874704741278	0.558382567046497
chr2:61147014:T:C	2	61147014	-0.0387463040939141	0.348295787305839	0.91142175122678
chr2:61693274:A:G	2	61693274	0.29550427070114	0.203402678947473	0.146278119449389
chr2:65295480:C:T	2	65295480	0.601277447094021	0.280349282928012	0.0319733195121183
chr2:66031496:T:C	2	66031496	0.157409227873918	0.208904585718071	0.451150596681939
chr2:69165635:T:C	2	69165635	0.191763496301871	0.251933617889789	0.446557467910496
chr2:76651386:C:A	2	76651386	0.0136774190511688	0.189403611337745	0.942432332178714
chr2:79784490:C:G	2	79784490	0.230573344119018	0.236798374404856	0.33019971385608
chr2:82619301:T:C	2	82619301	0.640840172716157	0.295688654117794	0.0302134934370265
chr2:85744328:G:A	2	85744328	-0.619429207557003	0.444567148097284	0.163519707878255
chr2:85757440:T:A	2	85757440	0.12978238504928	0.232887691021657	0.577339855879815
chr2:99811694:T:C	2	99811694	0.0243144992139018	0.281526619538671	0.93117499060848
chr2:101228073:A:C	2	101228073	0.108202255470021	0.256677394136671	0.673353792856182
chr2:108083619:T:C	2	108083619	-0.0886621599165832	0.44266316388105	0.841251742748643
chr2:118004610:C:T	2	118004610	0.259562434572029	0.228905804504218	0.256825239328137
chr2:119455921:A:G	2	119455921	0.266555145567504	0.214552737443807	0.214097911332116
chr2:120644763:G:A	2	120644763	0.174291942288841	0.177436308028752	0.325962464266574
chr2:120916837:A:G	2	120916837	0.14274917075852	0.187952834922913	0.447556719001001
chr2:122628686:C:A	2	122628686	-0.561621563473621	0.457107025016726	0.219205507926308
chr2:122629789:A:C	2	122629789	-0.108319324121392	0.289053217728051	0.707855072478549
chr2:126391403:A:G	2	126391403	-0.0264950683373626	0.328812163238142	0.935777461540513
chr2:127192867:G:A	2	127192867	0.278537235975706	0.282262849551327	0.32374024996814
chr2:130915743:C:T	2	130915743	-0.136851211339533	0.260649192374014	0.599555492913904
chr2:136507185:G:C	2	136507185	0.42826023681972	0.264462224210628	0.105369267399732
chr2:141023592:C:T	2	141023592	0.13371934864023	0.386597351097979	0.729426957151544
chr2:143920023:G:T	2	143920023	-0.0854162954637627	0.317696580604267	0.78803646777877
chr2:144729333:C:T	2	144729333	-0.296408017254729	0.354504406955635	0.40308772725402
chr2:148561010:G:C	2	148561010	-0.216259398233155	0.481849446320933	0.65356790350272
chr2:154835349:G:T	2	154835349	0.366857493622034	0.223618185624488	0.100890230357431
chr2:164974626:C:A	2	164974626	0.487919186537195	0.284535313413929	0.0863831706666527
chr2:167086954:T:G	2	167086954	0.350283650495862	0.230973929590036	0.129380186897057
chr2:167657344:C:T	2	167657344	0.0299130325694603	0.338982741396282	0.929683122975382
chr2:167884398:C:T	2	167884398	0.525448051097177	0.289504171635016	0.0695249819877023
chr2:168647356:T:G	2	168647356	0.0185188483479862	0.226052556926519	0.934708138997549
chr2:170041677:A:G	2	170041677	-1.16453930940039	0.597196453418958	0.0511748766139779
chr2:171274449:C:A	2	171274449	0.0599191561871163	0.404437347519291	0.882220950058157
chr2:177787584:G:A	2	177787584	0.221827884865843	0.291610432336057	0.446836625176997
chr2:179648558:C:T	2	179648558	0.352613316202228	0.275463671121318	0.20051983574918
chr2:183527028:C:T	2	183527028	0.297750865754541	0.300703134606216	0.322085112841113
chr2:184516924:T:A	2	184516924	-0.0587119932484235	0.270860995283104	0.82839491454744
chr2:191922008:C:T	2	191922008	0.337087995305839	0.317578632592843	0.288493803577163
chr2:197010424:G:A	2	197010424	-0.211635213044186	0.427248082447421	0.620356591968297
chr2:209101337:G:A	2	209101337	0.163099848867606	0.228208421006534	0.474796359609486
chr2:209103516:A:G	2	209103516	0.385508106541239	0.232996624279885	0.0980127272179842
chr2:210957182:G:A	2	210957182	0.399073807258911	0.252142377017139	0.113482562686884
chr2:214802180:T:C	2	214802180	0.333329074207714	0.314894578562622	0.289808504195218
chr2:215209936:A:G	2	215209936	0.00445414212959847	0.357571538790947	0.990061291391932
chr2:220997842:C:T	2	220997842	0.00192023864371183	0.237266829980443	0.993542662319816
chr2:228947684:G:A	2	228947684	-0.134897233770333	0.391333938704981	0.730311416282302
chr2:233152507:T:C	2	233152507	-0.0564676140672609	0.158790324465399	0.722131772624047
chr2:235620294:A:T	2	235620294	0.150644645321362	0.248992148229145	0.545167266829869
chr2:237288548:A:G	2	237288548	0.127668444863476	0.16797194979047	0.447219842959732
chr2:237513585:T:C	2	237513585	0.560770102322975	0.251912351795152	0.0260106698924341
chr2:237920759:T:G	2	237920759	0.0326430418826163	0.297679420414213	0.912680312216368
chr2:240429648:C:T	2	240429648	0.284191609969263	0.269010783150023	0.290770875132323
chr3:10127208:T:G	3	10127208	-0.0350937837593479	0.479641211279778	0.941673433125719
chr3:14082905:A:G	3	14082905	-0.328781131293485	0.391963279251428	0.401578210596665
chr3:16798495:T:G	3	16798495	0.214021122205534	0.342463614010567	0.532006775133621
chr3:18882818:T:C	3	18882818	-0.176537295695414	0.256097792523114	0.490612173030361
chr3:22245167:A:G	3	22245167	0.394296592455343	0.281630061261998	0.16149789418091
chr3:24009496:G:A	3	24009496	0.14000952550446	0.334754699280353	0.67576789652055
chr3:24010534:C:T	3	24010534	-0.215354814678011	0.391403301683885	0.58217393662311
chr3:33111016:C:A	3	33111016	0.55813613002624	0.320342990717304	0.0814545782165322
chr3:33421913:A:G	3	33421913	0.286315384358703	0.254264863935644	0.260143633108013
chr3:34471110:A:G	3	34471110	-0.0435292099210537	0.337334656896069	0.897327063384346
chr3:35230331:G:A	3	35230331	-0.187744895689183	0.324595984743174	0.562997050719028
chr3:41413926:T:C	3	41413926	-0.424835491325068	0.261366001901806	0.104068238106121
chr3:42098050:T:C	3	42098050	-0.0846766623214202	0.294484749613905	0.773697533718543
chr3:46489654:A:G	3	46489654	-0.130970759378614	0.231894028346499	0.572218571770747
chr3:64441608:G:A	3	64441608	-0.134013584651106	0.300277883680574	0.655381602161611
chr3:66150510:T:A	3	66150510	-0.0915906993744001	0.329875386384526	0.78127918812324
chr3:66995763:G:T	3	66995763	0.156500432327517	0.281765847018035	0.578602451262846
chr3:68498445:T:C	3	68498445	0.296712400740926	0.289746582954541	0.305815876918874
chr3:68824246:G:A	3	68824246	0.162998449623909	0.23010609676834	0.47872039046426
chr3:69021248:A:C	3	69021248	-0.0309068604518353	0.259780579169491	0.905296790600488
chr3:69617754:T:G	3	69617754	-0.0939977096064636	0.191987414915292	0.624414501845699
chr3:74191731:G:A	3	74191731	-0.446614876043973	0.322416788690334	0.165988343299846
chr3:74732240:G:A	3	74732240	-0.120877091754419	0.217762154139956	0.578834680312747
chr3:75709324:A:T	3	75709324	-0.444583936193947	0.348265116038885	0.201754974203756
chr3:84465702:T:C	3	84465702	0.571518537442383	0.253691958200306	0.0242714404516545
chr3:84817748:G:A	3	84817748	-0.360441403345637	0.362863032337977	0.320550951327692
chr3:85705423:A:G	3	85705423	-0.378151442656994	0.334859662476365	0.258778320804248
chr3:88069353:C:T	3	88069353	0.531884350718123	0.251577643118979	0.0344985629778239
chr3:93986190:G:A	3	93986190	-0.631848858315853	0.539033128116718	0.241121068408602
chr3:101022648:G:A	3	101022648	0.0886324695369235	0.356176970787018	0.803481525075137
chr3:106664728:C:T	3	106664728	0.0892273600498058	0.21805950876972	0.682401613324036
chr3:110774699:C:T	3	110774699	0.408714196238631	0.33342394493251	0.220270419893233
chr3:113428518:G:A	3	113428518	-0.0080354848507111	0.455639694848314	0.985929546855915
chr3:121058963:T:G	3	121058963	-0.45150497747215	0.399852088623623	0.25882191305385
chr3:122312606:G:A	3	122312606	0.438842144234326	0.283703326475063	0.121903115273426
chr3:124193435:A:C	3	124193435	0.29121655729854	0.254233419712507	0.252014838220266
chr3:126773646:G:T	3	126773646	0.166226750710546	0.273559316629199	0.54342343391442
chr3:131110446:C:G	3	131110446	-0.968937427902326	0.772277912188355	0.209606340001881
chr3:131209978:G:T	3	131209978	-0.012034961654101	0.212836997822027	0.954907297656332
chr3:133982842:C:T	3	133982842	-0.306953408893531	0.242250792521404	0.205123328937024
chr3:146265901:G:T	3	146265901	0.290907498840587	0.34282922931271	0.396132134816441
chr3:149679065:C:A	3	149679065	0.477811933683313	0.288684847166534	0.0978974403729038
chr3:152663712:G:C	3	152663712	-0.0350324921214902	0.22740615441427	0.87756832146431
chr3:159417151:A:G	3	159417151	-0.217731858448186	0.169606904005328	0.199231516537209
chr3:164899350:G:A	3	164899350	0.297363975961587	0.23023877381878	0.196514402139026
chr3:168053836:T:C	3	168053836	0.293162806810294	0.378909352104487	0.439107219252029
chr3:171028381:G:A	3	171028381	-0.562686080747762	0.564056411690872	0.31848763390089
chr3:174497130:T:C	3	174497130	-0.149389135510694	0.238938486431889	0.531826635936902
chr3:176663180:T:G	3	176663180	0.260707711189763	0.516269295540628	0.61357010479312
chr3:196706550:C:T	3	196706550	0.358547296394232	0.224391153822688	0.1100725036906
chr4:332191:G:A	4	332191	-0.085498119821476	0.252169898228165	0.73457231543341
chr4:8816874:T:C	4	8816874	-0.132697705367085	0.389307234271075	0.733211992653982
chr4:9851274:C:G	4	9851274	-0.289023105572417	0.254133424464568	0.255417561731383
chr4:10725805:A:G	4	10725805	-0.505491441288009	0.467098963532134	0.279166576015319
chr4:13219910:C:T	4	13219910	0.196183995888791	0.267787342123352	0.463795621260317
chr4:18747099:A:G	4	18747099	-0.35729214067697	0.228846033417383	0.118458312945723
chr4:20840555:C:T	4	20840555	0.0251373257999161	0.194530914577667	0.897183404332792
chr4:21137718:C:T	4	21137718	-0.110487784861669	0.249854997395351	0.65833896926469
chr4:26851610:T:C	4	26851610	-0.0202284994597568	0.263430515737671	0.938791602190185
chr4:32302160:A:T	4	32302160	0.125310490789668	0.294475804229236	0.67044490746236
chr4:40603484:A:G	4	40603484	0.372484214237202	0.263649506107561	0.157714324076985
chr4:44018406:T:G	4	44018406	-0.105717768304709	0.398393929868522	0.790732234116273
chr4:44680448:T:C	4	44680448	-0.217293122657087	0.218392721844435	0.319753269098287
chr4:55337032:C:T	4	55337032	-0.0493907956956315	0.304552678310012	0.871168136541741
chr4:55659669:G:A	4	55659669	0.276892728719885	0.24857066978372	0.265305071311357
chr4:56719096:C:T	4	56719096	-0.314980437182022	0.407285888194523	0.439306707982457
chr4:61158247:C:G	4	61158247	0.325789928063673	0.278258984114597	0.24167295123612
chr4:67708732:C:T	4	67708732	-0.181712690376944	0.372813548006864	0.625968494503724
chr4:67911021:C:T	4	67911021	0.205688156089264	0.314328866461401	0.512871867800561
chr4:90022599:G:T	4	90022599	0.226195115512216	0.356422158494781	0.525671732137521
chr4:95020597:A:T	4	95020597	-0.209914230394724	0.304598339902781	0.490728290272497
chr4:97398054:G:A	4	97398054	0.107247828992271	0.179680857838212	0.550587803713761
chr4:98823404:T:C	4	98823404	0.249442126579644	0.244989545513611	0.308594999538457
chr4:99262681:C:G	4	99262681	0.542002085318303	0.243723592551721	0.0261592632196337
chr4:99355957:G:T	4	99355957	0.547445642506398	0.246379908332791	0.0262861896176212
chr4:101085120:T:C	4	101085120	0.150691107618719	0.260096993503085	0.562342881502859
chr4:102399971:C:T	4	102399971	-0.544380005685216	0.259891228365489	0.0362025126317131
chr4:102884286:T:C	4	102884286	-0.336401076403136	0.138520063915654	0.0151598854396766
chr4:105992845:C:T	4	105992845	0.228903232985095	0.242368766513524	0.344943847679064
chr4:108791253:G:A	4	108791253	0.310532376630253	0.233722076147023	0.183966941860385
chr4:110957298:T:A	4	110957298	0.315460366009259	0.231394278088351	0.172787237747755
chr4:113348012:C:T	4	113348012	0.149658682687745	0.237416951340272	0.528457606047105
chr4:115522695:G:A	4	115522695	0.639548809065185	0.328324739452204	0.0514250893854046
chr4:120770744:A:C	4	120770744	-0.445993843922357	0.402460382975858	0.267789132520507
chr4:123964831:A:G	4	123964831	-0.186821479424784	0.230203600094303	0.417050520455744
chr4:125256344:T:C	4	125256344	-0.177671017337938	0.464981968578263	0.702384947218961
chr4:126268710:T:G	4	126268710	0.225622769562478	0.319571975488502	0.480178495453308
chr4:134094420:T:C	4	134094420	-0.0760816277676909	0.53341001030738	0.886580392373634
chr4:134350906:C:T	4	134350906	-0.389451985156304	0.205584604481519	0.0581767685212597
chr4:138952375:G:A	4	138952375	-0.0394014690139441	0.307888031316081	0.898170047229394
chr4:141618953:G:A	4	141618953	0.452164925818169	0.271015682785377	0.0952346203200144
chr4:149616644:T:G	4	149616644	-0.133107582184521	0.319328716792632	0.676798649803775
chr4:154030957:C:G	4	154030957	-0.69220744613714	0.55141908900861	0.209362594401297
chr4:171974219:A:G	4	171974219	0.185739972657063	0.246226134535583	0.450640822107639
chr4:176312841:C:T	4	176312841	-0.180342272317665	0.467715853846023	0.699807124630494
chr4:179329624:T:G	4	179329624	-0.557378975754161	0.326238805603864	0.0875436198075553
chr4:183032183:A:G	4	183032183	0.131084764289881	0.243673908022596	0.590610475903169
chr4:184991673:A:G	4	184991673	-0.46375211332031	0.298814784785789	0.120668976177068
chr4:189912372:C:T	4	189912372	0.0151724079864114	0.181626958747496	0.933425273176579
chr5:5313703:A:G	5	5313703	-0.157046083113452	0.208934168437599	0.452259506628066
chr5:7364955:T:A	5	7364955	-0.143866825331748	0.365197781648874	0.693623697519772
chr5:8067079:G:C	5	8067079	0.132869142448971	0.166101841955713	0.423753810851172
chr5:13911296:G:T	5	13911296	-0.41466457538102	0.289235154969922	0.151669605309852
chr5:15621966:C:G	5	15621966	-0.0459753964118052	0.322811217249308	0.886746741741561
chr5:17902851:T:C	5	17902851	-0.0711214507246384	0.358374426101056	0.842688534807874
chr5:20719353:A:C	5	20719353	0.198690041734126	0.373573292908338	0.594820459670497
chr5:20732163:G:T	5	20732163	0.323442004680582	0.223141740567106	0.147200436879354
chr5:21913130:A:C	5	21913130	0.583786444845126	0.216263160347298	0.00694591558086954
chr5:23787194:A:C	5	23787194	0.741246074711333	0.299873154708444	0.0134410113482579
chr5:23895775:T:G	5	23895775	-0.502248025291687	0.362277589607947	0.165636274418096
chr5:33466391:T:A	5	33466391	0.0719575751337561	0.265138738434732	0.786086530162928
chr5:33624899:A:G	5	33624899	-0.819399318076643	0.622523037756791	0.188088330580902
chr5:39550509:T:G	5	39550509	-0.460241600356005	0.287455788074155	0.109357747430802
chr5:39634108:G:A	5	39634108	-0.308804791234912	0.525658598621396	0.55689303073848
chr5:39978357:G:A	5	39978357	-0.155851273745925	0.330082358636432	0.636813480811484
chr5:44011742:G:T	5	44011742	-0.198091926518351	0.357089440665309	0.579072262682344
chr5:50222627:G:A	5	50222627	-0.508048495432622	0.360378988686738	0.158610059487902
chr5:54814079:C:T	5	54814079	0.619797162961705	0.28347870822487	0.0287865301753586
chr5:66989845:C:A	5	66989845	0.029801992606843	0.129706844026643	0.818274984666175
chr5:66992139:G:A	5	66992139	-0.348484639762408	0.31648313175906	0.270846174748165
chr5:73076502:T:C	5	73076502	-0.178415722257487	0.344097946826579	0.604107561020215
chr5:76998986:C:A	5	76998986	-0.203080052142412	0.241201345992006	0.399814597861308
chr5:81710558:G:T	5	81710558	-0.287284656031026	0.276112413008391	0.298125002749495
chr5:84879932:A:G	5	84879932	-0.0605546845885572	0.292438184058227	0.83595649989319
chr5:85476293:A:G	5	85476293	0.0353618200767922	0.280967697051169	0.899844927612994
chr5:85809583:T:C	5	85809583	-0.457589953143996	0.337531652170372	0.175196249852768
chr5:92192959:A:T	5	92192959	-0.0420884225453604	0.261058318094955	0.871918317800379
chr5:94648523:C:G	5	94648523	-0.292869469525213	0.498235661754843	0.556657722270972
chr5:98024666:G:A	5	98024666	-0.409163045904766	0.260251125276216	0.115907536868433
chr5:101825779:A:C	5	101825779	0.200149750693184	0.193883929653861	0.301923460850229
chr5:106773905:G:A	5	106773905	-0.0571310898034124	0.208591407978311	0.7841691969552
chr5:114915760:G:T	5	114915760	0.303651637710038	0.269381402386887	0.259650208796806
chr5:115102683:A:G	5	115102683	-0.450091526834995	0.323627249787119	0.164294755012114
chr5:117238479:G:A	5	117238479	0.0269907190374198	0.331931856673388	0.9351922116146
chr5:121740415:G:T	5	121740415	0.284956841723311	0.30512933704551	0.350361305281633
chr5:137227416:A:T	5	137227416	-0.467923862073751	0.372009244066693	0.208453754504625
chr5:137406489:C:T	5	137406489	0.322776983088424	0.325600438419913	0.321525217562838
chr5:140638650:G:A	5	140638650	-0.220239640829651	0.310797050518082	0.478555059247731
chr5:142682003:T:C	5	142682003	-0.0915660387224808	0.249908669104651	0.714068105398252
chr5:144183699:A:G	5	144183699	-0.260279443464692	0.309650839157486	0.400595680487494
chr5:145690757:G:T	5	145690757	-0.0226578767267925	0.283999773244081	0.93641118161421
chr5:147282093:C:T	5	147282093	0.616388422306702	0.233852095288935	0.00839380583745308
chr5:151763317:T:C	5	151763317	-0.189108014060624	0.224840930953509	0.400306098736543
chr5:168245100:T:C	5	168245100	-0.223073747653678	0.267820875563276	0.404889040569503
chr5:169455657:C:T	5	169455657	0.11226701346516	0.240535513104091	0.640687490151157
chr5:169808985:G:C	5	169808985	-0.527515600602485	0.547501944122991	0.3352989752237
chr5:172672695:T:C	5	172672695	-0.135259770235877	0.308176622904962	0.660731526814436
chr5:173346700:A:C	5	173346700	-0.311025604542957	0.36850616306263	0.398659696296342
chr6:3041612:C:A	6	3041612	-0.172200798122373	0.251567416855039	0.493652209360463
chr6:3673174:A:G	6	3673174	0.413381068699594	0.329686947854415	0.209893125233111
chr6:3786319:G:C	6	3786319	-0.543396080159423	0.405165892711647	0.179865472645
chr6:6090729:G:T	6	6090729	-0.033541858988705	0.383972214032717	0.930389407285069
chr6:6354181:A:T	6	6354181	-0.0102551281496607	0.246509293997107	0.9668164687926
chr6:6456261:T:C	6	6456261	0.456168599534436	0.247594618927466	0.065416500274334
chr6:7642514:C:G	6	7642514	0.232325434095983	0.204517336792368	0.255969375770001
chr6:23163726:T:C	6	23163726	-0.772416474857787	0.610375947111444	0.205700533467229
chr6:23344439:T:A	6	23344439	-0.334578054777801	0.372581768511957	0.36918608368639
chr6:26287827:G:A	6	26287827	-0.109942514246449	0.339035885160566	0.745726155070231
chr6:31108549:A:G	6	31108549	-0.107487949962925	0.300304829660298	0.720396092329416
chr6:32660000:G:C	6	32660000	-0.221242426167517	0.267867852062237	0.408838864605075
chr6:33148933:A:G	6	33148933	-0.286961140673032	0.25279445101787	0.2563099567427
chr6:37400014:G:T	6	37400014	-0.320004188170185	0.29769802585273	0.282406596941675
chr6:39124093:C:T	6	39124093	0.47730585213048	0.242281734778815	0.0488332456407836
chr6:45195864:C:T	6	45195864	0.000348022218867579	0.351285622497552	0.99920952782567
chr6:46738257:G:A	6	46738257	-0.474235904699099	0.411006155139245	0.248565210271459
chr6:47717919:C:A	6	47717919	-0.0320105687512896	0.293305482299873	0.913093589537106
chr6:48859012:C:A	6	48859012	0.685776365455158	0.289687996993738	0.0179187409840336
chr6:49860743:T:G	6	49860743	0.384612334034443	0.321495774210878	0.231571088797034
chr6:53292416:C:G	6	53292416	0.195723762858939	0.236462853529562	0.40783213286784
chr6:69504128:A:G	6	69504128	-0.388330741728688	0.341427175261283	0.255381543604438
chr6:81137001:T:C	6	81137001	0.0366128849929499	0.25048972452763	0.883790963266914
chr6:84758749:C:T	6	84758749	0.368199408486632	0.26123325281486	0.15869739692406
chr6:87387916:G:T	6	87387916	0.259173237391044	0.309780740495786	0.402798078784494
chr6:88566465:G:A	6	88566465	-0.318487530920039	0.346316268496278	0.357759048189829
chr6:93273487:T:C	6	93273487	-0.374974366721038	0.307872239373151	0.22324127936771
chr6:97788153:C:A	6	97788153	0.221316599281604	0.237490068355409	0.351389068176696
chr6:98771646:C:T	6	98771646	0.657254558628085	0.260693412129779	0.0116962588577926
chr6:104918249:A:G	6	104918249	0.0153541983086179	0.189379762664741	0.935381324479548
chr6:107129138:A:G	6	107129138	-0.121083587311527	0.360761743150092	0.737147549650187
chr6:112187089:T:C	6	112187089	0.153174986607308	0.210038163676546	0.465835194696693
chr6:118046853:T:C	6	118046853	0.119586285201313	0.229465326334327	0.602260975628682
chr6:123103197:T:C	6	123103197	0.299578187209805	0.190298371286709	0.115428478622124
chr6:127784009:G:A	6	127784009	0.4870537137829	0.235435660426213	0.0385710714663603
chr6:129527930:G:A	6	129527930	-0.221728308894174	0.330054682968728	0.501715710898298
chr6:137254996:T:C	6	137254996	-0.462402351224953	0.191210819027235	0.0155938363675872
chr6:151547601:G:A	6	151547601	0.0900727281896566	0.208419056310079	0.665616938900252
chr6:152638179:C:T	6	152638179	0.208069203297323	0.306692096166817	0.497498918437759
chr6:153842833:G:A	6	153842833	0.456079722224588	0.389079572600776	0.241116100719858
chr6:160701242:A:G	6	160701242	0.281582052388667	0.297155555283876	0.34333749957033
chr6:162760256:C:T	6	162760256	-0.409087447543549	0.377746209115074	0.278822167556198
chr6:163629327:G:A	6	163629327	0.251191575998247	0.297443441847329	0.398388956610155
chr7:6986920:C:A	7	6986920	0.142718675461495	0.413766283034206	0.730150137102316
chr7:7863676:G:A	7	7863676	0.190536131435344	0.268931211117446	0.478638578549303
chr7:8111839:A:G	7	8111839	0.204439753176559	0.213315208974072	0.337864741591356
chr7:9602661:C:A	7	9602661	0.305332815244902	0.252887178747258	0.227282952189558
chr7:11334355:C:A	7	11334355	0.781663822443864	0.331146925746926	0.0182515807284674
chr7:12476280:G:A	7	12476280	0.725266965326463	0.278067356459076	0.00910085814321249
chr7:12972158:C:G	7	12972158	-0.0375150627457245	0.336068705631519	0.911117460956452
chr7:20850990:A:T	7	20850990	0.202500787340354	0.191924094925197	0.291375601507462
chr7:22822020:C:A	7	22822020	0.0387220843075339	0.180376043245186	0.830021332437554
chr7:24140802:T:C	7	24140802	-0.0874562824657619	0.244585219358855	0.720665298929972
chr7:24278575:A:G	7	24278575	-0.563456615269628	0.476708782876389	0.237216659814686
chr7:24620726:T:A	7	24620726	0.219718758678143	0.245131618830447	0.370076683150046
chr7:24740434:C:T	7	24740434	-0.173884341610179	0.252088618610537	0.490335905380417
chr7:28505993:C:T	7	28505993	-0.00455782322873476	0.18990738235544	0.980852415278061
chr7:36413989:G:A	7	36413989	0.30364059817863	0.301353895735223	0.313652245793501
chr7:43755241:C:T	7	43755241	-0.114107399651336	0.253045356253508	0.652035280732806
chr7:44689517:A:G	7	44689517	0.217092949766491	0.317520329509616	0.494156069290198
chr7:46192346:C:G	7	46192346	0.142783835600378	0.194210017256284	0.462215720856645
chr7:48301675:T:C	7	48301675	0.211302206317893	0.339637794728007	0.533849914214785
chr7:51890159:C:T	7	51890159	0.163615622865858	0.181777650239332	0.36807417909446
chr7:53046603:C:G	7	53046603	-0.370488996076018	0.441479119410914	0.401357444348311
chr7:55663907:C:A	7	55663907	-0.157286978845716	0.249929432053425	0.529135943553405
chr7:56122201:A:G	7	56122201	-0.356196432895253	0.331882882064028	0.283154732415787
chr7:62910214:G:T	7	62910214	0.580311517240163	0.292765492428085	0.0474600103252626
chr7:65406204:G:T	7	65406204	0.177892824843043	0.41791718100196	0.670351780767914
chr7:67766433:G:A	7	67766433	-0.295085482903607	0.459496937239159	0.520748207691296
chr7:68433432:T:C	7	68433432	-0.170470126617226	0.354716378230575	0.630813971450512
chr7:71020152:T:G	7	71020152	-0.238007729220835	0.404809611679446	0.556565990061615
chr7:71553830:T:C	7	71553830	0.367496107982163	0.269242501625274	0.172276289384245
chr7:78390279:T:G	7	78390279	0.122295258747614	0.258762432645815	0.636487184944305
chr7:83524616:A:T	7	83524616	0.201562117142041	0.29158509458039	0.489399999250771
chr7:84786535:C:A	7	84786535	-0.0636029445129056	0.28484892121125	0.823312462823681
chr7:86620755:G:A	7	86620755	-0.00587075969760985	0.390657747569768	0.988009933894186
chr7:89207269:G:A	7	89207269	0.10351383890576	0.253737229092093	0.683305359556459
chr7:91097147:A:G	7	91097147	0.0188983750480507	0.269777571610287	0.944152517294878
chr7:113434486:A:C	7	113434486	-0.0352423856333565	0.134240673353798	0.792911816413423
chr7:113749820:G:A	7	113749820	-0.0820766215769489	0.2116592824274	0.698180997644013
chr7:117145973:C:G	7	117145973	0.101046213474697	0.308504250425497	0.743262604146459
chr7:119808046:G:A	7	119808046	-0.176864149203388	0.328928926085814	0.590786140658814
chr7:124802410:A:T	7	124802410	-0.16544887578078	0.226009372356615	0.464141521080505
chr7:131384702:T:A	7	131384702	-0.190175108473799	0.316190066694159	0.547534844404315
chr7:136870573:G:A	7	136870573	-0.26900131770873	0.351227516795095	0.443742307395845
chr7:142873374:T:C	7	142873374	0.109788754084048	0.294958825106516	0.709731125566018
chr7:145116884:A:G	7	145116884	-0.172395885517695	0.314938244018925	0.584106810724512
chr7:149242006:T:C	7	149242006	-0.356968720065584	0.408149018178867	0.381789469042528
chr7:153502245:G:A	7	153502245	0.270032035415946	0.238810912589656	0.258166331215382
chr7:153952270:G:A	7	153952270	-0.147758084107479	0.247500194365781	0.55050611795773
chr7:154426289:T:C	7	154426289	0.467089774928329	0.259784487211489	0.0721786749749035
chr7:156975524:A:T	7	156975524	-0.00228956617747643	0.390435734141781	0.995321127463009
chr7:157677820:C:T	7	157677820	0.607646865576977	0.245812986390669	0.0134363853704473
chr8:276778:A:T	8	276778	-0.420940716342185	0.265322793689291	0.112620717465642
chr8:1102873:G:T	8	1102873	-0.248968893941389	0.468936462532675	0.595472522342366
chr8:8710521:T:C	8	8710521	0.359827821861296	0.272291196547198	0.186340814410556
chr8:9029509:T:C	8	9029509	-0.39090711516915	0.298558989238847	0.190428405341487
chr8:9109096:A:G	8	9109096	-0.365556008914673	0.207391369407005	0.0779614820973569
chr8:13032868:C:A	8	13032868	-0.75098358622921	0.564704528418012	0.183561121905584
chr8:20741226:C:T	8	20741226	-0.53089122542141	0.587040478910777	0.365808786921391
chr8:25783762:T:C	8	25783762	0.420583466217744	0.215487692891402	0.0509649377558039
chr8:27022227:G:T	8	27022227	-0.00930935750628685	0.270693369411016	0.972565531519657
chr8:28150898:A:G	8	28150898	0.537725560869054	0.342344240211983	0.116248641026174
chr8:28528484:G:T	8	28528484	-0.183455333635306	0.289204452566268	0.525855841146775
chr8:41788192:C:T	8	41788192	-0.237854939125973	0.240299093750364	0.322257855175283
chr8:53142705:G:A	8	53142705	-0.0573424448167163	0.248093613958137	0.817212031375374
chr8:61304314:G:C	8	61304314	-0.242676810297541	0.274889681111249	0.377336084342925
chr8:61926940:A:T	8	61926940	0.0331674573381281	0.273745587966154	0.903563027442111
chr8:63445672:G:A	8	63445672	0.0221423066044148	0.320171981247268	0.944864220308225
chr8:65343369:C:A	8	65343369	0.342665404473797	0.286467414305396	0.231627940720879
chr8:65418628:G:T	8	65418628	-0.297250099250782	0.309161986449318	0.336315700815893
chr8:71273350:T:A	8	71273350	0.355038758336668	0.294633892993618	0.228196859096263
chr8:72033005:T:C	8	72033005	0.117189926342429	0.298248755011059	0.694373553120326
chr8:72065200:T:A	8	72065200	-0.284728563172133	0.255759601051785	0.265594044505712
chr8:73211475:T:C	8	73211475	-0.058382604825095	0.180578978524447	0.746462094765364
chr8:86323708:T:C	8	86323708	-0.249924887455191	0.291186426980505	0.390727631050324
chr8:89525432:A:G	8	89525432	-0.00745339657791336	0.177900120422233	0.966581187802565
chr8:92001032:A:G	8	92001032	0.212898246284195	0.250793731299503	0.395938164188428
chr8:92645879:A:G	8	92645879	0.626197497420479	0.256114361469203	0.0144855460823203
chr8:95906161:G:A	8	95906161	0.0309525369581739	0.213239625266846	0.884589460143891
chr8:96365126:C:T	8	96365126	-0.0624982421269137	0.314543089220262	0.842501079262849
chr8:98002322:C:T	8	98002322	0.376913077990294	0.243182917871409	0.121161695950561
chr8:106920372:G:A	8	106920372	0.117403360939491	0.303304955848505	0.698696791536924
chr8:108142424:A:G	8	108142424	-0.399399168695465	0.291485562108542	0.170618427726361
chr8:109421925:C:T	8	109421925	-0.504129001765593	0.244730605617092	0.0394048092172886
chr8:116252872:C:T	8	116252872	0.447888297321345	0.228592790008475	0.0500743645205349
chr8:121384602:C:T	8	121384602	0.0931647546855479	0.21735908999787	0.668198778591616
chr8:127029052:C:T	8	127029052	-0.00958760458315431	0.18908072572945	0.959559469702747
chr8:128437247:A:G	8	128437247	0.234209302047365	0.260340310039069	0.368318517887293
chr8:131315237:G:A	8	131315237	0.506036576186984	0.273757057730244	0.0645318104086134
chr8:141605122:C:T	8	141605122	-0.113321365096915	0.276310184733214	0.681715182082355
chr9:733358:A:C	9	733358	0.114778614778143	0.242451714010932	0.635922024137355
chr9:5461379:C:T	9	5461379	-1.18705329276687	0.460330583519739	0.00991736100095231
chr9:11397008:T:G	9	11397008	0.440100025597288	0.303861381743406	0.147516989056519
chr9:11955148:T:G	9	11955148	0.632030943212987	0.237841728444017	0.0078755443116385
chr9:12389360:A:G	9	12389360	0.470588309148909	0.250574841149068	0.0603763841401409
chr9:12615226:G:C	9	12615226	0.0735130465682685	0.215656776790758	0.733194045683025
chr9:13820455:C:G	9	13820455	0.312242334600476	0.305496910101216	0.306742956564579
chr9:14098421:G:A	9	14098421	0.130432063861187	0.243931990429738	0.592852704114689
chr9:18952915:A:G	9	18952915	0.323419920836788	0.235918341108414	0.170406835725251
chr9:29651949:A:G	9	29651949	-0.118216964891519	0.283488008049461	0.676672046263271
chr9:32058643:A:T	9	32058643	-0.326042709577838	0.316900527783789	0.303550757863123
chr9:37013405:C:T	9	37013405	0.127983864881159	0.194533140089756	0.510600699284159
chr9:37992585:C:T	9	37992585	-0.259419366013424	0.273840417312801	0.343466698270357
chr9:82773489:T:C	9	82773489	0.474578855866683	0.221019516063094	0.0317752921564459
chr9:89995415:A:G	9	89995415	-0.363669918248094	0.459656083049926	0.428839952715765
chr9:94568472:C:A	9	94568472	-0.0709817100713552	0.269973937530843	0.792611777012215
chr9:96162075:C:T	9	96162075	0.0706462814829988	0.297416482332318	0.812243185227237
chr9:100192956:A:G	9	100192956	0.174973379513859	0.314585831510109	0.578072531284179
chr9:100529836:G:C	9	100529836	0.0948742890170654	0.25991129696221	0.715092262612864
chr9:101460357:C:T	9	101460357	0.619167670646029	0.231267520772809	0.00742228059351979
chr9:107904127:G:A	9	107904127	0.615850091347172	0.303568123291594	0.042488372586701
chr9:117420412:T:C	9	117420412	-0.231316988578743	0.331193900749097	0.484905993820199
chr9:117972207:C:A	9	117972207	-0.371582735260679	0.413183309036818	0.36848388469251
chr9:124044726:T:G	9	124044726	0.185513828848669	0.238183569904377	0.436056812678378
chr9:125005426:C:T	9	125005426	0.69404048034302	0.261917585077293	0.00805291822184473
chr9:129533341:A:G	9	129533341	-0.221355947094717	0.421131376071035	0.59915081691704
chr9:136630984:C:T	9	136630984	0.246486592568145	0.270133448525349	0.361525397321968
chr10:2050300:A:G	10	2050300	-0.0829145180570621	0.310938531712616	0.789731823110024
chr10:3113976:C:T	10	3113976	0.31454152663506	0.319464252449008	0.324825167826713
chr10:4591592:T:C	10	4591592	-0.554646735147098	0.350829912925342	0.113888046890023
chr10:7462546:C:T	10	7462546	-0.218614095807464	0.339299565410672	0.519374446068452
chr10:7849544:T:G	10	7849544	0.110991809742714	0.294995788035476	0.706731942851971
chr10:9367893:G:A	10	9367893	-0.155104799860353	0.270947145388904	0.567014384440941
chr10:10628189:C:T	10	10628189	0.499547981797271	0.255387371568668	0.0504604111128206
chr10:14014383:T:C	10	14014383	-0.314299968432865	0.201223676865205	0.118301353100036
chr10:16341555:C:T	10	16341555	-0.228794936655181	0.396915717777466	0.564323193535633
chr10:18075702:C:T	10	18075702	-0.0233246610645439	0.591639400821746	0.968552521637223
chr10:27289376:T:C	10	27289376	0.174327269865982	0.417314032335293	0.676139841167183
chr10:27674317:A:G	10	27674317	-0.14959104849625	0.281095507052103	0.594607144064557
chr10:28771902:G:A	10	28771902	-0.00027609383218668	0.253064789117854	0.999129507652561
chr10:28891836:C:T	10	28891836	0.16912791742709	0.249407376996936	0.497696152364358
chr10:30622484:G:A	10	30622484	0.197445681681564	0.351945942406574	0.574789773842685
chr10:35177843:G:T	10	35177843	-0.0802025698208419	0.406365146995192	0.843541314937638
chr10:45036473:A:G	10	45036473	0.513472925037322	0.310789384435191	0.0985025050652625
chr10:51560095:T:G	10	51560095	0.394471196879109	0.294338164041383	0.180181226692248
chr10:54072488:A:G	10	54072488	-0.363217330312292	0.194551928989038	0.0619095708876416
chr10:54082016:C:T	10	54082016	0.117795831723601	0.167566543123198	0.482068573330816
chr10:55299918:G:C	10	55299918	0.360942826811864	0.216232939898843	0.095071516800865
chr10:56747004:T:C	10	56747004	0.337066161233857	0.325413979538559	0.300292071742752
chr10:57761967:T:C	10	57761967	-0.0351037089930982	0.423027927994349	0.933865841877481
chr10:69232402:C:A	10	69232402	-0.240908462826673	0.46641993402517	0.605501396183898
chr10:79437519:C:T	10	79437519	0.136860877747894	0.370755667256773	0.712023112567367
chr10:82354363:C:G	10	82354363	0.0686525770811846	0.302158959798593	0.820262922997801
chr10:84591955:C:T	10	84591955	0.496843639395461	0.258985407542561	0.0550573593705076
chr10:84989741:G:A	10	84989741	0.205916803736872	0.249573771247574	0.409329638871787
chr10:91053424:A:C	10	91053424	-0.031028614407854	0.165787416802701	0.851535935658083
chr10:93612452:G:A	10	93612452	-0.0503526670289008	0.376270436232476	0.893544581247043
chr10:93671121:T:C	10	93671121	0.32027720923746	0.400793806007841	0.424228265029354
chr10:101249704:C:T	10	101249704	-0.137920703499776	0.452974183944817	0.760763700739724
chr10:102352980:T:C	10	102352980	-0.0643247365607532	0.250412279717221	0.797275016829369
chr10:104637359:T:C	10	104637359	0.031856341136947	0.266576501073923	0.904877904937215
chr10:108480456:T:C	10	108480456	0.098911418812533	0.237319902140629	0.676835541257446
chr10:109264424:C:T	10	109264424	0.112234096618943	0.383740729562452	0.769924414573414
chr10:111352001:T:G	10	111352001	0.217123841173161	0.24940120328685	0.383983210489621
chr10:118828443:C:T	10	118828443	-0.0577213306954676	0.511675798462952	0.910182454666034
chr10:120152982:A:G	10	120152982	0.730066701256648	0.304077679699814	0.016353835171692
chr10:121580593:A:G	10	121580593	-0.256824301322025	0.504483278441946	0.610693435266308
chr10:121611573:C:G	10	121611573	-0.621720791588744	0.414521700345502	0.133653000091935
chr10:121734173:T:C	10	121734173	-0.0704267313606113	0.340858340085367	0.836309890718366
chr10:121910644:T:A	10	121910644	-0.59217286678251	0.320005002530922	0.0642398938021902
chr10:122561189:A:G	10	122561189	0.613736803522239	0.274214514204422	0.0252104218757235
chr10:123750431:C:G	10	123750431	-0.460959600018147	0.384137283016602	0.230144536747182
chr10:127533155:T:C	10	127533155	0.577513202739988	0.273348784260097	0.0346235626566964
chr10:129953349:A:G	10	129953349	-0.0218743150658141	0.489998540123132	0.964392989811308
chr10:131819683:A:G	10	131819683	0.432186173861081	0.24526658416285	0.0780510768530654
chr10:131953941:A:C	10	131953941	-0.599133334271816	0.414043619441298	0.14788865972159
chr11:388357:C:T	11	388357	0.362756589505771	0.191233413279793	0.0578370456537944
chr11:2257707:C:T	11	2257707	-0.134443502719732	0.379344052591529	0.723031291682153
chr11:3623903:G:A	11	3623903	0.210012832243768	0.232049650788767	0.365447355521625
chr11:5806222:C:T	11	5806222	0.134349334311063	0.277432455762847	0.628201632873222
chr11:9789492:C:A	11	9789492	-0.561538581748467	0.307883297508886	0.0681719874284654
chr11:14569664:T:G	11	14569664	0.416903869955444	0.277767510550439	0.133378994368497
chr11:36019710:C:A	11	36019710	-0.105053434997806	0.265225032596641	0.692037378442926
chr11:39635569:C:T	11	39635569	0.505829518605313	0.274387020194888	0.0652576116801834
chr11:40512905:C:G	11	40512905	-0.26932950610149	0.405528805179972	0.506598177423972
chr11:42744986:A:G	11	42744986	0.108197154553606	0.271150628198047	0.6898713184265
chr11:43201079:C:T	11	43201079	-0.277051285620192	0.340452581482128	0.415774724283589
chr11:43982585:G:A	11	43982585	0.0437424668879738	0.386862062289952	0.909975113262203
chr11:44330300:A:G	11	44330300	0.401267759107144	0.333241155175369	0.22853691613859
chr11:49875094:A:G	11	49875094	-0.600201594009827	0.344722474354797	0.081663359990642
chr11:50253126:G:T	11	50253126	0.10378491296629	0.25643025580932	0.685676287344588
chr11:55906271:G:A	11	55906271	-0.176975713759337	0.250113786867373	0.479205618641053
chr11:57305789:G:A	11	57305789	0.484686344219368	0.338778284891349	0.152519385328142
chr11:58998793:A:C	11	58998793	-0.0895525662813342	0.25349557565652	0.723885489049749
chr11:63184971:C:T	11	63184971	-0.0054079947082027	0.114023115880916	0.962171369869947
chr11:70801858:T:C	11	70801858	0.330727540391953	0.257428914236099	0.198885440588007
chr11:71334794:T:G	11	71334794	0.0923651188110139	0.286361334577475	0.747037995416348
chr11:77208574:G:A	11	77208574	-0.0147568533181433	0.331335966331279	0.964476014547458
chr11:77376654:A:G	11	77376654	-0.280060174628276	0.361415457786332	0.438399837216528
chr11:77897055:A:G	11	77897055	0.170988736861032	0.339747089971469	0.614765726234274
chr11:81783030:C:T	11	81783030	0.23004102589592	0.255954025832262	0.368780956489878
chr11:83962252:C:T	11	83962252	0.358642680347251	0.200522836501553	0.0736892767640933
chr11:86328783:G:T	11	86328783	-0.614482713233275	0.370959736961617	0.0976272004186822
chr11:93046218:A:C	11	93046218	0.0494858423722293	0.323234571585603	0.878322759548221
chr11:100626548:G:A	11	100626548	0.351548038421442	0.281659448024961	0.211982892501195
chr11:104129521:G:A	11	104129521	-0.379286931842444	0.450775904325038	0.400118809271294
chr11:108728662:A:G	11	108728662	-0.513745869719975	0.527208287840137	0.329825854641633
chr11:110396347:G:A	11	110396347	0.454802830260585	0.227064966903336	0.0451812113660447
chr11:115616504:A:T	11	115616504	0.0616255655300944	0.33622071932273	0.85457125067466
chr11:119630310:G:A	11	119630310	-0.371343928456075	0.162200540043178	0.0220554020634616
chr11:123267436:G:A	11	123267436	-0.388617340367293	0.321381185062486	0.226582179727036
chr11:125907492:T:C	11	125907492	0.342312109674317	0.23227654419483	0.140555231877667
chr11:126829359:G:A	11	126829359	0.148398747985753	0.348953817265859	0.670641618964312
chr11:130290657:C:T	11	130290657	-0.883579554460129	0.551374109261456	0.109044067916562
chr11:131355535:G:A	11	131355535	-0.00518839307578642	0.439061372283091	0.990571608783728
chr11:133238417:A:G	11	133238417	-0.345650202619108	0.262924555823555	0.18863211647946
chr11:134309503:C:T	11	134309503	0.0141680665560531	0.407223970642685	0.972245736584322
chr12:5192681:C:T	12	5192681	0.180968796304651	0.220164416481459	0.411093322659607
chr12:5448727:G:A	12	5448727	-0.225368250495601	0.314464185491691	0.473575380597544
chr12:6639294:C:T	12	6639294	0.236686700287456	0.314411882599975	0.451575009756669
chr12:19523028:C:A	12	19523028	-0.281284819940439	0.267453065985842	0.292929608533648
chr12:20003679:T:A	12	20003679	-0.148723940520529	0.316875938662273	0.638823498852408
chr12:21333090:G:A	12	21333090	0.0697736375489013	0.232590691143182	0.764188862703606
chr12:25518059:A:T	12	25518059	0.616244781319724	0.262826469159045	0.019043257461318
chr12:28965843:C:T	12	28965843	0.48939126453126	0.26787984281934	0.0677139194730574
chr12:32086665:A:C	12	32086665	0.327181705834126	0.292568627086871	0.263435661624743
chr12:44631613:C:T	12	44631613	0.141914889524541	0.358064711318769	0.691855207434786
chr12:53646626:C:G	12	53646626	-0.259538111063053	0.474732040391192	0.584581808031932
chr12:53680144:C:A	12	53680144	-0.376080759673925	0.3069701394729	0.220523258081035
chr12:54366280:G:A	12	54366280	0.0545550621712538	0.148194899383003	0.712775930816942
chr12:55599330:T:C	12	55599330	-0.497352018689806	0.354479649655568	0.16060247946528
chr12:56675083:C:T	12	56675083	-0.0572373504697419	0.261418815064243	0.82668988814108
chr12:57436134:C:T	12	57436134	0.208533098480252	0.287292844792683	0.467927344212895
chr12:58724212:C:T	12	58724212	-0.400946139688872	0.335744121967991	0.232399149945436
chr12:59048769:A:C	12	59048769	0.435317862415984	0.298679748561058	0.14498568064454
chr12:59161225:G:A	12	59161225	0.140736624211831	0.412456801065692	0.732941409075425
chr12:59226687:C:T	12	59226687	-0.412281187073644	0.307033506934846	0.179340336485576
chr12:63113400:T:C	12	63113400	0.0906934752200851	0.435448042452225	0.835013292938848
chr12:64271340:C:T	12	64271340	-0.431477526980668	0.427847559498328	0.313222043025011
chr12:64756705:C:T	12	64756705	-0.324651900306213	0.227774877966314	0.154064960845229
chr12:67050802:C:T	12	67050802	0.22548529395193	0.286128979121939	0.430664696297313
chr12:73909094:G:A	12	73909094	-0.0165697192181747	0.235236740747844	0.943844662112451
chr12:81126959:G:A	12	81126959	0.00428245118001929	0.184252777609539	0.981457028156678
chr12:83608380:A:G	12	83608380	0.22856931069565	0.174709606970751	0.190777917417282
chr12:90727178:A:C	12	90727178	-0.675550517354793	0.355088221674323	0.057107593391686
chr12:92596791:C:T	12	92596791	0.0971688832793428	0.286020642805867	0.734062262732733
chr12:95914573:A:T	12	95914573	0.38681072555916	0.243963644121228	0.112846851368977
chr12:105967464:T:C	12	105967464	0.13118021525921	0.203199644792504	0.518555892812456
chr12:109533295:C:T	12	109533295	-0.35052120514195	0.495076453852872	0.478936381957584
chr12:112209515:G:A	12	112209515	0.101966891966007	0.366113050489575	0.780619325195349
chr12:125875525:T:C	12	125875525	-0.0170549878856738	0.248704203293794	0.945327608194812
chr12:126449337:A:G	12	126449337	0.00707234290285923	0.282841957020862	0.980051314497832
chr12:131091094:G:A	12	131091094	-0.00392106119427504	0.274839567741712	0.988617184610318
chr12:132776953:G:A	12	132776953	-0.295645372564876	0.772615563193307	0.701975426586311
chr13:19545220:A:G	13	19545220	0.522350122131499	0.2376849515798	0.0279735206336672
chr13:22977365:T:G	13	22977365	0.488637709991252	0.246803479409985	0.0477186367527812
chr13:24330599:T:C	13	24330599	-0.121300187129499	0.314629149774419	0.699841933077827
chr13:24623185:A:C	13	24623185	-0.306806641743027	0.413564049466321	0.458172139744504
chr13:25202506:T:G	13	25202506	0.551867969953638	0.237100616261117	0.019935017802396
chr13:26234118:A:T	13	26234118	-0.1203767933145	0.303527338945686	0.69166767515701
chr13:26494236:G:A	13	26494236	0.235398007260948	0.215558923239516	0.274817475859974
chr13:42909938:A:G	13	42909938	0.322768997988092	0.248373542648955	0.193761927974126
chr13:45708351:G:A	13	45708351	0.338349175228177	0.29883411899082	0.257537440233998
chr13:45809177:C:G	13	45809177	0.337953782150909	0.243413774641705	0.16501765514731
chr13:50558767:A:T	13	50558767	-0.035913108476017	0.403819834876519	0.929134765403089
chr13:58710908:G:A	13	58710908	0.205150032310241	0.2227258035742	0.357004561340917
chr13:58934154:C:T	13	58934154	-0.128801625259836	0.278845635638395	0.644145765544627
chr13:70397215:T:C	13	70397215	0.00638703011826394	0.182603016900314	0.972097537772993
chr13:86776101:G:A	13	86776101	-0.132807937590582	0.338425630464881	0.69474146759911
chr13:91472230:T:C	13	91472230	0.274387640962918	0.308918512661852	0.374422353570765
chr13:93235990:C:T	13	93235990	-0.0771087552577526	0.249733490727984	0.757500922557344
chr13:96765286:G:A	13	96765286	-0.507333992388943	0.392069487407647	0.19566887816868
chr13:102180181:A:G	13	102180181	-0.0152587951179209	0.266466678439351	0.954335353763408
chr13:106009559:G:C	13	106009559	-0.141975930805793	0.206607755492266	0.491971704910533
chr13:106084136:A:G	13	106084136	0.285400897305038	0.203728965966691	0.161248399205343
chr13:112716578:T:C	13	112716578	0.0854705144286207	0.2755934918178	0.756460154770289
chr14:21167555:A:G	14	21167555	-0.22156687331303	0.718838962073822	0.757908236540406
chr14:26929954:A:G	14	26929954	-0.197425364133209	0.225959225177382	0.382270105800297
chr14:27823594:G:A	14	27823594	0.0191550911141824	0.530934606681805	0.97122011574213
chr14:34182794:A:C	14	34182794	-0.358401855805743	0.542621374491925	0.508932500716848
chr14:38216062:T:A	14	38216062	-0.307303188588557	0.322626610933682	0.34084135790223
chr14:39925237:C:T	14	39925237	0.102590300143152	0.270696107869155	0.70469753313932
chr14:44446011:A:G	14	44446011	0.0560550532822	0.369623962504412	0.879459624834123
chr14:51426205:T:C	14	51426205	0.124189733062592	0.36346778573837	0.732591600612393
chr14:52881822:T:G	14	52881822	-0.124467609218075	0.280193745096229	0.656883678869731
chr14:53358297:A:G	14	53358297	0.193860834417792	0.321439475769911	0.546440745595028
chr14:56254615:G:A	14	56254615	0.00730445509319272	0.27975687003344	0.979169591765395
chr14:57978070:T:C	14	57978070	0.0469146336366669	0.276202222010605	0.865123302495163
chr14:62445185:T:C	14	62445185	-0.159833362545713	0.199338388742663	0.422657506631041
chr14:67518615:G:A	14	67518615	0.196895311425643	0.171753603506124	0.251636953989292
chr14:68863518:T:G	14	68863518	0.567392554634151	0.244416361857871	0.0202642921839923
chr14:77734277:G:A	14	77734277	0.459675317026245	0.276796991488868	0.0967747636704088
chr14:84531019:T:G	14	84531019	-0.685416286516121	0.493673114384303	0.16501494687566
chr14:90804831:C:G	14	90804831	0.0674749883319775	0.326482964596273	0.836265784248841
chr14:91397629:G:T	14	91397629	-0.797168310266756	0.492990306334757	0.105876973955702
chr14:91961156:T:C	14	91961156	-0.146064710097608	0.259481156794744	0.573495718688252
chr14:92998270:C:G	14	92998270	0.146899660034184	0.361684764319584	0.684629559835797
chr14:98340169:A:G	14	98340169	0.531974764580812	0.307659900091305	0.0837911809504264
chr14:100721312:C:T	14	100721312	-0.208273440495247	0.350388159892616	0.552239420965539
chr15:24165057:A:G	15	24165057	-0.270042355754964	0.484751600229683	0.577477092359234
chr15:26353849:A:G	15	26353849	-0.0977702735068267	0.31533844884071	0.756523928897686
chr15:34880184:A:T	15	34880184	0.478698137664808	0.249073212688644	0.0546161538895962
chr15:37080410:C:T	15	37080410	-0.465282385635405	0.31131364344987	0.135024726183582
chr15:55712443:A:G	15	55712443	0.394563142436812	0.308897162703148	0.201486303908693
chr15:57522102:A:T	15	57522102	-0.120759091753807	0.231838694244235	0.602453515773168
chr15:69786285:T:C	15	69786285	-0.154706531428664	0.26065576230973	0.552827752150353
chr15:71331250:T:C	15	71331250	0.0623045255609864	0.328559262690332	0.849599476464879
chr15:77734259:G:A	15	77734259	-0.440558824858438	0.189527395742441	0.0200980355213902
chr15:79750604:G:T	15	79750604	-0.161302051351276	0.236600096744265	0.495397218025288
chr15:81697597:G:A	15	81697597	0.0869811468383359	0.219483722591857	0.691884575567767
chr15:87989871:C:T	15	87989871	-0.371937289803078	0.285028096434238	0.191921970556725
chr15:88891382:T:C	15	88891382	0.0665949807554546	0.116566309853445	0.567792534467397
chr15:94791129:A:G	15	94791129	0.631921366849005	0.289026962717994	0.0287881706719735
chr15:100978492:T:G	15	100978492	-0.579869104717308	0.40632625089002	0.153550425596374
chr16:2671727:C:T	16	2671727	0.481700243149884	0.257895076711846	0.0617878887147475
chr16:4957642:T:C	16	4957642	0.0557338199609791	0.138700090021555	0.687809339481659
chr16:5884026:G:T	16	5884026	0.412261137222486	0.226307499814844	0.0685026882910937
chr16:6848656:G:A	16	6848656	-0.104202869850807	0.327747052320825	0.750532829223285
chr16:7909855:G:A	16	7909855	-0.527860037570612	0.269040871595978	0.0497616847744831
chr16:8273542:C:G	16	8273542	0.0845196613619679	0.269293856652423	0.753629934067727
chr16:12394716:C:T	16	12394716	-0.814981302605254	0.604246068210711	0.17741493026901
chr16:17779668:G:A	16	17779668	0.0800955145054377	0.213403440597096	0.707419234970468
chr16:31127124:G:A	16	31127124	0.0879612588382426	0.331593364610892	0.790802665106651
chr16:56688556:C:T	16	56688556	-0.179160398863668	0.204759924934017	0.381585957914734
chr16:60324635:A:C	16	60324635	0.0589647887686963	0.262757853118429	0.822440366090759
chr16:60499572:C:T	16	60499572	0.040070882840086	0.311098628016183	0.897512396578342
chr16:62273123:C:T	16	62273123	-0.0977384542528668	0.300540044869879	0.745022578280561
chr16:65972427:C:T	16	65972427	-0.0245838806901802	0.194154932623248	0.899241235449865
chr16:69246420:T:C	16	69246420	0.499396670478494	0.32122670266745	0.120028278765702
chr16:71908403:G:A	16	71908403	0.0497004064445903	0.153117582023177	0.745491542477149
chr16:72103328:C:A	16	72103328	0.476851387084731	0.265712269490837	0.0727149640357269
chr16:79886631:C:T	16	79886631	0.0077778137994424	0.288989600991414	0.978528471582374
chr16:81396153:C:A	16	81396153	-0.561531807889913	0.317782496819346	0.0772228867374701
chr16:82294878:C:G	16	82294878	-0.161620642357931	0.356562579397817	0.650351259086024
chr16:82421890:A:G	16	82421890	-0.830627516197096	0.504701829008585	0.0998093306903162
chr16:83827178:T:C	16	83827178	-0.388990824132441	0.272755156370297	0.153823929416383
chr16:89331863:A:T	16	89331863	-0.304155173155319	0.316717731607291	0.336886560316965
chr16:89337630:T:C	16	89337630	-0.164822062687201	0.29705694556583	0.578997226191752
chr16:89479873:T:G	16	89479873	0.238545838023587	0.362031898501566	0.509954628656102
chr16:90035976:C:A	16	90035976	0.0786042992076187	0.360163816449406	0.827237474272959
chr17:2489248:C:G	17	2489248	0.409908499127011	0.270880020135	0.130216816043625
chr17:6949267:T:C	17	6949267	0.432649128317238	0.276231558565569	0.117288873253428
chr17:7929448:A:G	17	7929448	0.128121274605411	0.227217167432033	0.572841618478634
chr17:12174148:T:C	17	12174148	-0.467050152733476	0.30333173202019	0.123625228335315
chr17:15219976:C:T	17	15219976	0.583084040394636	0.29172812931897	0.0456382148049936
chr17:16482403:T:A	17	16482403	-0.122390012310238	0.395465409644946	0.756953774678709
chr17:18684803:A:G	17	18684803	-0.0985626627360866	0.106149646732686	0.353135003020015
chr17:20040710:T:C	17	20040710	-0.284209329874622	0.265230750101502	0.283919965664736
chr17:21275023:A:C	17	21275023	-0.066931377118341	0.337132857198121	0.842629507981787
chr17:31554254:C:T	17	31554254	-0.13535021220497	0.287016016277625	0.63722859681652
chr17:33472425:T:G	17	33472425	0.0578564683615393	0.428567581870795	0.892612160636828
chr17:44156671:T:A	17	44156671	0.411143499792302	0.221998833442779	0.0640247489999348
chr17:45754773:C:T	17	45754773	-0.603753602670629	0.398271339591465	0.129535700547151
chr17:48779278:C:T	17	48779278	0.412789821730557	0.254916932223297	0.105380340385633
chr17:52703044:C:G	17	52703044	-0.287929992329991	0.360829124810171	0.424889225491518
chr17:53282498:G:T	17	53282498	-0.306642471871415	0.289599248154837	0.289667613998608
chr17:58411807:C:T	17	58411807	-0.0192710209693123	0.292446127950218	0.94746064991491
chr17:61409438:A:G	17	61409438	-0.534146445082175	0.356885091635071	0.134473868527065
chr17:66262233:G:T	17	66262233	-0.229916071112339	0.233661768411908	0.325130472281931
chr17:66751216:C:T	17	66751216	0.184838629869512	0.2461411080697	0.452685278786044
chr17:66971178:A:G	17	66971178	-0.310984403678885	0.311824154457561	0.318615529978837
chr17:68771033:G:A	17	68771033	0.107731437621027	0.302438246280077	0.721683526614277
chr17:69081332:C:T	17	69081332	-0.137748819216907	0.529193589388517	0.794632769193854
chr17:69213412:T:C	17	69213412	0.47272515573859	0.282519139013698	0.0942780865577744
chr17:72829246:G:A	17	72829246	-0.221167267491891	0.348616746337576	0.525810819498375
chr17:73506492:C:T	17	73506492	-0.16420097620225	0.303107220703996	0.588007471397108
chr17:77625920:A:T	17	77625920	-0.376937770518598	0.329075695105508	0.252025293042232
chr18:1137045:A:T	18	1137045	0.358294061967113	0.257533841933787	0.164149507161375
chr18:4080016:T:A	18	4080016	-0.0719031883981635	0.351385328488513	0.837862974455542
chr18:8920896:G:C	18	8920896	-0.895028397809046	0.577781618212141	0.121363135415079
chr18:9609299:C:T	18	9609299	-0.302584174424042	0.344335209856516	0.379537458075378
chr18:10572326:C:T	18	10572326	-0.0762914561570318	0.303847203400404	0.801748440886358
chr18:11017906:C:T	18	11017906	0.282018334157472	0.314586216308569	0.36999971056542
chr18:14686017:A:G	18	14686017	0.598470353187687	0.275062877716005	0.0295733344891671
chr18:14895123:C:T	18	14895123	0.12296147976762	0.215348393328671	0.568007363729602
chr18:30059135:A:G	18	30059135	0.0882931723808844	0.320548761497403	0.782975289205794
chr18:32490781:T:C	18	32490781	-0.28732435422292	0.363003878638684	0.428641374488167
chr18:36255061:C:A	18	36255061	-0.110367344677925	0.300929893886853	0.71380226901971
chr18:42762909:A:C	18	42762909	0.310634152231085	0.221868424595256	0.161488542455943
chr18:43928870:G:A	18	43928870	-0.20719297947421	0.505870205580409	0.682116013157195
chr18:45461168:C:T	18	45461168	-0.187034192592431	0.313514128966733	0.550792229225837
chr18:49146783:T:G	18	49146783	0.271753439081453	0.262515717904369	0.300580556017469
chr18:49872731:C:G	18	49872731	0.180063124105278	0.298851530277031	0.546830058112964
chr18:50485733:T:C	18	50485733	-0.0996313965149715	0.471835630151688	0.832764762632572
chr18:58120958:C:T	18	58120958	0.37266066614174	0.28223426092834	0.186703220362326
chr18:59256389:C:T	18	59256389	-0.0171985055526383	0.422075008840281	0.967497185693379
chr18:62998306:G:A	18	62998306	0.281205174022175	0.322103462629678	0.382648100032392
chr18:66103927:C:T	18	66103927	0.174926631156129	0.378606233959714	0.644061335773173
chr18:66206557:C:T	18	66206557	-0.45450850000665	0.330297707009439	0.168803960428147
chr18:68001558:G:A	18	68001558	0.438147532386739	0.248463917046097	0.0778288028476716
chr18:71730181:C:T	18	71730181	0.490071536059874	0.313789618226605	0.118338934143203
chr18:72912108:T:C	18	72912108	-0.372338306441565	0.239186918726839	0.119545671208421
chr18:73248491:G:A	18	73248491	-0.254358307006987	0.512905932426599	0.619953610207946
chr19:2907557:G:A	19	2907557	0.10292165012833	0.242203377711125	0.670881176411995
chr19:17584922:G:A	19	17584922	-0.543799637522376	0.254346962792554	0.0325148825975287
chr19:18704666:C:T	19	18704666	-0.806862928576283	0.613105617373768	0.188165318743249
chr19:18737022:C:T	19	18737022	-0.398697082504087	0.295736108604369	0.177609655701658
chr19:18805179:A:G	19	18805179	-0.759308423935242	0.435463699937929	0.0812152734791987
chr19:21560366:G:T	19	21560366	-0.307453750066006	0.276681296107327	0.26647372639773
chr19:21659434:G:C	19	21659434	0.6851512108041	0.272456224421385	0.0119126835426097
chr19:33474662:T:C	19	33474662	0.341541048649599	0.371202510201218	0.357523855986352
chr19:37956680:C:T	19	37956680	0.255135159455788	0.261549504181385	0.329324399372069
chr19:38120117:A:T	19	38120117	0.369637433373215	0.285094679896679	0.194788570056458
chr19:44380983:T:C	19	44380983	0.227066472768932	0.280130409245935	0.417610257742869
chr19:44819986:A:G	19	44819986	0.308490464598223	0.289318399809812	0.286303271233171
chr19:48685001:C:T	19	48685001	0.712822070894577	0.278826348959018	0.0105728335625084
chr19:51552139:T:A	19	51552139	0.448673818847812	0.258676490924734	0.0828297858780959
chr19:52714810:C:T	19	52714810	-0.0283766822894087	0.183485608747019	0.877094530416498
chr19:53330671:T:C	19	53330671	-0.0623269982247662	0.259394135712759	0.810113870109037
chr19:54944544:G:A	19	54944544	0.436827918290902	0.259595201629044	0.0924279050855006
chr19:57195010:G:C	19	57195010	0.603063681554929	0.270332990526557	0.0256931919596098
chr20:1709120:A:G	20	1709120	-0.101456304015172	0.236789788076092	0.668312095288176
chr20:1735934:T:G	20	1735934	0.477061788636347	0.280704376826436	0.0892218623533337
chr20:1906500:G:T	20	1906500	0.373705530747868	0.349166642912235	0.284493994881492
chr20:3649460:G:A	20	3649460	0.0915578014827128	0.324236009207415	0.777652060966653
chr20:5407753:C:T	20	5407753	0.155537805301981	0.277427322110241	0.57504063895181
chr20:5860313:T:C	20	5860313	-0.123428315069517	0.328570424332825	0.707175224057596
chr20:7000966:A:C	20	7000966	0.179234236783011	0.276683293710656	0.517117122991833
chr20:12129436:G:A	20	12129436	-0.22052237104748	0.390501317190267	0.57226689874439
chr20:31347432:T:C	20	31347432	0.262655991617582	0.20452313962505	0.199059370453539
chr20:37593342:C:T	20	37593342	-0.0208277413001851	0.221434322236323	0.925062825919579
chr20:38200488:G:A	20	38200488	0.199588825547856	0.233906906432401	0.393502293367661
chr20:38350608:A:G	20	38350608	0.588384259682072	0.23830058775589	0.0135459271578718
chr20:45729681:A:G	20	45729681	0.260986582045862	0.305801475459147	0.393409236936079
chr20:48501317:C:T	20	48501317	0.460957792765493	0.281700678875096	0.101768668803151
chr20:49036824:T:G	20	49036824	0.410204596331056	0.240416177248611	0.0879658053925516
chr20:50371082:C:T	20	50371082	0.429368481794839	0.232429351456111	0.0647025880637023
chr20:52513956:G:A	20	52513956	0.260135640114093	0.417487276948893	0.533219883402454
chr20:54253971:A:G	20	54253971	-0.124352553545506	0.243520043006864	0.609598908462692
chr20:58480201:T:G	20	58480201	-0.00505489196453811	0.274006394588446	0.985281396440866
chr20:60073360:C:T	20	60073360	-0.182179074951463	0.251457171045738	0.468762843105547
chr21:15297615:T:C	21	15297615	-0.0561467075157518	0.352522876788482	0.873455286366664
chr21:24026351:C:T	21	24026351	-0.412298890446088	0.286087926439019	0.149539076866211
chr21:26647335:G:C	21	26647335	0.0654407429140642	0.241806532054289	0.786673580402479
chr21:28043199:C:G	21	28043199	0.503489349818072	0.211573409802884	0.0173249363406039
chr21:31885030:A:G	21	31885030	-0.118919755999601	0.178856775992497	0.506122017378338
chr21:35502622:A:T	21	35502622	-0.088462674264883	0.385406435572081	0.818456330595104
chr21:36306638:T:G	21	36306638	0.480796910266192	0.25115350825283	0.0555748438104656
chr21:41442549:G:A	21	41442549	0.201270202198895	0.208513048272463	0.33441244660051
chr22:20147688:T:C	22	20147688	0.311379424110029	0.278638062587276	0.263778469098827
chr22:23891985:A:G	22	23891985	0.231316747405341	0.304319222113283	0.447187532585407
chr22:24245985:G:T	22	24245985	-1.02483347668264	0.609213953511592	0.0925256846122818
chr22:30662128:G:A	22	30662128	0.0867080960226936	0.274884949683868	0.752432053558744
chr22:36977479:G:A	22	36977479	-0.436727645868468	0.593461042582541	0.461791901203792
chr22:42475109:T:G	22	42475109	-0.616901718341972	0.290869775061981	0.0339313726128549
chr22:44719519:A:G	22	44719519	0.562162906279359	0.222150968826205	0.0113885646416358
chr22:45210278:T:C	22	45210278	-0.549458049045389	0.222806334506305	0.0136601157609655
chr22:49668266:A:G	22	49668266	-0.0351774370459799	0.278018833878015	0.899313217568598
