SNP	CHR	POS	est	stderr	pval
chr1:1837340:C:T	1	1837340	-0.148238897132569	0.251624410511342	0.555775647805822
chr1:2261200:G:C	1	2261200	0.238599266200213	0.182260102915302	0.190495711915976
chr1:14678191:A:C	1	14678191	0.072944743328939	0.146551318897809	0.618665916560888
chr1:14985097:C:T	1	14985097	0.0356847261622678	0.207111699532635	0.86320403640806
chr1:20215506:G:C	1	20215506	-0.346647352342077	0.277404300089305	0.211441831085292
chr1:22009627:T:C	1	22009627	-0.22256874772437	0.301437953820917	0.460297689613676
chr1:22126221:C:T	1	22126221	-0.057013441475396	0.185011540187348	0.75795941455408
chr1:23180575:A:G	1	23180575	0.137132332564299	0.181872814837799	0.45084846180062
chr1:26058659:G:C	1	26058659	-0.165628989469004	0.284472924032922	0.56041101358166
chr1:26181362:A:G	1	26181362	-0.193552335029591	0.16192682576607	0.231966944960467
chr1:28670719:C:T	1	28670719	0.179097125858432	0.163631907411069	0.273730381191527
chr1:29753056:A:C	1	29753056	-0.236706010398346	0.178381476892638	0.184520197872956
chr1:29908726:A:G	1	29908726	-0.132395829495099	0.151375172397048	0.381780427841484
chr1:31886486:G:T	1	31886486	-0.138297081471881	0.199734921888673	0.488684212112324
chr1:37838865:C:T	1	37838865	-0.0908556807106312	0.237138568229188	0.701620934824863
chr1:39880059:T:C	1	39880059	-0.291840593487746	0.148965870802868	0.0500998538049077
chr1:43202709:G:A	1	43202709	0.144815803212554	0.195255067671769	0.458284267544721
chr1:47498869:G:A	1	47498869	-0.0528320231891539	0.221616668502622	0.811575733660359
chr1:54900240:G:A	1	54900240	0.0498942245877654	0.179466024403701	0.781000939065445
chr1:56563907:C:T	1	56563907	-0.0890247584118548	0.257690401880368	0.72973973206908
chr1:65351414:T:A	1	65351414	-0.0344165970670729	0.170444255219782	0.839977004864034
chr1:73302339:T:C	1	73302339	0.0878091376972153	0.160170698759788	0.583539319664872
chr1:73563666:T:C	1	73563666	0.177655276096044	0.166219967068811	0.285161493215878
chr1:76062379:T:C	1	76062379	-0.194170051628744	0.17575975593694	0.269269259934857
chr1:86928231:G:T	1	86928231	-0.0596626430330361	0.161321539725918	0.711504089177291
chr1:88611347:G:A	1	88611347	-0.217037198630531	0.206129593062578	0.292379376668908
chr1:91057167:C:A	1	91057167	0.0626198280535441	0.193113517596942	0.745737912033716
chr1:91093925:G:A	1	91093925	-0.125221698983072	0.169874294911335	0.461035207428829
chr1:92475800:A:G	1	92475800	0.189207781158459	0.178231065114709	0.288423219384396
chr1:94752415:G:A	1	94752415	-0.158948728570636	0.15680312439581	0.310733834426217
chr1:95614324:G:A	1	95614324	0.243313993090588	0.15978810227586	0.127826494566012
chr1:99691102:T:C	1	99691102	-0.181240073473752	0.164287289448309	0.269944719562186
chr1:104937367:T:A	1	104937367	-0.297924878106315	0.165040798718799	0.071049809509425
chr1:153704237:C:A	1	153704237	-0.138791962128723	0.138087188097112	0.314846854326922
chr1:159540226:C:T	1	159540226	-0.105827697841835	0.139984688157486	0.449652306933165
chr1:165647351:T:C	1	165647351	-0.102070233917917	0.166111075905127	0.538904946137491
chr1:168863629:G:A	1	168863629	-0.207679140484922	0.22669392311077	0.359603256506998
chr1:171350391:G:A	1	171350391	0.158352425358291	0.195739702794681	0.418518067855702
chr1:173013575:C:G	1	173013575	0.233764370681726	0.15546258628252	0.132666450919353
chr1:185127444:C:G	1	185127444	0.0124527242607503	0.244994055783109	0.95946203773277
chr1:186638909:G:T	1	186638909	-0.067842183362879	0.156362447171883	0.664377233641451
chr1:188272062:T:C	1	188272062	-0.148948967593203	0.149783252844912	0.320013544554063
chr1:193365737:C:T	1	193365737	0.051181859664112	0.159603750056648	0.748452292131631
chr1:195033388:T:C	1	195033388	-0.32259375148674	0.284122123982862	0.256205560579694
chr1:195907914:A:G	1	195907914	0.0652845181083848	0.155974353498772	0.675538230825035
chr1:196692375:G:C	1	196692375	0.195909565629145	0.147636936379624	0.184519099308762
chr1:197559019:A:G	1	197559019	-0.159740923364784	0.36821964461316	0.664419399305665
chr1:199160726:G:A	1	199160726	0.00775608197959955	0.159045106545816	0.961105335472005
chr1:204277152:T:C	1	204277152	-0.202613241350453	0.188300742066988	0.28192335441545
chr1:207498131:C:T	1	207498131	0.0942116109596217	0.218941506992875	0.666973837642312
chr1:210496535:G:A	1	210496535	0.030930662822448	0.155995598027053	0.842826722694217
chr1:212937214:T:G	1	212937214	0.0332518423775828	0.140185081686236	0.812501962797449
chr1:219750864:A:G	1	219750864	-0.0574832954174119	0.164592447053923	0.726904444735244
chr1:221920463:G:A	1	221920463	0.178037004450519	0.159028069737599	0.262913269915735
chr1:227462684:A:G	1	227462684	-0.049189600509553	0.238843835721463	0.836830908308101
chr1:234456961:G:A	1	234456961	0.214691826628414	0.181098440616791	0.23582063228649
chr1:237308322:A:G	1	237308322	-0.191486200918825	0.208766368876467	0.359023573986253
chr1:244583991:C:T	1	244583991	0.15055345378139	0.167470476633135	0.368660627085431
chr1:247190028:T:C	1	247190028	0.19979611768773	0.162949831530536	0.220153358367226
chr1:247897239:C:T	1	247897239	0.0475323497735644	0.186179027572117	0.798487898751268
chr2:3248328:A:G	2	3248328	0.0586649871427329	0.186628275878061	0.753261783861384
chr2:4505759:T:G	2	4505759	0.123536706726997	0.204895684174089	0.546558660717162
chr2:6804400:G:A	2	6804400	0.162072852393983	0.15879891526064	0.307435991994893
chr2:9411790:A:C	2	9411790	-0.192566656218056	0.15387530223363	0.210771744831028
chr2:12096367:C:T	2	12096367	0.499270763901635	0.232739207419513	0.0319373348211477
chr2:13545005:C:T	2	13545005	-0.0665047724115728	0.175568848342997	0.704839379386189
chr2:16009716:A:G	2	16009716	0.14815684000431	0.172364053676668	0.390032931284132
chr2:16367899:A:T	2	16367899	-0.0130530491325442	0.133355411618494	0.922026262809736
chr2:17630111:A:C	2	17630111	-0.100362150589816	0.153712689464143	0.513807597073787
chr2:17928966:C:G	2	17928966	-0.193117957821376	0.241973969725473	0.424815980390294
chr2:18261494:A:T	2	18261494	-0.163016732138015	0.17931350056365	0.363289016192372
chr2:19530615:T:C	2	19530615	0.156511205788111	0.145279378348624	0.28134093952945
chr2:19562158:T:C	2	19562158	0.00678315365855157	0.202386630492879	0.973263251248274
chr2:27383116:G:A	2	27383116	-0.0828615250429638	0.184281184261072	0.652964823045674
chr2:37762298:C:T	2	37762298	-0.12240030110369	0.194645504965398	0.529455755022379
chr2:42010994:T:A	2	42010994	0.225453827825318	0.145581625636011	0.121467790517369
chr2:45824390:C:G	2	45824390	0.0163301442131583	0.211558373405341	0.938472572096269
chr2:49789441:T:C	2	49789441	0.00410766001498115	0.178456342484559	0.981636129723182
chr2:49994518:G:A	2	49994518	0.0498483327106056	0.148051351675208	0.736345901788081
chr2:51284042:G:A	2	51284042	0.0135692989154332	0.19075135619375	0.943289473311986
chr2:51344078:G:A	2	51344078	0.0818543549904978	0.144544956179461	0.571196695970537
chr2:57278002:C:A	2	57278002	0.144387834372392	0.168007170129425	0.390111753695736
chr2:57368273:A:G	2	57368273	-0.246161055897426	0.206131304843231	0.232401542340412
chr2:61147014:T:C	2	61147014	-0.0129521992742317	0.216787443896599	0.95235787326959
chr2:61693274:A:G	2	61693274	0.330691068449714	0.151740899742825	0.0293083492824775
chr2:65295480:C:T	2	65295480	0.108869252492371	0.169883217930263	0.521621703330087
chr2:66031496:T:C	2	66031496	0.256745945388102	0.156493045532851	0.100875889313449
chr2:69165635:T:C	2	69165635	-0.143950195543439	0.173420538805812	0.406502438611631
chr2:76651386:C:A	2	76651386	0.119379140600804	0.131695917337437	0.364684154232093
chr2:79784490:C:G	2	79784490	0.354216972598138	0.14967765673631	0.0179556192779712
chr2:82619301:T:C	2	82619301	0.0194777734824574	0.268228146345078	0.942111342882451
chr2:85744328:G:A	2	85744328	0.114833742926393	0.231766257288905	0.620266824004639
chr2:85757440:T:A	2	85757440	0.156812266740716	0.147079384189539	0.286344835149073
chr2:99811694:T:C	2	99811694	0.150450430864668	0.161738879823154	0.35226458180605
chr2:101228073:A:C	2	101228073	-0.0933001644008819	0.181192715079568	0.606607337157492
chr2:108083619:T:C	2	108083619	-0.137232221683865	0.161027794647882	0.39408815736501
chr2:118004610:C:T	2	118004610	0.213219860181926	0.147651923542206	0.148719005912012
chr2:119455921:A:G	2	119455921	0.0741483904091085	0.130628889387686	0.57028875926235
chr2:120644763:G:A	2	120644763	0.123811278156562	0.155540349903219	0.426027702006789
chr2:120916837:A:G	2	120916837	-0.195004808472549	0.209065751398735	0.350952202467927
chr2:122628686:C:A	2	122628686	-0.0636220407534378	0.243555420303893	0.793921292030146
chr2:122629789:A:C	2	122629789	-0.00768445710552983	0.198975780515178	0.969193306557828
chr2:126391403:A:G	2	126391403	0.0138486536363696	0.154479362486842	0.928567516910873
chr2:127192867:G:A	2	127192867	0.110508445977504	0.163223846664235	0.498383013506019
chr2:130915743:C:T	2	130915743	-0.0599301800463216	0.139457201628086	0.667385605934277
chr2:136507185:G:C	2	136507185	-0.00777914887332504	0.129648122284244	0.952154028031717
chr2:141023592:C:T	2	141023592	0.288398879868201	0.191969767193442	0.133016019866717
chr2:143920023:G:T	2	143920023	-0.157391677944363	0.167098891041295	0.346240063592154
chr2:144729333:C:T	2	144729333	0.111189250927691	0.221835638848926	0.616213787788062
chr2:148561010:G:C	2	148561010	-0.10887089834141	0.186813013557849	0.560041373187358
chr2:154835349:G:T	2	154835349	0.128653222993923	0.132925930526574	0.333116052610491
chr2:164974626:C:A	2	164974626	-0.433878307429402	0.330682098575783	0.189496265761325
chr2:167086954:T:G	2	167086954	-0.0445893201855634	0.14022290448249	0.75049339445317
chr2:167657344:C:T	2	167657344	-0.163087298007869	0.23115865367051	0.480486031607443
chr2:167884398:C:T	2	167884398	0.16761293757644	0.214044297182838	0.433582523503269
chr2:168647356:T:G	2	168647356	0.111973845669909	0.125885788656335	0.373741094503497
chr2:170041677:A:G	2	170041677	-0.389214863592496	0.23672088444256	0.100136305401691
chr2:171274449:C:A	2	171274449	0.44038913806993	0.203765782920026	0.0306759042490196
chr2:177787584:G:A	2	177787584	0.0472080183219118	0.15709696156547	0.763793944975603
chr2:179648558:C:T	2	179648558	0.348358365216594	0.222599573322598	0.117593408466611
chr2:183527028:C:T	2	183527028	-0.0336174146272729	0.186515994910027	0.85696511803233
chr2:184516924:T:A	2	184516924	0.0278914674833954	0.148270179099013	0.850788497240566
chr2:191922008:C:T	2	191922008	-0.0250656117802017	0.425641450128644	0.95304049632711
chr2:197010424:G:A	2	197010424	0.170791513707228	0.216847289816148	0.430923730916632
chr2:209101337:G:A	2	209101337	-0.165800492796407	0.16605561220783	0.318054582073926
chr2:209103516:A:G	2	209103516	-0.316300264708693	0.221280942552271	0.152887629756803
chr2:210957182:G:A	2	210957182	0.0364965270149239	0.155267230806384	0.814165104850312
chr2:214802180:T:C	2	214802180	-0.0929041179532939	0.200830525952718	0.643651406198155
chr2:215209936:A:G	2	215209936	-0.222275199824788	0.225609436414879	0.324515429031369
chr2:220997842:C:T	2	220997842	0.0499149623629485	0.134803794182433	0.711174905137468
chr2:228947684:G:A	2	228947684	0.0788429139276614	0.197529565475757	0.689786457667419
chr2:233152507:T:C	2	233152507	0.0898612868739095	0.130780857787833	0.492011236815337
chr2:235620294:A:T	2	235620294	0.388213542815774	0.15388448722901	0.0116438023981403
chr2:237288548:A:G	2	237288548	0.122986137502533	0.159662092317316	0.441127796259921
chr2:237513585:T:C	2	237513585	0.315595645114646	0.155781569812624	0.0427765052210021
chr2:237920759:T:G	2	237920759	-0.297697850640855	0.155893557857743	0.0561818318901444
chr2:240429648:C:T	2	240429648	0.260012174497434	0.102643222488296	0.0113037869001431
chr3:10127208:T:G	3	10127208	-0.0785398955670128	0.186256209722475	0.673261046152191
chr3:14082905:A:G	3	14082905	-0.243337266813645	0.130526722269594	0.0622835670886713
chr3:16798495:T:G	3	16798495	-0.0611070816173784	0.195926030785219	0.75512524019926
chr3:18882818:T:C	3	18882818	-0.191550183021158	0.15829666580169	0.226251702422072
chr3:22245167:A:G	3	22245167	0.209828223740424	0.197967554020336	0.289184549381348
chr3:24009496:G:A	3	24009496	0.0209366417350702	0.138123394327272	0.87951879343434
chr3:24010534:C:T	3	24010534	0.0329892913402345	0.150980023179334	0.827038751929195
chr3:33111016:C:A	3	33111016	0.094575173666779	0.263327395853509	0.719479641891119
chr3:33421913:A:G	3	33421913	-0.098303225955389	0.116556941292187	0.399009080942984
chr3:34471110:A:G	3	34471110	-0.152621526980647	0.177200735604455	0.389077392900493
chr3:35230331:G:A	3	35230331	0.0757044506020262	0.167066490325336	0.650448187331145
chr3:41413926:T:C	3	41413926	-0.049023606963258	0.130332733061756	0.706811376790326
chr3:42098050:T:C	3	42098050	-0.233623358432076	0.177799718914006	0.188856561750669
chr3:46489654:A:G	3	46489654	-0.122518427133179	0.186223193394526	0.510594839689492
chr3:64441608:G:A	3	64441608	0.126681649064527	0.117361484528894	0.280403138227455
chr3:66150510:T:A	3	66150510	0.143482474062466	0.173015623674827	0.406932652320622
chr3:66995763:G:T	3	66995763	0.101796549953449	0.186904967870922	0.585998826063951
chr3:68498445:T:C	3	68498445	0.119555644875987	0.242485269139966	0.621982261966635
chr3:68824246:G:A	3	68824246	0.0491130170517567	0.117279778129876	0.675385700290729
chr3:69021248:A:C	3	69021248	-0.305219104416782	0.177439209401567	0.0854082020115254
chr3:69617754:T:G	3	69617754	-0.0803943049888212	0.139622341774953	0.564751532651539
chr3:74191731:G:A	3	74191731	-0.377575887713654	0.171248592058909	0.0274652658496157
chr3:74732240:G:A	3	74732240	0.0266644958421931	0.168437179967385	0.874216243535133
chr3:75709324:A:T	3	75709324	-0.120509805541794	0.152157232597044	0.428355781390145
chr3:84465702:T:C	3	84465702	0.0650494405825177	0.141025522132002	0.644612037317147
chr3:84817748:G:A	3	84817748	0.281934300182241	0.183347563510951	0.124120980661129
chr3:85705423:A:G	3	85705423	0.0310591481716014	0.177150853899389	0.860823493948182
chr3:88069353:C:T	3	88069353	0.143162763156618	0.181807182587741	0.431022680258679
chr3:93986190:G:A	3	93986190	0.199340069077899	0.168589494022842	0.237047372914263
chr3:101022648:G:A	3	101022648	0.117967419742985	0.181239935155305	0.515116933105869
chr3:106664728:C:T	3	106664728	0.139286632749066	0.146687309490961	0.342342001128041
chr3:110774699:C:T	3	110774699	0.0123712933416951	0.16106771009556	0.938776263422821
chr3:113428518:G:A	3	113428518	-0.1102070491136	0.159521490281396	0.489653397989547
chr3:121058963:T:G	3	121058963	-0.130038575170561	0.207562367259535	0.530984661006662
chr3:122312606:G:A	3	122312606	-0.355552465405678	0.256428266854287	0.165576820123771
chr3:124193435:A:C	3	124193435	0.128465265382676	0.154432605998758	0.405491781965895
chr3:126773646:G:T	3	126773646	-0.189694158861464	0.309571095308758	0.540032106820478
chr3:131110446:C:G	3	131110446	0.0163837510002245	0.162789891726463	0.919833432134854
chr3:131209978:G:T	3	131209978	-0.467379637615005	0.236377848717668	0.0480126441168128
chr3:133982842:C:T	3	133982842	-0.104747166816157	0.152942547398579	0.493420163508112
chr3:146265901:G:T	3	146265901	-0.0302961645483296	0.19895447823016	0.878968569875386
chr3:149679065:C:A	3	149679065	0.0911110540557206	0.124578504335223	0.464562628284561
chr3:152663712:G:C	3	152663712	0.11827948768357	0.124749380953594	0.343059780096469
chr3:159417151:A:G	3	159417151	-0.0435983316865696	0.161318301267536	0.786958101660645
chr3:164899350:G:A	3	164899350	0.0904319948270114	0.163675022499931	0.580599369391021
chr3:168053836:T:C	3	168053836	0.430145925170273	0.205727361048722	0.0365411321660407
chr3:171028381:G:A	3	171028381	-0.290818415347764	0.290935323562559	0.317505011910947
chr3:174497130:T:C	3	174497130	0.0784273601583411	0.178832697713739	0.660986496142071
chr3:176663180:T:G	3	176663180	0.289324755786477	0.240753285675507	0.229461216106547
chr3:196706550:C:T	3	196706550	0.191947466177227	0.152391388199345	0.207824889771741
chr4:332191:G:A	4	332191	0.146304220304675	0.172005668349077	0.395003869804233
chr4:8816874:T:C	4	8816874	0.256582411444636	0.159134320127501	0.106882805155342
chr4:9851274:C:G	4	9851274	0.0627714950927696	0.139061272960826	0.651705239813017
chr4:10725805:A:G	4	10725805	0.108692193997994	0.170548165017381	0.523922392655172
chr4:13219910:C:T	4	13219910	-0.17129437157953	0.233140358396571	0.462506150922522
chr4:18747099:A:G	4	18747099	-0.251154675460601	0.160649599971068	0.117965723400506
chr4:20840555:C:T	4	20840555	-0.121017156128549	0.131385851672959	0.357007565068696
chr4:21137718:C:T	4	21137718	-0.150363965872883	0.161957794201163	0.353192595562289
chr4:26851610:T:C	4	26851610	-0.345150159605228	0.176509554136232	0.0505336194498311
chr4:32302160:A:T	4	32302160	0.0683514022439499	0.181235281742242	0.706068221256825
chr4:40603484:A:G	4	40603484	0.00213298778877205	0.152988665583401	0.98887615050343
chr4:44018406:T:G	4	44018406	0.0305516867068573	0.154171512356089	0.842914503997534
chr4:44680448:T:C	4	44680448	-0.00792069682685162	0.158991517544546	0.960267134838455
chr4:55337032:C:T	4	55337032	-0.106455284876025	0.147277328709442	0.469789284439584
chr4:55659669:G:A	4	55659669	-0.0850191754146416	0.234463958451244	0.716895603578305
chr4:56719096:C:T	4	56719096	0.130042828011667	0.172017486973319	0.449657533455569
chr4:61158247:C:G	4	61158247	0.173696633420248	0.176576395890719	0.325267405113304
chr4:67708732:C:T	4	67708732	-0.0840629931760885	0.162011301017442	0.60385058407989
chr4:67911021:C:T	4	67911021	0.132297253536261	0.121234000675272	0.275160532609913
chr4:90022599:G:T	4	90022599	0.146583124455128	0.166281022899927	0.378026422291649
chr4:95020597:A:T	4	95020597	0.184153926140853	0.155133115064807	0.235199859897805
chr4:97398054:G:A	4	97398054	0.216704826657471	0.168285930828139	0.1978441363495
chr4:98823404:T:C	4	98823404	-0.0189947380590215	0.199373673850954	0.924098744768781
chr4:99262681:C:G	4	99262681	0.0120934423338517	0.14108449678797	0.93169081014415
chr4:99355957:G:T	4	99355957	-0.129320928185062	0.193056937482669	0.502947674677092
chr4:101085120:T:C	4	101085120	-0.120442461422527	0.166350045750492	0.469047177971854
chr4:102399971:C:T	4	102399971	-0.185805174787936	0.132320911013702	0.16025896092901
chr4:102884286:T:C	4	102884286	-0.274019685777137	0.169939059729918	0.106862197984862
chr4:105992845:C:T	4	105992845	0.0502117510147543	0.137552385900835	0.715083566162981
chr4:108791253:G:A	4	108791253	0.442498636636196	0.172713492152852	0.0104059747234601
chr4:110957298:T:A	4	110957298	-0.0827249271942236	0.134878389010976	0.539658332984097
chr4:113348012:C:T	4	113348012	0.283125576543464	0.150009981313272	0.0591094679291762
chr4:115522695:G:A	4	115522695	-0.117841971944643	0.187155424319607	0.528925144490426
chr4:120770744:A:C	4	120770744	-0.11389520338162	0.187699179486041	0.543985977472064
chr4:123964831:A:G	4	123964831	-0.0397580620272732	0.149688053878272	0.790542577817442
chr4:125256344:T:C	4	125256344	0.0188442367198785	0.176316745072887	0.914886416212365
chr4:126268710:T:G	4	126268710	0.0878791165079192	0.192227673747128	0.647554875803967
chr4:134094420:T:C	4	134094420	0.0882475416356808	0.192417966658346	0.646504034320016
chr4:134350906:C:T	4	134350906	-0.0347315603284075	0.140404709929998	0.804623833645337
chr4:138952375:G:A	4	138952375	-0.187659931014951	0.218597266546604	0.390631131715436
chr4:141618953:G:A	4	141618953	0.165999928077585	0.181471024644368	0.360324890508573
chr4:149616644:T:G	4	149616644	-0.24950350297815	0.194683331978641	0.199987787183019
chr4:154030957:C:G	4	154030957	-0.00890098080825778	0.187233316408394	0.962083238551887
chr4:171974219:A:G	4	171974219	-0.189749934339928	0.129414130208001	0.142587628600277
chr4:176312841:C:T	4	176312841	-0.00579910056791657	0.156149336858198	0.970374838003772
chr4:179329624:T:G	4	179329624	-0.0339291213278265	0.139572436314683	0.807933136961935
chr4:183032183:A:G	4	183032183	-0.178692842716293	0.164653296921665	0.277803274356636
chr4:184991673:A:G	4	184991673	0.0252626874619515	0.113316635748377	0.823583051177122
chr4:189912372:C:T	4	189912372	0.242568289778004	0.164043211673165	0.139224436211326
chr5:5313703:A:G	5	5313703	0.105600791265605	0.162672324012261	0.516233273115079
chr5:7364955:T:A	5	7364955	0.168284575778742	0.201457569803452	0.403529069541874
chr5:8067079:G:C	5	8067079	0.150916630503416	0.147814038460234	0.307259255465697
chr5:13911296:G:T	5	13911296	-0.0523861216952633	0.171816791730998	0.760445942332252
chr5:15621966:C:G	5	15621966	0.0482654182463659	0.173708961981778	0.78112581397553
chr5:17902851:T:C	5	17902851	-0.16918734728274	0.234590520339048	0.470784730545911
chr5:20719353:A:C	5	20719353	0.4220807576494	0.204714260027174	0.0392263640597212
chr5:20732163:G:T	5	20732163	0.332150250257018	0.152765967229862	0.0296869322054905
chr5:21913130:A:C	5	21913130	0.128138859915277	0.211933105275527	0.5454319354712
chr5:23787194:A:C	5	23787194	0.410272415189133	0.147273675822099	0.00533987030558869
chr5:23895775:T:G	5	23895775	0.0451526867959775	0.17315585693468	0.794275073998797
chr5:33466391:T:A	5	33466391	0.0710604132662256	0.189923460870041	0.7082905651055
chr5:33624899:A:G	5	33624899	0.203921552339646	0.284409927455969	0.473374889934241
chr5:39550509:T:G	5	39550509	-0.122082532818615	0.176827739843832	0.48994032581767
chr5:39634108:G:A	5	39634108	0.147123297409244	0.171000445634244	0.389586264691397
chr5:39978357:G:A	5	39978357	0.0631039236567118	0.159542575867158	0.69245156108188
chr5:44011742:G:T	5	44011742	-0.21025564217909	0.24512481938747	0.391030911069416
chr5:50222627:G:A	5	50222627	-0.214282642909715	0.267761006146781	0.423551043635738
chr5:54814079:C:T	5	54814079	0.288844952667844	0.212751373493874	0.174570217609518
chr5:66989845:C:A	5	66989845	-0.0834720533011984	0.117722417710158	0.478288320365544
chr5:66992139:G:A	5	66992139	-0.206055352382822	0.221130170562962	0.351425263301939
chr5:73076502:T:C	5	73076502	-0.0573489785144105	0.144474473555566	0.691405167932038
chr5:76998986:C:A	5	76998986	-0.202180103722679	0.142246014351594	0.155217626278537
chr5:81710558:G:T	5	81710558	-0.172816782762967	0.110315585596838	0.117215879607593
chr5:84879932:A:G	5	84879932	0.22227031942226	0.160892083463856	0.167129276597997
chr5:85476293:A:G	5	85476293	0.0600986646143251	0.19320811301673	0.755757570585982
chr5:85809583:T:C	5	85809583	-0.18707025506863	0.171165679025753	0.274429282406105
chr5:92192959:A:T	5	92192959	-0.119214773343837	0.209060464019408	0.568514493777377
chr5:94648523:C:G	5	94648523	0.0999708013740033	0.188891220747547	0.596631584788325
chr5:98024666:G:A	5	98024666	-0.188449487013377	0.199404316764369	0.344627109838389
chr5:101825779:A:C	5	101825779	-0.0617166584245646	0.126654039407021	0.626056125333264
chr5:106773905:G:A	5	106773905	-0.188304284535759	0.151729813633859	0.21458728029071
chr5:114915760:G:T	5	114915760	0.334714183599297	0.181981771344575	0.0658750219791647
chr5:115102683:A:G	5	115102683	0.0692927580711284	0.191053350662985	0.716837963177254
chr5:117238479:G:A	5	117238479	0.10337969023758	0.146201950001758	0.479503097492054
chr5:121740415:G:T	5	121740415	-0.0661135620140277	0.182568417552318	0.717254636604066
chr5:137227416:A:T	5	137227416	-0.207004089441599	0.230339747736348	0.36881766260889
chr5:137406489:C:T	5	137406489	-0.107036302729325	0.204802653197459	0.601230766795345
chr5:140638650:G:A	5	140638650	-0.287788196242595	0.192010197424036	0.133921048045869
chr5:142682003:T:C	5	142682003	-0.569148481075593	0.275799398695797	0.0390526155303416
chr5:144183699:A:G	5	144183699	-0.354939671096894	0.322687377322119	0.27135432575064
chr5:145690757:G:T	5	145690757	0.178953000389161	0.227665259679689	0.431846627528516
chr5:147282093:C:T	5	147282093	0.252135939439307	0.154813872888077	0.103389424341165
chr5:151763317:T:C	5	151763317	0.140547455107077	0.139202974689421	0.31265897129856
chr5:168245100:T:C	5	168245100	0.116900082193459	0.116409754149444	0.315276397198377
chr5:169455657:C:T	5	169455657	-0.0999645871127912	0.155954502577621	0.521532052528987
chr5:169808985:G:C	5	169808985	0.153298976735989	0.279521767806098	0.583394585495263
chr5:172672695:T:C	5	172672695	0.0018789562020463	0.156117160374344	0.990397250711241
chr5:173346700:A:C	5	173346700	0.300812399583911	0.178651973056524	0.0922222671260455
chr6:3041612:C:A	6	3041612	-0.242046777852648	0.154162161712468	0.116396725681601
chr6:3673174:A:G	6	3673174	-0.164183514131871	0.245738858942864	0.504055781446832
chr6:3786319:G:C	6	3786319	0.177724326038955	0.138481507581523	0.19935915723262
chr6:6090729:G:T	6	6090729	0.266285345100986	0.179544503754446	0.138043565794157
chr6:6354181:A:T	6	6354181	-0.0422153032550362	0.177612185144617	0.812127379311018
chr6:6456261:T:C	6	6456261	0.0925044933348756	0.149898138383219	0.537158419360202
chr6:7642514:C:G	6	7642514	0.12041604708719	0.130292480949052	0.355383249614045
chr6:23163726:T:C	6	23163726	0.0637226869045191	0.253077243934765	0.801202264251585
chr6:23344439:T:A	6	23344439	0.128697516021738	0.136058515945922	0.344200471577889
chr6:26287827:G:A	6	26287827	-0.444587787216739	0.183182729588251	0.0152234993336244
chr6:31108549:A:G	6	31108549	0.205829918848581	0.167359287523017	0.218746345165907
chr6:32660000:G:C	6	32660000	0.120356298488347	0.147062343102406	0.413126970687009
chr6:33148933:A:G	6	33148933	0.0282902653650636	0.18636333926565	0.879343368157706
chr6:37400014:G:T	6	37400014	-0.127699454922323	0.217048265543375	0.556300149447185
chr6:39124093:C:T	6	39124093	0.278377252585253	0.167325288219478	0.0961745823187609
chr6:45195864:C:T	6	45195864	0.0015181914279167	0.128392823706511	0.990565568714366
chr6:46738257:G:A	6	46738257	0.2706755992675	0.199777527076255	0.175454160364043
chr6:47717919:C:A	6	47717919	-0.0912563432510978	0.172807324246978	0.597442801626846
chr6:48859012:C:A	6	48859012	0.232775937152349	0.197828238910211	0.239332527900491
chr6:49860743:T:G	6	49860743	0.0652419087075871	0.195622766856046	0.73875026917667
chr6:53292416:C:G	6	53292416	0.246788681978523	0.14987859543175	0.0996422299022135
chr6:69504128:A:G	6	69504128	-0.226497560350113	0.195826822141207	0.247426934947927
chr6:81137001:T:C	6	81137001	0.139376119985679	0.163541857770665	0.394083590152369
chr6:84758749:C:T	6	84758749	-0.12364735002315	0.289280826064303	0.669066043248389
chr6:87387916:G:T	6	87387916	-0.0387127990533449	0.120237414910127	0.747475682869253
chr6:88566465:G:A	6	88566465	-0.0343415409488569	0.121197307351719	0.776906757025992
chr6:93273487:T:C	6	93273487	-0.248338140402988	0.179695996832956	0.166974652434175
chr6:97788153:C:A	6	97788153	0.121376213127907	0.188419695124379	0.519458670561755
chr6:98771646:C:T	6	98771646	0.0433669310921166	0.217909891629024	0.842252468388154
chr6:104918249:A:G	6	104918249	0.288995606595293	0.16674193542644	0.0830617423579815
chr6:107129138:A:G	6	107129138	0.0341505565327127	0.115419690404762	0.767320543931224
chr6:112187089:T:C	6	112187089	-0.0296255462604075	0.13187657382256	0.822254667944182
chr6:118046853:T:C	6	118046853	-0.197680050063758	0.170460296125904	0.246177553676391
chr6:123103197:T:C	6	123103197	0.163423670676104	0.177276222368117	0.356602158186931
chr6:127784009:G:A	6	127784009	0.191065992155986	0.163860060826664	0.243601710782296
chr6:129527930:G:A	6	129527930	0.182837392823728	0.186691165371719	0.32740336913802
chr6:137254996:T:C	6	137254996	-0.385211035554278	0.18106630470548	0.0333820121176832
chr6:151547601:G:A	6	151547601	0.160774256757043	0.170014639749404	0.344327394829474
chr6:152638179:C:T	6	152638179	-0.144477623354345	0.160653745574977	0.368487219548776
chr6:153842833:G:A	6	153842833	0.286035891695888	0.223394259788733	0.200401533477481
chr6:160701242:A:G	6	160701242	0.21346581023212	0.206989475919935	0.302405676184529
chr6:162760256:C:T	6	162760256	0.0117664591900101	0.201377901425227	0.95340632310027
chr6:163629327:G:A	6	163629327	0.192924820303413	0.14729638616429	0.190272660985803
chr7:6986920:C:A	7	6986920	-0.0641877983946136	0.276529316222231	0.816445335087345
chr7:7863676:G:A	7	7863676	0.0615379895564389	0.181985678791813	0.735252089595918
chr7:8111839:A:G	7	8111839	0.268664108939778	0.142258307543717	0.0589500949561005
chr7:9602661:C:A	7	9602661	-0.199848999555744	0.242020174351293	0.408943951979606
chr7:11334355:C:A	7	11334355	0.42069702813632	0.229312350664708	0.0665645974385609
chr7:12476280:G:A	7	12476280	0.284652209893936	0.220683130551504	0.197096333030985
chr7:12972158:C:G	7	12972158	0.180257071607898	0.165769563318015	0.27686207394114
chr7:20850990:A:T	7	20850990	0.210894291430406	0.179707882611481	0.240579542649793
chr7:22822020:C:A	7	22822020	0.196756410378957	0.186579114924239	0.29163264144124
chr7:24140802:T:C	7	24140802	0.154196088025384	0.159922273988331	0.334948700225828
chr7:24278575:A:G	7	24278575	-0.256973937361226	0.206560709813171	0.213477444358798
chr7:24620726:T:A	7	24620726	0.0208183914992849	0.148337140954138	0.888387328975242
chr7:24740434:C:T	7	24740434	0.0818366919427463	0.128868544133442	0.525402268233621
chr7:28505993:C:T	7	28505993	0.0816547147706816	0.17150664416073	0.634001469345505
chr7:36413989:G:A	7	36413989	0.190165058132594	0.211289901616027	0.368109806652946
chr7:43755241:C:T	7	43755241	-0.103041893995318	0.159516935925849	0.518303904293113
chr7:44689517:A:G	7	44689517	0.266481334628552	0.182164707659228	0.143505885911246
chr7:46192346:C:G	7	46192346	0.33078882262746	0.148108738099934	0.0255213473389182
chr7:48301675:T:C	7	48301675	-0.0533244518676062	0.164012598505733	0.745087134143924
chr7:51890159:C:T	7	51890159	-0.12538662778979	0.17081031610359	0.462906436631016
chr7:53046603:C:G	7	53046603	0.100512997408437	0.146722343112943	0.493308687579672
chr7:55663907:C:A	7	55663907	0.239447058155034	0.172592014956778	0.165332368420467
chr7:56122201:A:G	7	56122201	0.0644255537660234	0.118015216806066	0.585128580196141
chr7:62910214:G:T	7	62910214	-0.170178018378412	0.278061817025579	0.540527796585621
chr7:65406204:G:T	7	65406204	0.00194863992815123	0.218249958592795	0.992876199995059
chr7:67766433:G:A	7	67766433	-0.00462626330739255	0.127023721386789	0.970947094356941
chr7:68433432:T:C	7	68433432	-0.149884870537939	0.185611559182104	0.419367501830736
chr7:71020152:T:G	7	71020152	-0.160986347983205	0.215116425420273	0.454237941380288
chr7:71553830:T:C	7	71553830	0.02532128032669	0.141045801648308	0.85752530653359
chr7:78390279:T:G	7	78390279	-0.0332156795451857	0.139540688406416	0.811853326880189
chr7:83524616:A:T	7	83524616	-0.0233169760951874	0.122310188311517	0.848809175345644
chr7:84786535:C:A	7	84786535	0.25221946085544	0.19166384296664	0.188191829183607
chr7:86620755:G:A	7	86620755	-0.172448830610333	0.203302493987266	0.396305630924634
chr7:89207269:G:A	7	89207269	0.00137016570852123	0.156712754329489	0.993024051290105
chr7:91097147:A:G	7	91097147	0.0411899483176184	0.153138144734062	0.787950851511019
chr7:113434486:A:C	7	113434486	0.0441405806527637	0.165252772966083	0.789384876182401
chr7:113749820:G:A	7	113749820	0.228716856982576	0.166959510668152	0.170719946052591
chr7:117145973:C:G	7	117145973	0.00609821952726201	0.184695323743913	0.973660452327107
chr7:119808046:G:A	7	119808046	0.0230950692264516	0.161465222982779	0.886263072242029
chr7:124802410:A:T	7	124802410	-0.0733676149576702	0.17112446577629	0.668113674597546
chr7:131384702:T:A	7	131384702	-0.142298732133556	0.161813812775858	0.379185553649093
chr7:136870573:G:A	7	136870573	-0.0954276535323301	0.208478646041746	0.647143940580708
chr7:142873374:T:C	7	142873374	-0.0432206838284583	0.220755813031509	0.844778426397709
chr7:145116884:A:G	7	145116884	-0.146241453511836	0.190133662511036	0.441803809855057
chr7:149242006:T:C	7	149242006	0.116354549393702	0.200767572641683	0.562219118309454
chr7:153502245:G:A	7	153502245	0.136149384937595	0.176585210622809	0.440699588823714
chr7:153952270:G:A	7	153952270	0.0261808219995633	0.200774807311927	0.896250805395484
chr7:154426289:T:C	7	154426289	0.0951529358557092	0.23595668317888	0.686753710611486
chr7:156975524:A:T	7	156975524	-0.131727277389024	0.158737950835521	0.406628623987972
chr7:157677820:C:T	7	157677820	0.272112497369112	0.205234181732446	0.184884936167256
chr8:276778:A:T	8	276778	-0.281569261989199	0.120548876383425	0.0195054758363974
chr8:1102873:G:T	8	1102873	-0.032974999442693	0.183623580503336	0.857482833627492
chr8:8710521:T:C	8	8710521	0.0367587553866293	0.199635369214631	0.853911885405425
chr8:9029509:T:C	8	9029509	0.0915399412818769	0.190151537174954	0.630228532307253
chr8:9109096:A:G	8	9109096	0.210606210677757	0.161032239602879	0.190923778175567
chr8:13032868:C:A	8	13032868	-0.286785352814868	0.199962438054469	0.151516303975895
chr8:20741226:C:T	8	20741226	-0.206634768629949	0.178952247917596	0.2482164861342
chr8:25783762:T:C	8	25783762	-0.0200722395185646	0.179893989096556	0.91115789310267
chr8:27022227:G:T	8	27022227	0.175448153183617	0.192798411339498	0.362818136304563
chr8:28150898:A:G	8	28150898	-0.0818693752953989	0.168060403498581	0.626157307101362
chr8:28528484:G:T	8	28528484	-0.00825633274347412	0.139715629347711	0.952877366762822
chr8:41788192:C:T	8	41788192	0.0196193394793229	0.226732488388602	0.931044487495603
chr8:53142705:G:A	8	53142705	0.0341707664148245	0.176298174575241	0.846313920482191
chr8:61304314:G:C	8	61304314	-0.248175423170394	0.14073081066386	0.0778202223356
chr8:61926940:A:T	8	61926940	-0.085610712518559	0.156845407454723	0.58518374716369
chr8:63445672:G:A	8	63445672	0.0654398143158282	0.199553492367527	0.742963690001968
chr8:65343369:C:A	8	65343369	-0.154260727988451	0.196355047512954	0.432089321440651
chr8:65418628:G:T	8	65418628	-0.0114165500112056	0.14372071269657	0.936686103770783
chr8:71273350:T:A	8	71273350	0.292592489752531	0.196446151678663	0.136374578081141
chr8:72033005:T:C	8	72033005	-0.00723246503345447	0.169318115667814	0.965928525780112
chr8:72065200:T:A	8	72065200	-0.145613322121538	0.163041154973103	0.371799463089639
chr8:73211475:T:C	8	73211475	0.11791124263237	0.15111710065732	0.435235462268741
chr8:86323708:T:C	8	86323708	0.0932579774731753	0.154463462052925	0.546007015360327
chr8:89525432:A:G	8	89525432	0.260775324375777	0.158922293780901	0.100818524483272
chr8:92001032:A:G	8	92001032	-0.133072162485795	0.172140254032709	0.439495749949186
chr8:92645879:A:G	8	92645879	-0.0917508118240163	0.248014364183039	0.711426061248674
chr8:95906161:G:A	8	95906161	-0.191410415390333	0.128407430130998	0.136053655890173
chr8:96365126:C:T	8	96365126	-0.231457974136168	0.169760982018299	0.17274562448383
chr8:98002322:C:T	8	98002322	-0.124390282982432	0.171202148863452	0.467489634603618
chr8:106920372:G:A	8	106920372	0.00442006088995657	0.182659205429676	0.980694352742707
chr8:108142424:A:G	8	108142424	-0.242570470828182	0.136464364857021	0.0754799129976119
chr8:109421925:C:T	8	109421925	-0.252774723206127	0.203783144106473	0.214823650923999
chr8:116252872:C:T	8	116252872	0.0375324095085063	0.128669034528292	0.770518076495278
chr8:121384602:C:T	8	121384602	0.0719414667355117	0.133206515766521	0.589145529594699
chr8:127029052:C:T	8	127029052	0.289680552218669	0.155931778936615	0.0632060826381774
chr8:128437247:A:G	8	128437247	0.035958191734513	0.158238074584797	0.820236282118763
chr8:131315237:G:A	8	131315237	0.197136202785577	0.155481888457227	0.204832018450953
chr8:141605122:C:T	8	141605122	-0.140302097916089	0.184052929060362	0.445885674514933
chr9:733358:A:C	9	733358	0.29123732243551	0.190028651195812	0.125375204875348
chr9:5461379:C:T	9	5461379	-0.335387861294768	0.233422006524143	0.150766158145834
chr9:11397008:T:G	9	11397008	-0.0145377234799979	0.248430764282864	0.953335858362889
chr9:11955148:T:G	9	11955148	0.166046500380399	0.160077410727852	0.299601298152054
chr9:12389360:A:G	9	12389360	-0.179838256261383	0.182930865698657	0.32556112382637
chr9:12615226:G:C	9	12615226	-0.0648703518331083	0.140497437682487	0.64428276535866
chr9:13820455:C:G	9	13820455	0.0237605577282821	0.247609575597123	0.923552524577897
chr9:14098421:G:A	9	14098421	0.0925643592335882	0.156981766992723	0.555425065280486
chr9:18952915:A:G	9	18952915	0.207533714218949	0.125413747037724	0.097966618153068
chr9:29651949:A:G	9	29651949	-0.0831885729682448	0.147475764653588	0.572697641380673
chr9:32058643:A:T	9	32058643	-0.0670080788239916	0.186428696160924	0.719273384964368
chr9:37013405:C:T	9	37013405	-0.128029793192418	0.160142934527414	0.424016772286568
chr9:37992585:C:T	9	37992585	-0.00802259156672033	0.160273301695349	0.960078005417098
chr9:82773489:T:C	9	82773489	0.181103482367944	0.227436778181358	0.42586898916318
chr9:89995415:A:G	9	89995415	-0.339502405425798	0.481431108047812	0.480689415677254
chr9:94568472:C:A	9	94568472	-0.0714270250769308	0.186125295536759	0.701158003574428
chr9:96162075:C:T	9	96162075	0.064361389385889	0.178645065204142	0.718641331683726
chr9:100192956:A:G	9	100192956	-0.0953713784222101	0.35339621252404	0.787259521914662
chr9:100529836:G:C	9	100529836	0.132885667843298	0.181499081988872	0.464073269440118
chr9:101460357:C:T	9	101460357	-0.0241728159649201	0.26554832712053	0.927468897841967
chr9:107904127:G:A	9	107904127	0.129692886446465	0.108134757414545	0.230386614574743
chr9:117420412:T:C	9	117420412	-0.156335529521248	0.129559644645461	0.227559872109839
chr9:117972207:C:A	9	117972207	0.313480807595711	0.175659089652894	0.0743265945632695
chr9:124044726:T:G	9	124044726	-0.213408408761375	0.206426616722284	0.301219314536998
chr9:125005426:C:T	9	125005426	-0.0162673125636102	0.249818764044401	0.948081278224538
chr9:129533341:A:G	9	129533341	0.146200069253594	0.14044541105392	0.297887456897832
chr9:136630984:C:T	9	136630984	-0.0363092270956218	0.153630270084009	0.813167592522248
chr10:2050300:A:G	10	2050300	0.2050428138007	0.117462884115531	0.0808810695372386
chr10:3113976:C:T	10	3113976	0.270978910510278	0.169736721868932	0.110384784198684
chr10:4591592:T:C	10	4591592	-0.0176849225912799	0.155926360762209	0.909698831208866
chr10:7462546:C:T	10	7462546	0.0994966416639045	0.132824614495407	0.453807267063961
chr10:7849544:T:G	10	7849544	-0.184043956915448	0.193129386702968	0.340611973514323
chr10:9367893:G:A	10	9367893	0.258111714917536	0.150695073738899	0.086747883685548
chr10:10628189:C:T	10	10628189	-0.0677995886126909	0.138388047826589	0.62418787020802
chr10:14014383:T:C	10	14014383	0.0526299305874903	0.153762191721198	0.732139169309789
chr10:16341555:C:T	10	16341555	-0.254149647259281	0.24012534642829	0.289871258469348
chr10:18075702:C:T	10	18075702	-0.089062547544766	0.262062014217603	0.733967273350249
chr10:27289376:T:C	10	27289376	0.165879901844128	0.18836850590764	0.378526898083719
chr10:27674317:A:G	10	27674317	0.00811915321580655	0.12929438346012	0.949929055133579
chr10:28771902:G:A	10	28771902	0.136759455279347	0.159332768782629	0.390712486276747
chr10:28891836:C:T	10	28891836	0.146017127933771	0.149387266402924	0.328351241589252
chr10:30622484:G:A	10	30622484	0.176212180481487	0.185119255585625	0.341155477828437
chr10:35177843:G:T	10	35177843	-0.0783036091154033	0.238832787756684	0.743017862942974
chr10:45036473:A:G	10	45036473	-0.029137789761882	0.178336893538507	0.87021435706212
chr10:51560095:T:G	10	51560095	0.161479237598523	0.165143920557377	0.328168721686873
chr10:54072488:A:G	10	54072488	0.146254330860132	0.134774693643101	0.277843488601711
chr10:54082016:C:T	10	54082016	-0.155387091005964	0.163189820575373	0.34100257125961
chr10:55299918:G:C	10	55299918	-0.17342322856813	0.328295823924218	0.597323801618663
chr10:56747004:T:C	10	56747004	0.258524090495992	0.241931730341299	0.285257693569117
chr10:57761967:T:C	10	57761967	-0.315011545980392	0.312396813726129	0.313276914122017
chr10:69232402:C:A	10	69232402	-0.192684256456701	0.115599921315279	0.095550209674458
chr10:79437519:C:T	10	79437519	0.121082768604895	0.250362103872955	0.62864807080126
chr10:82354363:C:G	10	82354363	0.516289255749891	0.178084894957759	0.00374213151027125
chr10:84591955:C:T	10	84591955	-0.456252313265569	0.434371469317969	0.293546389826682
chr10:84989741:G:A	10	84989741	-0.404215242531472	0.168068811610254	0.0161698985274968
chr10:91053424:A:C	10	91053424	-0.0976645557737567	0.123866358510926	0.430423501019564
chr10:93612452:G:A	10	93612452	0.0143062139967003	0.250793060270347	0.954510225716646
chr10:93671121:T:C	10	93671121	0.406812071241512	0.211499051562458	0.05442105621267
chr10:101249704:C:T	10	101249704	0.22352445000616	0.180046557849452	0.214427970655741
chr10:102352980:T:C	10	102352980	-0.381051584563612	0.132638653190905	0.0040678109500627
chr10:104637359:T:C	10	104637359	-0.343402200450706	0.180377194246838	0.0569361657272008
chr10:108480456:T:C	10	108480456	0.33350343963259	0.149992402385042	0.0261841992588036
chr10:109264424:C:T	10	109264424	-0.192577381493861	0.240710443266012	0.42368907004996
chr10:111352001:T:G	10	111352001	-0.483450690426595	0.241421901972726	0.0452295003679521
chr10:118828443:C:T	10	118828443	0.0168138441244239	0.166466420578703	0.919546952116786
chr10:120152982:A:G	10	120152982	0.598673005001979	0.212550347083115	0.0048532302640325
chr10:121580593:A:G	10	121580593	-0.403467622195245	0.330320357496058	0.221918181500007
chr10:121611573:C:G	10	121611573	-0.0158651777211062	0.209825457990229	0.939728338256047
chr10:121734173:T:C	10	121734173	0.0586305356294225	0.15067630690589	0.697190466747287
chr10:121910644:T:A	10	121910644	-0.0720224994382282	0.161865780757218	0.656354457976151
chr10:122561189:A:G	10	122561189	0.229291083441523	0.164987270590188	0.164604761503308
chr10:123750431:C:G	10	123750431	-0.277417739031841	0.172515746951979	0.107819414806382
chr10:127533155:T:C	10	127533155	0.239439377892452	0.119970195720196	0.0459530998243317
chr10:129953349:A:G	10	129953349	-0.126738355852914	0.190574695293552	0.506029740339447
chr10:131819683:A:G	10	131819683	0.0603377180430862	0.155693017166108	0.698354357091486
chr10:131953941:A:C	10	131953941	-0.265829671135478	0.158196410136601	0.0928839118439625
chr11:388357:C:T	11	388357	0.24784899342204	0.132477092368046	0.0613614532210516
chr11:2257707:C:T	11	2257707	0.0699431950897361	0.145009954642891	0.629568876160829
chr11:3623903:G:A	11	3623903	0.140029367491974	0.155763201814319	0.368658648212251
chr11:5806222:C:T	11	5806222	-0.0998498794045564	0.159997386650976	0.532580341151935
chr11:9789492:C:A	11	9789492	0.155228823125885	0.144102476677004	0.281385856772701
chr11:14569664:T:G	11	14569664	0.243308442801538	0.205938351209176	0.237419035299794
chr11:36019710:C:A	11	36019710	0.227215064884801	0.139337828963582	0.102958383152737
chr11:39635569:C:T	11	39635569	-0.0287968478988654	0.261635850605454	0.912358134598835
chr11:40512905:C:G	11	40512905	-0.391592460953572	0.263920468268089	0.137874787455706
chr11:42744986:A:G	11	42744986	-0.00191659173239097	0.136114773467079	0.988765595510931
chr11:43201079:C:T	11	43201079	-0.245199650160724	0.217123446868848	0.258767141428788
chr11:43982585:G:A	11	43982585	0.11752171337397	0.185895550541309	0.52726130651151
chr11:44330300:A:G	11	44330300	0.327176045227252	0.180104383962408	0.0692797265879672
chr11:49875094:A:G	11	49875094	-0.0706376061407024	0.113926756121162	0.535240350233042
chr11:50253126:G:T	11	50253126	0.195009280484693	0.17125770972771	0.25483286736557
chr11:55906271:G:A	11	55906271	-0.296885576914103	0.218805429629853	0.174829704962582
chr11:57305789:G:A	11	57305789	0.221043760245347	0.193553767890522	0.253442514775694
chr11:58998793:A:C	11	58998793	-0.374109373406094	0.266756249929613	0.160784188549937
chr11:63184971:C:T	11	63184971	0.0980061519437536	0.124878817618758	0.43256494282546
chr11:70801858:T:C	11	70801858	0.0817085061360639	0.154009227025493	0.595735554228045
chr11:71334794:T:G	11	71334794	0.136060497003728	0.160247770637251	0.395846084149158
chr11:77208574:G:A	11	77208574	0.0374422825515392	0.137826560422986	0.785881679680347
chr11:77376654:A:G	11	77376654	-0.332444887234039	0.191415330239181	0.0824273297433817
chr11:77897055:A:G	11	77897055	0.461062933194723	0.211279566023835	0.0290917502237783
chr11:81783030:C:T	11	81783030	-0.0948626304377268	0.155297790316494	0.541303257598682
chr11:83962252:C:T	11	83962252	-0.19031662283332	0.282787776940249	0.500946280908066
chr11:86328783:G:T	11	86328783	0.110545640252239	0.170637733854093	0.51708961332908
chr11:93046218:A:C	11	93046218	-0.0907972445330252	0.201574858887208	0.652393690736524
chr11:100626548:G:A	11	100626548	-0.118288227375591	0.264659818106665	0.654915194690063
chr11:104129521:G:A	11	104129521	-0.069074585859677	0.320808288903467	0.829522345209453
chr11:108728662:A:G	11	108728662	-0.150779435354194	0.32314591485037	0.640787080214268
chr11:110396347:G:A	11	110396347	0.050637169963849	0.148162670495223	0.732525948483735
chr11:115616504:A:T	11	115616504	-0.116484650785737	0.232815303051368	0.616842218808259
chr11:119630310:G:A	11	119630310	-0.386118777644753	0.181649461570066	0.0335344316499715
chr11:123267436:G:A	11	123267436	-0.0662076657027603	0.208089937834009	0.750357117081348
chr11:125907492:T:C	11	125907492	0.146430948835096	0.157672178703707	0.35304196216947
chr11:126829359:G:A	11	126829359	-0.313569139736824	0.2460946519433	0.20259926274659
chr11:130290657:C:T	11	130290657	-0.188832703627707	0.264395352008831	0.475099908185836
chr11:131355535:G:A	11	131355535	0.109372569121917	0.168244536867374	0.515639930833668
chr11:133238417:A:G	11	133238417	0.267049626276146	0.174907433883123	0.126809391751175
chr11:134309503:C:T	11	134309503	-0.028038664012092	0.207094440224991	0.89230296612758
chr12:5192681:C:T	12	5192681	0.0844816756323582	0.129163671466986	0.513068738113026
chr12:5448727:G:A	12	5448727	0.151899259939774	0.14402997137571	0.291591619536097
chr12:6639294:C:T	12	6639294	0.0842017639960685	0.22130285594786	0.703587619507499
chr12:19523028:C:A	12	19523028	-0.207193174406208	0.13385517566934	0.121648626983456
chr12:20003679:T:A	12	20003679	-0.0555605780260959	0.200168355580022	0.781343048664225
chr12:21333090:G:A	12	21333090	-0.0732677029498695	0.177122685993158	0.679126711914046
chr12:25518059:A:T	12	25518059	0.0581398184921219	0.169126987825772	0.731023559530365
chr12:28965843:C:T	12	28965843	0.167935200437142	0.155866496237849	0.281288318219666
chr12:32086665:A:C	12	32086665	-0.323432024385117	0.137628950563147	0.0187719487111523
chr12:44631613:C:T	12	44631613	0.11206063607409	0.196539390697316	0.568563189258223
chr12:53646626:C:G	12	53646626	0.0832860813282267	0.171919431077172	0.628067725692374
chr12:53680144:C:A	12	53680144	-0.150269292540578	0.133656238543291	0.260887099777709
chr12:54366280:G:A	12	54366280	0.0271108081976049	0.145747136954261	0.852434857210807
chr12:55599330:T:C	12	55599330	0.0558775999990512	0.198734390307786	0.778582130264316
chr12:56675083:C:T	12	56675083	-0.250884100327833	0.152138972560272	0.099138297092715
chr12:57436134:C:T	12	57436134	0.159515111931264	0.160001532195869	0.318783973408887
chr12:58724212:C:T	12	58724212	0.142238943903901	0.167215989517225	0.394974896677226
chr12:59048769:A:C	12	59048769	-0.424086207122375	0.251778593340556	0.0921117974139185
chr12:59161225:G:A	12	59161225	0.378921133305182	0.210065523530321	0.0712589765556494
chr12:59226687:C:T	12	59226687	-0.274533192602747	0.186977533250311	0.142031346912001
chr12:63113400:T:C	12	63113400	0.0712116840559538	0.186984804930768	0.703320424700036
chr12:64271340:C:T	12	64271340	-0.213884445979686	0.244441219205694	0.381577513565464
chr12:64756705:C:T	12	64756705	-0.363284487738112	0.210039049378935	0.0837009591636415
chr12:67050802:C:T	12	67050802	-0.161958048753393	0.185296462923122	0.382091979169812
chr12:73909094:G:A	12	73909094	-0.0256123382910781	0.110588347548104	0.816848166671971
chr12:81126959:G:A	12	81126959	-0.0343698482283625	0.141353639052849	0.807890783163839
chr12:83608380:A:G	12	83608380	0.0354437336402531	0.141796171043586	0.802616303961697
chr12:90727178:A:C	12	90727178	0.239004523457444	0.175871513654044	0.174155351957693
chr12:92596791:C:T	12	92596791	-0.042901402086193	0.199647528059314	0.829856421458915
chr12:95914573:A:T	12	95914573	-0.176473687739958	0.235235101766179	0.453133453987807
chr12:105967464:T:C	12	105967464	-0.0830526417186334	0.189177850554153	0.660647880491334
chr12:109533295:C:T	12	109533295	0.17845393509296	0.197169809320527	0.365424392909224
chr12:112209515:G:A	12	112209515	-0.101895818938841	0.2490225875756	0.682405341147339
chr12:125875525:T:C	12	125875525	-0.0804139747542642	0.142764694710492	0.573256264398432
chr12:126449337:A:G	12	126449337	0.107416960197655	0.148625219882888	0.469841418617334
chr12:131091094:G:A	12	131091094	-0.324223736891861	0.182413923600296	0.0755013429914937
chr12:132776953:G:A	12	132776953	0.0333640618129997	0.236997721723131	0.888045334936321
chr13:19545220:A:G	13	19545220	-0.00961499521696215	0.160517770092567	0.952235375220344
chr13:22977365:T:G	13	22977365	0.204265450210943	0.18742612102239	0.275781358588611
chr13:24330599:T:C	13	24330599	-0.492991444013428	0.383932257680964	0.199121519064947
chr13:24623185:A:C	13	24623185	0.325758626614459	0.166405837712548	0.0502751617154016
chr13:25202506:T:G	13	25202506	0.340350851426833	0.18680017665804	0.0684542305998935
chr13:26234118:A:T	13	26234118	-0.0829513566278186	0.165442731157165	0.616096567088619
chr13:26494236:G:A	13	26494236	0.127779402715409	0.144100032086253	0.375218373321628
chr13:42909938:A:G	13	42909938	0.191011994959551	0.145555835610775	0.189421082754518
chr13:45708351:G:A	13	45708351	0.167893217303181	0.200398557227792	0.402144983904905
chr13:45809177:C:G	13	45809177	-0.0571953872551715	0.149766500829938	0.702537716625455
chr13:50558767:A:T	13	50558767	0.0748631049705068	0.194760043152184	0.70069210515227
chr13:58710908:G:A	13	58710908	0.15115293082404	0.156570133290326	0.334344104489013
chr13:58934154:C:T	13	58934154	-0.13424735155502	0.15584957755461	0.389022985252118
chr13:70397215:T:C	13	70397215	-0.0655266324498503	0.136983735658969	0.632398711914698
chr13:86776101:G:A	13	86776101	-0.24891003079123	0.159550461627828	0.118743129597467
chr13:91472230:T:C	13	91472230	0.0825178204729805	0.131109183046034	0.52909869661625
chr13:93235990:C:T	13	93235990	-0.2064365535424	0.173921053226049	0.23524516730453
chr13:96765286:G:A	13	96765286	0.0315007556457738	0.157162142262856	0.841140579555375
chr13:102180181:A:G	13	102180181	-0.0819956457916425	0.209070798322294	0.694917233712661
chr13:106009559:G:C	13	106009559	-0.0301523827198561	0.122981734569535	0.80631881781253
chr13:106084136:A:G	13	106084136	-0.261575148645348	0.11333191803422	0.0209966426365393
chr13:112716578:T:C	13	112716578	-0.129807714036233	0.246507039377531	0.59847954332547
chr14:21167555:A:G	14	21167555	0.127620796741107	0.203715165016543	0.531008776946059
chr14:26929954:A:G	14	26929954	0.248157389172726	0.160338925564999	0.121693289090079
chr14:27823594:G:A	14	27823594	-0.149397175228073	0.206581969187758	0.469565656715687
chr14:34182794:A:C	14	34182794	0.103161479660235	0.200681053814999	0.607212212211112
chr14:38216062:T:A	14	38216062	0.107927641202065	0.163115968729643	0.508187851112009
chr14:39925237:C:T	14	39925237	0.0469863172130136	0.177900194503979	0.791690407783877
chr14:44446011:A:G	14	44446011	-0.242777841038499	0.349411518468177	0.48716859747274
chr14:51426205:T:C	14	51426205	-0.0148229031963958	0.26348614310402	0.95513718471115
chr14:52881822:T:G	14	52881822	0.235121962517842	0.151783410706503	0.121366739378556
chr14:53358297:A:G	14	53358297	0.316268740502777	0.161909415240107	0.0507759540922714
chr14:56254615:G:A	14	56254615	-0.101616828911833	0.115038486135854	0.377058548969938
chr14:57978070:T:C	14	57978070	-0.0630567636831394	0.175111028702192	0.718775417882362
chr14:62445185:T:C	14	62445185	0.10385500157706	0.151246850424816	0.492297678915744
chr14:67518615:G:A	14	67518615	-0.281842641546279	0.155510077209517	0.0699282081173362
chr14:68863518:T:G	14	68863518	0.553079577931432	0.169267601122086	0.00108507094794164
chr14:77734277:G:A	14	77734277	-0.353336867758496	0.353497271976871	0.317530152731525
chr14:84531019:T:G	14	84531019	-0.0730995184030923	0.150905819510116	0.62809854162748
chr14:90804831:C:G	14	90804831	0.0877334151202678	0.189562243024636	0.643492570585616
chr14:91397629:G:T	14	91397629	-0.0267676578832942	0.231249080114957	0.907848701204475
chr14:91961156:T:C	14	91961156	-0.0811351998904361	0.201625776084336	0.68738606581255
chr14:92998270:C:G	14	92998270	0.183190722900366	0.209841925237295	0.382666396882161
chr14:98340169:A:G	14	98340169	0.124801160681386	0.172355593028454	0.46900977350198
chr14:100721312:C:T	14	100721312	0.302435678320909	0.208596406008262	0.147097439247416
chr15:24165057:A:G	15	24165057	0.066916549036969	0.147991200830384	0.651149595944572
chr15:26353849:A:G	15	26353849	0.258906556336396	0.16420142350265	0.114850310396259
chr15:34880184:A:T	15	34880184	-0.152560804126097	0.179647501304209	0.395757173653908
chr15:37080410:C:T	15	37080410	0.12981704225832	0.183414362251779	0.47908180376735
chr15:55712443:A:G	15	55712443	-0.0900440302598162	0.320590835257226	0.778810871278963
chr15:57522102:A:T	15	57522102	0.143587781350205	0.159520945158032	0.368057100200557
chr15:69786285:T:C	15	69786285	0.163009607689036	0.172197056249281	0.34381933414162
chr15:71331250:T:C	15	71331250	0.173137766659551	0.204194318359858	0.39648983467213
chr15:77734259:G:A	15	77734259	-0.0543117801521336	0.210507160308647	0.796403487400261
chr15:79750604:G:T	15	79750604	-0.08649987558084	0.193275135885043	0.654479531929353
chr15:81697597:G:A	15	81697597	0.0214452702170556	0.142149634276762	0.88008295599129
chr15:87989871:C:T	15	87989871	0.0194929318885136	0.173425438031179	0.91050665465455
chr15:88891382:T:C	15	88891382	0.218596693326145	0.136497304591942	0.109272283954222
chr15:94791129:A:G	15	94791129	0.363108315608989	0.211484606064731	0.0859884625231295
chr15:100978492:T:G	15	100978492	0.320684225151656	0.193686652741299	0.0977854805958361
chr16:2671727:C:T	16	2671727	0.266713372904393	0.175388360170383	0.128334718455173
chr16:4957642:T:C	16	4957642	0.0925228022132577	0.147195123831853	0.529628989841664
chr16:5884026:G:T	16	5884026	0.0279113892801424	0.139860238858024	0.841819792439484
chr16:6848656:G:A	16	6848656	0.0679905414875132	0.127837022968004	0.594827609452995
chr16:7909855:G:A	16	7909855	0.0944268612399736	0.148410681189618	0.524611006128566
chr16:8273542:C:G	16	8273542	0.120688529045359	0.177868269139613	0.49743723284779
chr16:12394716:C:T	16	12394716	-0.343704324734917	0.242098469505377	0.155698493781113
chr16:17779668:G:A	16	17779668	0.0170812353901032	0.165893234382747	0.917990564974533
chr16:31127124:G:A	16	31127124	0.0467896356535544	0.147419919093477	0.750947552425246
chr16:56688556:C:T	16	56688556	0.101059422024689	0.211156802389692	0.632223971816354
chr16:60324635:A:C	16	60324635	0.193038529279319	0.167649669940722	0.249551282215089
chr16:60499572:C:T	16	60499572	-0.139934846527126	0.180121095184547	0.437221808051411
chr16:62273123:C:T	16	62273123	0.290054591476833	0.210717646171814	0.168664315669977
chr16:65972427:C:T	16	65972427	-0.264792711861307	0.216453674445609	0.221207804535786
chr16:69246420:T:C	16	69246420	-0.299066913881556	0.202853706908727	0.140401241442432
chr16:71908403:G:A	16	71908403	-0.0963221172759032	0.204344029727025	0.637374886399017
chr16:72103328:C:A	16	72103328	-0.0309083286945922	0.178093130528559	0.862217956351626
chr16:79886631:C:T	16	79886631	0.146861326372083	0.164359300109315	0.371568981737712
chr16:81396153:C:A	16	81396153	0.0296204685555466	0.167634711467436	0.859746781963329
chr16:82294878:C:G	16	82294878	-0.222223903720528	0.239170389810208	0.35281409380308
chr16:82421890:A:G	16	82421890	0.147462051468157	0.164718826793884	0.370661502781425
chr16:83827178:T:C	16	83827178	-0.154354856009315	0.138725844177176	0.265853990898665
chr16:89331863:A:T	16	89331863	-0.1425133969107	0.153714599158686	0.353859107201859
chr16:89337630:T:C	16	89337630	-0.0703331106858499	0.143662454874302	0.624436816991781
chr16:89479873:T:G	16	89479873	0.189879955051159	0.133776438774385	0.155787490322378
chr16:90035976:C:A	16	90035976	0.2910564672431	0.184755493540555	0.115173305705688
chr17:2489248:C:G	17	2489248	-0.079722891128523	0.171945724238423	0.642897458143618
chr17:6949267:T:C	17	6949267	0.0670470674931976	0.148357746417572	0.651320619901878
chr17:7929448:A:G	17	7929448	-0.10985556630009	0.179299645894447	0.540079616149802
chr17:12174148:T:C	17	12174148	0.185946966722486	0.167753502546125	0.267665985699119
chr17:15219976:C:T	17	15219976	0.260372451343516	0.173438903319357	0.133294940381286
chr17:16482403:T:A	17	16482403	-0.0185068272649667	0.153034963722429	0.903744880141423
chr17:18684803:A:G	17	18684803	0.15948590250445	0.194538957506436	0.412321733792055
chr17:20040710:T:C	17	20040710	-0.241503367283744	0.150637081110969	0.108887576891953
chr17:21275023:A:C	17	21275023	0.19394309228844	0.131036065191471	0.138853460354116
chr17:31554254:C:T	17	31554254	-0.219910062144535	0.185602649985665	0.236079396502424
chr17:33472425:T:G	17	33472425	0.191141709181784	0.161948786944217	0.237896738714739
chr17:44156671:T:A	17	44156671	-0.0374028385186622	0.163949335775854	0.819540073702438
chr17:45754773:C:T	17	45754773	-0.306513747145697	0.238992493716178	0.199658688778165
chr17:48779278:C:T	17	48779278	0.172008547421636	0.177534374629647	0.332607756485623
chr17:52703044:C:G	17	52703044	0.0359256935507858	0.173345382703752	0.835815237786654
chr17:53282498:G:T	17	53282498	0.0697872035594568	0.142500445402653	0.62432268344854
chr17:58411807:C:T	17	58411807	0.057239454578237	0.196438351174874	0.770755851293954
chr17:61409438:A:G	17	61409438	-0.0116024885559833	0.132921186011547	0.930442209087396
chr17:66262233:G:T	17	66262233	-0.0618062182428807	0.166894361672038	0.711135600010499
chr17:66751216:C:T	17	66751216	0.0829320129840198	0.157710383064686	0.598992395817203
chr17:66971178:A:G	17	66971178	-0.164719057063764	0.240972854292634	0.494253960512313
chr17:68771033:G:A	17	68771033	0.213573369306416	0.173550876617788	0.218468924966038
chr17:69081332:C:T	17	69081332	0.200120169343802	0.165979690665397	0.227936772424545
chr17:69213412:T:C	17	69213412	-0.3938719255143	0.296705213537757	0.184348070079355
chr17:72829246:G:A	17	72829246	-0.0957198443857704	0.195055299509396	0.623616129596422
chr17:73506492:C:T	17	73506492	-0.338620203013309	0.201796933580138	0.0933423119515064
chr17:77625920:A:T	17	77625920	-0.190756185908782	0.289531797540477	0.509996174964887
chr18:1137045:A:T	18	1137045	0.338425232444275	0.147308814576867	0.0215967503580849
chr18:4080016:T:A	18	4080016	-0.118944129429787	0.21837832596845	0.585980480558061
chr18:8920896:G:C	18	8920896	-0.1330759902301	0.174444350737568	0.445549038013341
chr18:9609299:C:T	18	9609299	0.26054920206447	0.178035393304767	0.143339208338917
chr18:10572326:C:T	18	10572326	0.22278957368308	0.158856406173037	0.160778268522458
chr18:11017906:C:T	18	11017906	0.17101911563384	0.159854167689493	0.284689270072787
chr18:14686017:A:G	18	14686017	-0.0412455056875472	0.205342616285011	0.840806568931598
chr18:14895123:C:T	18	14895123	-0.056870212138109	0.143868779902595	0.692627226359653
chr18:30059135:A:G	18	30059135	-0.158906827018601	0.103354327202941	0.124171982942821
chr18:32490781:T:C	18	32490781	-0.206485403218572	0.16028494598739	0.197662596051159
chr18:36255061:C:A	18	36255061	-0.126586578328074	0.146515828446525	0.387599504081969
chr18:42762909:A:C	18	42762909	-0.0429386327832994	0.200000133325441	0.830006664304289
chr18:43928870:G:A	18	43928870	0.276953687060407	0.202888988179287	0.172237221266252
chr18:45461168:C:T	18	45461168	0.227772364505745	0.158477685804189	0.150646413766299
chr18:49146783:T:G	18	49146783	0.350510436412106	0.172253431041091	0.041865651439831
chr18:49872731:C:G	18	49872731	-0.208742237886671	0.176119699120499	0.235926775367173
chr18:50485733:T:C	18	50485733	-0.570603537670671	0.27776155314216	0.0399473685245914
chr18:58120958:C:T	18	58120958	-0.190378693654652	0.2955989332145	0.519546958634523
chr18:59256389:C:T	18	59256389	0.130938448138242	0.175250702296099	0.454973414486992
chr18:62998306:G:A	18	62998306	0.246649740434953	0.149680858615208	0.0993860097817985
chr18:66103927:C:T	18	66103927	0.197096093567605	0.134513407648008	0.142852067655168
chr18:66206557:C:T	18	66206557	-0.0526565394570634	0.138640812118189	0.704089818139465
chr18:68001558:G:A	18	68001558	-0.256994671661395	0.147300132353973	0.0810369487316597
chr18:71730181:C:T	18	71730181	0.146726666856981	0.134001128025961	0.273531572414511
chr18:72912108:T:C	18	72912108	-0.266699430111731	0.154209918227057	0.0837273272609945
chr18:73248491:G:A	18	73248491	-0.202418267827817	0.189536161904917	0.285535631983388
chr19:2907557:G:A	19	2907557	0.0179449505207656	0.172510907931049	0.91715179386285
chr19:17584922:G:A	19	17584922	-0.285248911940678	0.162910113718361	0.0799529915275662
chr19:18704666:C:T	19	18704666	-0.188159079125814	0.266971593008351	0.480940536102396
chr19:18737022:C:T	19	18737022	0.183522654879148	0.185179424133058	0.321659619335886
chr19:18805179:A:G	19	18805179	0.00891644625165341	0.129791462818342	0.945229811880353
chr19:21560366:G:T	19	21560366	0.151161014659234	0.16171950087497	0.349937198206108
chr19:21659434:G:C	19	21659434	0.247619324133153	0.192884481884451	0.199222420110219
chr19:33474662:T:C	19	33474662	-0.164985730425226	0.173306473763805	0.341102929974058
chr19:37956680:C:T	19	37956680	-0.0429787624375999	0.175002991068401	0.806000613744708
chr19:38120117:A:T	19	38120117	-0.28067437127269	0.232704939779795	0.227764118277041
chr19:44380983:T:C	19	44380983	-0.120837002458289	0.304262808259341	0.691259205948627
chr19:44819986:A:G	19	44819986	0.0202235480256354	0.190622391265567	0.915509203184494
chr19:48685001:C:T	19	48685001	0.294932573366264	0.227603489754318	0.195038385206605
chr19:51552139:T:A	19	51552139	0.030765462330065	0.16310856225504	0.850391015335454
chr19:52714810:C:T	19	52714810	0.122304168097645	0.167249328928255	0.464615158905015
chr19:53330671:T:C	19	53330671	0.0923240017484909	0.174232056067672	0.596187493296729
chr19:54944544:G:A	19	54944544	-0.122069472179517	0.273001065541465	0.654774572687981
chr19:57195010:G:C	19	57195010	-0.0142530132676661	0.26335192848806	0.956838326916514
chr20:1709120:A:G	20	1709120	0.0381219466400388	0.1288914886346	0.767407447189742
chr20:1735934:T:G	20	1735934	0.0687657791781729	0.112180590190038	0.539881777776667
chr20:1906500:G:T	20	1906500	0.25138513952581	0.189626788436529	0.184944493978112
chr20:3649460:G:A	20	3649460	-0.0205161038639169	0.201822206125734	0.9190310429594
chr20:5407753:C:T	20	5407753	0.0829083356702863	0.170857809694014	0.62750074725635
chr20:5860313:T:C	20	5860313	0.0949032756055695	0.152268934145946	0.533113076036439
chr20:7000966:A:C	20	7000966	-0.0120723305542684	0.194235495408767	0.95044094223686
chr20:12129436:G:A	20	12129436	0.137974156654254	0.22904635724119	0.546917698446313
chr20:31347432:T:C	20	31347432	0.0792553284698688	0.13805333497382	0.565905481518513
chr20:37593342:C:T	20	37593342	0.0656148565018751	0.139166221156967	0.637294066094551
chr20:38200488:G:A	20	38200488	0.0932527784361195	0.137919584666115	0.498952542909712
chr20:38350608:A:G	20	38350608	0.0219995417741708	0.204059762072015	0.914146959078165
chr20:45729681:A:G	20	45729681	0.0508323147842895	0.132945179314292	0.702197725080779
chr20:48501317:C:T	20	48501317	0.218345590775963	0.136391321260475	0.109404389557299
chr20:49036824:T:G	20	49036824	-0.109480388788669	0.170316029974828	0.520349140371393
chr20:50371082:C:T	20	50371082	-0.0536821760582317	0.243478403992792	0.825497162795857
chr20:52513956:G:A	20	52513956	0.128631080857362	0.291399752980682	0.658905483615855
chr20:54253971:A:G	20	54253971	0.143797913460304	0.110549378252809	0.193341533725284
chr20:58480201:T:G	20	58480201	-0.0925327688862612	0.115151908813957	0.421644604568749
chr20:60073360:C:T	20	60073360	0.147300633928942	0.134705042660502	0.274172147098007
chr21:15297615:T:C	21	15297615	-0.154998087310802	0.17027749510892	0.362681399566376
chr21:24026351:C:T	21	24026351	0.018476208540658	0.163369873718191	0.909955759819759
chr21:26647335:G:C	21	26647335	0.065582922515881	0.18298578723275	0.720040653412388
chr21:28043199:C:G	21	28043199	0.0779954522099994	0.154981767212105	0.614784533297609
chr21:31885030:A:G	21	31885030	-0.0900040783053303	0.204157774166284	0.659317608746132
chr21:35502622:A:T	21	35502622	0.275049536784479	0.150453637459976	0.0675293169451131
chr21:36306638:T:G	21	36306638	0.206853354490686	0.172816742830453	0.231325245064133
chr21:41442549:G:A	21	41442549	0.175624892752422	0.183468805032286	0.338442793253202
chr22:20147688:T:C	22	20147688	0.11604121398026	0.150045332982696	0.439300857231827
chr22:23891985:A:G	22	23891985	0.160283501773568	0.167003261630194	0.337174657486857
chr22:24245985:G:T	22	24245985	0.116003994604055	0.171251273332861	0.498158191154308
chr22:30662128:G:A	22	30662128	0.218062800245849	0.17675760283648	0.217321155434338
chr22:36977479:G:A	22	36977479	0.119751387733435	0.159250871816667	0.452070951833812
chr22:42475109:T:G	22	42475109	0.131667373665979	0.173352508650159	0.447532323141755
chr22:44719519:A:G	22	44719519	0.201462709724198	0.179560831070772	0.261873196850445
chr22:45210278:T:C	22	45210278	-0.181325476283251	0.244322678786578	0.457992986726227
chr22:49668266:A:G	22	49668266	-0.0198448914413258	0.179764004999059	0.912096806034433
