SNP	CHR	POS	est	stderr	pval
chr1:1837340:C:T	1	1837340	-0.856856776810811	0.504520480992346	0.0894400712963568
chr1:2261200:G:C	1	2261200	-0.063875891601758	0.145466700511629	0.660581790022504
chr1:14678191:A:C	1	14678191	-0.258683968605262	0.227007696893329	0.254478696550567
chr1:14985097:C:T	1	14985097	-0.787273560634293	0.358207367587004	0.0279622850978818
chr1:15065941:C:T	1	15065941	-0.778804590223503	1.01484831303278	0.442837874804219
chr1:20215506:G:C	1	20215506	-0.213985210867301	0.28035597707948	0.445306846872961
chr1:20533654:G:C	1	20533654	-0.852574142103949	0.515954508789414	0.0984487271807234
chr1:22009627:T:C	1	22009627	-0.41461633453692	0.371413946693517	0.264285739424649
chr1:22126221:C:T	1	22126221	0.0603026320958206	0.237759113576964	0.799782106187989
chr1:23180575:A:G	1	23180575	0.162171567836839	0.341474927953574	0.634847554441818
chr1:26058659:G:C	1	26058659	-0.70544523835338	0.343623319585996	0.0400763700908604
chr1:26181362:A:G	1	26181362	-0.332632097247281	0.503617825544974	0.508942542243377
chr1:26848285:C:T	1	26848285	0.170223475598239	0.292712445359153	0.56087776427871
chr1:28670719:C:T	1	28670719	-0.257695008130996	0.221571998374234	0.244817098546101
chr1:29753056:A:C	1	29753056	-0.00357759573218606	0.10926311194144	0.973879579506622
chr1:29908726:A:G	1	29908726	0.348035019213416	0.353087300804537	0.324284705260138
chr1:31886486:G:T	1	31886486	0.0434208051295323	0.174884073423765	0.803915173818436
chr1:37838865:C:T	1	37838865	0.196279281442743	0.250440229834646	0.43319443070894
chr1:39880059:T:C	1	39880059	0.13304899086621	0.186519492174028	0.475644756849612
chr1:41175014:G:A	1	41175014	-0.260318660964652	0.434537298027118	0.549125589489759
chr1:41597921:C:T	1	41597921	-0.429184354085496	0.762441052706363	0.573497366253537
chr1:42635725:A:G	1	42635725	-0.101975004349998	0.625072010568826	0.870407253266303
chr1:43202709:G:A	1	43202709	-0.06441643580432	0.358023578203061	0.85721354573879
chr1:47498869:G:A	1	47498869	0.239091920673028	0.231667774137547	0.302050324071489
chr1:51034150:G:A	1	51034150	-0.266745264573824	0.417854077238301	0.523233232852396
chr1:54900240:G:A	1	54900240	-0.402703491331174	0.196728810366122	0.0406582759386901
chr1:55459433:C:T	1	55459433	0.140186069926637	0.330990229024056	0.671904696397016
chr1:56563907:C:T	1	56563907	-0.470959773016765	0.561919391172181	0.401959420903027
chr1:65351414:T:A	1	65351414	0.223924919706429	0.20901462200579	0.284018312508762
chr1:66254178:T:A	1	66254178	-0.389219971565926	0.70790510125485	0.582443237931408
chr1:73302339:T:C	1	73302339	-0.167723016376293	0.429435377812348	0.6961177883553
chr1:73563666:T:C	1	73563666	0.0408044963465238	0.20397550629504	0.841444558527945
chr1:76062379:T:C	1	76062379	0.37959190334137	0.261950156548076	0.147309731068142
chr1:86928231:G:T	1	86928231	-0.348810083395626	0.50789106416823	0.49222055792427
chr1:88611347:G:A	1	88611347	-0.45647449612975	0.370153480486752	0.217499921994015
chr1:91057167:C:A	1	91057167	0.254887307186052	0.247022349247213	0.302147520577196
chr1:91093925:G:A	1	91093925	0.27277581648899	0.263431268264009	0.300448333660771
chr1:92475800:A:G	1	92475800	0.114725552352998	0.260026901149685	0.659063526360861
chr1:94752415:G:A	1	94752415	0.150808694368187	0.249197824698729	0.545061656489374
chr1:95614324:G:A	1	95614324	0.266756827339896	0.204874482311865	0.192899281076717
chr1:99691102:T:C	1	99691102	-0.204725044861161	0.277214024856168	0.460205216383578
chr1:104937367:T:A	1	104937367	-0.112144652687026	0.25557490158126	0.66081103698733
chr1:115841221:A:T	1	115841221	0.746267133994241	0.455868810934157	0.101625936354217
chr1:153704237:C:A	1	153704237	-0.0407683573832643	0.404508811825085	0.91972125853247
chr1:155857667:G:T	1	155857667	-0.697495668830906	0.866086643688512	0.420622538569033
chr1:157334223:T:C	1	157334223	0.0413877326254606	0.268539752660051	0.877513985783485
chr1:159540226:C:T	1	159540226	0.211730452515446	0.214703400458569	0.324057924585982
chr1:165647351:T:C	1	165647351	0.216704945799627	0.244823448196629	0.376076901350978
chr1:167545338:A:T	1	167545338	-0.305197146248713	0.626966193361529	0.626411370787369
chr1:168863629:G:A	1	168863629	-0.24597695404275	0.453077343780112	0.587196734869738
chr1:171350391:G:A	1	171350391	-0.813687214048189	0.473854090318114	0.0859484290901474
chr1:173013575:C:G	1	173013575	-0.300381357560881	0.295385404228058	0.309194657419287
chr1:178947344:C:A	1	178947344	-0.418910028432008	0.653888402994572	0.521753661240202
chr1:182872646:T:G	1	182872646	0.270337195353604	0.386883022146964	0.484703945003369
chr1:185127444:C:G	1	185127444	-0.591953391498227	0.442374437002589	0.180854883498186
chr1:185619557:C:T	1	185619557	-1.34853848225103	1.32560230561783	0.309009568231503
chr1:186638909:G:T	1	186638909	0.070282607245757	0.24715894563022	0.776132992098273
chr1:188272062:T:C	1	188272062	0.0928454862183887	0.243971185536764	0.703530339397639
chr1:193365737:C:T	1	193365737	-0.147232930443739	0.156904482867864	0.348059304256436
chr1:193791070:G:T	1	193791070	0.225321745377676	0.269073589131023	0.402368764308868
chr1:195033388:T:C	1	195033388	0.256016639907424	0.211191132883199	0.225416354524044
chr1:195907914:A:G	1	195907914	0.0621914968562287	0.301406723360406	0.836527321450955
chr1:196692375:G:C	1	196692375	0.26812351922111	0.35789886635153	0.453760767389479
chr1:197559019:A:G	1	197559019	-0.567047138238863	0.392579259250527	0.148622440325689
chr1:199160726:G:A	1	199160726	-0.0777010172623073	0.289490978940655	0.788387083269343
chr1:204277152:T:C	1	204277152	-0.366186594444141	0.288608074780085	0.204511577985931
chr1:207498131:C:T	1	207498131	0.115986254696611	0.419525352282762	0.782186951092207
chr1:208744577:C:T	1	208744577	-0.541690893287138	1.04946942200529	0.605744823374033
chr1:210496535:G:A	1	210496535	-0.723291698793523	0.496081305268736	0.144837678384547
chr1:212937214:T:G	1	212937214	0.201230933049751	0.263720388665987	0.445435634117073
chr1:219750864:A:G	1	219750864	-0.229495911696016	0.481250537463205	0.633451783764368
chr1:221920463:G:A	1	221920463	0.227910227092367	0.279842979408672	0.415403345805877
chr1:227462684:A:G	1	227462684	0.157696969818199	0.279529312434444	0.572650815255947
chr1:234456961:G:A	1	234456961	-0.0987205798174734	0.221638615888041	0.656021778884452
chr1:237308322:A:G	1	237308322	0.161787026776514	0.20276447259275	0.424924933914342
chr1:239000642:T:C	1	239000642	0.429509026288836	0.295514336324688	0.146104754656146
chr1:242239801:C:T	1	242239801	-1.34504746785228	1.90473826979295	0.480089461382691
chr1:244583991:C:T	1	244583991	-0.0609102388245154	0.326323399955878	0.851930312674418
chr1:246213578:G:A	1	246213578	-0.957723184495517	1.29887348053195	0.460910083917062
chr1:247190028:T:C	1	247190028	0.320745000075822	0.243979566385806	0.188631329599447
chr1:247897239:C:T	1	247897239	0.16311272689586	0.300896445287761	0.587757027255741
chr2:3248328:A:G	2	3248328	0.480487616950568	0.336420221720894	0.153223817804684
chr2:4505759:T:G	2	4505759	-0.426093858786387	0.451858565479267	0.345690828754666
chr2:6804400:G:A	2	6804400	0.0264467156920625	0.213755146356419	0.901533534427069
chr2:9411790:A:C	2	9411790	0.0895692500987033	0.206290454459268	0.664150482372936
chr2:12096367:C:T	2	12096367	0.422120868018686	0.290143282101947	0.145705148413137
chr2:13545005:C:T	2	13545005	-0.412807240020994	0.19479031015802	0.0340702661332597
chr2:16009716:A:G	2	16009716	-0.20824331987284	0.130599419704715	0.110819729354935
chr2:16367899:A:T	2	16367899	0.284064720964994	0.203161894047291	0.162047459703169
chr2:17630111:A:C	2	17630111	-0.633343106591686	0.423763547675317	0.135027426963861
chr2:17928966:C:G	2	17928966	-0.433835243114635	0.428851870062534	0.311719651934889
chr2:18261494:A:T	2	18261494	0.260900905260405	0.233606008693318	0.264062064327858
chr2:19530615:T:C	2	19530615	0.369173528303732	0.223732546778217	0.0989293831967543
chr2:19562158:T:C	2	19562158	-0.261769215792962	0.304134475564921	0.389402074640495
chr2:27383116:G:A	2	27383116	-0.226968287471233	0.116697194133501	0.0517829770704189
chr2:37762298:C:T	2	37762298	-0.144476811163666	0.338452856723912	0.66947091793755
chr2:42010994:T:A	2	42010994	0.45589100626336	0.218613607825651	0.0370354179367502
chr2:45824390:C:G	2	45824390	-0.322777036096052	0.303462029399443	0.287487807720689
chr2:46742820:T:C	2	46742820	-0.0589012639256355	0.293170724159889	0.840768058143042
chr2:49789441:T:C	2	49789441	-0.157007792267502	0.28802102335636	0.585666757035261
chr2:49994518:G:A	2	49994518	-0.0820758699629045	0.252429473866082	0.7450722658829
chr2:51284042:G:A	2	51284042	0.449859345396408	0.257481961384761	0.0806114996238858
chr2:51344078:G:A	2	51344078	-0.0708740458098609	0.245378060712034	0.772706793479754
chr2:57278002:C:A	2	57278002	-0.0596940915749049	0.271796378100379	0.826160892561848
chr2:57368273:A:G	2	57368273	0.329071288136977	0.234885701389274	0.16121863027231
chr2:60075157:T:C	2	60075157	-0.36816206598547	0.78032910780143	0.637066995951332
chr2:60373837:A:G	2	60373837	0.310156778613105	0.306430679386397	0.311461710739457
chr2:61147014:T:C	2	61147014	0.805207789701727	0.413707588947543	0.0516161863357694
chr2:61693274:A:G	2	61693274	0.254054915173921	0.198321850355484	0.200185475183775
chr2:65295480:C:T	2	65295480	0.246830323499358	0.251846111851203	0.327044697893166
chr2:66031496:T:C	2	66031496	0.0739057078257115	0.218838692826223	0.735575908084001
chr2:69165635:T:C	2	69165635	-0.093997673390576	0.241114758448484	0.696650275367509
chr2:71204755:G:A	2	71204755	0.400861825315442	0.337509955989617	0.234950163456004
chr2:72022684:A:G	2	72022684	-1.06655319044067	0.973552165991499	0.273285595539036
chr2:76651386:C:A	2	76651386	0.0720672687092723	0.125582624112277	0.566060257790667
chr2:79784490:C:G	2	79784490	-0.031717718243437	0.322938362889322	0.921760767907557
chr2:82619301:T:C	2	82619301	-0.174186394475552	0.549486418896782	0.751244707408624
chr2:83181917:T:C	2	83181917	-0.535488560070984	0.558354035968711	0.337534349446573
chr2:83400799:T:A	2	83400799	0.301812666753499	0.270448076798897	0.264433826391981
chr2:85744328:G:A	2	85744328	0.0382276906019992	0.37899214340518	0.919656269904971
chr2:85757440:T:A	2	85757440	-0.210247897320196	0.300030253658775	0.483455515960641
chr2:99811694:T:C	2	99811694	-0.0625430475646634	0.141739899855317	0.659030401601739
chr2:101228073:A:C	2	101228073	0.111987790434179	0.235218386607419	0.63400217822965
chr2:106861882:T:C	2	106861882	0.151575318247013	0.274740695003172	0.581151723063282
chr2:108083619:T:C	2	108083619	0.240334351597749	0.28535856136815	0.399665479760125
chr2:114129906:T:C	2	114129906	-0.171062170469304	0.202370386131972	0.397947545154461
chr2:118004610:C:T	2	118004610	-0.0423748858604311	0.134034273101865	0.751888937702793
chr2:119455921:A:G	2	119455921	-0.337369043216315	0.331666480055741	0.309061307931313
chr2:120644763:G:A	2	120644763	-0.154216174895732	0.422918891915256	0.71537480300599
chr2:120916837:A:G	2	120916837	-0.136434778805486	0.387468141346849	0.724749243661951
chr2:122628686:C:A	2	122628686	0.491746674698423	0.257549824305294	0.0562200008022844
chr2:122629789:A:C	2	122629789	0.471404157181883	0.233970137121203	0.0439251050887459
chr2:126391403:A:G	2	126391403	0.0450738472136411	0.250098821235072	0.856976600700099
chr2:127192867:G:A	2	127192867	-0.249352805664315	0.393533783591107	0.526325644445609
chr2:130915743:C:T	2	130915743	-0.37942679080165	0.169963326830258	0.0255882814069146
chr2:136107122:C:T	2	136107122	-1.36059581883758	1.40213525844366	0.331860025633526
chr2:136507185:G:C	2	136507185	-0.46642188804626	0.338611121631736	0.168371339644747
chr2:141023592:C:T	2	141023592	0.180247469127519	0.303245926725564	0.552248819569892
chr2:143017176:T:C	2	143017176	0.219781754167528	0.323222367362542	0.49652298448919
chr2:143920023:G:T	2	143920023	0.27961658254227	0.229254745689919	0.222587605129583
chr2:144729333:C:T	2	144729333	0.35412570262549	0.313541779253652	0.258713510239037
chr2:148561010:G:C	2	148561010	0.0880557718133472	0.182591108159955	0.629623655012041
chr2:154835349:G:T	2	154835349	-0.186516870367577	0.212754676862433	0.38066277055195
chr2:164974626:C:A	2	164974626	0.461691437711133	0.290330688737725	0.111783850249934
chr2:167086954:T:G	2	167086954	-0.185714502416275	0.236159160454483	0.431635815632348
chr2:167199229:C:T	2	167199229	-0.0431704451029303	0.23155541322878	0.85210225354573
chr2:167657344:C:T	2	167657344	0.423883270515816	0.227931198760817	0.0629282179335919
chr2:167884398:C:T	2	167884398	-0.344585321477292	0.540007772486435	0.523400918153499
chr2:168647356:T:G	2	168647356	-0.467764770073779	0.514245045160191	0.363025827950866
chr2:170041677:A:G	2	170041677	0.286241918007793	0.250458398868898	0.253091695042227
chr2:171274449:C:A	2	171274449	-0.236788416332141	0.563375380807929	0.674264049042219
chr2:177787584:G:A	2	177787584	-0.369111340213582	0.577838345312349	0.522966328828232
chr2:179648558:C:T	2	179648558	0.134205801121378	0.342981085064113	0.695581311562224
chr2:180833197:G:A	2	180833197	0.218155294025855	0.394739209254854	0.580498464615689
chr2:183527028:C:T	2	183527028	0.161023432523236	0.299469908870917	0.590787724235893
chr2:184516924:T:A	2	184516924	0.053371579976434	0.177025263001064	0.763039868947555
chr2:191922008:C:T	2	191922008	0.450485698506525	0.236042116945122	0.0563269960767343
chr2:195817951:G:C	2	195817951	0.194255806728695	0.346931709758887	0.575530459697085
chr2:197010424:G:A	2	197010424	-0.712576184159881	0.599949271078479	0.234940827589999
chr2:209101337:G:A	2	209101337	0.118898123737864	0.237419723433917	0.61651684762632
chr2:209103516:A:G	2	209103516	0.124314301898401	0.257584142962854	0.629368214648119
chr2:210957182:G:A	2	210957182	-0.213982411624742	0.23944505663022	0.371503962140998
chr2:214802180:T:C	2	214802180	-0.114354427325897	0.15806627096529	0.469398086119852
chr2:215209936:A:G	2	215209936	0.014875595171144	0.251098533708036	0.952759306969389
chr2:215367000:G:A	2	215367000	0.690266289820909	0.290491417395743	0.017491883588572
chr2:220997842:C:T	2	220997842	-0.0705756548347334	0.18607618554898	0.704477239644098
chr2:226027918:G:A	2	226027918	-0.315820381836341	0.628756379668825	0.615460925057181
chr2:228947684:G:A	2	228947684	0.553390380591554	0.283663691360136	0.0510727659430883
chr2:233152507:T:C	2	233152507	0.144916951199032	0.239803084491119	0.545633264785022
chr2:235620294:A:T	2	235620294	-0.415662461799251	0.270052169139867	0.123757137749568
chr2:237288548:A:G	2	237288548	0.336859939438239	0.249426650501105	0.176843769001456
chr2:237513585:T:C	2	237513585	-0.402023325948704	0.639886059560674	0.529824919705265
chr2:237920759:T:G	2	237920759	0.220325961178319	0.274391732089614	0.421997062595502
chr2:240429648:C:T	2	240429648	-0.663643056326567	0.424056343885164	0.117585741388884
chr3:9841346:T:C	3	9841346	0.38789248963775	0.375134756002389	0.301132235307054
chr3:10127208:T:G	3	10127208	-0.467871818001257	0.351665729049959	0.183371783311311
chr3:14082905:A:G	3	14082905	0.144471759504118	0.28678701963574	0.614430209880729
chr3:16798495:T:G	3	16798495	0.21060201705819	0.288462742640524	0.465338874545624
chr3:18882818:T:C	3	18882818	0.445039050021525	0.278385806702455	0.10990032577572
chr3:20179943:G:A	3	20179943	-0.517910131342535	0.995015947794309	0.602712095264929
chr3:22245167:A:G	3	22245167	-0.270595967106673	0.281002868965971	0.335565017577181
chr3:24009496:G:A	3	24009496	0.216092334129489	0.263711293902143	0.412542446925065
chr3:24010534:C:T	3	24010534	-0.335252555497601	0.407468937194197	0.410639723803082
chr3:33111016:C:A	3	33111016	-0.287568091027127	0.481418096892207	0.550283447151162
chr3:33421913:A:G	3	33421913	-0.213621901321894	0.314506166996588	0.496992388329403
chr3:34471110:A:G	3	34471110	0.154342118802241	0.123404348237566	0.211043061836497
chr3:34498029:C:T	3	34498029	-0.0842326425721131	0.304768736191652	0.7822545551143
chr3:35230331:G:A	3	35230331	-0.0611181806159441	0.209481574340678	0.770470727412625
chr3:41413926:T:C	3	41413926	0.218092575283463	0.235614410579539	0.354636513519766
chr3:42098050:T:C	3	42098050	0.217389270083194	0.209151239536286	0.298624363750187
chr3:46489654:A:G	3	46489654	0.159792711710601	0.250356403044286	0.523303837513251
chr3:56959175:A:G	3	56959175	0.272906342179031	0.266371521624957	0.305583719790573
chr3:64441608:G:A	3	64441608	-0.12573114829534	0.36592272380253	0.731146918345908
chr3:66150510:T:A	3	66150510	0.186549365927304	0.231715506459242	0.42077389976283
chr3:66995763:G:T	3	66995763	0.196709559439472	0.260425949836759	0.450046334188777
chr3:68498445:T:C	3	68498445	0.0902087483342134	0.199219238926854	0.650684532873727
chr3:68824246:G:A	3	68824246	-0.103759526514153	0.335806190680865	0.757331916242473
chr3:69021248:A:C	3	69021248	-0.420871481172636	0.276037173404125	0.127336108770397
chr3:69617754:T:G	3	69617754	-0.0500684900998542	0.103756078156204	0.629408480580279
chr3:74191731:G:A	3	74191731	-0.168241204842132	0.220255793994676	0.444959838760549
chr3:74732240:G:A	3	74732240	-0.16350199542706	0.446436647528459	0.714187605221033
chr3:75709324:A:T	3	75709324	0.345241659078348	0.315310127961153	0.273548498860656
chr3:84465702:T:C	3	84465702	0.27065702217663	0.20129960405061	0.178771177955358
chr3:84817748:G:A	3	84817748	-0.260974017018384	0.257559854067304	0.310937991821617
chr3:85705423:A:G	3	85705423	0.170793459232885	0.256864096215245	0.506103195884276
chr3:88069353:C:T	3	88069353	0.0387346655369561	0.313928247248672	0.901800648653298
chr3:93986190:G:A	3	93986190	-0.0131805074059903	0.272777276018744	0.961461480090228
chr3:101022648:G:A	3	101022648	0.443937124858848	0.263695859981851	0.0922745658558145
chr3:105622159:T:C	3	105622159	0.244608310637816	0.276572281314587	0.376465133512658
chr3:106664728:C:T	3	106664728	-0.413698597617278	0.389594176105985	0.28829443815254
chr3:110774699:C:T	3	110774699	0.446953734050849	0.32284773735827	0.166232855805734
chr3:113428518:G:A	3	113428518	0.104232702827604	0.24335266649526	0.668418492727597
chr3:121058963:T:G	3	121058963	-0.219365925737526	0.27831847682604	0.430589600587379
chr3:122312606:G:A	3	122312606	0.390442519373963	0.241783022021399	0.106343893376243
chr3:124193435:A:C	3	124193435	0.337162635232419	0.252464610968838	0.181717746601614
chr3:124804582:A:T	3	124804582	0.483638434853237	0.252432321701642	0.055376136151693
chr3:126773646:G:T	3	126773646	0.00776594332117159	0.228530156693401	0.972891394288099
chr3:131110446:C:G	3	131110446	-0.446077461643098	0.509820515197027	0.38159043684778
chr3:131209978:G:T	3	131209978	0.0518904170277288	0.260871093650066	0.842331504334526
chr3:133982842:C:T	3	133982842	0.0932571172248107	0.220110443083215	0.671796801486099
chr3:134929007:C:T	3	134929007	0.213917844810665	0.246445906597652	0.385388117630396
chr3:137777496:C:T	3	137777496	0.5015746477755	0.349729385097216	0.151521100118254
chr3:146265901:G:T	3	146265901	-0.103213042339706	0.355198413059094	0.771373661738742
chr3:148006706:G:A	3	148006706	0.489993651872552	0.321492125858659	0.12747790388507
chr3:149679065:C:A	3	149679065	-0.255611282206445	0.1431081603839	0.0740765108560615
chr3:150888061:C:A	3	150888061	0.577250790456491	0.318090969215676	0.0695646554948419
chr3:152663712:G:C	3	152663712	-0.202729704311245	0.237042294905403	0.392414438752518
chr3:159417151:A:G	3	159417151	0.211815118715732	0.252898546642273	0.402283615438565
chr3:164899350:G:A	3	164899350	-0.175201053591356	0.363812787003533	0.63011196968668
chr3:168053836:T:C	3	168053836	0.63024000893444	0.246153098260461	0.0104564441342753
chr3:171028381:G:A	3	171028381	0.325351746009382	0.284406011316519	0.252636368551215
chr3:174497130:T:C	3	174497130	0.106906147353927	0.267696369891022	0.689630921180953
chr3:176663180:T:G	3	176663180	-0.274697485104474	0.775278568797506	0.723098324475121
chr3:196706550:C:T	3	196706550	0.0936006752605961	0.234661727066491	0.689985377214315
chr4:332191:G:A	4	332191	-0.340062132415397	0.37356219224456	0.362652366100055
chr4:8816874:T:C	4	8816874	-0.265435658183787	0.21352336749338	0.213822772019747
chr4:9851274:C:G	4	9851274	0.463333092405499	0.227103333941155	0.0413317817177135
chr4:10725805:A:G	4	10725805	-0.0979252747056098	0.305242688270276	0.748353467353758
chr4:13219910:C:T	4	13219910	0.110342828385691	0.410469765876858	0.788067553348747
chr4:18747099:A:G	4	18747099	0.175541354201333	0.138131781904262	0.203790829120622
chr4:20840555:C:T	4	20840555	0.342526606491542	0.227676992280899	0.132467848994668
chr4:21137718:C:T	4	21137718	0.326699619895379	0.230359298102299	0.15612723361496
chr4:26851610:T:C	4	26851610	0.0556433992984054	0.263577943893211	0.832803037128929
chr4:32302160:A:T	4	32302160	-0.129992183737989	0.347988659244654	0.708736958028011
chr4:34501888:A:G	4	34501888	0.0607075579475613	0.245652678714285	0.804809471111347
chr4:40603484:A:G	4	40603484	-0.203244095170937	0.238147640610749	0.393416807424556
chr4:41002348:C:T	4	41002348	0.354215610668074	0.269580028375853	0.188861866933176
chr4:44018406:T:G	4	44018406	-0.43306078676831	0.414139446802084	0.295704952247845
chr4:44680448:T:C	4	44680448	0.235426957646764	0.203592208021869	0.247531782944542
chr4:55337032:C:T	4	55337032	-0.0783954464032323	0.350315249454134	0.822924272826225
chr4:55659669:G:A	4	55659669	-0.0551521749026436	0.26328474024062	0.834075659051942
chr4:56719096:C:T	4	56719096	0.3469378693759	0.225029646776843	0.123136072655719
chr4:58944563:C:T	4	58944563	0.296314169019988	0.302350775057617	0.327069124413863
chr4:61158247:C:G	4	61158247	-0.427653837509143	0.524159927683941	0.414566332252263
chr4:64485722:G:A	4	64485722	-0.00207060785782785	0.441384983325002	0.996257009087246
chr4:67708732:C:T	4	67708732	0.316063099850472	0.253679388854158	0.212795394026726
chr4:67911021:C:T	4	67911021	0.0346442704614327	0.319044326428603	0.913529564632916
chr4:90022599:G:T	4	90022599	-0.149673976300455	0.247507971249643	0.545362490276479
chr4:95020597:A:T	4	95020597	-0.230760948412167	0.335915001285499	0.492106473659306
chr4:95433170:T:C	4	95433170	0.277890359582095	0.244843596413957	0.25638750679008
chr4:97398054:G:A	4	97398054	0.314798846126575	0.245627124412469	0.199978537113664
chr4:98823404:T:C	4	98823404	0.142602364184945	0.23607965392338	0.545814767497472
chr4:99262681:C:G	4	99262681	-0.0227846597138076	0.184181068009991	0.901546528170625
chr4:99355957:G:T	4	99355957	-0.186495967684235	0.201590190915733	0.35490129706783
chr4:101085120:T:C	4	101085120	0.115757815675385	0.17340645073595	0.504419633102174
chr4:102399971:C:T	4	102399971	0.009438317032142	0.210977678789251	0.964317664533998
chr4:102884286:T:C	4	102884286	0.168494360533025	0.244215382426381	0.490230890949188
chr4:105992845:C:T	4	105992845	0.313704363451725	0.227830559225754	0.168537105363151
chr4:108791253:G:A	4	108791253	-0.111822903708718	0.128166939578413	0.382947373007182
chr4:110191180:A:G	4	110191180	-0.756119330354832	0.647841116956237	0.243155052439349
chr4:110957298:T:A	4	110957298	-0.322438424286929	0.394614483517206	0.413872832670244
chr4:113348012:C:T	4	113348012	0.240016457392081	0.226925034794954	0.290196559954117
chr4:115515844:A:G	4	115515844	-0.251930206388139	0.551495916425341	0.647805848972128
chr4:115522695:G:A	4	115522695	-0.374277272552432	0.303342202663524	0.217260652047499
chr4:120770744:A:C	4	120770744	0.34095382511665	0.325539619996767	0.294938319105819
chr4:123964831:A:G	4	123964831	-0.434869475547926	0.448499317344525	0.332240868143485
chr4:125256344:T:C	4	125256344	0.0222721244876382	0.243418564852108	0.927097506906875
chr4:126268710:T:G	4	126268710	-0.57136179068306	0.332982165222827	0.0861816148193828
chr4:134094420:T:C	4	134094420	-0.360423960201333	0.468022104276501	0.441240401507752
chr4:134350906:C:T	4	134350906	-0.0367644436250263	0.241337380393674	0.878921695610102
chr4:138952375:G:A	4	138952375	-0.50627768407238	0.335149191860546	0.130889393829518
chr4:141012527:T:G	4	141012527	0.301360521812257	0.309294716550768	0.329884046643822
chr4:141618953:G:A	4	141618953	0.154879259507898	0.2187015597712	0.478835787300854
chr4:143626434:A:G	4	143626434	0.100891510780942	0.292537527299601	0.730181584213295
chr4:149616644:T:G	4	149616644	-0.334599666054271	0.331594421073385	0.312944414363621
chr4:154030957:C:G	4	154030957	-0.565838575696082	0.503989748720087	0.261557101235311
chr4:168588553:A:C	4	168588553	-1.10188988435267	1.02157779583255	0.280759064210399
chr4:171334248:A:T	4	171334248	0.253523868022849	0.252992049617209	0.316294276479987
chr4:171974219:A:G	4	171974219	0.0191683937363902	0.160726396586534	0.905068565860337
chr4:176312841:C:T	4	176312841	0.302061999626189	0.233203020467138	0.195225443351725
chr4:179329624:T:G	4	179329624	0.211952514545693	0.22352904618619	0.343022471564143
chr4:183032183:A:G	4	183032183	-0.358600680078552	0.187498848638982	0.0558058518244864
chr4:184991673:A:G	4	184991673	0.395794664754246	0.292363143920149	0.175807353663091
chr4:189912372:C:T	4	189912372	0.14178354692561	0.210811666276472	0.501227097619356
chr5:79496:A:G	5	79496	0.314877270076689	0.26084878550052	0.227383742820631
chr5:5313703:A:G	5	5313703	0.111548731754262	0.259834494165103	0.667699922542565
chr5:7364955:T:A	5	7364955	0.443931851705632	0.285494514528385	0.11995617892664
chr5:8067079:G:C	5	8067079	-0.088518631342481	0.238564641595243	0.710602722844407
chr5:13911296:G:T	5	13911296	0.148312832248814	0.26405019101955	0.574331170342467
chr5:15621966:C:G	5	15621966	-0.0233534424174806	0.242371278778633	0.923239424025432
chr5:15997511:T:A	5	15997511	-0.352462147536172	0.825179685221605	0.669281864130568
chr5:17902851:T:C	5	17902851	-0.787204115804754	0.5080786715141	0.121291730379739
chr5:20719353:A:C	5	20719353	-0.285033723752457	0.429123835811118	0.506547889872038
chr5:20732163:G:T	5	20732163	-0.110053799054231	0.230089200023146	0.632430094013853
chr5:21913130:A:C	5	21913130	-0.266666269596238	0.464072912768994	0.565547313467403
chr5:23682774:A:T	5	23682774	0.418539233626689	0.339052219121115	0.217039417472732
chr5:23787194:A:C	5	23787194	-0.403182654936539	0.25890645127723	0.119410606405983
chr5:23895775:T:G	5	23895775	0.452256746989074	0.352258081596679	0.199184302633887
chr5:25693600:A:G	5	25693600	0.331263138382418	0.275819113416995	0.2297450369917
chr5:33466391:T:A	5	33466391	0.0140050565818263	0.159288261751145	0.929938101853657
chr5:33624899:A:G	5	33624899	-0.454443367310689	0.623864628983201	0.466348780410769
chr5:39550509:T:G	5	39550509	0.0258692578464439	0.261158492747159	0.921093982877858
chr5:39634108:G:A	5	39634108	-0.234362295018836	0.294220220366191	0.425710098799924
chr5:39978357:G:A	5	39978357	0.44429413824785	0.291599896692806	0.127597918120229
chr5:40238036:C:A	5	40238036	0.622218857066734	0.371014523156875	0.0935279876974179
chr5:44011742:G:T	5	44011742	0.448274042199447	0.251721667441444	0.0749398729805045
chr5:50222627:G:A	5	50222627	0.332459470674927	0.250559174323826	0.184551664608293
chr5:54814079:C:T	5	54814079	0.0910987051754886	0.431170443517252	0.832666953596018
chr5:66989845:C:A	5	66989845	0.0507089983138625	0.237344773761135	0.830819060807231
chr5:66992139:G:A	5	66992139	0.0849774608042006	0.329143513758556	0.79626989537452
chr5:73076502:T:C	5	73076502	-0.293782747430042	0.370204139809145	0.427446041820576
chr5:76998986:C:A	5	76998986	0.13349440418651	0.192070679003493	0.487038066664916
chr5:77675144:G:C	5	77675144	0.2150052817736	0.217767487493686	0.323487845904073
chr5:80530472:T:A	5	80530472	0.175813307088539	0.327585159397225	0.591478331524165
chr5:81710558:G:T	5	81710558	0.297226780374582	0.304492513041308	0.328995972382878
chr5:82792281:C:G	5	82792281	0.549125639574663	0.354023314924734	0.120877669905507
chr5:84879932:A:G	5	84879932	-0.0174374269349681	0.307650271697426	0.954800599260838
chr5:85476293:A:G	5	85476293	-0.195836893962828	0.335837900587417	0.559806312702668
chr5:85809583:T:C	5	85809583	0.443073198352238	0.253311622850568	0.0802697516769308
chr5:92192959:A:T	5	92192959	0.344829337022112	0.202535265575598	0.0886496132277019
chr5:94648523:C:G	5	94648523	0.127797960471337	0.230625661126756	0.579485836213621
chr5:98024666:G:A	5	98024666	-0.122055525104497	0.183747435784341	0.506525821064174
chr5:101328324:T:C	5	101328324	-0.342991647392205	0.867533766716088	0.692574250071016
chr5:101825779:A:C	5	101825779	0.128018260714892	0.201002511111507	0.524190756074457
chr5:106773905:G:A	5	106773905	-0.904936276988532	0.603205311746061	0.133559311278837
chr5:110045491:C:T	5	110045491	0.515447334343609	0.282624958533459	0.0681844891709081
chr5:114915760:G:T	5	114915760	-0.0883354351398034	0.272039755093039	0.745396652816308
chr5:115102683:A:G	5	115102683	-0.0833082258407293	0.378866869091062	0.825958489670008
chr5:117238479:G:A	5	117238479	-0.0884243260255998	0.237480096332006	0.709636626509437
chr5:121740415:G:T	5	121740415	-0.318454121393846	0.618774122685046	0.606795338156822
chr5:137227416:A:T	5	137227416	0.00334243156190781	0.345736111349243	0.992286507223646
chr5:137406489:C:T	5	137406489	-0.0690143130925068	0.29218827439332	0.813278959534134
chr5:140638650:G:A	5	140638650	0.0970958244149088	0.283271112646059	0.731774192181646
chr5:142682003:T:C	5	142682003	-0.0215020408535007	0.226504695443601	0.924370602496318
chr5:144183699:A:G	5	144183699	0.417365316148383	0.287173405480558	0.146124816284783
chr5:145690757:G:T	5	145690757	-0.280413660315595	0.573362646233508	0.624793138709302
chr5:147282093:C:T	5	147282093	-0.464114509508527	0.391715081516419	0.236085951231135
chr5:148033208:G:T	5	148033208	-0.0206500889873459	0.321260763319278	0.948748648501913
chr5:151763317:T:C	5	151763317	0.189739436714115	0.23854660450619	0.4263821580655
chr5:153541577:C:T	5	153541577	-0.868855175018052	0.83498976240167	0.29808078923914
chr5:160435085:T:G	5	160435085	0.240211651240954	0.299579267177003	0.42265128804604
chr5:164252995:G:C	5	164252995	0.416269756202809	0.274512909078101	0.129419729587764
chr5:168245100:T:C	5	168245100	-0.416540011566458	0.271137138830846	0.124472030039902
chr5:169455657:C:T	5	169455657	-0.230029807213998	0.221600276138416	0.299251734372689
chr5:169808985:G:C	5	169808985	-0.393953942932271	0.440345726304774	0.370975867527881
chr5:172672695:T:C	5	172672695	0.0183038157605778	0.2561506131489	0.943033855304634
chr5:173346700:A:C	5	173346700	0.613736410279103	0.247480222877576	0.0131404036136635
chr5:177122146:G:C	5	177122146	-0.194023576367382	0.595841808788582	0.74470480914619
chr6:1084246:G:A	6	1084246	0.413919475292413	0.362745156825517	0.253838661622342
chr6:3041612:C:A	6	3041612	-0.364122577320313	0.276423563020031	0.187750427864585
chr6:3673174:A:G	6	3673174	0.360722664510238	0.30594734109474	0.238384185650345
chr6:3786319:G:C	6	3786319	-0.453305909235242	0.552097055326368	0.411610956900797
chr6:6090729:G:T	6	6090729	0.178112654725827	0.2410325729115	0.459933240203688
chr6:6354181:A:T	6	6354181	0.253604409136632	0.238065896004006	0.286753855565782
chr6:6456261:T:C	6	6456261	-0.668138504254205	0.541285183735332	0.217070352798665
chr6:7642514:C:G	6	7642514	0.11044363284986	0.232124777757767	0.63422097189874
chr6:12212257:G:A	6	12212257	0.0499418326076907	0.279937662120173	0.85840617400267
chr6:21494280:T:C	6	21494280	0.555244742555439	0.29405820364838	0.0589972610372618
chr6:23163726:T:C	6	23163726	0.609370289132726	0.250394526286279	0.0149478281735851
chr6:23344439:T:A	6	23344439	0.0799415616348003	0.122976920688105	0.515657748616554
chr6:24077828:C:T	6	24077828	-1.06073827957864	0.616002404457933	0.0850747710243956
chr6:26287827:G:A	6	26287827	-0.0098812407712128	0.280545372944393	0.971903084470705
chr6:27261142:G:T	6	27261142	0.0788331810130129	0.325315925784606	0.808525963742003
chr6:31108549:A:G	6	31108549	-0.262486395702111	0.121336257569869	0.0305183223337265
chr6:31845997:T:C	6	31845997	0.307205672993395	0.270163064063734	0.255491451207706
chr6:32660000:G:C	6	32660000	0.455783757935754	0.259906744434763	0.0794916223076474
chr6:33148933:A:G	6	33148933	-0.409345552421195	0.350349824803669	0.24264911781399
chr6:37400014:G:T	6	37400014	-0.0221723727807289	0.210396421887623	0.916071276484256
chr6:39124093:C:T	6	39124093	0.531956252820483	0.204218373865135	0.00919170886021969
chr6:45195864:C:T	6	45195864	0.0457989567606379	0.212347810293879	0.829237995827815
chr6:46738257:G:A	6	46738257	0.343171342609696	0.274408673931223	0.211085964446425
chr6:47717919:C:A	6	47717919	-0.0413479221579449	0.2464191622853	0.866744496059352
chr6:48859012:C:A	6	48859012	-1.14257011242554	0.911205205912548	0.209874403649422
chr6:49860743:T:G	6	49860743	-0.136116136447107	0.251469525263173	0.588312652851219
chr6:53292416:C:G	6	53292416	-0.170755506032272	0.257816742566146	0.507770334414918
chr6:54457248:C:T	6	54457248	-2.13410311875198	1.3605549716103	0.11675203930615
chr6:57513520:G:A	6	57513520	0.151735999706698	0.209256800386565	0.468379269949654
chr6:67461006:G:C	6	67461006	-0.876010773755047	0.607719759327431	0.14945149511125
chr6:69504128:A:G	6	69504128	-0.227583911519652	0.298126447957103	0.445236516669353
chr6:81137001:T:C	6	81137001	0.275176992566427	0.266684026594202	0.302144008846323
chr6:84758749:C:T	6	84758749	0.19166889022449	0.232959857764549	0.410647325519343
chr6:86667874:G:T	6	86667874	0.139568193461439	0.263894153032611	0.596889081172598
chr6:87387916:G:T	6	87387916	-0.132056483840584	0.122285726121919	0.280186246382259
chr6:88566465:G:A	6	88566465	0.301608289984792	0.337881527910268	0.37204725950791
chr6:93273487:T:C	6	93273487	0.194935912362285	0.189106539984755	0.302622487429407
chr6:97788153:C:A	6	97788153	-0.463511151792338	0.355288371691393	0.192027226004353
chr6:98771646:C:T	6	98771646	0.46208551386351	0.274732059693745	0.0925785880890438
chr6:104918249:A:G	6	104918249	0.11811960671616	0.232654846287305	0.611661513711315
chr6:107129138:A:G	6	107129138	-0.153786826488608	0.35991183783037	0.669167918641954
chr6:112187089:T:C	6	112187089	-0.180393920376977	0.434777249624095	0.678206961040423
chr6:118046853:T:C	6	118046853	-0.116933912331118	0.113332814768047	0.302177750948329
chr6:121081137:A:G	6	121081137	-0.174095067469774	0.249145202662088	0.484696095297576
chr6:123103197:T:C	6	123103197	-0.683374222677741	0.774756126824239	0.377749363628379
chr6:127784009:G:A	6	127784009	0.1989708358225	0.256587122706635	0.438072990484033
chr6:129527930:G:A	6	129527930	0.21940445761061	0.296707186664365	0.459624935070282
chr6:137254996:T:C	6	137254996	-0.158412217983303	0.279602638294392	0.571011827652012
chr6:138165202:C:G	6	138165202	0.247107370270052	0.362320199825267	0.495230235354659
chr6:139464917:T:A	6	139464917	0.522034788865558	0.30703067703418	0.0890803101119507
chr6:151547601:G:A	6	151547601	-0.210372744854151	0.146759596536078	0.151728886615046
chr6:152638179:C:T	6	152638179	-0.785955227730531	0.504902069409758	0.119553878013202
chr6:153842833:G:A	6	153842833	-0.933514847523636	0.479406308958166	0.051507041449025
chr6:156754666:T:G	6	156754666	0.702051791208669	0.330992506678447	0.0339175606698238
chr6:160701242:A:G	6	160701242	-0.274957882444177	0.336409286940865	0.413739051876413
chr6:160909689:G:C	6	160909689	-0.826876225397057	0.746012634886222	0.267691523175776
chr6:161970870:T:G	6	161970870	0.193345242628856	0.277754849939694	0.486366000050412
chr6:162760256:C:T	6	162760256	-0.448346480995088	0.708836159292335	0.527053195195305
chr6:163629327:G:A	6	163629327	0.183078986874952	0.20642234286049	0.375124887793137
chr6:167509019:C:T	6	167509019	0.511046970413085	0.298653021170507	0.0870491911192375
chr7:6986920:C:A	7	6986920	-0.753376568805951	0.591507180890375	0.202785417099361
chr7:7863676:G:A	7	7863676	-0.226289265618317	0.243279403036229	0.352287193229833
chr7:8111839:A:G	7	8111839	-0.445257213614218	0.299205430067181	0.136716051893901
chr7:9602661:C:A	7	9602661	0.245522474284716	0.255839107595529	0.337218654398509
chr7:10804524:T:C	7	10804524	-0.442126930976748	0.445317428315617	0.320790149213053
chr7:11334355:C:A	7	11334355	0.260540844333507	0.290289283114937	0.369440758445877
chr7:12476280:G:A	7	12476280	0.172921888698494	0.26820087727339	0.519090723656142
chr7:12972158:C:G	7	12972158	-0.287515233867549	0.354395479549562	0.41720283659771
chr7:20850990:A:T	7	20850990	0.0306792877127253	0.217486232187212	0.887820073723156
chr7:22822020:C:A	7	22822020	-0.0183530235535792	0.15852568476676	0.907832302232887
chr7:24140802:T:C	7	24140802	0.369692711818977	0.225113236650478	0.100537745360145
chr7:24278575:A:G	7	24278575	0.0550937884693769	0.390361880834078	0.887763164010643
chr7:24620726:T:A	7	24620726	-0.227865231438048	0.109076101717434	0.0367033866257668
chr7:24740434:C:T	7	24740434	0.161730712644011	0.187171887234	0.387546209620762
chr7:28505993:C:T	7	28505993	-0.0846111637533952	0.262684004149682	0.747375075244503
chr7:36413989:G:A	7	36413989	0.449637662347041	0.293246573222068	0.125199694131023
chr7:41157573:G:A	7	41157573	0.268324886862468	0.231857384311059	0.247156267763176
chr7:43755241:C:T	7	43755241	0.0942386514666407	0.289804189658985	0.745044517922569
chr7:44689517:A:G	7	44689517	0.0762539364510735	0.414394311732504	0.85400326417918
chr7:46192346:C:G	7	46192346	-0.265357303330096	0.378272455294488	0.482992393674585
chr7:46368666:G:A	7	46368666	0.431930432476501	0.310722976062725	0.164503962433848
chr7:47748540:G:T	7	47748540	-0.652331967840374	0.401705625042837	0.104395981780607
chr7:48301675:T:C	7	48301675	-0.00788492286926472	0.159868281842104	0.960663188500177
chr7:51890159:C:T	7	51890159	0.00530810261659489	0.10025642487071	0.957775521604975
chr7:53046603:C:G	7	53046603	-0.421509181190016	0.581870969100971	0.468818247270637
chr7:55663907:C:A	7	55663907	0.302246601647231	0.299876525980428	0.313500788768629
chr7:56122201:A:G	7	56122201	0.215900707045237	0.225848141814332	0.339094865589825
chr7:62910214:G:T	7	62910214	0.441921563227842	0.256836728524388	0.085317573835438
chr7:65406204:G:T	7	65406204	-0.526354737931077	0.612896697761662	0.390451719383543
chr7:67766433:G:A	7	67766433	0.486845063882936	0.243725410757424	0.0457693111607382
chr7:68433432:T:C	7	68433432	-0.427662685519691	0.278830368626661	0.125085335839677
chr7:71020152:T:G	7	71020152	-0.403394530898748	0.369673483476316	0.275176765111569
chr7:71553830:T:C	7	71553830	0.148991335424647	0.257532279717154	0.562903241897733
chr7:78390279:T:G	7	78390279	-0.320406054347423	0.337612812077567	0.342603294546113
chr7:83524616:A:T	7	83524616	0.324195202782297	0.287970637002857	0.260253330927354
chr7:84786535:C:A	7	84786535	-0.281635261266153	0.295652492006121	0.340798439231983
chr7:86620755:G:A	7	86620755	-0.359375896482345	0.475215453885235	0.449506624202405
chr7:89207269:G:A	7	89207269	0.351668585595824	0.215857461886049	0.10327695313185
chr7:91097147:A:G	7	91097147	0.101896000129408	0.290179297336355	0.72547700824674
chr7:96212691:T:C	7	96212691	0.442229452495145	0.356341301432659	0.214595488484323
chr7:103095283:G:A	7	103095283	-0.757629502644376	0.883590621973841	0.391199535275703
chr7:104663551:G:A	7	104663551	0.519880566228367	0.522273197868288	0.319532612850113
chr7:113434486:A:C	7	113434486	0.318096873346779	0.238906089197933	0.183033607739031
chr7:113749820:G:A	7	113749820	0.106639613965427	0.386541254109019	0.782639018051755
chr7:117145973:C:G	7	117145973	-0.161816732919553	0.303910539249164	0.594415351194761
chr7:119808046:G:A	7	119808046	0.29763232017386	0.269544239019627	0.269503861242111
chr7:122582926:C:G	7	122582926	0.630501366614809	0.318536375881549	0.0477743564426562
chr7:124802410:A:T	7	124802410	0.406595867112705	0.271462660485936	0.134186087985293
chr7:129047886:A:G	7	129047886	0.323885445166743	0.222686821628207	0.145823331261528
chr7:131384702:T:A	7	131384702	0.394531840876167	0.326808399381799	0.227344832476618
chr7:136870573:G:A	7	136870573	0.479002195282028	0.265842634911294	0.0715727716396122
chr7:142873374:T:C	7	142873374	-0.305765058248403	0.433855004702102	0.480957589296957
chr7:143187070:C:T	7	143187070	-0.0876941289385367	0.250897074524943	0.726697213125492
chr7:145116884:A:G	7	145116884	0.0183338506629408	0.225141719687629	0.935098012233191
chr7:149242006:T:C	7	149242006	0.216353779270621	0.271293629609913	0.425166887915059
chr7:153502245:G:A	7	153502245	-0.202691211898594	0.245460504041562	0.40894083574293
chr7:153952270:G:A	7	153952270	0.165232215105457	0.239778369336735	0.490757871087669
chr7:154426289:T:C	7	154426289	0.0368490702754848	0.425076314366356	0.930919412764818
chr7:156975524:A:T	7	156975524	0.0178009096536183	0.241138799998827	0.941153469408264
chr7:157677820:C:T	7	157677820	-0.528094270722234	0.553949586279673	0.340425171246083
chr8:276778:A:T	8	276778	0.0417326967970536	0.18961941504517	0.825803692355705
chr8:1102873:G:T	8	1102873	0.0654340524951739	0.345432460286271	0.849758577864407
chr8:8710521:T:C	8	8710521	-0.0527746298757897	0.26532283487751	0.842335314582913
chr8:9029509:T:C	8	9029509	-0.440470495962281	0.447183337238637	0.324629663346406
chr8:9109096:A:G	8	9109096	0.284414287711418	0.207635549949121	0.170756693745222
chr8:9827297:A:G	8	9827297	0.383973598257305	0.272232422278434	0.158403188534482
chr8:10675470:T:G	8	10675470	-0.466047297302212	0.717662014353316	0.516082038356754
chr8:13032868:C:A	8	13032868	0.289923876920879	0.217801997855612	0.183144572430095
chr8:14391498:A:G	8	14391498	-0.552643100281459	0.759660106958414	0.466927476214476
chr8:16627132:C:G	8	16627132	-2.09510917209188	1.82213736800746	0.250222722307418
chr8:17129593:A:G	8	17129593	0.362310714505184	0.32633600532343	0.266896375510033
chr8:20741226:C:T	8	20741226	0.478074442186429	0.248655584156217	0.0545256458828478
chr8:23115837:G:A	8	23115837	-0.797441571286122	0.77343144145997	0.302520353970118
chr8:25783762:T:C	8	25783762	0.0790377884131278	0.199075529200325	0.691349668092672
chr8:27010051:G:C	8	27010051	0.511760489252027	0.288778509113671	0.0763687102354674
chr8:27022227:G:T	8	27022227	0.205361579168804	0.236422562671912	0.385054519066125
chr8:28150898:A:G	8	28150898	0.567336064996876	0.236441312155984	0.0164184022460224
chr8:28528484:G:T	8	28528484	-0.190980837670979	0.22256909328789	0.39085139093284
chr8:29917542:C:T	8	29917542	0.181652636626148	0.378130898692714	0.630945715044102
chr8:37085597:G:A	8	37085597	-0.135719394644319	0.268283610238211	0.612940678967973
chr8:41788192:C:T	8	41788192	-0.0578867928174028	0.224603314906614	0.796616045809069
chr8:42055528:T:G	8	42055528	-0.119721484550304	0.301695268195238	0.691493434460333
chr8:50763512:C:T	8	50763512	-1.55796118834845	1.84738578364076	0.399042294276322
chr8:51570259:T:G	8	51570259	-0.780587418677416	1.28673003379476	0.544087005602608
chr8:53142705:G:A	8	53142705	0.158095056106216	0.311128659158128	0.611359359017678
chr8:60609620:T:A	8	60609620	0.377513202568306	0.39435348076081	0.338417626966761
chr8:61304314:G:C	8	61304314	-0.176019696442936	0.16124796342668	0.275005084912852
chr8:61926940:A:T	8	61926940	0.041125876930309	0.247503949294794	0.868029063592013
chr8:63445672:G:A	8	63445672	0.31819452578014	0.230839544590438	0.168072742016736
chr8:65343369:C:A	8	65343369	0.0846797983714341	0.228866765308668	0.711385436036497
chr8:65418628:G:T	8	65418628	0.0211508285724806	0.135058031750445	0.87555577944316
chr8:71273350:T:A	8	71273350	0.276108012081135	0.266330139120661	0.299869466084214
chr8:72033005:T:C	8	72033005	0.319543611903532	0.224175831318527	0.154037249737075
chr8:72065200:T:A	8	72065200	-0.165036853896788	0.11215699167902	0.141161150508378
chr8:73211475:T:C	8	73211475	0.121670436536074	0.222093505847571	0.583805696122044
chr8:75992459:A:G	8	75992459	0.278489976255478	0.313065057751835	0.373702495320683
chr8:78402394:T:A	8	78402394	-1.62168435019266	1.45338220005835	0.26450760906151
chr8:79795588:T:G	8	79795588	0.479978249703566	0.246140835199696	0.0511743656311813
chr8:86323708:T:C	8	86323708	0.0215636619926514	0.189093262942605	0.909208322271238
chr8:89525432:A:G	8	89525432	-0.516212448450671	0.308307771058154	0.0940635330129838
chr8:92001032:A:G	8	92001032	0.285556980459981	0.22749723072297	0.209402246788833
chr8:92645879:A:G	8	92645879	0.26292576434759	0.252977819868704	0.29865436204155
chr8:95906161:G:A	8	95906161	0.208468359028791	0.198369725699958	0.293300782494986
chr8:96365126:C:T	8	96365126	-0.15670477867649	0.197507768851266	0.427538574165519
chr8:97430280:G:A	8	97430280	0.439082613227437	0.296920894049354	0.139197381868904
chr8:98002322:C:T	8	98002322	-0.0576802044616218	0.25320904417498	0.819804231518074
chr8:98018653:A:G	8	98018653	0.896690907032224	0.447746151075596	0.0452119718346882
chr8:104471980:T:G	8	104471980	-1.5858360285878	1.81862492318923	0.38320984874842
chr8:106920372:G:A	8	106920372	-0.478729599949458	0.335162787326392	0.153191286629067
chr8:108142424:A:G	8	108142424	-0.199457963945178	0.270229736100779	0.460450545375037
chr8:109421925:C:T	8	109421925	-0.443817820589642	0.186246475415762	0.0171740804755678
chr8:116252872:C:T	8	116252872	-0.24867427644869	0.318223330427191	0.434540358561083
chr8:116821900:C:T	8	116821900	-0.974946462447793	1.40627813928051	0.488132979894366
chr8:119015250:G:A	8	119015250	0.345192760813244	0.227882548342866	0.129827199586371
chr8:121384602:C:T	8	121384602	-0.199999218878732	0.387375529924481	0.605649884719883
chr8:127029052:C:T	8	127029052	0.325920451547112	0.231183793661538	0.158601890520833
chr8:128437247:A:G	8	128437247	-0.535933720502323	0.461075932473956	0.245091465920494
chr8:131111695:G:T	8	131111695	-0.306527343808549	0.550669588945157	0.577770162470791
chr8:131315237:G:A	8	131315237	0.212200979826175	0.214434554451507	0.322377549089916
chr8:135895676:A:T	8	135895676	0.298782130269749	0.262935838027903	0.25581808290682
chr8:138585221:A:T	8	138585221	-0.614347738096971	0.649323471847448	0.344079675115978
chr8:141605122:C:T	8	141605122	0.0336983536359222	0.219536018692192	0.878005517680818
chr9:733358:A:C	9	733358	-0.193176584963832	0.319332858268412	0.545220183984668
chr9:5461379:C:T	9	5461379	0.395280330511376	0.296689726830818	0.182760954628163
chr9:11397008:T:G	9	11397008	-0.0369011738680417	0.289686698014655	0.898637234557371
chr9:11517950:T:C	9	11517950	-0.233392546172515	0.350825632563648	0.505880043339763
chr9:11955148:T:G	9	11955148	-0.447116274180713	0.44757227256063	0.31780381128175
chr9:12389360:A:G	9	12389360	-0.207814749011495	0.26751746201505	0.437260929648225
chr9:12615226:G:C	9	12615226	0.0608204617899208	0.36587114651376	0.867972292457111
chr9:13582959:T:A	9	13582959	0.306779588620282	0.265054674802375	0.247100796081745
chr9:13820455:C:G	9	13820455	-0.544220743630502	0.247906931675762	0.0281447868252869
chr9:14098421:G:A	9	14098421	-0.188782696235219	0.149107440773649	0.205482647278947
chr9:18952915:A:G	9	18952915	0.0377820904375199	0.139443220784365	0.786429765457985
chr9:21476808:G:A	9	21476808	0.374775692034611	0.350252658822768	0.284612437061792
chr9:29651949:A:G	9	29651949	-0.380028782697462	0.167325615921321	0.0231352915404519
chr9:32058643:A:T	9	32058643	-0.425852284731131	0.673861570636106	0.527414250075114
chr9:37013405:C:T	9	37013405	-0.038186367103412	0.110319710987826	0.729235444102553
chr9:37992585:C:T	9	37992585	-0.0290615805401371	0.290345625290875	0.920270449227639
chr9:72294932:G:A	9	72294932	0.378198289844587	0.38735013538029	0.328879559072762
chr9:73616570:C:T	9	73616570	-0.351102675070842	0.844415570743038	0.67756096876734
chr9:76464251:C:G	9	76464251	-0.755560275466587	0.807205090024006	0.349262783811085
chr9:79067117:C:T	9	79067117	0.46366196746212	0.354559483635116	0.190970747495553
chr9:82773489:T:C	9	82773489	0.0235419402231773	0.388779988346678	0.951714907117369
chr9:89995415:A:G	9	89995415	-0.0682289292875415	0.29931344971609	0.819683998631519
chr9:91844381:C:T	9	91844381	0.136913156099222	0.315157262105845	0.66397762936452
chr9:94568472:C:A	9	94568472	-0.063480382797069	0.326998005494227	0.846073469298024
chr9:95559980:C:T	9	95559980	-1.27460738984193	1.43269129999467	0.373648760296156
chr9:96162075:C:T	9	96162075	-0.196059356436452	0.148485440956801	0.186703345993611
chr9:97240484:A:G	9	97240484	-0.871442313596829	1.40280093262539	0.534457546544477
chr9:100192956:A:G	9	100192956	0.379077397499044	0.215225407143227	0.0781869421877042
chr9:100529836:G:C	9	100529836	0.496164584660304	0.28815230347268	0.0850906950473741
chr9:101460357:C:T	9	101460357	0.0273597597558271	0.419968854326493	0.948056866774301
chr9:103293239:C:G	9	103293239	0.424485706210426	0.297132225278462	0.153116708849854
chr9:105684376:G:T	9	105684376	-0.692677857812998	0.449791748915821	0.123561131373648
chr9:106822394:G:C	9	106822394	-0.00614134484425637	0.424497652565239	0.988457148642714
chr9:107904127:G:A	9	107904127	0.311230768234666	0.209697440121413	0.137758617361593
chr9:117420412:T:C	9	117420412	-0.163852000171912	0.445067385564559	0.712760649506602
chr9:117972207:C:A	9	117972207	0.2294186760497	0.290286270185563	0.4293416517174
chr9:118511323:G:A	9	118511323	-0.864676252227668	0.635734965956993	0.173791748826553
chr9:121356498:A:G	9	121356498	0.0778550805570275	0.26864933800884	0.77196781710051
chr9:124044726:T:G	9	124044726	0.199944807996302	0.234267344745338	0.393387697247459
chr9:125005426:C:T	9	125005426	0.410230992204179	0.266813947411993	0.124166744089255
chr9:129533341:A:G	9	129533341	-0.0438146877272424	0.240629265371229	0.855516972708322
chr9:136630984:C:T	9	136630984	-0.23233026961683	0.205436542469245	0.258092913725926
chr10:2050300:A:G	10	2050300	-0.378351595674554	0.305456511520808	0.215477704913212
chr10:3113976:C:T	10	3113976	-0.6225263591376	0.35943446644626	0.0832805653918408
chr10:4591592:T:C	10	4591592	0.40072146677227	0.268504887542103	0.135589658169207
chr10:7462546:C:T	10	7462546	0.116557186803394	0.251124396114651	0.64254656193913
chr10:7849544:T:G	10	7849544	0.110078349454768	0.28823992936979	0.702536774437788
chr10:9367893:G:A	10	9367893	0.0848344708929324	0.265350972377767	0.749190716941155
chr10:10628189:C:T	10	10628189	0.397440898554799	0.2501039439268	0.11203716683258
chr10:14014383:T:C	10	14014383	-0.0768181046641382	0.197085275296161	0.696705965463955
chr10:16341555:C:T	10	16341555	-0.141961958918376	0.280183053209611	0.612382347613406
chr10:18075702:C:T	10	18075702	0.137865837585015	0.370678362652995	0.709946104675499
chr10:20923823:C:G	10	20923823	-0.143553573290172	0.613044739027068	0.814856946444779
chr10:26220185:A:C	10	26220185	0.302968277417185	0.327856560290868	0.355440557196387
chr10:27289376:T:C	10	27289376	0.120541531753599	0.257003950625753	0.63905106057093
chr10:27674317:A:G	10	27674317	-0.247328517967583	0.11123924823335	0.0261893403050159
chr10:28771902:G:A	10	28771902	0.164073329563531	0.251551722876036	0.514243195824484
chr10:28891836:C:T	10	28891836	0.0239415838363827	0.203134893314533	0.906178176875683
chr10:30622484:G:A	10	30622484	0.260998295767221	0.296317967425262	0.378423467174616
chr10:35177843:G:T	10	35177843	-0.175635287954128	0.409694051880137	0.668142541443949
chr10:43613180:G:A	10	43613180	0.281999009380854	0.325036430128987	0.385617722628876
chr10:44139011:T:C	10	44139011	-0.531962541934859	0.74202681062248	0.473432873562684
chr10:45036473:A:G	10	45036473	-0.0435022489663892	0.265619391113744	0.869906989126
chr10:51560095:T:G	10	51560095	0.0350729795559121	0.332712391081767	0.91604626882043
chr10:54072488:A:G	10	54072488	0.0443253899282903	0.120030321349947	0.71191535019911
chr10:54082016:C:T	10	54082016	-0.0915936016930387	0.24637828503662	0.710071516305248
chr10:55299918:G:C	10	55299918	-0.599756168092168	0.795338221184531	0.450795507109741
chr10:56747004:T:C	10	56747004	0.179342481970449	0.304498076401151	0.555876441712473
chr10:57761967:T:C	10	57761967	0.260128470392485	0.327291226633075	0.426734466598954
chr10:61894829:G:A	10	61894829	0.0374646497886301	0.345338653559039	0.913609632677287
chr10:62473064:C:G	10	62473064	0.0437060817840625	0.283342072643497	0.877411041606011
chr10:65713195:A:G	10	65713195	-0.238129672250426	0.731537809714791	0.74478808164946
chr10:69232402:C:A	10	69232402	0.0331693450662294	0.154455259137009	0.829961842940733
chr10:79437519:C:T	10	79437519	-0.601502319651561	0.434202467023663	0.165959597837404
chr10:81546102:G:A	10	81546102	-0.0898168738654371	0.309153629193629	0.771414588940875
chr10:82354363:C:G	10	82354363	-0.283909543871443	0.399847721193868	0.477676745031023
chr10:84591955:C:T	10	84591955	-0.573365216524954	0.478292967097729	0.230615799836393
chr10:84989741:G:A	10	84989741	-0.496681149697203	0.339323677935108	0.143265397037081
chr10:86779196:C:A	10	86779196	0.548119740280977	0.278353529751285	0.0489359151306039
chr10:91053424:A:C	10	91053424	-0.0189580137779763	0.165031232934599	0.908543956556109
chr10:93612452:G:A	10	93612452	0.0985630364904242	0.253262171738972	0.697147481920848
chr10:93671121:T:C	10	93671121	0.279102762861519	0.281449597006006	0.321362620035397
chr10:101249704:C:T	10	101249704	0.466951550808813	0.263686733114723	0.076584450594388
chr10:102352980:T:C	10	102352980	0.528366187522013	0.346169607974706	0.126929764847083
chr10:104637359:T:C	10	104637359	0.365758301340267	0.253479341337975	0.149034239100256
chr10:108480456:T:C	10	108480456	0.298353406659358	0.276959567987227	0.281370670181599
chr10:109264424:C:T	10	109264424	0.159930325267372	0.311533221912897	0.607695860186989
chr10:111352001:T:G	10	111352001	0.392818978627535	0.259140626896557	0.129556642205874
chr10:118828443:C:T	10	118828443	0.122825939918353	0.312608610363763	0.694388576133865
chr10:120152982:A:G	10	120152982	0.11322133410261	0.296535207876856	0.702599232941679
chr10:121580593:A:G	10	121580593	-0.0373033413346727	0.546934913583939	0.945622962693407
chr10:121611573:C:G	10	121611573	-0.905537373292338	0.683325919590965	0.1851078025903
chr10:121734173:T:C	10	121734173	-0.0896433381641503	0.438043112300813	0.837849484739502
chr10:121910644:T:A	10	121910644	-0.581999978382989	0.491015597490026	0.235899504965523
chr10:122561189:A:G	10	122561189	-0.0609431218802834	0.395693811243037	0.877597231825923
chr10:123750431:C:G	10	123750431	-0.366852741253424	0.547255553563318	0.502634722574176
chr10:127533155:T:C	10	127533155	-0.00663664138112566	0.410079062264208	0.987087752003504
chr10:129953349:A:G	10	129953349	-0.212638287749372	0.325409838371713	0.513467740872881
chr10:130263340:C:T	10	130263340	0.15799094306637	0.3190870796642	0.620505356045677
chr10:130662147:G:T	10	130662147	-0.338567208711135	0.825983135302173	0.681882217123898
chr10:131485315:A:G	10	131485315	0.276000962873173	0.286442718749252	0.33527319371413
chr10:131819683:A:G	10	131819683	0.119942724119178	0.255131917096844	0.638268985577612
chr10:131953941:A:C	10	131953941	0.446548545189408	0.275344844654767	0.104850631034605
chr11:388357:C:T	11	388357	-0.803113220264236	0.561653942575434	0.152743551093962
chr11:2257707:C:T	11	2257707	0.0238610772368715	0.270044753751011	0.929590779499769
chr11:3623903:G:A	11	3623903	-0.0852226873270043	0.288908342607658	0.768007824202678
chr11:5806222:C:T	11	5806222	0.0171751635560961	0.270376282942872	0.949349894869208
chr11:9789492:C:A	11	9789492	0.0577192024119773	0.205084092605272	0.778371687671676
chr11:14569664:T:G	11	14569664	0.432211225184176	0.256036618505273	0.0913951757772513
chr11:21819583:A:G	11	21819583	-0.218953113897207	0.294072974559257	0.456541581685713
chr11:36019710:C:A	11	36019710	-0.109893641234477	0.123048268495284	0.371806962340626
chr11:39635569:C:T	11	39635569	-0.440010219071536	0.595550414413443	0.460010531913356
chr11:40512905:C:G	11	40512905	-0.243999894063598	0.562369010717052	0.664376581186302
chr11:41632790:A:T	11	41632790	0.453762666707451	0.343697874321022	0.186755886466525
chr11:42744986:A:G	11	42744986	0.383361840361076	0.140407356816483	0.0063266278212708
chr11:43201079:C:T	11	43201079	0.144197894537881	0.24445612981338	0.555276279908377
chr11:43982585:G:A	11	43982585	0.15838800547044	0.243452606137511	0.515310724650101
chr11:44330300:A:G	11	44330300	0.43170628944798	0.236729669567631	0.0682086912364882
chr11:49875094:A:G	11	49875094	0.369416269582046	0.315819488648321	0.242118896398799
chr11:50253126:G:T	11	50253126	-0.110602052507979	0.471079618003271	0.814376229504793
chr11:55906271:G:A	11	55906271	0.390228413621477	0.276805840662706	0.158612042839202
chr11:56124264:C:A	11	56124264	-0.714934423819802	0.834301875700192	0.39148614386489
chr11:57305789:G:A	11	57305789	0.548242633614473	0.350339246052839	0.117608535919612
chr11:58998793:A:C	11	58998793	-0.374728115240205	0.528571735497785	0.478358812379289
chr11:60456695:C:T	11	60456695	-0.949720293321202	0.976250886002821	0.330640781699765
chr11:62505064:A:G	11	62505064	0.451364725264283	0.299496245883534	0.131790218453713
chr11:63184971:C:T	11	63184971	-0.341321232503187	0.341934436384756	0.318179156451657
chr11:65009160:T:C	11	65009160	-0.0765169639303112	0.317412145851721	0.809504726690302
chr11:70801858:T:C	11	70801858	-0.026873388409897	0.209042578943454	0.89771007961504
chr11:71334794:T:G	11	71334794	-0.262075357905909	0.435204637573961	0.547048470919396
chr11:72713691:C:T	11	72713691	0.121394492531046	0.212347170809701	0.567539226938475
chr11:77208574:G:A	11	77208574	-0.805598963437696	0.475253941461844	0.0900580457197256
chr11:77376654:A:G	11	77376654	0.327585032439654	0.213073670537239	0.124188987368814
chr11:77897055:A:G	11	77897055	0.650400807220489	0.317968612068793	0.0408068247017279
chr11:79339250:G:A	11	79339250	0.344535382591308	0.268277339996215	0.199054223355721
chr11:81783030:C:T	11	81783030	0.0903107207237015	0.257519515009297	0.725817426419709
chr11:83962252:C:T	11	83962252	-0.148415663179988	0.221798884091656	0.503402846194234
chr11:86328783:G:T	11	86328783	-0.227529292757404	0.21875978926475	0.29829931330746
chr11:86644523:C:T	11	86644523	-0.161467432900541	0.403340036684993	0.688916549259192
chr11:93046218:A:C	11	93046218	-0.132012348038901	0.279298475223239	0.636457989342268
chr11:99371984:G:C	11	99371984	-0.118818877168089	0.365945712977957	0.745415779050001
chr11:100626548:G:A	11	100626548	-0.57655690904464	0.547789436510412	0.292563072487284
chr11:104129521:G:A	11	104129521	-0.837010913448359	0.712074934858463	0.239813364482694
chr11:108728662:A:G	11	108728662	0.461085935383166	0.273404647669998	0.0917072802147176
chr11:110338613:G:A	11	110338613	-0.246658935975825	0.767358686916738	0.747877804264544
chr11:110396347:G:A	11	110396347	0.0906602812786763	0.225883382094706	0.688155984273075
chr11:113789228:G:C	11	113789228	-0.0908205397258196	0.210468875041745	0.666093730303769
chr11:113800784:C:T	11	113800784	0.069472765451489	0.286036785232047	0.808097950308252
chr11:115616504:A:T	11	115616504	-0.00339361737124328	0.368929001366026	0.992660710566721
chr11:119630310:G:A	11	119630310	-0.603125784521586	0.380618943210485	0.113059032670716
chr11:123267436:G:A	11	123267436	-0.181777798801881	0.364431765467946	0.617921768112457
chr11:125907492:T:C	11	125907492	0.338682206197943	0.245848038997089	0.168324373638755
chr11:126829359:G:A	11	126829359	-0.210173015878998	0.572489734237603	0.713528747754101
chr11:130038952:T:C	11	130038952	-0.8360344040776	1.29322096382513	0.51797209219799
chr11:130290657:C:T	11	130290657	-0.461323695567319	0.591904419786506	0.435750699373212
chr11:131355535:G:A	11	131355535	-0.363895738175473	0.265245886424329	0.170088811097091
chr11:133238417:A:G	11	133238417	-0.216703046291118	0.321858345677829	0.500764709171706
chr11:133300920:A:C	11	133300920	-0.563762103855403	0.398952533302965	0.157624643828439
chr11:133409278:A:G	11	133409278	0.590480080595699	0.27232455279369	0.030136216680849
chr11:134309503:C:T	11	134309503	-0.0854772424805115	0.43152127368945	0.842979737292639
chr12:5192681:C:T	12	5192681	-0.567673427463996	0.365115340260867	0.119998866283001
chr12:5448727:G:A	12	5448727	-0.178231471609072	0.186580631089301	0.339450408760068
chr12:6639294:C:T	12	6639294	-0.279485525345254	0.436017287542985	0.521525001510643
chr12:19523028:C:A	12	19523028	-0.243921577292435	0.249016144540486	0.327312633529108
chr12:19758400:A:T	12	19758400	-0.0198656188839519	0.325290644557476	0.951303169188534
chr12:20003679:T:A	12	20003679	-0.664429674497401	0.686171672786057	0.332887547781516
chr12:21333090:G:A	12	21333090	-0.0217932464114276	0.344445286403351	0.949551057914082
chr12:25518059:A:T	12	25518059	-0.0833068114348627	0.40962669051041	0.838843878508694
chr12:28965843:C:T	12	28965843	0.0925180447080081	0.281157977337549	0.742109797958321
chr12:32086665:A:C	12	32086665	0.0457933295416085	0.202417660518216	0.821021070267644
chr12:44631613:C:T	12	44631613	-0.783516551373082	0.556431047442538	0.159098272039727
chr12:48567461:T:G	12	48567461	-0.0158556018592151	0.245388932428658	0.948481203351792
chr12:51039498:T:C	12	51039498	0.464254694207463	0.341989174124737	0.174618317203362
chr12:52880890:G:T	12	52880890	-0.714676193993483	0.928503855076592	0.441473539674182
chr12:53646626:C:G	12	53646626	0.362466223367214	0.251386431911363	0.149339422551126
chr12:53680144:C:A	12	53680144	-0.122347651164466	0.31869075677601	0.701047287699847
chr12:54366280:G:A	12	54366280	-0.0275533406004875	0.216355870180356	0.898661849817312
chr12:55599330:T:C	12	55599330	-0.0596617902001122	0.399204599139186	0.881197250268516
chr12:56675083:C:T	12	56675083	-0.207930123548933	0.122618989918841	0.0899348244424296
chr12:57436134:C:T	12	57436134	0.432954172150151	0.248382419154651	0.0813170083385866
chr12:58724212:C:T	12	58724212	-0.153524603147816	0.380758134913381	0.686795452405809
chr12:59048769:A:C	12	59048769	0.356878092325785	0.309016752868316	0.248138477454927
chr12:59161225:G:A	12	59161225	-0.355717038798953	0.455757548547742	0.43509885817444
chr12:59226687:C:T	12	59226687	-0.169994021358343	0.219231962385286	0.438099137860488
chr12:63113400:T:C	12	63113400	0.473378897097458	0.25356120455145	0.0619125329201847
chr12:64271340:C:T	12	64271340	0.385693269647222	0.268467062079987	0.150817400051711
chr12:64756705:C:T	12	64756705	-0.2173929756285	0.201753126436942	0.281248138349254
chr12:67050802:C:T	12	67050802	-0.129513245810756	0.348669933448593	0.710302819647127
chr12:71564908:A:G	12	71564908	-0.324713679990255	0.596425291973188	0.586143462650448
chr12:73909094:G:A	12	73909094	-0.0592805969348811	0.119775844222709	0.62064989658751
chr12:81126959:G:A	12	81126959	-0.407337498540231	0.236710279778124	0.0852821769865183
chr12:83608380:A:G	12	83608380	-0.146526154711859	0.306427401993238	0.632525116318223
chr12:90727178:A:C	12	90727178	0.528614602962861	0.238590631969162	0.0267208629249261
chr12:92596791:C:T	12	92596791	-0.0431498391030958	0.369955340123846	0.907149091072255
chr12:95914573:A:T	12	95914573	0.492047660161447	0.256605076477832	0.0551707680676711
chr12:101611098:G:C	12	101611098	-0.270493278477432	0.284846650786891	0.342310365410151
chr12:105967464:T:C	12	105967464	0.0984805057702587	0.191046567767945	0.606218296386353
chr12:109533295:C:T	12	109533295	-0.246781856840259	0.267786347457464	0.356756824490605
chr12:112209515:G:A	12	112209515	-0.267512092208882	0.32138651600255	0.405200836147549
chr12:120976632:C:A	12	120976632	0.0104725742146008	0.308749803623018	0.972941510615134
chr12:125875525:T:C	12	125875525	-0.584407028361919	0.489713946584898	0.232726820210643
chr12:126449337:A:G	12	126449337	0.305704851656289	0.239527496607513	0.201855527355822
chr12:131091094:G:A	12	131091094	-0.46151947701918	0.302993786389493	0.127709219597363
chr12:132776953:G:A	12	132776953	0.666147773083202	0.2453666749698	0.00662943275152994
chr13:19545220:A:G	13	19545220	-0.27449834731236	0.515801025246186	0.594602195941452
chr13:22977365:T:G	13	22977365	0.482321001501131	0.239253774275989	0.0438063604844281
chr13:24330599:T:C	13	24330599	0.145335150195316	0.208546319115017	0.48586771740244
chr13:24623185:A:C	13	24623185	0.17042040424308	0.251340022335386	0.497741751952502
chr13:25202506:T:G	13	25202506	0.291714408156242	0.25402526117626	0.250816796656211
chr13:26234118:A:T	13	26234118	0.503396352540842	0.266532027369463	0.0589333905419929
chr13:26494236:G:A	13	26494236	0.212673133797118	0.245710421124008	0.386740381618576
chr13:27255876:A:G	13	27255876	-0.0980376673830821	0.312785548162112	0.75395085464183
chr13:42909938:A:G	13	42909938	-0.295566992729727	0.447687853834404	0.509120516638382
chr13:45470952:C:T	13	45470952	0.323539424225524	0.305629078470498	0.289781268740355
chr13:45708351:G:A	13	45708351	-0.863929598989988	0.781359206029153	0.268867071083476
chr13:45809177:C:G	13	45809177	-0.198078177610003	0.329784167867687	0.54808662789662
chr13:50558767:A:T	13	50558767	-0.177240213631904	0.318383634654595	0.577740907281958
chr13:58710908:G:A	13	58710908	0.33269151503931	0.258783436531972	0.198583332226594
chr13:58934154:C:T	13	58934154	0.0910921068021343	0.245639820298389	0.710759630208213
chr13:70397215:T:C	13	70397215	-0.111189357418349	0.419464026146857	0.790951813056794
chr13:70990050:T:C	13	70990050	0.121248320720193	0.343720507072354	0.724273882221878
chr13:75832713:T:C	13	75832713	0.411617709688943	0.235138133743913	0.080025910628388
chr13:86776101:G:A	13	86776101	0.401296875967382	0.218767416451873	0.0666014696007533
chr13:91472230:T:C	13	91472230	-0.182427525201372	0.532273835731709	0.731799734807053
chr13:93235990:C:T	13	93235990	-0.036937729558958	0.281139747215413	0.895470236718351
chr13:96765286:G:A	13	96765286	-0.186738796140024	0.18249526957365	0.306188332752721
chr13:102180181:A:G	13	102180181	-0.167126486074676	0.185685560817962	0.368093078022186
chr13:104405113:C:T	13	104405113	0.27456541375315	0.213943891683728	0.199368630992306
chr13:106009559:G:C	13	106009559	0.0406551048823393	0.258247605759227	0.874908460792018
chr13:106084136:A:G	13	106084136	-0.11408156893521	0.252134357416103	0.650935181358931
chr13:112716578:T:C	13	112716578	0.448492200779776	0.268608122393286	0.0949807833599717
chr14:21167555:A:G	14	21167555	-0.592397925388914	0.531240121792971	0.264797839998466
chr14:26929954:A:G	14	26929954	-0.34232529236726	0.401266670330798	0.393597362264239
chr14:27823594:G:A	14	27823594	-0.346609614043555	0.374851232232517	0.355143245314742
chr14:34182794:A:C	14	34182794	0.0144393002920182	0.275428678002832	0.958190193683904
chr14:38216062:T:A	14	38216062	-0.271488184664327	0.140889439996459	0.053984730637571
chr14:38962987:G:A	14	38962987	-0.147947960180651	0.611081723604198	0.808696243328811
chr14:39925237:C:T	14	39925237	0.161012888316806	0.225287870086108	0.474795404612398
chr14:44446011:A:G	14	44446011	0.153074303032538	0.37970596487213	0.686845932635452
chr14:48685878:C:A	14	48685878	0.0266483993146676	0.312158882983501	0.931968782163644
chr14:51426205:T:C	14	51426205	-0.166502548898292	0.431763174886407	0.699767768333722
chr14:52881822:T:G	14	52881822	0.133675123577243	0.336297103178457	0.691005308602821
chr14:53358297:A:G	14	53358297	-0.0946636617100141	0.1242024364366	0.445957151775347
chr14:56254615:G:A	14	56254615	0.217446490974597	0.27395671188718	0.427355118185531
chr14:57978070:T:C	14	57978070	-0.283930898270883	0.289670799997606	0.326994934905468
chr14:62445185:T:C	14	62445185	-0.198751275697254	0.399811830288138	0.619110042671887
chr14:67518615:G:A	14	67518615	0.392151426060711	0.298789499564168	0.189362536764547
chr14:68863518:T:G	14	68863518	-0.161590966309645	0.187341125792712	0.388385288569506
chr14:77734277:G:A	14	77734277	-0.180402752248793	0.298380283956319	0.545440279385615
chr14:81022028:G:A	14	81022028	-1.00639599474017	1.26937799667473	0.427879153227751
chr14:81884763:T:G	14	81884763	0.222124706301003	0.311855651670214	0.476299024307896
chr14:82929256:T:A	14	82929256	0.202243448259856	0.278121415668222	0.467117640546324
chr14:84531019:T:G	14	84531019	0.12085390388439	0.197837179473636	0.541281945484847
chr14:84812257:C:T	14	84812257	0.818609059866485	0.642818153405665	0.202851628181934
chr14:90804831:C:G	14	90804831	-0.383311083102085	0.233963286444828	0.101351079812796
chr14:91397629:G:T	14	91397629	-0.223241873358733	0.403710625535903	0.580280545749947
chr14:91532430:A:C	14	91532430	0.135050858849505	0.284272267870324	0.634732987371416
chr14:91961156:T:C	14	91961156	0.304011055866293	0.277966500187163	0.274088003301311
chr14:92998270:C:G	14	92998270	0.133135148100318	0.238449518631507	0.576614400587677
chr14:93757265:G:A	14	93757265	0.352493036836563	0.293258198092936	0.229367910756706
chr14:93769225:C:T	14	93769225	-0.808079383451708	0.929960422689323	0.384880200189413
chr14:98340169:A:G	14	98340169	-0.0413445218913624	0.202083291891295	0.837891304379412
chr14:100721312:C:T	14	100721312	0.185236623116752	0.265462353970811	0.485309365211335
chr14:102093442:A:G	14	102093442	-0.355181704402728	0.531105799268692	0.50364931921954
chr15:24165057:A:G	15	24165057	0.232687736880186	0.189104077822742	0.218519487558997
chr15:26353849:A:G	15	26353849	0.0910138481603661	0.172737434591185	0.59826908909505
chr15:28182824:G:A	15	28182824	0.432963004843154	0.266064379769077	0.10367623859952
chr15:33665926:A:G	15	33665926	-0.938775043388085	1.2922761626322	0.467562462688264
chr15:34880184:A:T	15	34880184	0.327862898213825	0.246230869320202	0.183015870620915
chr15:37080410:C:T	15	37080410	0.345835972179484	0.293568031873484	0.23877918268793
chr15:37762539:C:G	15	37762539	-0.958706755209111	1.05301643965613	0.362591277775011
chr15:52558833:C:G	15	52558833	0.493649078777509	0.291790176786103	0.0906851217637442
chr15:55712443:A:G	15	55712443	0.448433419146636	0.316810793451363	0.156933286016784
chr15:57522102:A:T	15	57522102	0.00747133251494166	0.206352842579828	0.971117632348791
chr15:57590535:T:C	15	57590535	-0.140959092396627	0.478382014975092	0.76825514308793
chr15:58439508:G:A	15	58439508	-1.13694251910649	1.5770959599071	0.470965564553172
chr15:69786285:T:C	15	69786285	0.151990754641044	0.300806503273836	0.613363951440582
chr15:71331250:T:C	15	71331250	0.117429084467824	0.262853299320034	0.655057298659687
chr15:74245092:G:C	15	74245092	-0.520896676154725	0.654608398213641	0.426184425044969
chr15:76807237:T:C	15	76807237	0.448233948031944	0.264703388201517	0.0903899688192519
chr15:77734259:G:A	15	77734259	-0.205206913949623	0.211858998877138	0.332744125709483
chr15:79750604:G:T	15	79750604	-0.244790949281753	0.271610620221836	0.367451736721809
chr15:81697597:G:A	15	81697597	0.0616531056440398	0.20796974056522	0.766884697981981
chr15:87989871:C:T	15	87989871	0.105725742736753	0.265067884705626	0.689994233870983
chr15:88891382:T:C	15	88891382	-0.0723425939015713	0.340452944577273	0.831725356577905
chr15:89804552:C:T	15	89804552	0.226542807050473	0.323001096885176	0.483073051294106
chr15:94791129:A:G	15	94791129	0.0010259369070482	0.483120737536165	0.998305643828427
chr15:97043895:A:G	15	97043895	-0.502212229604815	1.17309477737134	0.668571890249287
chr15:98725394:C:T	15	98725394	0.477564086830382	0.320728295159173	0.13648765171371
chr15:100978492:T:G	15	100978492	0.423542098142237	0.285884074499521	0.138468875243423
chr16:2671727:C:T	16	2671727	-0.497788560162872	0.443565567136155	0.261758935530802
chr16:4957642:T:C	16	4957642	0.0425003541573683	0.356062287006407	0.904988460035338
chr16:5603936:C:T	16	5603936	0.500062727776275	0.349026161825743	0.151932985397157
chr16:5884026:G:T	16	5884026	-0.19890515496163	0.189926265041739	0.294972457688524
chr16:6848656:G:A	16	6848656	-0.0433688103036505	0.195659546799176	0.824582887398294
chr16:7909855:G:A	16	7909855	-0.0238623609653718	0.210943799816147	0.90993392200127
chr16:8273542:C:G	16	8273542	0.449814555643403	0.257585960519513	0.0807640999423747
chr16:12394716:C:T	16	12394716	0.211351912530648	0.257045797805558	0.410943470297733
chr16:13985277:C:A	16	13985277	-0.711496448288404	1.1361171805473	0.531149207640065
chr16:17779668:G:A	16	17779668	-0.119453675766849	0.126581804232592	0.345329325636907
chr16:29740733:G:C	16	29740733	0.00744434485367756	0.455302589675017	0.986954910159293
chr16:31127124:G:A	16	31127124	0.0821843762223146	0.238103857806835	0.729972671806418
chr16:56688556:C:T	16	56688556	-0.970814070202357	0.612261787043794	0.112825708776672
chr16:60324635:A:C	16	60324635	0.101065709338839	0.285695745946362	0.723524046140816
chr16:60499572:C:T	16	60499572	0.0317374491427925	0.306564586465528	0.917545402045151
chr16:62273123:C:T	16	62273123	0.171013420448588	0.131421338005336	0.193169239190062
chr16:65972427:C:T	16	65972427	-0.342379248464132	0.385743669868192	0.374765485457538
chr16:69246420:T:C	16	69246420	0.131476888107324	0.289523196339924	0.649745903910349
chr16:71908403:G:A	16	71908403	-0.315311202680765	0.196780992272534	0.109079156107132
chr16:72103328:C:A	16	72103328	-0.18599466740095	0.346407186008307	0.591319443251475
chr16:74837740:A:C	16	74837740	-0.661965473626743	0.718681058718847	0.357006682449946
chr16:79886631:C:T	16	79886631	0.119973818816304	0.295695937349782	0.684938247949232
chr16:81396153:C:A	16	81396153	0.0822505325826879	0.276482325458606	0.766092978233771
chr16:82294878:C:G	16	82294878	-0.0477179214541476	0.429050836213579	0.911443948514362
chr16:82421890:A:G	16	82421890	-0.216708358973408	0.375497014243961	0.563855656440487
chr16:83827178:T:C	16	83827178	-0.339216641578991	0.355791901604182	0.340380832654041
chr16:84032337:C:T	16	84032337	-0.330343517139391	0.671839225891839	0.622931259586831
chr16:89303022:G:A	16	89303022	0.53982309335446	0.301775111011932	0.0736428803993352
chr16:89331863:A:T	16	89331863	-0.220772963165284	0.284721463952549	0.438103459580859
chr16:89337630:T:C	16	89337630	-0.415304950225548	0.339272317466871	0.220912608924414
chr16:89479873:T:G	16	89479873	0.304591353813808	0.315267923277966	0.333976666627385
chr16:90035976:C:A	16	90035976	-0.48550001755603	0.396218460103837	0.220449339340687
chr17:2489248:C:G	17	2489248	0.080014941884431	0.235307851814413	0.733823653021935
chr17:4018176:C:A	17	4018176	0.316166250943487	0.314426846692557	0.314640756517486
chr17:4147521:T:C	17	4147521	0.34530707234989	0.274953969298276	0.20916227492028
chr17:6949267:T:C	17	6949267	-0.302557098174906	0.341880723267192	0.376168213902988
chr17:7929448:A:G	17	7929448	0.0207910218032599	0.323039275813483	0.948683051837365
chr17:10308301:C:T	17	10308301	0.225797210278825	0.255143845307091	0.376167397049715
chr17:12174148:T:C	17	12174148	-0.379558210836795	0.277807994300931	0.171857076845109
chr17:14402381:C:T	17	14402381	-0.304453523701432	0.5132146268116	0.553028267260357
chr17:15219976:C:T	17	15219976	-0.0836442742114892	0.212458788937462	0.693805151385794
chr17:16482403:T:A	17	16482403	-0.205549051798694	0.233376264246908	0.378446404111605
chr17:18684803:A:G	17	18684803	-0.0823834285880716	0.361221298510618	0.819592495578591
chr17:20040710:T:C	17	20040710	-0.0523987848701274	0.192626609964029	0.785604667619804
chr17:21275023:A:C	17	21275023	-0.114974053364105	0.374737511915257	0.758986295368249
chr17:30609729:C:T	17	30609729	0.346592455499791	0.266313101584432	0.193105406963156
chr17:31554254:C:T	17	31554254	0.255981433542092	0.243965048576389	0.294060985181912
chr17:33472425:T:G	17	33472425	-0.129736045200467	0.204768608165957	0.526358940026874
chr17:44156671:T:A	17	44156671	-0.263776263428575	0.293051891783237	0.3680665718583
chr17:45754773:C:T	17	45754773	0.302008328444916	0.252062434381941	0.230859054770794
chr17:48779278:C:T	17	48779278	-0.127231917769808	0.316186487235668	0.687393218306272
chr17:52703044:C:G	17	52703044	-0.471362108659184	0.301498594733133	0.117959159477143
chr17:53282498:G:T	17	53282498	-0.00359601179244174	0.177992496597275	0.983881303030095
chr17:58411807:C:T	17	58411807	-0.617215010715368	0.360004393014917	0.0864433194343369
chr17:61409438:A:G	17	61409438	0.0159203638058127	0.385168036882347	0.967029983789257
chr17:61905160:C:T	17	61905160	0.420332108584767	0.349609632546012	0.22925125259011
chr17:66262233:G:T	17	66262233	0.175495980603374	0.309618252537354	0.570840513072502
chr17:66751216:C:T	17	66751216	-0.228782096596224	0.339211757353966	0.500023901828446
chr17:66971178:A:G	17	66971178	-0.557790996475341	0.409535775110306	0.173195364662309
chr17:68771033:G:A	17	68771033	-0.424107738570751	0.373288779421269	0.25589862155463
chr17:69081332:C:T	17	69081332	0.44647628750001	0.272045960804602	0.100760134218599
chr17:69213412:T:C	17	69213412	-0.516901599843015	0.325604547900101	0.112396402724313
chr17:72829246:G:A	17	72829246	0.388040731493142	0.280677764933725	0.166814162221026
chr17:73506492:C:T	17	73506492	0.229397315376909	0.341715491417415	0.502022527150193
chr17:75360149:C:G	17	75360149	0.361975157121997	0.235446406984017	0.124195541239782
chr17:77625920:A:T	17	77625920	0.349526189587128	0.196897851465164	0.0758706342989232
chr18:1137045:A:T	18	1137045	-0.0640650500031931	0.260095145182793	0.805439249459425
chr18:4080016:T:A	18	4080016	0.0888750867741673	0.285480779023811	0.75555946620286
chr18:8920896:G:C	18	8920896	-0.0996602723040641	0.371393247221255	0.788436358565988
chr18:9609299:C:T	18	9609299	0.302491359110338	0.295013208338112	0.305198765380587
chr18:10572326:C:T	18	10572326	0.271474774395952	0.244266470281969	0.266401462483698
chr18:11017906:C:T	18	11017906	-0.0480940445406186	0.137837339484031	0.727150241065678
chr18:12120157:A:G	18	12120157	-0.925437363701547	1.10553463225906	0.402539246578994
chr18:14686017:A:G	18	14686017	0.35212525741683	0.244663871643994	0.150088061571375
chr18:14895123:C:T	18	14895123	0.0222760019295886	0.342019208962289	0.948069817512886
chr18:30059135:A:G	18	30059135	0.0559864058788463	0.122356290896331	0.647262353061969
chr18:32490781:T:C	18	32490781	-0.0921750343622473	0.191312480721152	0.62994549989534
chr18:36255061:C:A	18	36255061	0.29289749351935	0.249563244999856	0.240539113127816
chr18:42762909:A:C	18	42762909	0.444696857789321	0.260760008573278	0.0881221790351533
chr18:43928870:G:A	18	43928870	0.462329403829028	0.260451968145846	0.0758806701515945
chr18:44831686:A:G	18	44831686	-0.0176032959049047	0.558584499917378	0.974859535969205
chr18:45461168:C:T	18	45461168	0.103377064985022	0.262649088721377	0.693880925404473
chr18:47992191:T:C	18	47992191	0.435765183761393	0.272874077151241	0.110277730276725
chr18:49146783:T:G	18	49146783	0.0033739192272324	0.255576009724115	0.989467243519885
chr18:49872731:C:G	18	49872731	0.0454101922918568	0.255701279366184	0.859044357820569
chr18:50485733:T:C	18	50485733	0.378424853395921	0.256135860258424	0.139558266009113
chr18:58120958:C:T	18	58120958	-0.745389864191222	0.333067195795747	0.0252238981650852
chr18:59256389:C:T	18	59256389	-0.258592098913852	0.246851906807772	0.294841532706687
chr18:62622293:T:A	18	62622293	0.212487144138763	0.288476786301493	0.461375876127277
chr18:62998306:G:A	18	62998306	0.405346035116389	0.289465062261539	0.161415116274115
chr18:66103927:C:T	18	66103927	0.0382848982641493	0.230149856164457	0.867883333051576
chr18:66206557:C:T	18	66206557	-0.160594710692271	0.220829841800851	0.467083338282893
chr18:68001558:G:A	18	68001558	0.125810651825683	0.254208324532863	0.620662513171449
chr18:69946690:A:G	18	69946690	-0.336547531160385	0.625732144478469	0.590683371290101
chr18:71730181:C:T	18	71730181	0.00315701373354164	0.464044322430632	0.994571826518659
chr18:72912108:T:C	18	72912108	-0.102103673591998	0.241952064201511	0.673025311585873
chr18:73248491:G:A	18	73248491	0.340237451256844	0.26855491687883	0.205184088400132
chr18:77734991:G:A	18	77734991	0.484427062372897	0.372527723148111	0.193471256175231
chr19:2907557:G:A	19	2907557	-0.271140530578707	0.313184708504216	0.386625751730869
chr19:16021187:G:A	19	16021187	-0.0863577457950608	0.294837469723259	0.769598975369664
chr19:17584922:G:A	19	17584922	0.106725014251434	0.261054877567515	0.682670189369827
chr19:18704666:C:T	19	18704666	-0.0145285039807223	0.576852734375963	0.979906754496762
chr19:18737022:C:T	19	18737022	0.296875432609636	0.288843956862255	0.304041287695293
chr19:18805179:A:G	19	18805179	-0.0256900397724836	0.169392899695466	0.879455514470491
chr19:21560366:G:T	19	21560366	0.491434291171619	0.230009933688763	0.0326322855985106
chr19:21659434:G:C	19	21659434	0.174388409533692	0.361757136385128	0.629763786702502
chr19:33474662:T:C	19	33474662	-0.15347705906778	0.36516675515778	0.67427136685066
chr19:37956680:C:T	19	37956680	-0.30446067133093	0.343827917815473	0.375885373103118
chr19:38120117:A:T	19	38120117	-0.22531934938997	0.488535849880613	0.644645407391627
chr19:44380983:T:C	19	44380983	0.0631888657734466	0.302912947706642	0.834757353627517
chr19:44819986:A:G	19	44819986	-0.273084076077337	0.298214300449737	0.359808007583294
chr19:48685001:C:T	19	48685001	0.265230597308982	0.345731841778122	0.442988184433122
chr19:51210487:G:T	19	51210487	-0.543380585630276	0.933067723691603	0.560324748372262
chr19:51552139:T:A	19	51552139	0.144442393498035	0.232384136809833	0.534226391650592
chr19:52714810:C:T	19	52714810	-0.23150205379051	0.301223652499329	0.442167169645186
chr19:53330671:T:C	19	53330671	0.141093822618307	0.292685158240541	0.629758432938165
chr19:54944544:G:A	19	54944544	-0.164018412456769	0.580283669803365	0.777443518794463
chr19:57195010:G:C	19	57195010	0.00893525060341969	0.440480150218739	0.983815821009999
chr20:1709120:A:G	20	1709120	0.0791818239758341	0.224277874345656	0.724049216751702
chr20:1735934:T:G	20	1735934	-0.286410195165346	0.240583194658108	0.233856621122749
chr20:1906500:G:T	20	1906500	0.533418140263883	0.267769582925175	0.0463623999923347
chr20:3649460:G:A	20	3649460	0.00159308910899931	0.422058076254515	0.99698833346106
chr20:5407753:C:T	20	5407753	0.297786864937916	0.259060266362574	0.250354497950816
chr20:5860313:T:C	20	5860313	-0.0315129718483882	0.196560281130078	0.872627291447348
chr20:7000966:A:C	20	7000966	-0.596470658752556	0.391036189196458	0.127169522953746
chr20:12129436:G:A	20	12129436	-0.225598624699391	0.317392689404792	0.477216184600676
chr20:13244402:C:A	20	13244402	0.187641153745735	0.31033511990198	0.545417951133772
chr20:31347432:T:C	20	31347432	-0.0601315610112308	0.379369619914145	0.874059754582594
chr20:37593342:C:T	20	37593342	-0.151850388710352	0.336521787345169	0.651820229441642
chr20:38200488:G:A	20	38200488	-0.257750968590379	0.251273640680081	0.304996245803559
chr20:38350608:A:G	20	38350608	-0.196713634745092	0.176905188067652	0.266150143322371
chr20:45729681:A:G	20	45729681	0.136970880129996	0.23470471555322	0.559497465099261
chr20:48501317:C:T	20	48501317	0.585365956420593	0.288373892993039	0.0423681890228061
chr20:49036824:T:G	20	49036824	0.36941505136657	0.264424249835504	0.162397224653212
chr20:50371082:C:T	20	50371082	0.0289858390570884	0.311659818532809	0.925899798971924
chr20:52513956:G:A	20	52513956	0.532273399462767	0.326257387538497	0.1027948949094
chr20:54253971:A:G	20	54253971	0.303779159318391	0.230699774278088	0.187914834093813
chr20:58480201:T:G	20	58480201	-0.12105149949045	0.236236664236977	0.608359738606854
chr20:60073360:C:T	20	60073360	-0.587530928080011	0.374726248429616	0.116905939854736
chr21:14869783:A:G	21	14869783	0.0446181372048286	0.290446087558125	0.877909884316579
chr21:15297615:T:C	21	15297615	-0.123156632732566	0.313679968088343	0.694601098898207
chr21:15686888:A:G	21	15686888	-0.693844746437294	0.397979276615117	0.0812604018224142
chr21:18805376:C:A	21	18805376	-0.92100216181912	1.21815270071643	0.449610451587912
chr21:22007486:G:T	21	22007486	0.372625009651136	0.324801687961449	0.25128305313264
chr21:24026351:C:T	21	24026351	0.125064893391612	0.310761941600799	0.687355838567213
chr21:26647335:G:C	21	26647335	-0.0388249097211623	0.13366985814305	0.771469138999984
chr21:28043199:C:G	21	28043199	-0.607382767194876	0.633852777332699	0.337942004339712
chr21:29538421:G:A	21	29538421	0.18300353878494	0.242971681465114	0.451336494407048
chr21:31885030:A:G	21	31885030	0.132624664956839	0.185080482401428	0.473634312947734
chr21:35502622:A:T	21	35502622	0.240899220019732	0.214575720213238	0.261574711207454
chr21:36306638:T:G	21	36306638	0.163357775904386	0.227666421407765	0.473046350573744
chr21:41442549:G:A	21	41442549	0.124810233815103	0.123868000491942	0.313643285585618
chr21:42627184:G:A	21	42627184	0.0970808075468965	0.250707141122754	0.698587474032298
chr22:20147688:T:C	22	20147688	0.366869740220469	0.243441345353187	0.131806832240704
chr22:23891985:A:G	22	23891985	-0.0810659281222655	0.233947506359564	0.728956972465134
chr22:24245985:G:T	22	24245985	-0.0088921768833073	0.298489142379091	0.976234038886202
chr22:28624303:G:A	22	28624303	-0.282302663474026	0.657126169201986	0.667485240739299
chr22:30376697:C:T	22	30376697	0.0171766102741684	0.313226137698589	0.956267741657684
chr22:30662128:G:A	22	30662128	-0.633734770202225	0.544940712492535	0.2448527910327
chr22:36298345:C:A	22	36298345	0.528713864856813	0.352147832755143	0.133252788114177
chr22:36977479:G:A	22	36977479	0.204315927202296	0.267359923047538	0.44474923878942
chr22:42350572:C:T	22	42350572	0.458757545735446	0.407541786952904	0.260305244832496
chr22:42475109:T:G	22	42475109	0.0142480915640918	0.389135927099523	0.970792229996407
chr22:44719519:A:G	22	44719519	0.685574741192495	0.238362993620578	0.00402520816167595
chr22:44805054:T:C	22	44805054	0.0278420330282077	0.232855388985695	0.904825438579025
chr22:45210278:T:C	22	45210278	-0.125557869623706	0.198926895713752	0.527925494355546
chr22:47062473:C:T	22	47062473	-0.0653074967581209	0.301186344642819	0.828337566845154
chr22:48785864:A:G	22	48785864	-0.77342343616263	0.72597163221193	0.286711618679736
chr22:49668266:A:G	22	49668266	0.47248368103847	0.284610836463121	0.0968934666627235
chr22:49926053:G:A	22	49926053	0.163476066948335	0.270981774510732	0.546326897894981
