SNP	CHR	POS	est	stderr	pval
chr1:1837340:C:T	1	1837340	0.302790505875459	0.235335619231705	0.198222336528456
chr1:2261200:G:C	1	2261200	0.0242350429747524	0.219880834470279	0.912235704064966
chr1:14678191:A:C	1	14678191	0.123338463607732	0.155094401583069	0.426469439244916
chr1:14985097:C:T	1	14985097	0.177768176067919	0.221403051806594	0.422022965532121
chr1:15065941:C:T	1	15065941	-0.144596951992245	0.260495871846649	0.578837569899985
chr1:20215506:G:C	1	20215506	-0.436768301081667	0.339376863606074	0.198104273469662
chr1:20533654:G:C	1	20533654	-0.185746919939306	0.443341423745317	0.67523778769965
chr1:22009627:T:C	1	22009627	0.140777224429577	0.222849809659071	0.527574130779088
chr1:22126221:C:T	1	22126221	0.157786578293292	0.170139623564707	0.353721662359954
chr1:23180575:A:G	1	23180575	0.280977771608699	0.172459103136911	0.10326160576744
chr1:26058659:G:C	1	26058659	-0.0134368262618038	0.224089739432087	0.952186051554897
chr1:26181362:A:G	1	26181362	-0.0911559966197539	0.29282174981728	0.755571046324846
chr1:26848285:C:T	1	26848285	0.100714940862512	0.487490557374826	0.836323234842247
chr1:28670719:C:T	1	28670719	0.0675759139288863	0.215761699353022	0.754131008157925
chr1:29753056:A:C	1	29753056	0.00530567846746161	0.18402520008822	0.976999169028241
chr1:29908726:A:G	1	29908726	-0.271870946954291	0.176937655209099	0.124407155570486
chr1:31886486:G:T	1	31886486	0.0618202128406951	0.177668375507281	0.727875613828332
chr1:37838865:C:T	1	37838865	0.0184103251126547	0.318881933272235	0.953960521818592
chr1:39880059:T:C	1	39880059	0.0607326902070339	0.191516806901348	0.751156985356957
chr1:41175014:G:A	1	41175014	0.54182827927922	0.280051142851466	0.0530212748910796
chr1:41597921:C:T	1	41597921	-0.384686765828957	0.457013755210546	0.39993349395957
chr1:42635725:A:G	1	42635725	0.296227085202278	0.256835792491562	0.248757931038626
chr1:43202709:G:A	1	43202709	0.0441349598492273	0.25884139805372	0.864609334764261
chr1:47498869:G:A	1	47498869	0.128932495263448	0.316507697042528	0.683743787028333
chr1:51034150:G:A	1	51034150	-0.158889593103153	0.389166606463259	0.683066892828271
chr1:54900240:G:A	1	54900240	-0.0742297372748795	0.147171588370015	0.613997560855698
chr1:55459433:C:T	1	55459433	-0.0740210906747967	0.335469657406285	0.82536563741453
chr1:56563907:C:T	1	56563907	0.369543557020437	0.340345698851164	0.277572430845598
chr1:65351414:T:A	1	65351414	-0.0108894127391777	0.212317248491581	0.959095708503076
chr1:66254178:T:A	1	66254178	-0.674161113367353	0.533516423269253	0.206367063647538
chr1:73302339:T:C	1	73302339	-0.116487650240097	0.243476989715886	0.632341397106525
chr1:73563666:T:C	1	73563666	-0.191388167802344	0.277579754299761	0.490515637136424
chr1:76062379:T:C	1	76062379	-0.19507979280401	0.315478969965449	0.536337605781969
chr1:86928231:G:T	1	86928231	0.147713335549723	0.168508589417203	0.380708111442051
chr1:88611347:G:A	1	88611347	0.265207107256881	0.231977741565571	0.252937394984477
chr1:91057167:C:A	1	91057167	-0.208321626430708	0.297140966306156	0.483248811382352
chr1:91093925:G:A	1	91093925	0.488143115161854	0.199821959715713	0.0145701677832515
chr1:92475800:A:G	1	92475800	-0.201576983747647	0.362638377734174	0.57830502801795
chr1:94752415:G:A	1	94752415	-0.163881198481845	0.293438844233964	0.576513231586393
chr1:95614324:G:A	1	95614324	0.0332561614903216	0.311506909021414	0.91498018651828
chr1:99691102:T:C	1	99691102	-0.00102763773728086	0.188959096677767	0.995660795075112
chr1:104937367:T:A	1	104937367	-0.179376493329286	0.323302325183314	0.579013771433109
chr1:115841221:A:T	1	115841221	0.123841876947633	0.321151002903387	0.69977897873806
chr1:153704237:C:A	1	153704237	-0.00394258798370048	0.119039425659978	0.973578879027567
chr1:155857667:G:T	1	155857667	-0.000847017833161043	0.20139037779344	0.996644226666852
chr1:157334223:T:C	1	157334223	-0.190220080713068	0.391076935892968	0.626683120927098
chr1:159540226:C:T	1	159540226	0.129929710077771	0.186577694000056	0.486188416554721
chr1:165647351:T:C	1	165647351	0.0463584326923488	0.215110050088368	0.829369477906243
chr1:167545338:A:T	1	167545338	-0.0777523884230663	0.37623629882789	0.836276654461119
chr1:168863629:G:A	1	168863629	-0.564920940230081	0.341466121527393	0.0980466299360914
chr1:171350391:G:A	1	171350391	-0.00197235904274249	0.282116111743282	0.994421793215399
chr1:173013575:C:G	1	173013575	-0.174014013554193	0.136253519137033	0.201554912927209
chr1:178947344:C:A	1	178947344	0.456332717064348	0.249220764790954	0.0670948556555441
chr1:185127444:C:G	1	185127444	0.167666570120971	0.303473477450324	0.58061153602384
chr1:185619557:C:T	1	185619557	-0.565415160306288	0.681790600852381	0.40692951398479
chr1:186638909:G:T	1	186638909	0.437058574678313	0.195730514781156	0.025551526891458
chr1:188272062:T:C	1	188272062	-0.0123187625469771	0.215168520533884	0.954344698869175
chr1:193365737:C:T	1	193365737	-0.0331877832383487	0.219016675361625	0.879556976098336
chr1:193791070:G:T	1	193791070	0.583495576092466	0.295920134529904	0.0486323440154122
chr1:195033388:T:C	1	195033388	-0.234549501383141	0.188343516131946	0.213011115416406
chr1:195907914:A:G	1	195907914	-0.420392145026711	0.284803801293484	0.139923406849756
chr1:196692375:G:C	1	196692375	-0.0268044296657932	0.171181953302488	0.875572369243247
chr1:197559019:A:G	1	197559019	0.0812404434704986	0.222868222133168	0.71546800269946
chr1:199160726:G:A	1	199160726	-0.097809568756388	0.361165899612397	0.786532416025943
chr1:204277152:T:C	1	204277152	-0.126030151280622	0.200153383307014	0.528911918971812
chr1:207498131:C:T	1	207498131	0.308219839720552	0.221973365913159	0.164971381729721
chr1:208744577:C:T	1	208744577	-0.602043128629334	0.556051753929344	0.278936897168576
chr1:210496535:G:A	1	210496535	0.10857944046244	0.21666502703573	0.616272828622589
chr1:212937214:T:G	1	212937214	-0.123963901773403	0.228990526093472	0.588266723090393
chr1:219750864:A:G	1	219750864	0.223844828695544	0.179659750761939	0.212787325161172
chr1:221920463:G:A	1	221920463	-0.00485664973649649	0.288706268822342	0.986578528054857
chr1:227462684:A:G	1	227462684	-0.220009103740906	0.277968300590678	0.428658164921547
chr1:234456961:G:A	1	234456961	0.121934085217728	0.249219937637084	0.624655538335011
chr1:237308322:A:G	1	237308322	0.378588183263501	0.291415339495614	0.19389723125944
chr1:239000642:T:C	1	239000642	-0.0279965347796426	0.239274435344682	0.906855331294787
chr1:244583991:C:T	1	244583991	-0.189641519275005	0.255770794884917	0.458420013349504
chr1:246213578:G:A	1	246213578	-0.150286948925838	0.25479175112085	0.555296390079431
chr1:247190028:T:C	1	247190028	-0.402319947830085	0.234924793123122	0.086795755617352
chr1:247897239:C:T	1	247897239	-0.12215950928095	0.218760975947433	0.576560723703196
chr2:3248328:A:G	2	3248328	-0.195282455907531	0.242238505003282	0.420151878046184
chr2:4505759:T:G	2	4505759	-0.00168452578524059	0.259076818301425	0.994812165538897
chr2:6804400:G:A	2	6804400	0.197998968381094	0.211072244892476	0.348212265928538
chr2:9411790:A:C	2	9411790	0.340915570463556	0.176854966886936	0.0538979055811362
chr2:12096367:C:T	2	12096367	0.425277794144681	0.232199485486237	0.0670230985738043
chr2:13545005:C:T	2	13545005	-0.116727866441853	0.197058085630766	0.553614509905981
chr2:16009716:A:G	2	16009716	0.162576900426205	0.245617521366751	0.50802836281177
chr2:16367899:A:T	2	16367899	0.105231647579198	0.163484861667718	0.519784104949502
chr2:17630111:A:C	2	17630111	0.0605131811875306	0.170492677790149	0.722641088011085
chr2:17928966:C:G	2	17928966	-0.0902244513156446	0.304231801441147	0.766798767960284
chr2:18261494:A:T	2	18261494	-0.33775848538943	0.212283429411043	0.111593092401132
chr2:19530615:T:C	2	19530615	-0.0734727879503149	0.165932569839057	0.65791979351116
chr2:19562158:T:C	2	19562158	0.0493276558244149	0.266886885352617	0.853365454319211
chr2:27383116:G:A	2	27383116	0.167354082841063	0.154182414032172	0.277731638389232
chr2:37762298:C:T	2	37762298	-0.274222535640574	0.370615959953546	0.459354474068401
chr2:42010994:T:A	2	42010994	-0.219718071603544	0.227825373017137	0.334838202952154
chr2:45824390:C:G	2	45824390	-0.306489318030779	0.311039309192441	0.324441548757397
chr2:46742820:T:C	2	46742820	0.226028970151335	0.341435797247303	0.50797408907072
chr2:49789441:T:C	2	49789441	0.434720507822543	0.232073162536982	0.061040141993669
chr2:49994518:G:A	2	49994518	0.193469447055197	0.223253104594959	0.386165370951522
chr2:51284042:G:A	2	51284042	-0.407120540672879	0.273974166972583	0.13728401726174
chr2:51344078:G:A	2	51344078	-0.213615307831336	0.153614298462271	0.164348209292468
chr2:57278002:C:A	2	57278002	-0.232551332436169	0.275527100990714	0.398656305692201
chr2:57368273:A:G	2	57368273	0.288609554063355	0.193265798998241	0.135350909726399
chr2:60075157:T:C	2	60075157	-0.740566146602181	0.507521087223235	0.144514744342042
chr2:60373837:A:G	2	60373837	-0.577040724393266	0.431324531376413	0.180950479233948
chr2:61147014:T:C	2	61147014	-0.16120804876245	0.154496675398576	0.296744442655723
chr2:61693274:A:G	2	61693274	0.0291731383508078	0.20042565279889	0.884271975635903
chr2:65295480:C:T	2	65295480	0.265880675703376	0.216092117563442	0.218545735175158
chr2:66031496:T:C	2	66031496	-0.262548078160347	0.236098379268384	0.266125984796336
chr2:69165635:T:C	2	69165635	0.0463560859552227	0.186657960057203	0.803865350328268
chr2:71204755:G:A	2	71204755	0.0595786202928209	0.32109145656576	0.852797421195948
chr2:72022684:A:G	2	72022684	-0.732312658461051	0.619111538798908	0.236870793552783
chr2:76651386:C:A	2	76651386	-0.515291758504113	0.245733409178547	0.035997610406596
chr2:79784490:C:G	2	79784490	-0.827781586081369	0.430738696254449	0.0546344470620856
chr2:82619301:T:C	2	82619301	-0.558020096648407	0.354804185259915	0.115775532814526
chr2:83181917:T:C	2	83181917	0.0927273536499762	0.304955230893949	0.761075519720624
chr2:83400799:T:A	2	83400799	0.497758288337776	0.259859878697585	0.0554303916995742
chr2:85744328:G:A	2	85744328	-0.0988357813490733	0.294776121524886	0.737405580159623
chr2:85757440:T:A	2	85757440	-0.355744043083885	0.31803012329396	0.263316799365839
chr2:99811694:T:C	2	99811694	-0.209118366352351	0.300044152938305	0.485828674713738
chr2:101228073:A:C	2	101228073	0.357236962629161	0.207482953208295	0.0851120310923181
chr2:106861882:T:C	2	106861882	-0.0711957143476027	0.430178142963709	0.868548196401289
chr2:108083619:T:C	2	108083619	-0.312238636722387	0.331627835265374	0.34643165330591
chr2:114129906:T:C	2	114129906	0.427703152362621	0.232675265350998	0.0660332692615792
chr2:118004610:C:T	2	118004610	0.0476214875906851	0.162783035747857	0.769869374655401
chr2:119455921:A:G	2	119455921	0.0647771338208318	0.205372526049415	0.75244821127198
chr2:120644763:G:A	2	120644763	-0.118589541456221	0.17832024601133	0.506026899666934
chr2:120916837:A:G	2	120916837	-0.357120087533981	0.239147106829684	0.135356801550161
chr2:122628686:C:A	2	122628686	-0.713640133656096	0.354921482932654	0.0443573005741091
chr2:122629789:A:C	2	122629789	-0.495484534362427	0.282938727387582	0.0799101053222034
chr2:126391403:A:G	2	126391403	0.0321939161842366	0.228588266513934	0.88799791600212
chr2:127192867:G:A	2	127192867	0.0584002334332389	0.198075679162917	0.768117650377789
chr2:130915743:C:T	2	130915743	-0.110680337531173	0.215101130347403	0.606867346867672
chr2:136507185:G:C	2	136507185	-0.389537618140572	0.190554554943269	0.0409306855567373
chr2:141023592:C:T	2	141023592	-0.0497694770888747	0.242369485762656	0.837302217360751
chr2:143017176:T:C	2	143017176	0.0742435605391673	0.206504670242716	0.719202491386847
chr2:143920023:G:T	2	143920023	0.215618495842694	0.207397066104538	0.298506715130174
chr2:144729333:C:T	2	144729333	-0.107485288348682	0.290231586908329	0.711126805613711
chr2:148561010:G:C	2	148561010	0.125014762190018	0.173161844608813	0.470323200390045
chr2:154835349:G:T	2	154835349	0.148454880667959	0.17919886449805	0.407423340998824
chr2:164974626:C:A	2	164974626	-0.0540908125567789	0.378477642667302	0.886355892390941
chr2:167086954:T:G	2	167086954	-0.369390691157745	0.202351930799832	0.0679276665171352
chr2:167199229:C:T	2	167199229	-0.810766651851284	0.629868017126636	0.198024288412653
chr2:167657344:C:T	2	167657344	0.311860970061684	0.2137670535173	0.144597506392836
chr2:167884398:C:T	2	167884398	-0.295495090984238	0.389357655133482	0.44789460733153
chr2:168647356:T:G	2	168647356	0.0272209373897956	0.186415481956254	0.883903276262836
chr2:170041677:A:G	2	170041677	0.585225035956585	0.25064974599876	0.0195522012635279
chr2:171274449:C:A	2	171274449	-0.14083776424023	0.289331156463527	0.626421241310038
chr2:177787584:G:A	2	177787584	-0.26320773689686	0.236800079987347	0.266345109389814
chr2:179648558:C:T	2	179648558	0.0750264929039766	0.424757547790176	0.859796129570703
chr2:183527028:C:T	2	183527028	0.235136272375308	0.23232795133603	0.311496101367016
chr2:184516924:T:A	2	184516924	0.334985728726155	0.216626812911001	0.122014651216268
chr2:191922008:C:T	2	191922008	-0.0455214233722826	0.26053633471116	0.861298098582225
chr2:195817951:G:C	2	195817951	0.20384345593047	0.24171236611219	0.399043524576934
chr2:197010424:G:A	2	197010424	0.10263720697483	0.329553569015878	0.755463742526225
chr2:209101337:G:A	2	209101337	0.115264767290247	0.194629738027787	0.553699343505435
chr2:209103516:A:G	2	209103516	-0.0754101716202213	0.17396197126211	0.664661348314588
chr2:210957182:G:A	2	210957182	0.094850392091301	0.232210648366285	0.682930836772439
chr2:214802180:T:C	2	214802180	-0.209735460366735	0.23760846081685	0.377401857587717
chr2:215209936:A:G	2	215209936	0.164254848399208	0.226347557274011	0.468037801551233
chr2:215367000:G:A	2	215367000	-0.0127802590323292	0.223271895102811	0.954353387928451
chr2:220997842:C:T	2	220997842	-0.0701546015352892	0.245100888104932	0.77470392283469
chr2:226027918:G:A	2	226027918	-0.68007833578704	0.698328175826078	0.33012288645184
chr2:228947684:G:A	2	228947684	-0.263884120262836	0.25321059833298	0.297340867496016
chr2:233152507:T:C	2	233152507	-0.129876968875854	0.229009720140655	0.570629759156951
chr2:235620294:A:T	2	235620294	-0.16961869354997	0.198717105249083	0.393344028668766
chr2:237288548:A:G	2	237288548	0.108037473151464	0.172504736393972	0.531126714253643
chr2:237513585:T:C	2	237513585	-0.313744806156602	0.196558089136303	0.110445528089
chr2:237920759:T:G	2	237920759	0.112145269261451	0.184036943677353	0.542283982516713
chr2:240429648:C:T	2	240429648	0.16070893714789	0.184661807247365	0.384143087672758
chr3:9841346:T:C	3	9841346	-0.0738877935490838	0.396920672532326	0.852325136633965
chr3:10127208:T:G	3	10127208	0.162512061169378	0.183921144666013	0.376914123506521
chr3:14082905:A:G	3	14082905	-0.427909975733994	0.273847330456246	0.118150028241932
chr3:16798495:T:G	3	16798495	0.188973585803915	0.211911134494572	0.372522313205018
chr3:18882818:T:C	3	18882818	0.0202792129333247	0.139274830601182	0.884232646846519
chr3:20179943:G:A	3	20179943	-0.639054029445699	0.557451115678366	0.251635565784107
chr3:22245167:A:G	3	22245167	-0.0441673122614523	0.25092409957784	0.860279318792103
chr3:24009496:G:A	3	24009496	0.129068549441006	0.183859974674904	0.482683073562513
chr3:24010534:C:T	3	24010534	-0.0730969726754689	0.171036847195516	0.669105787244226
chr3:33111016:C:A	3	33111016	-0.599726326100954	0.415604575890484	0.149014423203506
chr3:33421913:A:G	3	33421913	0.199465298909198	0.171587322152333	0.245044167182382
chr3:34471110:A:G	3	34471110	0.227236780797617	0.165736425195333	0.170352119698356
chr3:34498029:C:T	3	34498029	0.0223368898885165	0.19711509762889	0.909777637789653
chr3:35230331:G:A	3	35230331	-0.172815939962748	0.264250757968436	0.513121693869865
chr3:41413926:T:C	3	41413926	-0.084261203532197	0.180096024420681	0.639878842561709
chr3:42098050:T:C	3	42098050	-0.0626560268943619	0.217325398789347	0.773113182233422
chr3:46489654:A:G	3	46489654	-0.208178133377965	0.196062675871245	0.288329305702647
chr3:56959175:A:G	3	56959175	-0.0177093534946898	0.262717670535374	0.946256655885082
chr3:64441608:G:A	3	64441608	0.278813021669749	0.243565315427416	0.252326977785427
chr3:66150510:T:A	3	66150510	0.125275191424369	0.231214905556868	0.587947484465467
chr3:66995763:G:T	3	66995763	0.399716760844111	0.234405876737694	0.0881508787072162
chr3:68498445:T:C	3	68498445	0.0266140331017325	0.235752743684562	0.910118081053326
chr3:68824246:G:A	3	68824246	-0.0936580366011146	0.141682053288567	0.508584253361636
chr3:69021248:A:C	3	69021248	-0.0200965327577824	0.217150188581899	0.926263691355515
chr3:69617754:T:G	3	69617754	0.104566489048272	0.198364344926411	0.598093891768267
chr3:74191731:G:A	3	74191731	0.146957365186217	0.230667093532132	0.524061516015641
chr3:74732240:G:A	3	74732240	-0.0415492635430232	0.222735283552669	0.85202052614574
chr3:75709324:A:T	3	75709324	-0.179145090262886	0.198414865345688	0.366588846315888
chr3:84465702:T:C	3	84465702	0.16278368782166	0.178260285979962	0.361147999227414
chr3:84817748:G:A	3	84817748	-0.0748647313494787	0.305554448051503	0.806446569878392
chr3:85705423:A:G	3	85705423	0.246620480701671	0.185706007956931	0.184172944299133
chr3:88069353:C:T	3	88069353	0.200655500017494	0.218515770658114	0.358479868680949
chr3:93986190:G:A	3	93986190	-0.0642845335715665	0.238175740347593	0.787234275987489
chr3:101022648:G:A	3	101022648	-0.458877515722922	0.292892504296269	0.11718257188658
chr3:106664728:C:T	3	106664728	-0.0134527029500006	0.188062110858424	0.942973324745426
chr3:110774699:C:T	3	110774699	0.346904459904204	0.237902849801729	0.144791766231521
chr3:113428518:G:A	3	113428518	-0.169323225991685	0.259839770389229	0.514630362841888
chr3:121058963:T:G	3	121058963	0.235861474871245	0.203748370520283	0.247022577951759
chr3:122312606:G:A	3	122312606	-0.138063837912311	0.322532533454758	0.668606170094682
chr3:124193435:A:C	3	124193435	-0.396429419760156	0.19753731047659	0.0447647376178801
chr3:124804582:A:T	3	124804582	0.347742395257021	0.293616150572983	0.236277094580357
chr3:126773646:G:T	3	126773646	0.224625741138106	0.257697417450705	0.383391325063877
chr3:131110446:C:G	3	131110446	-0.208877575859559	0.28521318677675	0.463951334570227
chr3:131209978:G:T	3	131209978	0.297648747173302	0.192928603369071	0.122881199160666
chr3:133982842:C:T	3	133982842	-0.0387568865633657	0.179865736397285	0.829395627390486
chr3:134929007:C:T	3	134929007	-0.121917255941575	0.259024390407013	0.637870217690219
chr3:137777496:C:T	3	137777496	-0.398957202614336	0.426320073971734	0.349367864121682
chr3:146265901:G:T	3	146265901	0.23797815463473	0.196777220559458	0.2265174358557
chr3:148006706:G:A	3	148006706	0.225311966550312	0.271028592715182	0.405791885452998
chr3:149679065:C:A	3	149679065	0.16698237259101	0.167918722210979	0.320016589568287
chr3:150888061:C:A	3	150888061	-0.570998147958513	0.416532529845218	0.170425815671706
chr3:152663712:G:C	3	152663712	0.0484428139404106	0.235632399997136	0.837114011437961
chr3:159417151:A:G	3	159417151	-0.175066154348936	0.211174753417206	0.407098287737034
chr3:164899350:G:A	3	164899350	0.244928894936198	0.170184265877316	0.150094365569857
chr3:168053836:T:C	3	168053836	-0.0882991907904979	0.253816500917963	0.727925848398262
chr3:171028381:G:A	3	171028381	-0.0215558459590401	0.331680620895629	0.948182148529313
chr3:174497130:T:C	3	174497130	-0.0479248455889819	0.271548734510935	0.859911291216427
chr3:176663180:T:G	3	176663180	0.260878904409832	0.24640022059814	0.28970871236019
chr3:196706550:C:T	3	196706550	-0.228548761545966	0.231798875143263	0.324143548348032
chr4:332191:G:A	4	332191	-0.109886410799069	0.248137395097367	0.657877834089222
chr4:8816874:T:C	4	8816874	-0.308950651862024	0.266798569226539	0.24686723522621
chr4:9851274:C:G	4	9851274	-0.440680505704713	0.241651815032331	0.068209902195147
chr4:10725805:A:G	4	10725805	-0.0410992937082377	0.218963664638876	0.851112496720234
chr4:13219910:C:T	4	13219910	-0.0206119564474141	0.204538453530215	0.919730649448945
chr4:18747099:A:G	4	18747099	-0.21522135207805	0.185666199124304	0.246381049817819
chr4:20840555:C:T	4	20840555	-0.192200269616894	0.176825573479315	0.277059625944846
chr4:21137718:C:T	4	21137718	-0.260151372725849	0.17471461315022	0.136485388677012
chr4:26851610:T:C	4	26851610	0.107271449445404	0.204019868131519	0.59903465810563
chr4:32302160:A:T	4	32302160	-0.211409055131851	0.332728809961059	0.525180954043619
chr4:34501888:A:G	4	34501888	0.0503040885615921	0.206096402937749	0.807168566760375
chr4:40603484:A:G	4	40603484	0.00543502505767405	0.234313622781831	0.981494316478839
chr4:41002348:C:T	4	41002348	0.355413359898478	0.239295642766296	0.137478157586878
chr4:44018406:T:G	4	44018406	-0.419654896503023	0.28008282814594	0.134049023709536
chr4:44680448:T:C	4	44680448	-0.314818517296542	0.224047947363833	0.159979937548585
chr4:55337032:C:T	4	55337032	-0.122896315514218	0.231724352032389	0.595865380736962
chr4:55659669:G:A	4	55659669	-0.497135044377735	0.291757787035532	0.0883940385536239
chr4:56719096:C:T	4	56719096	0.14732103906598	0.219012608998954	0.501163569899072
chr4:58944563:C:T	4	58944563	-0.182126017402291	0.359764887046667	0.612690829314662
chr4:61158247:C:G	4	61158247	-0.0121996040447567	0.189869835835888	0.948769206561408
chr4:64485722:G:A	4	64485722	-0.107530314922713	0.307393220301909	0.726478626206571
chr4:67708732:C:T	4	67708732	0.0284329841298265	0.182843982149267	0.876423942426842
chr4:67911021:C:T	4	67911021	-0.141216950536988	0.193335533856122	0.465130937131597
chr4:90022599:G:T	4	90022599	-0.0900038598642279	0.171041915378311	0.598742739033975
chr4:95020597:A:T	4	95020597	0.238237461044913	0.208473497315807	0.253133694179978
chr4:95433170:T:C	4	95433170	0.651087400257752	0.264067202661288	0.0136779208900709
chr4:97398054:G:A	4	97398054	-0.250605250237478	0.237346188050557	0.291030440598572
chr4:98823404:T:C	4	98823404	0.170417550399723	0.181001936096929	0.346436725766752
chr4:99262681:C:G	4	99262681	-0.0290139799483969	0.243832400151275	0.90528210000723
chr4:99355957:G:T	4	99355957	0.0765214665366331	0.253223984667758	0.762508098099924
chr4:101085120:T:C	4	101085120	0.0321596264479672	0.151959287604794	0.832393225904688
chr4:102399971:C:T	4	102399971	-0.173983359231468	0.19558522237016	0.373706123123755
chr4:102884286:T:C	4	102884286	-0.190204960437725	0.182731021118895	0.297921350696886
chr4:105992845:C:T	4	105992845	0.0977387350537801	0.138490209519295	0.480346900984736
chr4:108791253:G:A	4	108791253	0.190032072826571	0.210297063771662	0.366188255611336
chr4:110191180:A:G	4	110191180	-0.124516476820059	0.417522132760239	0.765529726229635
chr4:110957298:T:A	4	110957298	0.0985109230082161	0.173829225233135	0.570910589347717
chr4:113348012:C:T	4	113348012	0.00482937184564881	0.184304231496401	0.979095215029266
chr4:115515844:A:G	4	115515844	-0.943390685424077	0.498336176509771	0.0583471150007877
chr4:115522695:G:A	4	115522695	-0.213145293937431	0.24785870066088	0.389818374623078
chr4:120770744:A:C	4	120770744	-0.279935132123797	0.266990518870061	0.294415937621679
chr4:123964831:A:G	4	123964831	-0.0353936303091599	0.23959744743688	0.882562774131931
chr4:125256344:T:C	4	125256344	-0.062221289735458	0.279543635338823	0.823861102293955
chr4:126268710:T:G	4	126268710	-0.00153984592096214	0.296266926503769	0.995853017516239
chr4:134094420:T:C	4	134094420	0.0969591500814094	0.325378808923422	0.765711924670508
chr4:134350906:C:T	4	134350906	-0.124509707902769	0.12152087002025	0.305554200095166
chr4:138952375:G:A	4	138952375	0.167953687480034	0.198195124834185	0.396763380555029
chr4:141012527:T:G	4	141012527	0.432470269810408	0.308721515115747	0.161261127257941
chr4:141618953:G:A	4	141618953	0.0862631975465704	0.292667002269228	0.768185912251544
chr4:149616644:T:G	4	149616644	-0.124212047259995	0.260231734335996	0.63313909802036
chr4:154030957:C:G	4	154030957	0.154714552894485	0.296376206896507	0.601655829046474
chr4:168588553:A:C	4	168588553	-0.0937628007675642	0.180052439261008	0.602539030545406
chr4:171334248:A:T	4	171334248	-0.197610890226196	0.338896841199345	0.55982570144066
chr4:171974219:A:G	4	171974219	-0.276257026720148	0.23136071806266	0.232457122952644
chr4:176312841:C:T	4	176312841	-0.242804484010604	0.166749847101691	0.145364925108328
chr4:179329624:T:G	4	179329624	0.347636464681277	0.205298432486826	0.0903940886047997
chr4:183032183:A:G	4	183032183	0.0413448274413056	0.223557956327787	0.853276029994938
chr4:184991673:A:G	4	184991673	0.206379557170297	0.165820842385138	0.213281178557386
chr4:189912372:C:T	4	189912372	0.0164777155148427	0.232247992083564	0.943438507249007
chr5:79496:A:G	5	79496	-0.358018798607118	0.215072769275098	0.0959845406549553
chr5:5313703:A:G	5	5313703	-0.036569069472231	0.270162077839139	0.892327451429726
chr5:7364955:T:A	5	7364955	0.00177893775308281	0.317798801045697	0.995533716456302
chr5:8067079:G:C	5	8067079	0.273657717143445	0.183341654287956	0.135539117706637
chr5:13911296:G:T	5	13911296	0.383014980500584	0.230000368845104	0.0958569360104893
chr5:15621966:C:G	5	15621966	0.217695767401451	0.196775573858058	0.268590205052334
chr5:15997511:T:A	5	15997511	-0.231342275777413	0.321432945973585	0.47169634460189
chr5:17902851:T:C	5	17902851	-0.0254303213245797	0.27244876351349	0.925633590260974
chr5:20719353:A:C	5	20719353	0.474108985822239	0.213970399120237	0.0267073238303676
chr5:20732163:G:T	5	20732163	0.0109031925473288	0.24877257220393	0.965041545391702
chr5:21913130:A:C	5	21913130	-0.0225907779665353	0.160520196588992	0.888079451261013
chr5:23787194:A:C	5	23787194	-0.0797732465537019	0.244216050309652	0.743932393245305
chr5:23895775:T:G	5	23895775	-0.234619585923145	0.137030476567531	0.0868651898809918
chr5:25693600:A:G	5	25693600	0.254035494913682	0.321535895613407	0.42948756116749
chr5:33466391:T:A	5	33466391	-0.301154158639679	0.177092520286726	0.0890280788337681
chr5:33624899:A:G	5	33624899	-0.127415884515042	0.352575287107542	0.717810675205792
chr5:39550509:T:G	5	39550509	-0.261676432070692	0.154128000387208	0.0895480724541241
chr5:39634108:G:A	5	39634108	0.0783882935257061	0.201866849287317	0.697781589425699
chr5:39978357:G:A	5	39978357	-0.284072141070781	0.202040868147744	0.159720185274055
chr5:40238036:C:A	5	40238036	0.52458218658498	0.283510147198575	0.0642686148655008
chr5:44011742:G:T	5	44011742	-0.524546687175056	0.335976723064512	0.118462650019592
chr5:50222627:G:A	5	50222627	0.156619963916759	0.208480548985349	0.452505240332481
chr5:54814079:C:T	5	54814079	0.235910837836421	0.256742926798879	0.358168738936672
chr5:66989845:C:A	5	66989845	0.225351520395928	0.163515951751758	0.168153183661272
chr5:66992139:G:A	5	66992139	-0.363551321110937	0.247837363193506	0.142404695297684
chr5:73076502:T:C	5	73076502	0.262621659848128	0.189760131384389	0.166368720756754
chr5:76998986:C:A	5	76998986	0.0468210612826344	0.132414762107894	0.723643194811896
chr5:77675144:G:C	5	77675144	0.0470423602006417	0.435621103878085	0.914004285318177
chr5:80530472:T:A	5	80530472	-0.403961704128725	0.369819523632864	0.274691947269758
chr5:81710558:G:T	5	81710558	-0.0808335191654239	0.138583158054776	0.559701255474956
chr5:82792281:C:G	5	82792281	-0.212914969433024	0.242113804957169	0.379184232091107
chr5:84879932:A:G	5	84879932	0.276784029186131	0.22100784095825	0.210434348484008
chr5:85476293:A:G	5	85476293	0.0779973043084416	0.424915889863687	0.854359118685061
chr5:85809583:T:C	5	85809583	0.0787873394944932	0.157954325042104	0.617921526856933
chr5:92192959:A:T	5	92192959	0.200981396477241	0.173474214074767	0.246632969536319
chr5:94648523:C:G	5	94648523	-0.168955204933752	0.286814209420403	0.555810671868102
chr5:98024666:G:A	5	98024666	0.21282357418527	0.175977931893371	0.226518235299793
chr5:101328324:T:C	5	101328324	0.0940865775059701	0.219906966939795	0.668762378785672
chr5:101825779:A:C	5	101825779	-0.539677160297597	0.245186477360753	0.0277297521408341
chr5:106773905:G:A	5	106773905	0.100544955452393	0.186373710464365	0.589555448717832
chr5:110045491:C:T	5	110045491	-0.246910264401917	0.394446753903929	0.531337229839727
chr5:114915760:G:T	5	114915760	-0.170179639117303	0.214157915245968	0.426819701099341
chr5:115102683:A:G	5	115102683	-0.210404445879926	0.280947855630673	0.453911908935987
chr5:117238479:G:A	5	117238479	0.251085082397404	0.170359300131498	0.140520357645084
chr5:121740415:G:T	5	121740415	-0.0360902705102789	0.225010304146896	0.872570828506165
chr5:137227416:A:T	5	137227416	0.166360399111977	0.252379256841529	0.509787717374588
chr5:137406489:C:T	5	137406489	0.226562941740779	0.262633867455138	0.38832608608936
chr5:140638650:G:A	5	140638650	-0.496967659152339	0.331410004238267	0.133729609803324
chr5:142682003:T:C	5	142682003	0.121870178752735	0.178421385643222	0.494577191683567
chr5:144183699:A:G	5	144183699	-0.318267053383951	0.285539934795822	0.265015501266006
chr5:145690757:G:T	5	145690757	0.325211932715477	0.224358066348952	0.147191886332232
chr5:147282093:C:T	5	147282093	0.0354877869188412	0.158543847808883	0.822885082530771
chr5:148033208:G:T	5	148033208	-0.137816644719588	0.261006900272836	0.597486036357945
chr5:151763317:T:C	5	151763317	0.203879182857235	0.173690291289858	0.240471640400418
chr5:153541577:C:T	5	153541577	0.526740886734663	0.251707554433286	0.0363786092935859
chr5:160435085:T:G	5	160435085	0.399469050579325	0.207969894645289	0.0547566372542253
chr5:164252995:G:C	5	164252995	-0.017920666226546	0.179462059044814	0.920457308796035
chr5:168245100:T:C	5	168245100	-0.0707301361225809	0.181350321135137	0.696522231380341
chr5:169455657:C:T	5	169455657	0.331062503051771	0.197177670403956	0.0931508631703118
chr5:169808985:G:C	5	169808985	0.0304679280212322	0.366059716036975	0.933666969342466
chr5:172672695:T:C	5	172672695	-0.13509195822164	0.220017175462711	0.539211084883367
chr5:173346700:A:C	5	173346700	-0.73531169448977	0.501399887973526	0.142507365745324
chr5:177122146:G:C	5	177122146	-0.496359028501885	0.3782804700938	0.189471035781728
chr6:1084246:G:A	6	1084246	-0.554806895331585	0.619839480518117	0.370743485217767
chr6:3041612:C:A	6	3041612	-0.00135787662747834	0.189921812233384	0.994295444248977
chr6:3673174:A:G	6	3673174	-0.176921211016535	0.288670523941718	0.539953809384848
chr6:3786319:G:C	6	3786319	0.330223969770477	0.176239006262535	0.0609679175364846
chr6:6090729:G:T	6	6090729	0.0744603477491868	0.23925749780081	0.755637734715473
chr6:6354181:A:T	6	6354181	0.139215115694635	0.199774831496843	0.485890329197739
chr6:6456261:T:C	6	6456261	-0.195381812575592	0.192088895927085	0.309085563808234
chr6:7642514:C:G	6	7642514	-0.156118553589642	0.142314368021319	0.272642338573968
chr6:12212257:G:A	6	12212257	0.0535075458602012	0.210564144854463	0.799406575213956
chr6:21494280:T:C	6	21494280	-0.742295179851571	0.427903354505232	0.0827893051802264
chr6:23163726:T:C	6	23163726	-0.0768918119863175	0.273384348207521	0.778511744651087
chr6:23344439:T:A	6	23344439	0.158101137538275	0.184816064603651	0.392301369553229
chr6:24077828:C:T	6	24077828	-0.112343583095572	0.312846273208624	0.719519118583147
chr6:26287827:G:A	6	26287827	0.166245288602581	0.221530959626065	0.452990847541919
chr6:27261142:G:T	6	27261142	0.179397699428432	0.201036579607214	0.37219814541713
chr6:31108549:A:G	6	31108549	0.220754757120623	0.136062513263739	0.10470682238665
chr6:31845997:T:C	6	31845997	0.33849795038421	0.206394713934298	0.100994469275049
chr6:32660000:G:C	6	32660000	-0.064207433576919	0.288681258163695	0.823989780184043
chr6:33148933:A:G	6	33148933	0.05616106529025	0.188265049921697	0.765467714789172
chr6:37400014:G:T	6	37400014	0.213531509205748	0.274268209661714	0.436244853944846
chr6:39124093:C:T	6	39124093	-0.593279679160062	0.310934089773105	0.0563839689897359
chr6:45195864:C:T	6	45195864	0.252334797690984	0.16859252788452	0.134467690440301
chr6:46738257:G:A	6	46738257	0.138813678994984	0.29735935846519	0.640627743225419
chr6:47717919:C:A	6	47717919	0.441535135548695	0.209637795413645	0.035188635424899
chr6:48859012:C:A	6	48859012	0.162320044884197	0.226157085470993	0.472922909442359
chr6:49860743:T:G	6	49860743	-0.35125823394626	0.31927841555125	0.27126119787579
chr6:53292416:C:G	6	53292416	-0.103521691776969	0.183106109194093	0.571825873379604
chr6:54457248:C:T	6	54457248	0.230359637506517	0.235688466934185	0.328375929524738
chr6:57513520:G:A	6	57513520	0.269812276775873	0.203840880430073	0.185622089850533
chr6:67461006:G:C	6	67461006	0.550226268390363	0.248107320524749	0.0265756617511006
chr6:69504128:A:G	6	69504128	0.258122781859543	0.216146881691342	0.232399425130618
chr6:81137001:T:C	6	81137001	-0.522716712972986	0.304508649974759	0.0860539850999489
chr6:84758749:C:T	6	84758749	-0.0481811075177942	0.276665376051562	0.861748055615924
chr6:86667874:G:T	6	86667874	0.229362756677378	0.292439294257189	0.432858847401737
chr6:87387916:G:T	6	87387916	-0.0338848941389763	0.161876938159938	0.83419451729903
chr6:88566465:G:A	6	88566465	0.0182946476537521	0.186545094713899	0.921875984652161
chr6:93273487:T:C	6	93273487	0.0942474873954429	0.210512261501432	0.654365785714221
chr6:97788153:C:A	6	97788153	-0.095692851442743	0.266165132863828	0.719202850954057
chr6:98771646:C:T	6	98771646	-0.220976199528952	0.265316891632183	0.40491439414022
chr6:104918249:A:G	6	104918249	0.0798401060403565	0.197145523756193	0.685491795233308
chr6:107129138:A:G	6	107129138	0.0669266717884362	0.13636029944206	0.62356253170422
chr6:112187089:T:C	6	112187089	0.0540299811723263	0.220346034798811	0.806297593689826
chr6:118046853:T:C	6	118046853	0.14654178117723	0.181249574353637	0.418798042837852
chr6:121081137:A:G	6	121081137	-0.248322032657025	0.452020546787909	0.582758380888963
chr6:123103197:T:C	6	123103197	-0.143192477222564	0.219230356262749	0.513653200046869
chr6:127784009:G:A	6	127784009	0.187483879254209	0.177889623417156	0.291913246172015
chr6:129527930:G:A	6	129527930	0.32760559475155	0.220578281940674	0.137487573985678
chr6:137254996:T:C	6	137254996	0.0254315179350891	0.205661322581234	0.901586644583824
chr6:138165202:C:G	6	138165202	-0.11108459540281	0.392885173528854	0.777375680108742
chr6:139464917:T:A	6	139464917	0.561827126186381	0.258714470836064	0.029885035444871
chr6:151547601:G:A	6	151547601	-0.344444994720779	0.171674973600544	0.0448158688003603
chr6:152638179:C:T	6	152638179	-0.116074495767884	0.265886138654309	0.662432541861535
chr6:153842833:G:A	6	153842833	0.458432961389197	0.253755480594274	0.0708257086006758
chr6:156754666:T:G	6	156754666	-0.0598789122456454	0.459108205889626	0.896230663131594
chr6:160701242:A:G	6	160701242	0.323570033799313	0.252392317712991	0.199838361968124
chr6:160909689:G:C	6	160909689	0.528816696610452	0.269515226128383	0.0497504665978489
chr6:162760256:C:T	6	162760256	0.284830536718875	0.200816849780927	0.156085760703966
chr6:163629327:G:A	6	163629327	0.0421838346806033	0.210691994655671	0.841311927968933
chr6:167509019:C:T	6	167509019	-1.14293474946981	0.642210059604416	0.0751267261496684
chr7:6986920:C:A	7	6986920	0.124390769736032	0.301453591668911	0.679872919143591
chr7:7863676:G:A	7	7863676	0.0602288728877687	0.215106092781861	0.779480476251765
chr7:8111839:A:G	7	8111839	0.159445527242086	0.16660201862511	0.33854485030237
chr7:9602661:C:A	7	9602661	-0.0409304808158708	0.236073129781101	0.8623523399436
chr7:11334355:C:A	7	11334355	0.784285937288613	0.26935027424536	0.00359387629620855
chr7:12476280:G:A	7	12476280	0.42321458564638	0.234184093776254	0.0707330368295238
chr7:12972158:C:G	7	12972158	0.320316425186353	0.211841401630721	0.130519181326357
chr7:20850990:A:T	7	20850990	-0.132174581047058	0.305798097405914	0.665575518331185
chr7:22822020:C:A	7	22822020	-0.134937107220055	0.153263689169886	0.378629387884279
chr7:24140802:T:C	7	24140802	-0.0188563535633976	0.184062223491424	0.918403039461354
chr7:24278575:A:G	7	24278575	0.191659151178053	0.251640540053387	0.44627572424684
chr7:24620726:T:A	7	24620726	0.089839885969101	0.165275530458838	0.586732969794972
chr7:24740434:C:T	7	24740434	-0.227008647709221	0.179781804141139	0.206700686341169
chr7:28505993:C:T	7	28505993	0.181603689498623	0.17856465332913	0.309144272800327
chr7:36413989:G:A	7	36413989	-0.617017398844163	0.297749007989685	0.0382399360647121
chr7:41157573:G:A	7	41157573	-0.27298308755432	0.403734217385043	0.498948250001037
chr7:43755241:C:T	7	43755241	-0.0683429269435134	0.265844219925941	0.797117902476633
chr7:44689517:A:G	7	44689517	-0.0869394320529036	0.257956435392723	0.73609319023702
chr7:46192346:C:G	7	46192346	-0.0933726829783766	0.258363251429453	0.717799858082138
chr7:46368666:G:A	7	46368666	-0.204231504138556	0.379206392883369	0.590179375207763
chr7:47748540:G:T	7	47748540	-0.630802660945331	0.496723955693609	0.204110994495008
chr7:48301675:T:C	7	48301675	0.274381734817955	0.193340727140859	0.155851909599713
chr7:51890159:C:T	7	51890159	0.30790290506476	0.172383400011847	0.0740746971402902
chr7:53046603:C:G	7	53046603	0.0687487086549181	0.194330447500877	0.723509614032265
chr7:55663907:C:A	7	55663907	-0.0356663143666566	0.200397959498665	0.858740698805335
chr7:56122201:A:G	7	56122201	-0.00110823328768621	0.144772636142185	0.993892260183174
chr7:62910214:G:T	7	62910214	-0.561075206192935	0.488812508965191	0.251037445859348
chr7:65406204:G:T	7	65406204	0.315831111141919	0.23540199710871	0.1797039640786
chr7:67766433:G:A	7	67766433	0.203007360255326	0.181945721572566	0.264525816646788
chr7:68433432:T:C	7	68433432	0.0814554773183173	0.158803805865228	0.60799922485402
chr7:71020152:T:G	7	71020152	-0.00332301494783205	0.317913453958697	0.991660201825686
chr7:71553830:T:C	7	71553830	-0.120594567565588	0.169446035147926	0.476651209721774
chr7:78390279:T:G	7	78390279	-0.496573951966703	0.198421812719624	0.012327860713799
chr7:83524616:A:T	7	83524616	-0.242644452311414	0.215667572228772	0.260552816943528
chr7:84786535:C:A	7	84786535	-0.450830370374295	0.228065294187459	0.0480687554465273
chr7:86620755:G:A	7	86620755	-0.235125873989352	0.319962693446909	0.462428398975996
chr7:89207269:G:A	7	89207269	-0.12308360464065	0.189902135510748	0.516892924846274
chr7:91097147:A:G	7	91097147	0.032874045929992	0.183740789503762	0.858004177114383
chr7:103095283:G:A	7	103095283	-0.00384341826524856	0.42088321137342	0.992713984802163
chr7:113434486:A:C	7	113434486	0.0819331179604799	0.199434898571113	0.681199846270439
chr7:113749820:G:A	7	113749820	-0.164418617154294	0.194127101526516	0.397015329129813
chr7:117145973:C:G	7	117145973	0.192036469527591	0.22979648829669	0.403334606310274
chr7:119808046:G:A	7	119808046	0.114069992812862	0.207619638286081	0.582718536905237
chr7:122582926:C:G	7	122582926	-0.210813205694723	0.458205201982884	0.645455421280662
chr7:124802410:A:T	7	124802410	-0.0483581303310012	0.247925768266041	0.845353144241343
chr7:129047886:A:G	7	129047886	0.309025162396455	0.224567191129026	0.168793086925767
chr7:131384702:T:A	7	131384702	0.0978423885224905	0.139905155075077	0.484334584825247
chr7:136870573:G:A	7	136870573	0.434486906027245	0.200183904187515	0.0299736227152791
chr7:142873374:T:C	7	142873374	-0.321274142196518	0.254893096284381	0.207515364545281
chr7:143187070:C:T	7	143187070	-0.294863564233201	0.650653564344029	0.650418710117046
chr7:145116884:A:G	7	145116884	0.328402601002039	0.188020743573754	0.0807016047930481
chr7:149242006:T:C	7	149242006	0.145382761421006	0.21334391156226	0.49558811996423
chr7:153502245:G:A	7	153502245	-0.152434364139636	0.182931718429954	0.404683683698342
chr7:153952270:G:A	7	153952270	0.049354304833901	0.222942678629997	0.824799166786062
chr7:154426289:T:C	7	154426289	-0.00514511155653017	0.286191796315247	0.98565652823579
chr7:156975524:A:T	7	156975524	-0.543035148027958	0.358995949956074	0.130368639984236
chr7:157677820:C:T	7	157677820	0.366027007550711	0.185048536334463	0.0479280953933814
chr8:276778:A:T	8	276778	0.102130654481568	0.131316786692783	0.436720793635971
chr8:1102873:G:T	8	1102873	0.292419862696769	0.224183513932456	0.192105007345594
chr8:8710521:T:C	8	8710521	-0.320147597004791	0.233738509794396	0.170785966250353
chr8:9029509:T:C	8	9029509	-0.591054665041845	0.378267598505031	0.118163063273
chr8:9109096:A:G	8	9109096	-0.211831444356031	0.268921995775034	0.430868750108537
chr8:9827297:A:G	8	9827297	0.0178119403862219	0.247859034622998	0.942710786046986
chr8:10675470:T:G	8	10675470	0.0381082538328651	0.193617515949276	0.843966563102615
chr8:13032868:C:A	8	13032868	-0.592394726712601	0.335140370706813	0.0771274948017429
chr8:14391498:A:G	8	14391498	-0.0409433553161309	0.401515395006485	0.918778845691155
chr8:16627132:C:G	8	16627132	0.0251417365751752	0.316985070864724	0.936781910810819
chr8:17129593:A:G	8	17129593	-0.766219531956566	0.513547222307723	0.135695533101463
chr8:20741226:C:T	8	20741226	0.117741831121793	0.204478529088134	0.564740144692317
chr8:23115837:G:A	8	23115837	0.485882331470139	0.268702341695838	0.0705668344706322
chr8:25783762:T:C	8	25783762	-0.279820243293499	0.218918267564379	0.201180665344477
chr8:27010051:G:C	8	27010051	-0.334455928426542	0.672628896715005	0.619021980975926
chr8:27022227:G:T	8	27022227	-0.407237385817185	0.337429480895579	0.227477797207086
chr8:28150898:A:G	8	28150898	0.0139579905178808	0.132361903566555	0.916016178499674
chr8:28528484:G:T	8	28528484	-0.164680869958865	0.219941810002592	0.454009436820158
chr8:37085597:G:A	8	37085597	-0.312384486498872	0.329724676640057	0.343429850148118
chr8:41788192:C:T	8	41788192	0.168680833962999	0.173917371845188	0.332100997844096
chr8:42055528:T:G	8	42055528	0.3447145105524	0.230919785100971	0.135492432724707
chr8:50763512:C:T	8	50763512	0.169699771023086	0.35111363887332	0.628869497618435
chr8:51570259:T:G	8	51570259	-0.00288419542852576	0.303131315698366	0.99240850363412
chr8:53142705:G:A	8	53142705	0.247864627255655	0.214094687158428	0.246972740364794
chr8:61304314:G:C	8	61304314	-0.000563623575424861	0.165573399452343	0.997283949704999
chr8:61926940:A:T	8	61926940	-0.198527011784604	0.283789210979531	0.484203381975849
chr8:63445672:G:A	8	63445672	0.281344604035398	0.198416658537806	0.156205800026536
chr8:65343369:C:A	8	65343369	0.273919654108759	0.220389401067855	0.213908586213138
chr8:65418628:G:T	8	65418628	0.25085158294111	0.173406409814762	0.148005963369311
chr8:71273350:T:A	8	71273350	0.0338241114035275	0.229073719151059	0.882614249794661
chr8:72033005:T:C	8	72033005	0.217288334649912	0.215238425809897	0.312723446338981
chr8:72065200:T:A	8	72065200	0.0245535476563277	0.117352125474295	0.834268943880016
chr8:73211475:T:C	8	73211475	0.0318912859612252	0.162153951985376	0.84408352830158
chr8:75992459:A:G	8	75992459	0.104911249577329	0.229081359881276	0.646977572438154
chr8:78402394:T:A	8	78402394	0.57616194473089	0.324073997829865	0.0754249518065851
chr8:79795588:T:G	8	79795588	0.318188961993219	0.232993092088734	0.172046222464224
chr8:86323708:T:C	8	86323708	-0.207458838008665	0.257473628376878	0.420388218401866
chr8:89525432:A:G	8	89525432	0.340802030687655	0.174897778953336	0.0513457961775698
chr8:92001032:A:G	8	92001032	0.266124926809838	0.189877779930387	0.161046953211309
chr8:92645879:A:G	8	92645879	-0.14011049996262	0.268242136369177	0.601441662193367
chr8:95906161:G:A	8	95906161	0.0987973591128925	0.208630856155485	0.635820095324626
chr8:96365126:C:T	8	96365126	0.226582231193822	0.194334913871718	0.243639991451788
chr8:98002322:C:T	8	98002322	-0.0627596836966898	0.239388220186466	0.79319271918607
chr8:98018653:A:G	8	98018653	-1.17935726471615	0.865018826861422	0.172759905436542
chr8:106920372:G:A	8	106920372	-0.0899957001794491	0.239130832872891	0.706660407579517
chr8:108142424:A:G	8	108142424	0.107343760486156	0.185997814339868	0.563855845598039
chr8:109421925:C:T	8	109421925	0.246249006912762	0.190465218414929	0.196051956732302
chr8:116252872:C:T	8	116252872	-0.0837781100481543	0.139704079988276	0.548717766911277
chr8:119015250:G:A	8	119015250	0.352281335601319	0.206020442772352	0.0872781000572861
chr8:121384602:C:T	8	121384602	-0.00671106936134656	0.245504348598558	0.978191865608936
chr8:127029052:C:T	8	127029052	-0.00522498360550056	0.167551827336202	0.975122574145851
chr8:128437247:A:G	8	128437247	-0.00989520961873694	0.191508218367788	0.958791725144648
chr8:131111695:G:T	8	131111695	0.451396186405444	0.228852894702053	0.0485606040918607
chr8:131315237:G:A	8	131315237	0.271374278349454	0.195216782261842	0.164493179760352
chr8:135895676:A:T	8	135895676	-0.601335092329426	0.529035087975667	0.255678811339388
chr8:138585221:A:T	8	138585221	0.273251404461204	0.1995670459373	0.170930181268869
chr8:141605122:C:T	8	141605122	0.0664925736151914	0.186367493273125	0.721254985900889
chr9:733358:A:C	9	733358	-0.0106411701071535	0.245506488190933	0.965427522166672
chr9:5461379:C:T	9	5461379	-0.270216881030625	0.288700032306971	0.349284511077267
chr9:11397008:T:G	9	11397008	0.0807935707030998	0.377426689418243	0.830496934315172
chr9:11955148:T:G	9	11955148	-0.272386876894722	0.292952756715831	0.352475700429159
chr9:12389360:A:G	9	12389360	-0.141480534542633	0.190453033944166	0.457564557426539
chr9:12615226:G:C	9	12615226	-0.437588932327821	0.236722489767821	0.0645255203664646
chr9:13582959:T:A	9	13582959	-0.143797167653222	0.334073727099661	0.666878928798958
chr9:13820455:C:G	9	13820455	0.0250360941926853	0.341727600916578	0.941596589842965
chr9:14098421:G:A	9	14098421	0.32811672049535	0.212466566288055	0.122510427661847
chr9:18952915:A:G	9	18952915	-0.233798544048378	0.175841818837357	0.18365148220249
chr9:29651949:A:G	9	29651949	0.394436137192852	0.185878543327914	0.0338368940236076
chr9:32058643:A:T	9	32058643	0.404067371091267	0.212414105423962	0.0571368555046087
chr9:37013405:C:T	9	37013405	-0.114768320860518	0.189542124116405	0.544844845684809
chr9:37992585:C:T	9	37992585	0.0023230239596964	0.239734660310909	0.992268635900223
chr9:73616570:C:T	9	73616570	-0.574208844575723	0.4504832395328	0.202432850308996
chr9:76464251:C:G	9	76464251	-0.00677111604041942	0.221469883271418	0.975609652565837
chr9:79067117:C:T	9	79067117	-0.351607929582375	0.467293407045107	0.451789486117628
chr9:82773489:T:C	9	82773489	-0.299081355640813	0.271451314779189	0.270554562298026
chr9:89995415:A:G	9	89995415	0.292009169476621	0.203601753961833	0.151510245349494
chr9:91844381:C:T	9	91844381	-0.177742390955987	0.205808422309125	0.387791009770465
chr9:94568472:C:A	9	94568472	-0.302759821184895	0.140423945876452	0.0310804435279148
chr9:96162075:C:T	9	96162075	-0.111690029900204	0.257802068695568	0.664840812014851
chr9:97240484:A:G	9	97240484	0.190361327767587	0.279804566957338	0.496291264413952
chr9:100192956:A:G	9	100192956	-0.0402039756113516	0.211397031759102	0.849166273511895
chr9:100529836:G:C	9	100529836	-0.0369612625271374	0.299548514597348	0.901798351243234
chr9:101460357:C:T	9	101460357	0.0634809787217778	0.217613851926889	0.770505404199065
chr9:103293239:C:G	9	103293239	-0.614263748183647	0.481754922389608	0.202289977083695
chr9:106822394:G:C	9	106822394	-0.685304781817859	0.538880029796818	0.20347244362552
chr9:107904127:G:A	9	107904127	-0.0754028095619297	0.144800951345728	0.602551936765407
chr9:117420412:T:C	9	117420412	0.359420697562718	0.210945876092343	0.0884086121968591
chr9:117972207:C:A	9	117972207	0.133376246322277	0.188342162565125	0.478846362995725
chr9:118511323:G:A	9	118511323	0.137299882921084	0.348556168961743	0.693647227842946
chr9:121356498:A:G	9	121356498	0.0379360294788139	0.26964888365843	0.888117400069349
chr9:124044726:T:G	9	124044726	0.227929179771893	0.187840333372071	0.224969359953623
chr9:125005426:C:T	9	125005426	0.413917390418515	0.201480794510709	0.0399392748706788
chr9:129533341:A:G	9	129533341	0.0721985840624439	0.194337524851262	0.710256750381764
chr9:136630984:C:T	9	136630984	0.281852387856884	0.221193833442207	0.202581003993562
chr10:2050300:A:G	10	2050300	0.217570653960879	0.221695303518067	0.326398009632802
chr10:3113976:C:T	10	3113976	0.0165762844062221	0.160379267952221	0.917679814464311
chr10:4591592:T:C	10	4591592	0.157807237941947	0.210856313385872	0.45421213636054
chr10:7462546:C:T	10	7462546	0.263822937792693	0.174258456759232	0.130032193799452
chr10:7849544:T:G	10	7849544	-0.142815178464725	0.222654337005085	0.521249160699325
chr10:9367893:G:A	10	9367893	-0.391454459626631	0.258761937911072	0.130331058045493
chr10:10628189:C:T	10	10628189	0.0882930515255793	0.169474387491148	0.602379531851812
chr10:14014383:T:C	10	14014383	0.0623790728877472	0.186589422806388	0.73814417754723
chr10:16341555:C:T	10	16341555	-0.240751298364293	0.17204637557569	0.161711183902276
chr10:18075702:C:T	10	18075702	0.356183240098872	0.319056629620273	0.264266484318162
chr10:20923823:C:G	10	20923823	-0.158485415140819	0.41299760828634	0.701168088076864
chr10:26220185:A:C	10	26220185	0.342841236466917	0.25054777909773	0.171197323711688
chr10:27289376:T:C	10	27289376	-0.047990753865255	0.185458982862647	0.795814649694283
chr10:27674317:A:G	10	27674317	0.128966334731691	0.187037137355711	0.490494451139132
chr10:28771902:G:A	10	28771902	0.227357755164629	0.210630359180677	0.280402373563938
chr10:28891836:C:T	10	28891836	-0.244018448862685	0.250546728379404	0.330084412470395
chr10:30622484:G:A	10	30622484	-0.192987346155111	0.306820118215559	0.529354408108372
chr10:35177843:G:T	10	35177843	-0.323512752816029	0.32495209384052	0.319458822804198
chr10:43613180:G:A	10	43613180	-0.198478254874495	0.411528302768796	0.629596032616053
chr10:44139011:T:C	10	44139011	-0.176122457958145	0.345637424485419	0.610360864362941
chr10:45036473:A:G	10	45036473	0.0181408236843268	0.219123360351236	0.934019969723366
chr10:51560095:T:G	10	51560095	0.305115288581752	0.223334790469798	0.171882804172744
chr10:54072488:A:G	10	54072488	0.127314589851373	0.166738853260257	0.445131385044047
chr10:54082016:C:T	10	54082016	0.0425879137716754	0.235149055647286	0.856281007543275
chr10:55299918:G:C	10	55299918	-0.0290667744413941	0.213513082030282	0.891713925886946
chr10:56747004:T:C	10	56747004	-0.607082930522136	0.473207069489556	0.199522980337316
chr10:57761967:T:C	10	57761967	0.00521845011185571	0.35150077514378	0.98815488294465
chr10:61894829:G:A	10	61894829	0.376891752939237	0.242128100903072	0.119570241533457
chr10:62473064:C:G	10	62473064	-0.169231285996996	0.652070654185329	0.795227060835405
chr10:65713195:A:G	10	65713195	-0.00539411343137812	0.473713947488154	0.990914798174047
chr10:69232402:C:A	10	69232402	0.121712325225612	0.202798152811011	0.548396369344442
chr10:79437519:C:T	10	79437519	-0.163985217701785	0.326500023090493	0.615490423849818
chr10:81546102:G:A	10	81546102	0.620874297102811	0.224961201088022	0.00578160059356925
chr10:82354363:C:G	10	82354363	-0.280135348731698	0.312641485708894	0.37023811040384
chr10:84591955:C:T	10	84591955	-0.227354830114567	0.308619287387348	0.461314659260993
chr10:84989741:G:A	10	84989741	-0.258204284872372	0.213530563061243	0.226580391199043
chr10:86779196:C:A	10	86779196	0.00987414671253846	0.226349571524544	0.965204567907222
chr10:91053424:A:C	10	91053424	0.092254703372145	0.187800299231198	0.623257899427664
chr10:93612452:G:A	10	93612452	0.464392134763933	0.224088853778666	0.038232147849842
chr10:93671121:T:C	10	93671121	-0.147045053558873	0.15015999534088	0.327453580193533
chr10:101249704:C:T	10	101249704	-0.107001491909509	0.214860720019608	0.61848124287363
chr10:102352980:T:C	10	102352980	0.098734315204896	0.206261741645298	0.632163037190582
chr10:104637359:T:C	10	104637359	-0.0579539055501612	0.311232797295788	0.852281981073387
chr10:108480456:T:C	10	108480456	0.204746908699415	0.177792332713225	0.249482571696279
chr10:109264424:C:T	10	109264424	0.197429515434897	0.257595487273238	0.443419088440323
chr10:111352001:T:G	10	111352001	0.00280250701407226	0.255596059414831	0.991251695039426
chr10:118828443:C:T	10	118828443	0.0217225302835838	0.196039253434344	0.911769359034681
chr10:120152982:A:G	10	120152982	-0.0496186387164755	0.271827641687304	0.855161214959536
chr10:121580593:A:G	10	121580593	0.153816890582366	0.236300787724306	0.515087252146753
chr10:121611573:C:G	10	121611573	-0.107035685870827	0.46931051539584	0.819591761368601
chr10:121734173:T:C	10	121734173	-0.0125598800046563	0.257417925502222	0.961085229220656
chr10:121910644:T:A	10	121910644	-0.276601552094611	0.221221763231642	0.211176803966941
chr10:122561189:A:G	10	122561189	-0.135105204975272	0.223674597104439	0.54582655608932
chr10:123750431:C:G	10	123750431	-0.188596862140378	0.198528832433814	0.342126402981826
chr10:127533155:T:C	10	127533155	0.137392692758311	0.190229711313672	0.47014310200568
chr10:129953349:A:G	10	129953349	-0.113572369538673	0.217703666670379	0.601890846761441
chr10:130263340:C:T	10	130263340	0.339021041457443	0.294374359157106	0.249458208164029
chr10:130662147:G:T	10	130662147	-0.298859618815664	0.544310871888102	0.582963907116047
chr10:131485315:A:G	10	131485315	-0.0532379045566143	0.428036892394207	0.901016857274625
chr10:131819683:A:G	10	131819683	-0.504730009307616	0.325677996418565	0.121193765711467
chr10:131953941:A:C	10	131953941	-0.115436804059201	0.212893221210436	0.587661000481098
chr11:388357:C:T	11	388357	0.256742638114444	0.159292350540436	0.107011990089414
chr11:2257707:C:T	11	2257707	-0.409603747654667	0.219506611289042	0.0620385540923513
chr11:3623903:G:A	11	3623903	-0.0783875487338819	0.161914123736733	0.628293331071322
chr11:5806222:C:T	11	5806222	-0.297748406616554	0.228816080232668	0.193170679155987
chr11:9789492:C:A	11	9789492	0.134735287821737	0.174655814333573	0.440450222812401
chr11:14569664:T:G	11	14569664	0.0490635298493592	0.296296399085346	0.86848012448886
chr11:21819583:A:G	11	21819583	-0.127546677757617	0.407135759916289	0.754069460785365
chr11:36019710:C:A	11	36019710	0.344907754140623	0.214057081278827	0.107116814652884
chr11:39635569:C:T	11	39635569	-0.00382585155868446	0.240894876705497	0.987328665473496
chr11:40512905:C:G	11	40512905	0.222057617539344	0.296005390663862	0.45314570535499
chr11:41632790:A:T	11	41632790	-0.0917244635924623	0.470101302851195	0.845301841052834
chr11:42744986:A:G	11	42744986	-0.55676152237439	0.264474119488348	0.0352769929549462
chr11:43201079:C:T	11	43201079	0.20562070912001	0.213222977897074	0.334872525021453
chr11:43982585:G:A	11	43982585	0.375555637431125	0.2197265079048	0.0874146756699069
chr11:44330300:A:G	11	44330300	-0.0957421159816663	0.291072743217966	0.742209744528459
chr11:49875094:A:G	11	49875094	0.19979448591406	0.211698838072063	0.345288465294261
chr11:50253126:G:T	11	50253126	0.176132303585831	0.203084931795578	0.385786443769595
chr11:55906271:G:A	11	55906271	0.24680213887894	0.185633191497999	0.183678073685705
chr11:56124264:C:A	11	56124264	0.620076084032253	0.24753310929867	0.0122443498017751
chr11:57305789:G:A	11	57305789	-0.0708663757496897	0.231598563945184	0.759613801000787
chr11:58998793:A:C	11	58998793	0.156892118643293	0.213301939728145	0.462010660245503
chr11:60456695:C:T	11	60456695	0.0733066912452884	0.381592050126426	0.847658007417766
chr11:62505064:A:G	11	62505064	0.00552912873424937	0.236160155296417	0.981321135897563
chr11:63184971:C:T	11	63184971	-0.262049032248097	0.213703370397993	0.220112929908949
chr11:70801858:T:C	11	70801858	-0.224867152752658	0.255747116923313	0.379262559746404
chr11:71334794:T:G	11	71334794	-0.625748679589405	0.388760763564256	0.107485570915282
chr11:72713691:C:T	11	72713691	0.173348842716367	0.170952433693003	0.310574169489757
chr11:77208574:G:A	11	77208574	-0.00575067241624815	0.20644780440913	0.977777533409521
chr11:77376654:A:G	11	77376654	0.030189874816654	0.151352026740928	0.841896730819921
chr11:77897055:A:G	11	77897055	-0.520729917777785	0.534202423886024	0.329669326511083
chr11:79339250:G:A	11	79339250	0.362399825202541	0.252419012122079	0.151085639418023
chr11:81783030:C:T	11	81783030	-0.039320421010539	0.160899510378528	0.806937498996746
chr11:83962252:C:T	11	83962252	0.107258833783679	0.200758826008721	0.593156757865719
chr11:86328783:G:T	11	86328783	0.0512076959422176	0.269515354873823	0.849309774491386
chr11:86644523:C:T	11	86644523	0.292357523467333	0.281283720043305	0.298633247156536
chr11:93046218:A:C	11	93046218	-0.529928269854343	0.391602838883943	0.175982522684937
chr11:99371984:G:C	11	99371984	0.189737493613361	0.514831280060002	0.712468346255531
chr11:100626548:G:A	11	100626548	0.105663594364911	0.290680089743873	0.716227862663774
chr11:104129521:G:A	11	104129521	0.194842051538167	0.35617373563133	0.584349764214942
chr11:108728662:A:G	11	108728662	0.423265990012921	0.242225660800609	0.0805673546672491
chr11:110338613:G:A	11	110338613	-0.32704760044193	0.443022470508808	0.46038138529604
chr11:110396347:G:A	11	110396347	-0.231792256253791	0.344529352941518	0.50108763610886
chr11:113800784:C:T	11	113800784	0.331411137545822	0.199848110216796	0.0972538841237525
chr11:115616504:A:T	11	115616504	-0.193532060478303	0.302495426754578	0.522312334462149
chr11:119630310:G:A	11	119630310	0.0906140535533379	0.157473826275655	0.565005286976035
chr11:123267436:G:A	11	123267436	-0.411776014097394	0.389706271318669	0.290679690637964
chr11:125907492:T:C	11	125907492	-0.1889847144477	0.237348037298873	0.425895702766449
chr11:126829359:G:A	11	126829359	-0.48584425824202	0.419043782125792	0.246288415343677
chr11:130038952:T:C	11	130038952	0.40585274571561	0.283957895946727	0.15292639844152
chr11:130290657:C:T	11	130290657	0.195237866915185	0.271825470179561	0.472604915784535
chr11:131355535:G:A	11	131355535	-0.110116859914196	0.224799638352915	0.624243959246106
chr11:133238417:A:G	11	133238417	-0.0480858795218911	0.148737016854883	0.746472116955625
chr11:133409278:A:G	11	133409278	-0.50308291565996	0.390182032771263	0.197274911209332
chr11:134309503:C:T	11	134309503	0.281334889833125	0.2228946254281	0.206881196747438
chr12:5192681:C:T	12	5192681	0.216285714452806	0.195217263311691	0.2678950307696
chr12:5448727:G:A	12	5448727	-0.0560004476259577	0.159667925882637	0.725790371770923
chr12:6639294:C:T	12	6639294	0.258059098129529	0.238653102011059	0.279557167952462
chr12:19523028:C:A	12	19523028	-0.0917493009246263	0.155001201780884	0.553899885108315
chr12:19758400:A:T	12	19758400	0.47647935041698	0.305765920991128	0.119158804689768
chr12:20003679:T:A	12	20003679	-0.226147718339554	0.272829747051078	0.407162777114298
chr12:21333090:G:A	12	21333090	-0.141122561972124	0.165338943644629	0.393362731486774
chr12:25518059:A:T	12	25518059	0.283223170203363	0.190041215343235	0.136138807747851
chr12:28965843:C:T	12	28965843	-0.335152291475844	0.267772181728714	0.210703906818363
chr12:32086665:A:C	12	32086665	-0.0490450813630652	0.226279309607491	0.828406482779548
chr12:44631613:C:T	12	44631613	0.146621943685007	0.292289802230905	0.615926343807281
chr12:48567461:T:G	12	48567461	0.0783541057916124	0.285130436320923	0.783469192400552
chr12:51039498:T:C	12	51039498	0.540203508224784	0.265733649868994	0.0420650717151196
chr12:52880890:G:T	12	52880890	0.0421586874491402	0.263884086959742	0.873068445839098
chr12:53646626:C:G	12	53646626	-0.261485106349141	0.256222144912129	0.307472135398678
chr12:53680144:C:A	12	53680144	-0.101675224373763	0.216999669805387	0.639391227896873
chr12:54366280:G:A	12	54366280	0.163185447543671	0.15823675116904	0.302412346635785
chr12:55599330:T:C	12	55599330	-0.795109142759919	0.467118771932891	0.0887260793855602
chr12:56675083:C:T	12	56675083	0.120889925637057	0.116677619918737	0.300154518159832
chr12:57436134:C:T	12	57436134	0.168652211229864	0.186500283037996	0.365836331790005
chr12:58724212:C:T	12	58724212	-0.0953247214007012	0.217735614367751	0.661531039794082
chr12:59048769:A:C	12	59048769	0.13152285009387	0.18280589987317	0.471853100838519
chr12:59161225:G:A	12	59161225	-0.281460316934498	0.411425056348806	0.493905214102882
chr12:59226687:C:T	12	59226687	-0.0754422644192614	0.251584612899422	0.764277571972257
chr12:63113400:T:C	12	63113400	-0.526386949426922	0.355173317417975	0.138325242732093
chr12:64271340:C:T	12	64271340	-0.0158563556630348	0.227102149364355	0.94433663534562
chr12:64756705:C:T	12	64756705	0.500926425541726	0.286904557446908	0.0808163615578853
chr12:67050802:C:T	12	67050802	-0.121332027363402	0.192690402590967	0.528908267681673
chr12:71564908:A:G	12	71564908	-0.415692198300067	0.302108330158345	0.16883071721044
chr12:73909094:G:A	12	73909094	-0.203978096292496	0.217395684012049	0.348100360456519
chr12:81126959:G:A	12	81126959	0.242723091594887	0.173895537456997	0.162775249332524
chr12:83608380:A:G	12	83608380	-0.166276919840342	0.197128743826086	0.398952199587432
chr12:90727178:A:C	12	90727178	-0.0166480540009497	0.166650798520134	0.920425435041874
chr12:92596791:C:T	12	92596791	-0.365748891199446	0.331283175391681	0.269577077269503
chr12:95914573:A:T	12	95914573	-0.759343161846703	0.377684109633653	0.0443757041165009
chr12:101611098:G:C	12	101611098	-0.429888330622096	0.55931757671595	0.442134159266185
chr12:105967464:T:C	12	105967464	-0.017059728026031	0.186420722449923	0.927085793475956
chr12:109533295:C:T	12	109533295	-0.158064992203117	0.264636278339845	0.550312797244313
chr12:112209515:G:A	12	112209515	-0.352489296432293	0.461776091805541	0.445264352489493
chr12:120976632:C:A	12	120976632	0.42958100807678	0.340593081432055	0.207210346355529
chr12:125875525:T:C	12	125875525	0.157529450879446	0.190621069562048	0.408576631455967
chr12:126449337:A:G	12	126449337	-0.00096756157681402	0.148921921708083	0.994816095551274
chr12:131091094:G:A	12	131091094	0.00685150901488783	0.253704819509945	0.978455084724301
chr12:132776953:G:A	12	132776953	-0.0953006848722548	0.335962394522567	0.776667319542572
chr13:19545220:A:G	13	19545220	0.142504612977275	0.186442115125531	0.444666422242421
chr13:22977365:T:G	13	22977365	0.0956986054132277	0.202356858815484	0.636270256429246
chr13:24330599:T:C	13	24330599	0.220594855507639	0.241368375890254	0.360751330324507
chr13:24623185:A:C	13	24623185	-0.347241631198747	0.290792441395134	0.232430276192505
chr13:25202506:T:G	13	25202506	-0.110199628463807	0.226996929207795	0.627344771413068
chr13:26234118:A:T	13	26234118	0.324697642244575	0.210892705630366	0.123649520872666
chr13:26494236:G:A	13	26494236	-0.337439142022345	0.252281226698232	0.181042672136273
chr13:27255876:A:G	13	27255876	0.661430329804694	0.261563062199583	0.0114466119500648
chr13:42909938:A:G	13	42909938	-0.159694264329436	0.228206605432766	0.484065128310823
chr13:45470952:C:T	13	45470952	0.211707518553463	0.242749150116236	0.383140377790631
chr13:45708351:G:A	13	45708351	0.129733286642827	0.22609634938556	0.566105539317822
chr13:45809177:C:G	13	45809177	0.300326887459194	0.217245433164952	0.166839309824929
chr13:50558767:A:T	13	50558767	-0.534679792044464	0.308922728445386	0.0834895594270374
chr13:58710908:G:A	13	58710908	-0.208495846222573	0.212007425705859	0.325392640772419
chr13:58934154:C:T	13	58934154	0.354680759235673	0.193025551457153	0.0661389372330601
chr13:70397215:T:C	13	70397215	0.15471109193871	0.173310453541427	0.372027586213228
chr13:70990050:T:C	13	70990050	0.466829853586993	0.270745889953386	0.0846652188012282
chr13:75832713:T:C	13	75832713	0.430826705767047	0.225264157326546	0.0558069703855714
chr13:86776101:G:A	13	86776101	0.0744347222922791	0.20646464795434	0.718457986398848
chr13:91472230:T:C	13	91472230	0.219639220706801	0.186560776461961	0.239073180786021
chr13:93235990:C:T	13	93235990	-0.0573364116459483	0.322970059563619	0.85909322888796
chr13:96765286:G:A	13	96765286	0.0828393143331117	0.177156074329828	0.640066086580954
chr13:102180181:A:G	13	102180181	0.0298151595123398	0.196606197838086	0.879463678725422
chr13:104405113:C:T	13	104405113	-0.183787209904482	0.408338776786904	0.652649061132085
chr13:106009559:G:C	13	106009559	-0.0651199768877339	0.155915149479334	0.676193585175916
chr13:106084136:A:G	13	106084136	-0.216979343137134	0.150496312676903	0.149370504414502
chr13:112716578:T:C	13	112716578	-0.19944407708542	0.452037653890074	0.659060103516882
chr14:21167555:A:G	14	21167555	0.203102404285061	0.207894730735094	0.328594746914106
chr14:26929954:A:G	14	26929954	-0.205652659049051	0.260211966389078	0.429336561598068
chr14:27823594:G:A	14	27823594	0.578552191413856	0.243576714568948	0.0175377310069225
chr14:34182794:A:C	14	34182794	-0.21229336582484	0.40607224554441	0.601115503404754
chr14:38216062:T:A	14	38216062	0.0314102013145346	0.236019606501256	0.894127726104358
chr14:38962987:G:A	14	38962987	0.338495011091145	0.215240512598862	0.115803092059163
chr14:39925237:C:T	14	39925237	-0.296843495405709	0.350223783987811	0.396670611207639
chr14:44446011:A:G	14	44446011	0.0592756870610096	0.269270055700249	0.825766238939509
chr14:48685878:C:A	14	48685878	-0.482322276619857	0.38453498415314	0.209732940483263
chr14:51426205:T:C	14	51426205	0.261257050114326	0.235260929339174	0.266784016054089
chr14:52881822:T:G	14	52881822	0.358003866878571	0.181846148310335	0.048985431650702
chr14:53358297:A:G	14	53358297	-0.16287252459124	0.163598280072708	0.319462133207474
chr14:56254615:G:A	14	56254615	0.462938405116908	0.182626162960784	0.0112480582201047
chr14:57978070:T:C	14	57978070	-0.205939174661581	0.189754571531395	0.277792216825993
chr14:62445185:T:C	14	62445185	0.123153399447504	0.157420860450417	0.434026864701505
chr14:67518615:G:A	14	67518615	-0.186736275786573	0.175895654359343	0.288403244173306
chr14:68863518:T:G	14	68863518	-0.0314343941513831	0.171985042648748	0.854975350085803
chr14:77734277:G:A	14	77734277	-0.0671976197013726	0.289993993810759	0.816754929990278
chr14:81022028:G:A	14	81022028	-0.25638780753866	0.340261759320835	0.451148501699914
chr14:81884763:T:G	14	81884763	-0.0531354036993242	0.361756493929973	0.883225407692153
chr14:82929256:T:A	14	82929256	0.334796115295868	0.21005349330726	0.11096712388393
chr14:84531019:T:G	14	84531019	-0.0967897159634854	0.195990496418353	0.621412805630152
chr14:90804831:C:G	14	90804831	-0.270246794125417	0.340670954618045	0.427615836384221
chr14:91397629:G:T	14	91397629	0.387763488107691	0.255978473231224	0.129815839561699
chr14:91961156:T:C	14	91961156	-0.270339156328749	0.235043188396789	0.250074679137913
chr14:92998270:C:G	14	92998270	-0.274569972207569	0.323684055753729	0.396290204279779
chr14:93757265:G:A	14	93757265	-0.875618513579292	0.505755563900331	0.0833968947893782
chr14:93769225:C:T	14	93769225	-0.538390798910497	0.56811470391312	0.343292514411865
chr14:98340169:A:G	14	98340169	-0.313972197812881	0.319613381425028	0.325927461284695
chr14:100721312:C:T	14	100721312	-0.0419175682424923	0.314955322011937	0.89412179073841
chr14:102093442:A:G	14	102093442	-0.573922112928872	0.452531941323401	0.204709886920299
chr15:24165057:A:G	15	24165057	0.151599780535192	0.247992322109513	0.540995455325936
chr15:26353849:A:G	15	26353849	0.126862802040862	0.160233608347927	0.428514313944879
chr15:28182824:G:A	15	28182824	-0.124061340060172	0.18604590236546	0.504879522580008
chr15:33665926:A:G	15	33665926	0.208799699033424	0.32729675425273	0.523504767207677
chr15:34880184:A:T	15	34880184	-0.351162781683382	0.389695470639347	0.367523975582961
chr15:37080410:C:T	15	37080410	-0.285024163261153	0.151537840508517	0.0599885408886085
chr15:37762539:C:G	15	37762539	-0.161729421280734	0.581375761920666	0.780871134510652
chr15:52558833:C:G	15	52558833	0.0256625525322488	0.175118509962788	0.883492022704473
chr15:55712443:A:G	15	55712443	-0.779803099419573	0.458240237600864	0.0888051999765872
chr15:57522102:A:T	15	57522102	0.264317451744214	0.195307999860035	0.175948142514463
chr15:57590535:T:C	15	57590535	0.491203253088565	0.233818077525269	0.03565918907101
chr15:69786285:T:C	15	69786285	0.315370125677338	0.198504888875955	0.112121984611643
chr15:71331250:T:C	15	71331250	-0.0192308433677421	0.278355268671643	0.944920045892084
chr15:74245092:G:C	15	74245092	0.0414492505429357	0.215909595496403	0.847761766711033
chr15:76807237:T:C	15	76807237	-0.0482614275823534	0.392722212612096	0.90219461806073
chr15:77734259:G:A	15	77734259	0.250922527545112	0.199016158297718	0.20737556265039
chr15:79750604:G:T	15	79750604	-0.170374019771424	0.141637796459492	0.229020719219112
chr15:81697597:G:A	15	81697597	-0.144963019368607	0.2055731722778	0.480707519267464
chr15:87989871:C:T	15	87989871	0.346911622414381	0.187520624315846	0.0643147275447992
chr15:88891382:T:C	15	88891382	0.0960688017371607	0.149537085550682	0.520586682104555
chr15:89804552:C:T	15	89804552	0.0850547264266136	0.2700985722005	0.75283565303692
chr15:94791129:A:G	15	94791129	-0.0519155525461418	0.305594175009316	0.865101385672319
chr15:97043895:A:G	15	97043895	0.0957209135551787	0.33815381091233	0.777123825631772
chr15:98725394:C:T	15	98725394	-0.403729533634855	0.436784249136188	0.35531840233419
chr15:100978492:T:G	15	100978492	-0.24717804990528	0.312833943890426	0.429454528343886
chr16:2671727:C:T	16	2671727	-0.088299708226636	0.228951589828392	0.699741250012795
chr16:4957642:T:C	16	4957642	0.0621145085444544	0.192216960330383	0.746583229806281
chr16:5884026:G:T	16	5884026	-0.133649703308456	0.154923789763876	0.388313259957794
chr16:6848656:G:A	16	6848656	-0.0379554189478431	0.18413130914539	0.836687531895112
chr16:7909855:G:A	16	7909855	0.129654497614659	0.200280003843713	0.517394989891941
chr16:8273542:C:G	16	8273542	0.258070926666129	0.209589055039482	0.218203683647626
chr16:12394716:C:T	16	12394716	0.220804956434223	0.217154945858785	0.309244621739489
chr16:13985277:C:A	16	13985277	0.196999061323713	0.317163205754038	0.53451517193461
chr16:17779668:G:A	16	17779668	0.146240706374795	0.187855079941695	0.43628833962673
chr16:29740733:G:C	16	29740733	-0.552108753201578	0.29047342523331	0.0573386503680502
chr16:31127124:G:A	16	31127124	0.443578218836869	0.178954780212267	0.0131855954270852
chr16:56688556:C:T	16	56688556	-0.00919035195923845	0.186373410102661	0.960671056930639
chr16:60324635:A:C	16	60324635	-0.237499643558672	0.279684055949697	0.39578603997193
chr16:60499572:C:T	16	60499572	-0.331485691410641	0.298849542473391	0.26734134531941
chr16:62273123:C:T	16	62273123	-0.175372747583608	0.188115571865315	0.35120183214998
chr16:65972427:C:T	16	65972427	-0.194097991782031	0.242926159066581	0.424290434218194
chr16:69246420:T:C	16	69246420	0.0913179531831232	0.245818689247715	0.710276334068275
chr16:71908403:G:A	16	71908403	0.134881620391527	0.150068178577424	0.368757987828858
chr16:72103328:C:A	16	72103328	-0.086638913777056	0.127021185860177	0.495186856420988
chr16:74837740:A:C	16	74837740	0.0560030850548279	0.294041026465918	0.848948601783636
chr16:79886631:C:T	16	79886631	0.0727902727179967	0.203686153824725	0.720818684017878
chr16:81396153:C:A	16	81396153	0.194785346360705	0.169954850501832	0.251753553166529
chr16:82294878:C:G	16	82294878	-0.27693921167005	0.321065832262803	0.388378287568406
chr16:82421890:A:G	16	82421890	0.245312591852582	0.246049065515293	0.318761208490773
chr16:83827178:T:C	16	83827178	-0.182348631085319	0.15243781856469	0.231612090480982
chr16:84032337:C:T	16	84032337	-0.0309819953024179	0.372836931245553	0.93377363319971
chr16:89303022:G:A	16	89303022	-0.0356139989675556	0.27900774701966	0.898429761249929
chr16:89331863:A:T	16	89331863	-0.0150440017330446	0.173189496851152	0.93077929719462
chr16:89337630:T:C	16	89337630	0.0782490361582007	0.161261654239304	0.627513011648409
chr16:89479873:T:G	16	89479873	-0.135226909102634	0.179462984992873	0.45114432351495
chr16:90035976:C:A	16	90035976	0.363030776529878	0.210089474698247	0.0839914977437071
chr17:2489248:C:G	17	2489248	0.083191011858819	0.212711741524286	0.695725232668923
chr17:4147521:T:C	17	4147521	-0.0320994483191986	0.227764256901209	0.887923051405696
chr17:6949267:T:C	17	6949267	-0.103962128013308	0.115598842135265	0.368474050419053
chr17:7929448:A:G	17	7929448	0.23046721266639	0.215162133658473	0.284109734492311
chr17:10308301:C:T	17	10308301	-0.313591634199877	0.439649121105147	0.475674327459872
chr17:12174148:T:C	17	12174148	0.0877683355732217	0.202093647912098	0.664073965665338
chr17:14402381:C:T	17	14402381	-0.450113554730015	0.593739366387971	0.44839138076598
chr17:15219976:C:T	17	15219976	-0.0238564337474424	0.167271722028375	0.886589636647494
chr17:16482403:T:A	17	16482403	0.34730254672007	0.196785033921142	0.0775834435776752
chr17:18684803:A:G	17	18684803	0.0497940794149146	0.147178252395023	0.735118300553084
chr17:20040710:T:C	17	20040710	0.404495918683523	0.175226168172468	0.0209756837962917
chr17:21275023:A:C	17	21275023	-0.0264013727241053	0.148506046820367	0.85889592552793
chr17:30609729:C:T	17	30609729	-0.0368147807725038	0.326415375006756	0.910200955581454
chr17:31554254:C:T	17	31554254	0.166613129658528	0.182512282867986	0.361301862141926
chr17:33472425:T:G	17	33472425	-0.140253262428723	0.205661568231118	0.495263323741483
chr17:44156671:T:A	17	44156671	-0.278898883314687	0.188111569480743	0.138174116920636
chr17:45754773:C:T	17	45754773	-0.0299096305712021	0.213798278164489	0.888741767614899
chr17:48779278:C:T	17	48779278	0.0743214072106655	0.171850768792452	0.665395178308565
chr17:52703044:C:G	17	52703044	-0.110508216667619	0.267020113698678	0.678978635231079
chr17:53282498:G:T	17	53282498	-0.112239472837559	0.223174343788141	0.615018528414077
chr17:58411807:C:T	17	58411807	0.212219815243574	0.154369995270628	0.169209638693624
chr17:61409438:A:G	17	61409438	-0.22518293699388	0.210625968707105	0.285018806464882
chr17:66262233:G:T	17	66262233	-0.0948757068309143	0.190077623550721	0.617679419067253
chr17:66751216:C:T	17	66751216	-0.0949752521702391	0.149223622872505	0.524474962630788
chr17:66971178:A:G	17	66971178	-0.0783433248607746	0.321239498335887	0.807325119042499
chr17:68771033:G:A	17	68771033	0.39925151879919	0.237430933951584	0.0926565157849407
chr17:69081332:C:T	17	69081332	-0.282584534436045	0.290730913259683	0.331060667203051
chr17:69213412:T:C	17	69213412	0.00848647669994047	0.270829290917788	0.975002257796621
chr17:72829246:G:A	17	72829246	0.317923721058361	0.1829358859702	0.0822289705316709
chr17:73506492:C:T	17	73506492	0.31519447449117	0.237889164103899	0.185183236767926
chr17:75360149:C:G	17	75360149	-0.141545847730721	0.398967532936585	0.722754137762769
chr17:77625920:A:T	17	77625920	-0.117193318593619	0.238643729998485	0.62336940510876
chr18:1137045:A:T	18	1137045	0.190984496464226	0.155027115470772	0.217970553733877
chr18:4080016:T:A	18	4080016	0.455873118976287	0.208082161544925	0.0284639308526988
chr18:8920896:G:C	18	8920896	0.150606320502604	0.231974622387372	0.516185721738503
chr18:9609299:C:T	18	9609299	0.203328832971271	0.214627351852992	0.343456636386824
chr18:10572326:C:T	18	10572326	-0.296476353559478	0.232510795550466	0.202271051569053
chr18:11017906:C:T	18	11017906	-0.305512359267838	0.240287059873154	0.203569526337883
chr18:14686017:A:G	18	14686017	-0.123517345182714	0.216277264625084	0.567927472962043
chr18:14895123:C:T	18	14895123	-0.27854027792286	0.216338839645914	0.197913594093943
chr18:30059135:A:G	18	30059135	0.250931780680783	0.174001805607772	0.149268042777229
chr18:32490781:T:C	18	32490781	0.039719507933055	0.253601596682191	0.875543015837596
chr18:36255061:C:A	18	36255061	-0.0928983225112243	0.141807879423818	0.512403459709661
chr18:42762909:A:C	18	42762909	-0.273424778716118	0.267473247351313	0.306662146299613
chr18:43928870:G:A	18	43928870	-0.364021536458946	0.368995096521746	0.323877349453431
chr18:44831686:A:G	18	44831686	0.0799959340132362	0.363450731053019	0.825792357471866
chr18:45461168:C:T	18	45461168	-0.425515649269195	0.252170585459627	0.0915241752867866
chr18:47992191:T:C	18	47992191	-0.0895715491376394	0.239453051752431	0.70835426938487
chr18:49146783:T:G	18	49146783	0.0508607039702371	0.209929757864596	0.808567187688612
chr18:49872731:C:G	18	49872731	-0.0718142266303815	0.183935019322589	0.696216690331497
chr18:50485733:T:C	18	50485733	-0.273220282224781	0.313109138698369	0.38287896763399
chr18:58120958:C:T	18	58120958	0.365106752878678	0.229002907264371	0.110861606306783
chr18:59256389:C:T	18	59256389	0.466364297723899	0.231832110430313	0.0442571938543482
chr18:62622293:T:A	18	62622293	0.585880287520735	0.21896068213041	0.00745660583343521
chr18:62998306:G:A	18	62998306	-0.121111217827978	0.228482092499255	0.596064262845287
chr18:66103927:C:T	18	66103927	0.337498683019114	0.169196401912157	0.0460739194535312
chr18:66206557:C:T	18	66206557	-0.249911207283146	0.214607669631159	0.244220356298132
chr18:68001558:G:A	18	68001558	0.383268334839404	0.210026458924972	0.068022553315496
chr18:69946690:A:G	18	69946690	0.138880574158174	0.187161338072462	0.458065124418825
chr18:71730181:C:T	18	71730181	-0.0474003608827237	0.182140107554252	0.794677722705938
chr18:72912108:T:C	18	72912108	0.32553313355648	0.162552131038602	0.0452161190585643
chr18:73248491:G:A	18	73248491	0.110433510617022	0.256719136626369	0.667070170839354
chr18:77734991:G:A	18	77734991	-0.12594920465168	0.218489562934741	0.564308285201752
chr19:2907557:G:A	19	2907557	0.131386750862443	0.177689014827585	0.45965220803684
chr19:16021187:G:A	19	16021187	0.408552328089197	0.208845807445371	0.0504369980494819
chr19:17584922:G:A	19	17584922	0.29827607770394	0.206858914036882	0.149322116844893
chr19:18704666:C:T	19	18704666	0.45787647550476	0.244383025602031	0.0609853304204558
chr19:18737022:C:T	19	18737022	0.0198454219428676	0.211808273377139	0.925351270571316
chr19:18805179:A:G	19	18805179	-0.0187134322660224	0.175580494079824	0.915121900280323
chr19:21560366:G:T	19	21560366	-0.607145612420485	0.296605012867684	0.0406596897144924
chr19:21659434:G:C	19	21659434	-0.253366334974783	0.32015077681356	0.42871241353745
chr19:33474662:T:C	19	33474662	-0.302196009372514	0.228608017921049	0.18620280656166
chr19:37956680:C:T	19	37956680	-0.222284014860953	0.236128617038466	0.346516109208516
chr19:38120117:A:T	19	38120117	-0.414903182956728	0.316172944249106	0.189430209776727
chr19:44380983:T:C	19	44380983	-0.163441214950653	0.200464733266334	0.414893991836412
chr19:44819986:A:G	19	44819986	-0.338567791920553	0.319381597146266	0.289111412708987
chr19:48685001:C:T	19	48685001	-0.521370220995881	0.260099166635155	0.0450159338483177
chr19:51210487:G:T	19	51210487	-0.47000030182825	0.431530979727518	0.276089444755213
chr19:51552139:T:A	19	51552139	-0.204357543956909	0.33587287760953	0.542897563623344
chr19:52714810:C:T	19	52714810	0.117110107036109	0.20995760760303	0.576994775359634
chr19:53330671:T:C	19	53330671	0.042097093192575	0.202115204860569	0.835008267375668
chr19:54944544:G:A	19	54944544	0.181449750424084	0.212495541482279	0.393160901422845
chr19:57195010:G:C	19	57195010	-0.452580925186219	0.520213303014801	0.384305287451857
chr20:1709120:A:G	20	1709120	-0.0307326567844798	0.200231254113752	0.878015177495239
chr20:1735934:T:G	20	1735934	-0.218897094673197	0.207235513395726	0.290843910511575
chr20:1906500:G:T	20	1906500	-0.851775530228872	0.373858534899441	0.0227065390665796
chr20:3649460:G:A	20	3649460	-0.267967108278363	0.19856374704567	0.177167801764944
chr20:5407753:C:T	20	5407753	-0.305886609419322	0.306789807191412	0.318737342252834
chr20:5860313:T:C	20	5860313	-0.0561590703694906	0.192300385859638	0.770257370012996
chr20:7000966:A:C	20	7000966	0.235545264336644	0.192604940374408	0.221350440020065
chr20:12129436:G:A	20	12129436	0.000326531153354058	0.229946060192355	0.998866977420255
chr20:13244402:C:A	20	13244402	0.076894111917902	0.241062501453234	0.749741693981842
chr20:31347432:T:C	20	31347432	-0.198948925214721	0.225280769435547	0.377173904237771
chr20:37593342:C:T	20	37593342	0.144466828134371	0.180997934619155	0.424772784526898
chr20:38200488:G:A	20	38200488	0.242400743735224	0.201482911782365	0.228944053880689
chr20:38350608:A:G	20	38350608	0.0524582772219129	0.256354515919647	0.837859835148632
chr20:45729681:A:G	20	45729681	0.175576029342279	0.192595446525499	0.361962861530363
chr20:48501317:C:T	20	48501317	0.130725918140421	0.228918355864943	0.567959558593487
chr20:49036824:T:G	20	49036824	-0.311778795832649	0.212573487920513	0.142461189451921
chr20:50371082:C:T	20	50371082	-0.0348130137807678	0.229816067980524	0.87959545339922
chr20:52513956:G:A	20	52513956	0.402794092145596	0.309339532218458	0.192878791974004
chr20:54253971:A:G	20	54253971	-0.0961667689603935	0.215444508135225	0.655334009289488
chr20:58480201:T:G	20	58480201	0.158638488773551	0.188368281430716	0.399691694730144
chr20:60073360:C:T	20	60073360	-0.0460583083663793	0.176988001736728	0.794683223827279
chr21:14869783:A:G	21	14869783	0.276232018660753	0.301692773356714	0.359873052415961
chr21:15297615:T:C	21	15297615	-0.175667152343872	0.219868664396693	0.42431127420414
chr21:15686888:A:G	21	15686888	0.0704979636964553	0.29700752122431	0.812376843418437
chr21:18805376:C:A	21	18805376	0.0713680535873832	0.212499537079293	0.736983684983411
chr21:22007486:G:T	21	22007486	-1.04762047483351	0.76705382359971	0.172010602861571
chr21:24026351:C:T	21	24026351	0.171910765823389	0.204467242697099	0.400474488765488
chr21:26647335:G:C	21	26647335	0.0203082924104298	0.212125966113113	0.923729496064871
chr21:28043199:C:G	21	28043199	0.0837785114990492	0.164974987624334	0.611575699845087
chr21:29538421:G:A	21	29538421	-0.113349375646171	0.399893601948313	0.776832797591344
chr21:31885030:A:G	21	31885030	-0.046685900759081	0.155224615478756	0.76359483275348
chr21:35502622:A:T	21	35502622	0.126318785894056	0.181249878052834	0.485845537298272
chr21:36306638:T:G	21	36306638	0.15850009378227	0.180406646245134	0.37963378661019
chr21:41442549:G:A	21	41442549	-0.054213794740796	0.14110713306788	0.700827937743923
chr21:42627184:G:A	21	42627184	0.454821455499083	0.244489621037849	0.0628445895065811
chr22:20147688:T:C	22	20147688	0.23233168741349	0.188822182082122	0.218537691039664
chr22:23891985:A:G	22	23891985	0.203582084896214	0.203809616919459	0.317851079220745
chr22:24245985:G:T	22	24245985	-0.0986149538868518	0.208638246034846	0.636455766778448
chr22:28624303:G:A	22	28624303	0.0971735810699603	0.22572237498291	0.666831648887596
chr22:30376697:C:T	22	30376697	0.660433443078211	0.246859817632398	0.00746539499895615
chr22:30662128:G:A	22	30662128	-0.178847764927324	0.319320819361731	0.575419402617246
chr22:36298345:C:A	22	36298345	-0.0600713054559169	0.303844500605775	0.843276576744748
chr22:36977479:G:A	22	36977479	0.031957677452273	0.221820271291907	0.885445083838219
chr22:42475109:T:G	22	42475109	0.323890778700108	0.228880218942539	0.157036128730692
chr22:44719519:A:G	22	44719519	-0.440210433528278	0.335277965708914	0.189192531783199
chr22:44805054:T:C	22	44805054	0.264449686619258	0.187731176588858	0.158935275099113
chr22:45210278:T:C	22	45210278	-0.188573350003484	0.182451390825473	0.301344751425252
chr22:47062473:C:T	22	47062473	-0.681076997320462	0.45542429898839	0.134789750189859
chr22:48785864:A:G	22	48785864	0.39731790482119	0.251727618651417	0.114481925160076
chr22:49668266:A:G	22	49668266	-0.457432567631201	0.335301695176405	0.172491495716807
chr22:49926053:G:A	22	49926053	0.773632453167409	0.28827463031459	0.00728200947077351
