SNP	CHR	POS	est	stderr	pval
chr1:1837340:C:T	1	1837340	-0.0344752267456601	0.114517097035553	0.763377335109293
chr1:2261200:G:C	1	2261200	0.00897107253479205	0.0721884879491203	0.901099205907974
chr1:14678191:A:C	1	14678191	-0.256659587735654	0.0620614677990631	3.54073582389258e-05
chr1:14985097:C:T	1	14985097	0.0656422784880947	0.0936705492924953	0.483441447738228
chr1:15065941:C:T	1	15065941	0.212842211165421	0.125539124057771	0.0899947636508154
chr1:20215506:G:C	1	20215506	0.120506637540684	0.074015487504535	0.103497891053686
chr1:20533654:G:C	1	20533654	0.112868643461815	0.120202971178947	0.347739058410649
chr1:22009627:T:C	1	22009627	-0.00278966664493195	0.0793999100176009	0.971972586705941
chr1:22126221:C:T	1	22126221	-0.0144275206281858	0.0723491373072978	0.841937939569465
chr1:23180575:A:G	1	23180575	-0.128613580129914	0.064465473517863	0.0460344881592667
chr1:26058659:G:C	1	26058659	0.00642763563610595	0.0948345309417627	0.945962853888739
chr1:26181362:A:G	1	26181362	-0.161925338448591	0.0785974362166069	0.0393807619086419
chr1:26848285:C:T	1	26848285	-0.131090374693638	0.124804734557889	0.293550884494315
chr1:28670719:C:T	1	28670719	0.0347432264033297	0.0690177486692546	0.614686211356203
chr1:29753056:A:C	1	29753056	0.0592144540548497	0.0606698038039286	0.329058538105466
chr1:29908726:A:G	1	29908726	0.0402802596932396	0.0746656213257638	0.589558924340402
chr1:31886486:G:T	1	31886486	0.0974971747859272	0.0687712723162049	0.156277766910544
chr1:37838865:C:T	1	37838865	-0.076991095406818	0.0797680780333415	0.334451260840006
chr1:39880059:T:C	1	39880059	-0.031961759443958	0.0518432819826116	0.537559785388804
chr1:41175014:G:A	1	41175014	0.0150163515119313	0.135685779559421	0.911877999590046
chr1:41597921:C:T	1	41597921	0.00241102626901159	0.111252826840516	0.982709921903517
chr1:42635725:A:G	1	42635725	-0.01390366594144	0.123650040373105	0.910471620904386
chr1:43202709:G:A	1	43202709	-0.0282762363840085	0.0965275714226002	0.769572372091082
chr1:47498869:G:A	1	47498869	0.053454199412051	0.0971988704489243	0.582355922295453
chr1:51034150:G:A	1	51034150	-0.125984723552136	0.107813592279706	0.24258816018812
chr1:54900240:G:A	1	54900240	0.0772383889116907	0.0616968441036168	0.210605656339734
chr1:55459433:C:T	1	55459433	0.20920621173454	0.119062843657189	0.0788994930808395
chr1:56563907:C:T	1	56563907	-0.236965507682698	0.122150217679511	0.0523855747577577
chr1:65351414:T:A	1	65351414	-0.138297956981156	0.0669862510328662	0.0389634883912228
chr1:66254178:T:A	1	66254178	0.21059715985762	0.105738343013509	0.0464059543326942
chr1:73302339:T:C	1	73302339	-0.107528923387925	0.0713377126246744	0.131728070314665
chr1:73563666:T:C	1	73563666	0.0925978861150766	0.108525775501845	0.39352952873518
chr1:76062379:T:C	1	76062379	0.145150483254091	0.0689038680567788	0.0351552951581594
chr1:86928231:G:T	1	86928231	0.0989386065046349	0.059290478109049	0.0951748905128591
chr1:88611347:G:A	1	88611347	-0.037664162531407	0.0843975115169317	0.655401495936626
chr1:91057167:C:A	1	91057167	-0.148302325462912	0.111546950112209	0.18368112897226
chr1:91093925:G:A	1	91093925	-0.031168129110332	0.0677031947751371	0.64525480540636
chr1:92475800:A:G	1	92475800	-0.0815258604513906	0.0710694180654902	0.251327903057258
chr1:94752415:G:A	1	94752415	0.0117663193427528	0.0729692032960158	0.871896120904971
chr1:95614324:G:A	1	95614324	-0.0445278744207035	0.0661509332563896	0.500867506156675
chr1:99691102:T:C	1	99691102	-0.0483579669703304	0.0696652359439151	0.487589554268366
chr1:104937367:T:A	1	104937367	-0.050642064080006	0.0748164913146511	0.498479741586849
chr1:115841221:A:T	1	115841221	0.195224625338974	0.110406580503087	0.0770218591741345
chr1:153704237:C:A	1	153704237	0.0272293761658202	0.0667472066996953	0.683311998249547
chr1:155857667:G:T	1	155857667	0.205217489132078	0.117545254647385	0.0808353842078595
chr1:157334223:T:C	1	157334223	0.0997423755662224	0.0717312184440886	0.164376607233707
chr1:159540226:C:T	1	159540226	-0.129932245956846	0.0696015223034755	0.0619292733854772
chr1:165647351:T:C	1	165647351	-0.0361076527651324	0.0806750230869527	0.654464160558685
chr1:167545338:A:T	1	167545338	0.0170289039442251	0.109810977015009	0.876762430033848
chr1:168863629:G:A	1	168863629	0.0185128246247789	0.0727343346428278	0.799088738435811
chr1:171350391:G:A	1	171350391	-0.0631995244062131	0.0682832991388995	0.354680520746946
chr1:173013575:C:G	1	173013575	-0.0281120606885616	0.0649482882607563	0.665132761212662
chr1:178947344:C:A	1	178947344	0.197625878000949	0.111750001777599	0.0769833312701533
chr1:185127444:C:G	1	185127444	0.123838071116189	0.0890419293443643	0.164291002939888
chr1:185619557:C:T	1	185619557	0.125310353905129	0.09773053373817	0.199771550495834
chr1:186638909:G:T	1	186638909	0.151894451609249	0.076896606019946	0.048233249344339
chr1:188272062:T:C	1	188272062	-0.0344701275865816	0.0745106636730516	0.643636728378199
chr1:193365737:C:T	1	193365737	0.0151371855172629	0.067715846008691	0.823115424062862
chr1:193791070:G:T	1	193791070	-0.0358168020602589	0.188289520602711	0.849135202012357
chr1:195033388:T:C	1	195033388	-0.160891533308944	0.0935539978275717	0.0854739187469635
chr1:195907914:A:G	1	195907914	-0.0466093108454915	0.0610702132892711	0.445339011859289
chr1:196692375:G:C	1	196692375	-0.103542763622979	0.0675253809757279	0.125179719370819
chr1:197559019:A:G	1	197559019	-0.0201351511662169	0.096422255400542	0.834586686755143
chr1:199160726:G:A	1	199160726	0.0420175002058479	0.0816808286040347	0.606964811547708
chr1:204277152:T:C	1	204277152	0.0270881657011881	0.0686495923907124	0.693148472665093
chr1:207498131:C:T	1	207498131	0.0360792633524004	0.0769908750037316	0.639343140666327
chr1:208744577:C:T	1	208744577	0.243275327053151	0.143214433522155	0.0893797134744834
chr1:210496535:G:A	1	210496535	-0.173976987959045	0.0858193566762622	0.0426372128166387
chr1:212937214:T:G	1	212937214	-0.0613682491491277	0.053085039310477	0.247666180578104
chr1:219750864:A:G	1	219750864	-0.00623772087305288	0.0621400714619173	0.920041363308062
chr1:221920463:G:A	1	221920463	-0.116891052111904	0.0731093503083413	0.109853427312266
chr1:227462684:A:G	1	227462684	0.123165588237973	0.101474911970465	0.224841646992607
chr1:234456961:G:A	1	234456961	0.0132164534367821	0.0621872756555563	0.83169618806412
chr1:237308322:A:G	1	237308322	-0.0117232283373236	0.0751185845265453	0.875983397510697
chr1:239000642:T:C	1	239000642	-0.0209459609564412	0.108050834548789	0.846291112694287
chr1:244583991:C:T	1	244583991	0.17856988833887	0.0821930093634551	0.0298128590067053
chr1:246213578:G:A	1	246213578	0.0721000821002395	0.0984760351332206	0.464071732306734
chr1:247190028:T:C	1	247190028	0.107062391339818	0.0761258043363641	0.159609044454006
chr1:247897239:C:T	1	247897239	-0.0119552680315468	0.083829557773326	0.886595045012808
chr2:3248328:A:G	2	3248328	-0.040473294509856	0.0581578008096229	0.486477663213837
chr2:4505759:T:G	2	4505759	-0.126428005229286	0.0914162110330147	0.166666927457546
chr2:6804400:G:A	2	6804400	0.0666493783850134	0.0803009753434545	0.406541819335647
chr2:9411790:A:C	2	9411790	0.0257894077056308	0.067825950830937	0.703775278161019
chr2:12096367:C:T	2	12096367	-0.0626379095406914	0.102129422970564	0.539665471690619
chr2:13545005:C:T	2	13545005	0.0113902031579297	0.0630101137633796	0.856549794772124
chr2:16009716:A:G	2	16009716	0.0402588304392377	0.0584285920097962	0.490806783196712
chr2:16367899:A:T	2	16367899	-0.139557358354198	0.0659155144443198	0.0342415502993381
chr2:17630111:A:C	2	17630111	-0.0625654977144889	0.0652327845920518	0.337502702455073
chr2:17928966:C:G	2	17928966	-0.148331432720794	0.099820699286733	0.137284755708397
chr2:18261494:A:T	2	18261494	-0.00797741086935576	0.0694674915445849	0.908574634578014
chr2:19530615:T:C	2	19530615	-0.0637635063131241	0.0755354383123947	0.398583622508201
chr2:19562158:T:C	2	19562158	0.0165295967034038	0.0677195945943611	0.807162022285759
chr2:27383116:G:A	2	27383116	-0.0329583299457086	0.0617083403702805	0.593273410853308
chr2:37762298:C:T	2	37762298	-0.024301546506137	0.0737550135899137	0.741785278693067
chr2:42010994:T:A	2	42010994	-0.00848889260382499	0.0891631772931559	0.924150998135487
chr2:45824390:C:G	2	45824390	-0.0959499707833225	0.0960039469703915	0.317582670186296
chr2:46742820:T:C	2	46742820	-0.0148938741086542	0.0878148184347229	0.865320415471498
chr2:49789441:T:C	2	49789441	0.026136799712131	0.0818043164294944	0.749344419871404
chr2:49994518:G:A	2	49994518	-0.0971067232816609	0.0648785196618439	0.134459127330008
chr2:51284042:G:A	2	51284042	0.0941143659403439	0.122128129906235	0.440932268662759
chr2:51344078:G:A	2	51344078	0.00635124153017491	0.0757559600358354	0.933185094587036
chr2:57278002:C:A	2	57278002	-0.106963469533561	0.0598825239736987	0.0740633533165238
chr2:57368273:A:G	2	57368273	0.110313217890022	0.108498851313306	0.309285482982594
chr2:60075157:T:C	2	60075157	0.0810970020056966	0.107614732370665	0.451097595032248
chr2:60373837:A:G	2	60373837	-0.128878745098391	0.114745387901599	0.261364680315697
chr2:61147014:T:C	2	61147014	0.095872701189181	0.0674983406067017	0.155499633480795
chr2:61693274:A:G	2	61693274	0.0414195358591092	0.0676057776186449	0.540099414082089
chr2:65295480:C:T	2	65295480	-0.100177986959504	0.078324522330727	0.200892906593686
chr2:66031496:T:C	2	66031496	0.0808331474343342	0.0767127281544808	0.292014642646421
chr2:69165635:T:C	2	69165635	0.0342944010027722	0.0641635573278397	0.593006649202951
chr2:71204755:G:A	2	71204755	-0.116183810041645	0.145857483977234	0.425708318496861
chr2:72022684:A:G	2	72022684	0.37939531605227	0.156467713123387	0.0153188701836856
chr2:76651386:C:A	2	76651386	0.0479314717693392	0.06709249600875	0.474974411684568
chr2:79784490:C:G	2	79784490	0.114781010045599	0.0903003181784707	0.203691989673246
chr2:82619301:T:C	2	82619301	0.0112307397796717	0.0931637720317691	0.904048774459315
chr2:83181917:T:C	2	83181917	0.0608416302048301	0.0883381325689216	0.490989572910476
chr2:83400799:T:A	2	83400799	0.00246265934665021	0.15065141903151	0.98695777060839
chr2:85744328:G:A	2	85744328	0.0813425544247815	0.0913512822151866	0.373231325097578
chr2:85757440:T:A	2	85757440	0.101662492391791	0.0664649421078736	0.126124277338362
chr2:99811694:T:C	2	99811694	0.0954934010483713	0.0624760938016932	0.126393639018757
chr2:101228073:A:C	2	101228073	-0.0197500315321253	0.0667471603378631	0.767311636633367
chr2:106861882:T:C	2	106861882	-0.122214508172119	0.102116810473938	0.231380282825538
chr2:108083619:T:C	2	108083619	0.0134995297945896	0.0835898396333705	0.871701771779628
chr2:114129906:T:C	2	114129906	0.154764681031925	0.0911158376189784	0.0894042627705398
chr2:118004610:C:T	2	118004610	0.0335417080061485	0.0600192441257819	0.576264625099681
chr2:119455921:A:G	2	119455921	-0.0914455903039744	0.0613657808030021	0.136178922377311
chr2:120644763:G:A	2	120644763	0.0772712671419477	0.0530853242236083	0.145501825373467
chr2:120916837:A:G	2	120916837	0.0582419914921615	0.0649514821353694	0.369879041495189
chr2:122628686:C:A	2	122628686	0.177278992791766	0.0988382302341087	0.0728726037878723
chr2:122629789:A:C	2	122629789	0.163588667477482	0.102934251656255	0.112003067587725
chr2:126391403:A:G	2	126391403	-0.200038850482038	0.0777557320926088	0.0100921088217774
chr2:127192867:G:A	2	127192867	-0.00402587959428036	0.0655000523973964	0.950989874005983
chr2:130915743:C:T	2	130915743	-0.0226613927951876	0.0616808884771889	0.713322674315631
chr2:136507185:G:C	2	136507185	0.0755630857595817	0.063014080070567	0.230471157367647
chr2:141023592:C:T	2	141023592	-0.0904238262193389	0.0797664749701784	0.256959478443987
chr2:143017176:T:C	2	143017176	0.187938812814381	0.11583140376459	0.10469197382752
chr2:143920023:G:T	2	143920023	0.0448553770783976	0.0812055209502705	0.580695863174491
chr2:144729333:C:T	2	144729333	-0.0403477350061961	0.0784037368124056	0.606822116910939
chr2:148561010:G:C	2	148561010	-0.00670232314349365	0.0782094601399327	0.931707215473384
chr2:154835349:G:T	2	154835349	0.00944481634896984	0.0853289453750568	0.911864449438264
chr2:164974626:C:A	2	164974626	-0.0802102631520727	0.0856591849353559	0.349073272141616
chr2:167086954:T:G	2	167086954	0.169352713639195	0.0632772203943437	0.00744263298803505
chr2:167199229:C:T	2	167199229	0.196930704474212	0.0766116703746928	0.0101550273893734
chr2:167657344:C:T	2	167657344	-0.0897268846614155	0.0947506451460965	0.343649407475887
chr2:167884398:C:T	2	167884398	0.00913605218874794	0.102736714931308	0.929140046797067
chr2:168647356:T:G	2	168647356	0.0929788791078035	0.0618809281203644	0.132956415563912
chr2:170041677:A:G	2	170041677	0.115308911496756	0.109837663001192	0.293804494895625
chr2:171274449:C:A	2	171274449	0.0452467532354653	0.0898959551708384	0.614736796464249
chr2:177787584:G:A	2	177787584	-0.0514243472111768	0.0679637520452397	0.449263331756367
chr2:179648558:C:T	2	179648558	0.134335374933015	0.0918076589867239	0.143405485154318
chr2:183527028:C:T	2	183527028	-0.00423724316391195	0.0898360273080839	0.962380596279895
chr2:184516924:T:A	2	184516924	-0.139813519093976	0.0654578260528902	0.0326848898733686
chr2:191922008:C:T	2	191922008	-0.11700644019474	0.149264501189228	0.433106661608519
chr2:195817951:G:C	2	195817951	0.00075735721297806	0.191878008608886	0.996850696634969
chr2:197010424:G:A	2	197010424	0.00163702080581759	0.093667288543872	0.986056101792962
chr2:209101337:G:A	2	209101337	-0.149963108617042	0.0691280119185122	0.0300558410074852
chr2:209103516:A:G	2	209103516	-0.0997560969409541	0.0721730442322804	0.166916615272424
chr2:210957182:G:A	2	210957182	0.0281566652474792	0.0688839477620576	0.682719390280574
chr2:214802180:T:C	2	214802180	-0.150167675322821	0.0980499997098501	0.125635538181822
chr2:215209936:A:G	2	215209936	-0.11450134189442	0.0784559046871646	0.144445248157788
chr2:215367000:G:A	2	215367000	-0.176680054995628	0.125984072669269	0.160795853545197
chr2:220997842:C:T	2	220997842	-0.050963010178545	0.0587378029989726	0.385593839664554
chr2:226027918:G:A	2	226027918	-0.0247370031528839	0.123978345188286	0.841850677211055
chr2:228947684:G:A	2	228947684	-0.00639526387419804	0.0829824797968407	0.938569736000319
chr2:233152507:T:C	2	233152507	0.155024128318968	0.0643056645882547	0.0159202673994597
chr2:235620294:A:T	2	235620294	-0.0297237404576042	0.0605105120591508	0.623273581212412
chr2:237288548:A:G	2	237288548	-0.128295543752179	0.0621414074615049	0.038963310838848
chr2:237513585:T:C	2	237513585	0.0071908443975111	0.0763343784472261	0.924948766010823
chr2:237920759:T:G	2	237920759	-0.0377191836611442	0.0643299271018494	0.557647325288064
chr2:240429648:C:T	2	240429648	0.0613083208385562	0.0663477529683678	0.355462797261442
chr3:9841346:T:C	3	9841346	-0.0429620409254635	0.115548281101326	0.710034095198071
chr3:10127208:T:G	3	10127208	-0.136811459046992	0.0745049873772922	0.0663173655743786
chr3:14082905:A:G	3	14082905	-0.0805474939774082	0.084166139805011	0.338564267443056
chr3:16798495:T:G	3	16798495	-0.133723289294553	0.105805199659443	0.206279162535502
chr3:18882818:T:C	3	18882818	-0.0590201243318071	0.0621948515515086	0.342643426183422
chr3:20179943:G:A	3	20179943	0.033491214912286	0.104235179194435	0.747979771754065
chr3:22245167:A:G	3	22245167	0.0420117843557409	0.0782043285462627	0.591125770259911
chr3:24009496:G:A	3	24009496	-0.0018774357591842	0.0752532482657768	0.980096252833999
chr3:24010534:C:T	3	24010534	0.048111678447043	0.0765364455146225	0.529603526969706
chr3:33111016:C:A	3	33111016	-0.105917057948798	0.106419968084853	0.319602879604014
chr3:33421913:A:G	3	33421913	-0.00645685871708543	0.0580588994602825	0.911448066813702
chr3:34471110:A:G	3	34471110	0.0841143149938143	0.0610552935950605	0.168303838576594
chr3:34498029:C:T	3	34498029	0.0400119408949485	0.115543491323929	0.729122277367385
chr3:35230331:G:A	3	35230331	0.0482465688878442	0.0760650061357038	0.525897619191302
chr3:41413926:T:C	3	41413926	0.0741258486670545	0.0677934834664603	0.274215275540775
chr3:42098050:T:C	3	42098050	-0.0686429087710485	0.0635658254025314	0.280199507376021
chr3:46489654:A:G	3	46489654	0.114182888728928	0.0616119998245915	0.0638454876101433
chr3:56959175:A:G	3	56959175	0.0331487745306773	0.135624332767131	0.806908550711517
chr3:64441608:G:A	3	64441608	-0.0949794241036606	0.0566793595053185	0.0937906724426275
chr3:66150510:T:A	3	66150510	-0.0032895647037989	0.106115313675018	0.975269614979404
chr3:66995763:G:T	3	66995763	0.0299162099366013	0.0748522792852747	0.689399596280121
chr3:68498445:T:C	3	68498445	-0.046337361588688	0.0833910753385663	0.578441037624365
chr3:68824246:G:A	3	68824246	-0.0487535280197426	0.0601047396244071	0.417283657708377
chr3:69021248:A:C	3	69021248	0.0352667736774932	0.0930804527080606	0.70477337237641
chr3:69617754:T:G	3	69617754	-0.102241397574284	0.0676609184899216	0.13076680132769
chr3:74191731:G:A	3	74191731	-0.0626278913376867	0.0636406212556523	0.325072867342152
chr3:74732240:G:A	3	74732240	-0.060665773648222	0.0653663230202958	0.353361339368049
chr3:75709324:A:T	3	75709324	0.0552965252941908	0.067237986340639	0.410849234282214
chr3:84465702:T:C	3	84465702	0.00481543430143233	0.0656391203678249	0.941517847742801
chr3:84817748:G:A	3	84817748	-0.0293733110607283	0.0700774310247269	0.675102800157917
chr3:85705423:A:G	3	85705423	-0.0993246659026331	0.0771719824511145	0.198074757183923
chr3:88069353:C:T	3	88069353	-0.00112222929047727	0.0883775776399994	0.989868636524514
chr3:93986190:G:A	3	93986190	-0.0828823019339681	0.087244131468715	0.342110056712316
chr3:101022648:G:A	3	101022648	0.160105704846229	0.0985179108533251	0.104132067238437
chr3:106664728:C:T	3	106664728	0.100183280067911	0.0767693104334898	0.191895819820078
chr3:110774699:C:T	3	110774699	0.107863424043967	0.0812990829988496	0.184591941913074
chr3:113428518:G:A	3	113428518	-0.0756540188992098	0.0737767625468292	0.305153221962318
chr3:121058963:T:G	3	121058963	-0.0154612203065377	0.0807134810198014	0.848089343926506
chr3:122312606:G:A	3	122312606	-0.0574172382102763	0.0805419594990438	0.475916280954984
chr3:124193435:A:C	3	124193435	0.0940980337604962	0.0816746459078526	0.249276591433869
chr3:124804582:A:T	3	124804582	0.0958696329738837	0.15337610683445	0.531930123520223
chr3:126773646:G:T	3	126773646	0.029605519569825	0.0865328219657124	0.732252668518373
chr3:131110446:C:G	3	131110446	0.042992594192004	0.111782681883347	0.70052733261952
chr3:131209978:G:T	3	131209978	-0.0943786401506723	0.0681853097987418	0.166312782878859
chr3:133982842:C:T	3	133982842	0.00654842186466313	0.0611582803292213	0.914730790392877
chr3:134929007:C:T	3	134929007	0.113763840922228	0.122643611544244	0.353616676542128
chr3:137777496:C:T	3	137777496	0.042894841788668	0.125653352163366	0.732821720220683
chr3:146265901:G:T	3	146265901	-0.0353684918372794	0.0688540159391714	0.607480196304824
chr3:148006706:G:A	3	148006706	0.163732969215045	0.124736740681864	0.189308246657723
chr3:149679065:C:A	3	149679065	-0.121509154594777	0.066794779334627	0.0688898461543173
chr3:150888061:C:A	3	150888061	0.108084302988487	0.0810348097048484	0.182269112436167
chr3:152663712:G:C	3	152663712	-0.0993363294433393	0.0521227621359225	0.056674243177272
chr3:159417151:A:G	3	159417151	-0.00353582215504972	0.0613723778276245	0.954057214291348
chr3:164899350:G:A	3	164899350	-0.0784367288662467	0.0894762816891958	0.380692885230937
chr3:168053836:T:C	3	168053836	-0.0935103117766546	0.10182784338239	0.35845255902376
chr3:171028381:G:A	3	171028381	0.0435474853641607	0.0848285351487503	0.607700274405043
chr3:174497130:T:C	3	174497130	0.102450480089439	0.0642070793039781	0.110572336591225
chr3:176663180:T:G	3	176663180	0.118789044259944	0.0876003389665387	0.175088327857685
chr3:196706550:C:T	3	196706550	0.0737932782308803	0.0697408728354094	0.290006843218547
chr4:332191:G:A	4	332191	-0.0259696983161285	0.0734578628992338	0.723689713169442
chr4:8816874:T:C	4	8816874	-0.0896278365537931	0.0810815748441941	0.268984895045989
chr4:9851274:C:G	4	9851274	0.0810217818180088	0.080942524167485	0.316836871985954
chr4:10725805:A:G	4	10725805	0.148405697522514	0.0831683824455012	0.0743586210165089
chr4:13219910:C:T	4	13219910	-0.117005955364091	0.0791778590140475	0.139471749574877
chr4:18747099:A:G	4	18747099	0.0753144113535305	0.0649938924819699	0.246540924658333
chr4:20840555:C:T	4	20840555	0.00208989757796329	0.0589968767133935	0.97174175267574
chr4:21137718:C:T	4	21137718	-0.0277701618596167	0.0892626904986659	0.75572001215443
chr4:26851610:T:C	4	26851610	-0.172101913583686	0.0732411399018432	0.0187835813076583
chr4:32302160:A:T	4	32302160	0.0149439182474537	0.076225636962588	0.844572241338047
chr4:34501888:A:G	4	34501888	0.043377305484169	0.082908308044655	0.600837777880297
chr4:40603484:A:G	4	40603484	-0.0620418657577964	0.0700250382241138	0.375619975160338
chr4:41002348:C:T	4	41002348	-0.059723259431672	0.13253158124198	0.652253233339891
chr4:44018406:T:G	4	44018406	0.108584621746219	0.0824743412415587	0.187977195359366
chr4:44680448:T:C	4	44680448	0.0160955522684416	0.0688279094426326	0.815099788319615
chr4:55337032:C:T	4	55337032	0.0395823490159623	0.0652527280980744	0.544115951109577
chr4:55659669:G:A	4	55659669	0.123012380947209	0.0694889149630505	0.0766863917978684
chr4:56719096:C:T	4	56719096	0.125148667716061	0.0794386781523383	0.115161315641794
chr4:58944563:C:T	4	58944563	0.284855979694265	0.153078344980592	0.0627652318066213
chr4:61158247:C:G	4	61158247	0.0914236409058325	0.0739867778111725	0.216579246985368
chr4:64485722:G:A	4	64485722	0.0566195856325139	0.122561639833577	0.644104092882988
chr4:67708732:C:T	4	67708732	-0.0170579315551988	0.0632782715400114	0.787490986675561
chr4:67911021:C:T	4	67911021	-0.118332022093472	0.0623085174341341	0.0575472855978484
chr4:90022599:G:T	4	90022599	0.0489582367477436	0.0711572854599011	0.491434866361048
chr4:95020597:A:T	4	95020597	0.0036035246272347	0.0927970021669987	0.9690240616423
chr4:95433170:T:C	4	95433170	0.0760132306419126	0.105973717362793	0.473199001331663
chr4:97398054:G:A	4	97398054	0.0534759953298229	0.0595286314646937	0.369012867934041
chr4:98823404:T:C	4	98823404	-0.0720580547786816	0.0923323891914408	0.435143625481077
chr4:99262681:C:G	4	99262681	-0.0154943147045914	0.0627781904909338	0.805054907185115
chr4:99355957:G:T	4	99355957	-0.0722076916973352	0.0650869703032654	0.267256292041705
chr4:101085120:T:C	4	101085120	-0.0163405889064212	0.0727834049087699	0.822360629122427
chr4:102399971:C:T	4	102399971	-0.0579704194675997	0.0677822571432523	0.392415667898586
chr4:102884286:T:C	4	102884286	-0.0592169983121666	0.0632472913232098	0.349130471971296
chr4:105992845:C:T	4	105992845	-0.0109927036275027	0.0693667304601573	0.874084665449909
chr4:108791253:G:A	4	108791253	-0.0295855120812408	0.0610403951023837	0.627898086081787
chr4:110191180:A:G	4	110191180	0.0391638171089908	0.141453267072307	0.781881823200213
chr4:110957298:T:A	4	110957298	0.0532552685303666	0.0620071031756778	0.390419113625073
chr4:113348012:C:T	4	113348012	0.0518055300130196	0.0764103169317838	0.497777210239554
chr4:115515844:A:G	4	115515844	0.112284994537715	0.121580803650624	0.355724755022845
chr4:115522695:G:A	4	115522695	0.054516820740059	0.0715709529408828	0.446228850325106
chr4:120770744:A:C	4	120770744	0.161362973786674	0.0795852265179108	0.0426062635276996
chr4:123964831:A:G	4	123964831	-0.057174281908569	0.0650174339045133	0.379201517621406
chr4:125256344:T:C	4	125256344	-0.0889621778211085	0.118682092161341	0.453505389418263
chr4:126268710:T:G	4	126268710	0.0278051411856736	0.0887318016339999	0.754005938971571
chr4:134094420:T:C	4	134094420	-0.165022474035852	0.0964185694614997	0.0869848485874758
chr4:134350906:C:T	4	134350906	0.120757946231041	0.063455792469589	0.0570373103925962
chr4:138952375:G:A	4	138952375	0.130817428524182	0.0772311143119854	0.090295007032156
chr4:141012527:T:G	4	141012527	0.198370268261343	0.121817329764905	0.103435003658667
chr4:141618953:G:A	4	141618953	-0.0411714503796641	0.0812947597790027	0.612543205166571
chr4:149616644:T:G	4	149616644	-0.0804637883332154	0.101882970063746	0.429663965176999
chr4:154030957:C:G	4	154030957	0.0573715266025756	0.0902870809540103	0.525145069828094
chr4:168588553:A:C	4	168588553	0.0802628016241532	0.0999694497847431	0.422047972281887
chr4:171334248:A:T	4	171334248	-0.0990750802915629	0.0822958680139772	0.228632530709356
chr4:171974219:A:G	4	171974219	-0.00305530390822971	0.0632080676836615	0.961447471326144
chr4:176312841:C:T	4	176312841	-0.00226499758530487	0.0712044926641223	0.974623765879292
chr4:179329624:T:G	4	179329624	0.00507822253787533	0.0635240955751116	0.936283644835133
chr4:183032183:A:G	4	183032183	0.045409853193354	0.0610198759531369	0.456766773987941
chr4:184991673:A:G	4	184991673	-0.102831939970525	0.0639879341633886	0.108042953358686
chr4:189912372:C:T	4	189912372	0.130990770550369	0.0710086799002071	0.0650790207990722
chr5:79496:A:G	5	79496	0.0328764772914398	0.107097462705083	0.758860740422783
chr5:5313703:A:G	5	5313703	0.0433194494157648	0.0564810056490178	0.443097115381696
chr5:7364955:T:A	5	7364955	-0.0333719342555222	0.105293324667002	0.751287198943795
chr5:8067079:G:C	5	8067079	0.0383879008124449	0.0662532385157139	0.56231141898841
chr5:13911296:G:T	5	13911296	0.0719823327173484	0.0824044316940914	0.382376975724196
chr5:15621966:C:G	5	15621966	-0.00950024575798151	0.0705656440824824	0.892904498339345
chr5:15997511:T:A	5	15997511	0.24783460282351	0.138670941414855	0.0739029599186064
chr5:17902851:T:C	5	17902851	0.00524534080115218	0.0854269070861965	0.95103945251481
chr5:20719353:A:C	5	20719353	-0.0881832943720647	0.0975461753078185	0.365986965468547
chr5:20732163:G:T	5	20732163	-0.0380106047932867	0.065286842272695	0.560425729921299
chr5:21913130:A:C	5	21913130	0.078268852563847	0.0632952792141891	0.216247883213783
chr5:23787194:A:C	5	23787194	-0.0480714143939518	0.0561673943540471	0.392075338115454
chr5:23895775:T:G	5	23895775	-0.0290323994127841	0.083146511722398	0.726960496030456
chr5:25693600:A:G	5	25693600	0.143662445375161	0.094193174543829	0.127211826624405
chr5:33466391:T:A	5	33466391	0.170866878927036	0.0753851768153711	0.0234156152758009
chr5:33624899:A:G	5	33624899	-0.220874662482026	0.12437165128317	0.0757453623452666
chr5:39550509:T:G	5	39550509	0.00966978533401958	0.0661157368304871	0.883719751360397
chr5:39634108:G:A	5	39634108	0.104562872676846	0.0836841086080825	0.211484092532895
chr5:39978357:G:A	5	39978357	-0.105003689893571	0.0620976926920965	0.0908475939094957
chr5:40238036:C:A	5	40238036	-0.0705062356013612	0.127552927375071	0.580427335337502
chr5:44011742:G:T	5	44011742	0.207965858116101	0.0846900477046991	0.0140645100159008
chr5:50222627:G:A	5	50222627	-0.099824177220333	0.0770302465387405	0.195006894276754
chr5:54814079:C:T	5	54814079	0.0194933098390787	0.0772726516739678	0.800834995473374
chr5:66989845:C:A	5	66989845	-0.116185187357812	0.0631009681572999	0.0655837015461379
chr5:66992139:G:A	5	66992139	0.190065586517464	0.0805903155875623	0.0183530535356085
chr5:73076502:T:C	5	73076502	-0.0946607572487576	0.0704327584309266	0.17895238164252
chr5:76998986:C:A	5	76998986	-0.113988147842037	0.0620833446900339	0.0663502077762865
chr5:77675144:G:C	5	77675144	-0.185916233822397	0.100627561958448	0.0646649050593133
chr5:80530472:T:A	5	80530472	0.187335144725747	0.109505333793657	0.0871291369644913
chr5:81710558:G:T	5	81710558	-0.13388950978594	0.0691245123875238	0.0527536035456151
chr5:82792281:C:G	5	82792281	0.0863040906767814	0.119782384934559	0.471212666023755
chr5:84879932:A:G	5	84879932	-0.175160725704379	0.0857550072813133	0.0410948841957031
chr5:85476293:A:G	5	85476293	-0.0666423168081547	0.0682392237538712	0.32876801100647
chr5:85809583:T:C	5	85809583	0.0636144228669354	0.0613615146776179	0.299868545945001
chr5:92192959:A:T	5	92192959	0.0490855930146481	0.0674424015425689	0.466726827111016
chr5:94648523:C:G	5	94648523	0.0335691873979326	0.082710600195314	0.684843131645342
chr5:98024666:G:A	5	98024666	-0.115961271281202	0.067809198724582	0.0872453091491069
chr5:101328324:T:C	5	101328324	0.199565868375407	0.103567810994652	0.0539908257558921
chr5:101825779:A:C	5	101825779	0.00561201417237497	0.0625187590229203	0.928473735965758
chr5:106773905:G:A	5	106773905	0.0232868347419478	0.0747082395597107	0.755265715254484
chr5:110045491:C:T	5	110045491	0.035097242761304	0.0797937325188446	0.660046028113642
chr5:114915760:G:T	5	114915760	-0.021540313818326	0.0704405142051891	0.759761202882238
chr5:115102683:A:G	5	115102683	-0.0232376413951357	0.0850988211770382	0.784802060141147
chr5:117238479:G:A	5	117238479	-0.0398519140448406	0.0577007823111512	0.489776054019449
chr5:121740415:G:T	5	121740415	0.122395272281909	0.0860467698016273	0.154902249845246
chr5:137227416:A:T	5	137227416	-0.0546019158047195	0.0723946696223982	0.45071374599126
chr5:137406489:C:T	5	137406489	-0.0435636839935901	0.0845261284212765	0.606282480642549
chr5:140638650:G:A	5	140638650	0.160978110843316	0.0984874456482372	0.102153094767498
chr5:142682003:T:C	5	142682003	0.0260047552098907	0.0668785232083232	0.697397714195529
chr5:144183699:A:G	5	144183699	0.103804402939316	0.0782397149205782	0.184591982352671
chr5:145690757:G:T	5	145690757	0.0999888321513285	0.0745349689275024	0.179757423886367
chr5:147282093:C:T	5	147282093	0.0271630908350266	0.0886881219543628	0.759394102395576
chr5:148033208:G:T	5	148033208	0.101479179813647	0.0942019330084571	0.281367893965491
chr5:151763317:T:C	5	151763317	-0.0443273422796598	0.0782749486046738	0.571187786145934
chr5:153541577:C:T	5	153541577	-0.0225485557348595	0.0973106491421029	0.816757634668792
chr5:160435085:T:G	5	160435085	-0.253821953137086	0.157286266971029	0.106579953379394
chr5:164252995:G:C	5	164252995	0.331108897485685	0.127798807584686	0.00957362580939758
chr5:168245100:T:C	5	168245100	-0.0465295351297987	0.0560413493679091	0.40638529857396
chr5:169455657:C:T	5	169455657	-0.113214845602793	0.0626389340908388	0.0706968593017373
chr5:169808985:G:C	5	169808985	-0.114159628911015	0.097156062898421	0.239989547904789
chr5:172672695:T:C	5	172672695	0.0931120530637878	0.066355932574828	0.160550879900084
chr5:173346700:A:C	5	173346700	-0.0647722758353731	0.0860420226744659	0.451571216249215
chr5:177122146:G:C	5	177122146	0.220076038000211	0.118048247316461	0.0622811437307621
chr6:1084246:G:A	6	1084246	0.224539006987236	0.109475620919455	0.0402629363910973
chr6:3041612:C:A	6	3041612	-0.0484893530329244	0.0716088862256797	0.49831614132789
chr6:3673174:A:G	6	3673174	-0.00522562706530363	0.0968529419087706	0.956971620704795
chr6:3786319:G:C	6	3786319	0.0584941881973913	0.0613177777657116	0.340108175501094
chr6:6090729:G:T	6	6090729	-0.300348530398251	0.11367610536945	0.00823832553028236
chr6:6354181:A:T	6	6354181	0.134318578451514	0.0661547117944097	0.0423188880392161
chr6:6456261:T:C	6	6456261	0.196282320651146	0.0735425144265846	0.00760856135321664
chr6:7642514:C:G	6	7642514	0.0539284344130378	0.0626354502578627	0.389244095051933
chr6:12212257:G:A	6	12212257	-0.135831816104045	0.164003989986069	0.407544429454409
chr6:21494280:T:C	6	21494280	0.086762427989946	0.0892848235213018	0.331175488973389
chr6:23163726:T:C	6	23163726	-0.0613899819041238	0.0788435874523372	0.436197706149851
chr6:23344439:T:A	6	23344439	0.00451110040217808	0.0707685029688398	0.949173698300235
chr6:24077828:C:T	6	24077828	-0.0332174008989102	0.129804253344691	0.798025125017875
chr6:26287827:G:A	6	26287827	-0.0318746500002703	0.0868193681877181	0.713516420294298
chr6:27261142:G:T	6	27261142	0.0161854887824224	0.151819968960832	0.915098584092936
chr6:31108549:A:G	6	31108549	-0.0187677888263623	0.067629904769303	0.781390640380375
chr6:31845997:T:C	6	31845997	-0.0872721153357264	0.113626273831276	0.442449869340682
chr6:32660000:G:C	6	32660000	0.151251341304208	0.0849497523610499	0.0749974276107276
chr6:33148933:A:G	6	33148933	0.10235938068603	0.0603536869117305	0.0898873621242345
chr6:37400014:G:T	6	37400014	-0.201406825418682	0.0623392809275848	0.00123436825834788
chr6:39124093:C:T	6	39124093	0.0683361372014512	0.0634144960408241	0.281207541076102
chr6:45195864:C:T	6	45195864	-0.0490692993588039	0.081267227227254	0.545975412144019
chr6:46738257:G:A	6	46738257	-0.025476729355232	0.0818338527644823	0.755555373706879
chr6:47717919:C:A	6	47717919	-0.113249397629869	0.0671347050826874	0.0916229727598111
chr6:48859012:C:A	6	48859012	0.154935125196449	0.0886927381475318	0.0806590266795987
chr6:49860743:T:G	6	49860743	0.0327694492093982	0.0757341538218728	0.66523962923469
chr6:53292416:C:G	6	53292416	0.016442668058974	0.0619660701904945	0.790740206419802
chr6:54457248:C:T	6	54457248	0.122735717650168	0.10527086216025	0.24365326781031
chr6:57513520:G:A	6	57513520	-0.023639707884908	0.115188140110156	0.837394833390922
chr6:67461006:G:C	6	67461006	-0.185677987908955	0.120676434974837	0.123891402014623
chr6:69504128:A:G	6	69504128	-0.107910282483195	0.080609285197519	0.180673881756565
chr6:81137001:T:C	6	81137001	0.104286276606555	0.0593605852040404	0.0789473078211032
chr6:84758749:C:T	6	84758749	-0.161473272870509	0.0804541722318353	0.0447473480303053
chr6:86667874:G:T	6	86667874	-0.186986021548363	0.0889632198489482	0.0355677198634102
chr6:87387916:G:T	6	87387916	-0.174050251470165	0.0631211262638691	0.00582628676324071
chr6:88566465:G:A	6	88566465	-0.0409586490706859	0.0705673061827158	0.561631677038976
chr6:93273487:T:C	6	93273487	0.0648666167762868	0.0599296570793351	0.279084048322425
chr6:97788153:C:A	6	97788153	-0.0332278286666092	0.0651227405824038	0.609887618361244
chr6:98771646:C:T	6	98771646	0.0476360617921302	0.103414116040276	0.64506118718262
chr6:104918249:A:G	6	104918249	0.0817444623593092	0.0605260304564605	0.176834161980487
chr6:107129138:A:G	6	107129138	-0.0633847372983952	0.0719997048749478	0.378671260042277
chr6:112187089:T:C	6	112187089	-0.0347849972957737	0.0666064764148618	0.601498733494652
chr6:118046853:T:C	6	118046853	-0.00543484451039949	0.0582454321336137	0.925657789296876
chr6:121081137:A:G	6	121081137	0.124695715707503	0.101523460280186	0.219354887815381
chr6:123103197:T:C	6	123103197	0.0978238587837247	0.0676274877698266	0.148034120356331
chr6:127784009:G:A	6	127784009	-0.108398040523155	0.0604387412326663	0.0728899494729202
chr6:129527930:G:A	6	129527930	0.0364714122113609	0.0846661038008849	0.666637378512184
chr6:137254996:T:C	6	137254996	0.0303679731059299	0.0632251987194883	0.631003854220155
chr6:138165202:C:G	6	138165202	0.166095035942577	0.110222238248805	0.131833628076221
chr6:139464917:T:A	6	139464917	-0.162503518877801	0.142766070266305	0.255015990559469
chr6:151547601:G:A	6	151547601	0.138452371707046	0.0692957402715251	0.0457174695407506
chr6:152638179:C:T	6	152638179	-0.0334751580059274	0.0649013583384339	0.606004462880594
chr6:153842833:G:A	6	153842833	0.101861950850552	0.0941449623523161	0.279266208108217
chr6:156754666:T:G	6	156754666	-0.0095090441723913	0.12851954686263	0.941019067296063
chr6:160701242:A:G	6	160701242	-0.133276388823633	0.0887597293272117	0.133215643606653
chr6:160909689:G:C	6	160909689	0.0164571035381526	0.0982741689254327	0.867007228091845
chr6:162760256:C:T	6	162760256	0.182969736861493	0.101828857307823	0.0723616902056876
chr6:163629327:G:A	6	163629327	0.107139136537133	0.0702006661084559	0.126964035887923
chr6:167509019:C:T	6	167509019	0.0706630731553197	0.123392711215996	0.566869420302999
chr7:6986920:C:A	7	6986920	-0.00578434503769738	0.109087638747501	0.95771218586554
chr7:7863676:G:A	7	7863676	-0.139941001861439	0.0779859321460518	0.0727431190435497
chr7:8111839:A:G	7	8111839	-0.0158506250481448	0.0653663113058122	0.808401118260795
chr7:9602661:C:A	7	9602661	-0.0463362695257255	0.0725253453759112	0.522889545587304
chr7:11334355:C:A	7	11334355	0.107065497497689	0.105036995979459	0.30805474657182
chr7:12476280:G:A	7	12476280	0.0694492172133006	0.0876681679127	0.428254079594905
chr7:12972158:C:G	7	12972158	-0.0738208650553231	0.0736294089222588	0.316053766868379
chr7:20850990:A:T	7	20850990	0.050018778830459	0.0665087437124673	0.452013051185331
chr7:22822020:C:A	7	22822020	0.160706067037141	0.0766921041552046	0.0361291590006959
chr7:24140802:T:C	7	24140802	0.0203632344221654	0.0690637717975072	0.76811088796113
chr7:24278575:A:G	7	24278575	-0.0310967718030557	0.0812274203382121	0.701841448268499
chr7:24620726:T:A	7	24620726	0.0217699560172345	0.0632271086397001	0.730610426353669
chr7:24740434:C:T	7	24740434	0.0580316702071157	0.060850508294975	0.34024766513268
chr7:28505993:C:T	7	28505993	0.0228610793238434	0.0728495362385368	0.753663614395919
chr7:36413989:G:A	7	36413989	0.102826745472382	0.0762911702371309	0.177716366251614
chr7:41157573:G:A	7	41157573	0.224312928449068	0.162372753730861	0.16713479791494
chr7:43755241:C:T	7	43755241	-0.162711122912896	0.07517783130721	0.0304375146844755
chr7:44689517:A:G	7	44689517	0.0780975658383901	0.0664608131180114	0.239957934805764
chr7:46192346:C:G	7	46192346	0.0450993750853741	0.0689098270252224	0.512809417206589
chr7:46368666:G:A	7	46368666	0.255601934492657	0.105238176971669	0.0151491046540334
chr7:47748540:G:T	7	47748540	-0.10142008635288	0.141001766191373	0.471966948458479
chr7:48301675:T:C	7	48301675	-0.0858968840296395	0.0721581867168547	0.233890418650095
chr7:51890159:C:T	7	51890159	-0.0573544642688289	0.0675147606221116	0.395597568387894
chr7:53046603:C:G	7	53046603	0.0124178718294873	0.0838601492742193	0.882280941908079
chr7:55663907:C:A	7	55663907	-0.193808499700065	0.0743620801437838	0.00915312527966194
chr7:56122201:A:G	7	56122201	-0.121681823299985	0.0733213263949348	0.0970011259200269
chr7:62910214:G:T	7	62910214	-0.200899030013889	0.0955784457009077	0.0355595661294131
chr7:65406204:G:T	7	65406204	0.0892376370119702	0.0868230346052407	0.30403891977847
chr7:67766433:G:A	7	67766433	-0.100081692606625	0.0792224068772716	0.206481268343802
chr7:68433432:T:C	7	68433432	0.0538350370405673	0.0637559964341431	0.398450534121699
chr7:71020152:T:G	7	71020152	-0.0468749523028028	0.0715493161367737	0.51237642082824
chr7:71553830:T:C	7	71553830	-0.0710463927474368	0.0731247537210702	0.331260594429655
chr7:78390279:T:G	7	78390279	0.0656654782795974	0.0587084109932536	0.263352629788021
chr7:83524616:A:T	7	83524616	0.0371387781353741	0.0549177955717806	0.498874778491199
chr7:84786535:C:A	7	84786535	-0.0705855237952515	0.0791146143692611	0.37228936714996
chr7:86620755:G:A	7	86620755	0.205967983590759	0.0917891089643481	0.0248371521226808
chr7:89207269:G:A	7	89207269	-0.00916650756882755	0.0726936221248402	0.899654489917505
chr7:91097147:A:G	7	91097147	0.0599455941452338	0.0796493608127279	0.451679109200138
chr7:103095283:G:A	7	103095283	0.0690677247687865	0.0876603783542872	0.430754449347317
chr7:113434486:A:C	7	113434486	0.00211501867539227	0.0654596038668395	0.974224604582814
chr7:113749820:G:A	7	113749820	-0.16151533939094	0.0658587070877549	0.0141886179443234
chr7:117145973:C:G	7	117145973	-0.110840435736519	0.0803913551002813	0.167968567750495
chr7:119808046:G:A	7	119808046	0.0621719386325835	0.0790779064644494	0.431743744159177
chr7:122582926:C:G	7	122582926	0.099553249742462	0.0975566387432229	0.30750742450806
chr7:124802410:A:T	7	124802410	-0.0335293888044574	0.0846458389509271	0.692021044441618
chr7:129047886:A:G	7	129047886	0.0910814084362389	0.138790275791128	0.51166193874375
chr7:131384702:T:A	7	131384702	0.0569733757821875	0.0728394198977775	0.434110100839483
chr7:136870573:G:A	7	136870573	-0.0543564135508132	0.0828344666389196	0.511692058486706
chr7:142873374:T:C	7	142873374	0.146288765209254	0.0875611609241124	0.0947801958462521
chr7:143187070:C:T	7	143187070	-0.288874041497963	0.141452303166054	0.041131592769537
chr7:145116884:A:G	7	145116884	-0.108388029400204	0.0816988918668752	0.184615598448356
chr7:149242006:T:C	7	149242006	-0.0151732142140764	0.0685930616832874	0.824931840017198
chr7:153502245:G:A	7	153502245	-0.00795526520404629	0.0676454605054411	0.906382741881363
chr7:153952270:G:A	7	153952270	-0.0597921562664807	0.066029211760947	0.365178866845629
chr7:154426289:T:C	7	154426289	-0.0162374121789245	0.102538526697962	0.874177656761749
chr7:156975524:A:T	7	156975524	0.0832535865254123	0.0688958450551114	0.22689429159273
chr7:157677820:C:T	7	157677820	0.0592096372322314	0.0775784511275502	0.445330575450899
chr8:276778:A:T	8	276778	-0.00549041594163848	0.0619390761701714	0.929366269781312
chr8:1102873:G:T	8	1102873	-0.19812612456748	0.0802078899186223	0.0135053558496568
chr8:8710521:T:C	8	8710521	-0.0534752147676003	0.0902541981742341	0.553518770214718
chr8:9029509:T:C	8	9029509	-0.0777788048060606	0.0940328430917498	0.408154827912133
chr8:9109096:A:G	8	9109096	0.0593810550805317	0.0755831133358321	0.432078904755711
chr8:9827297:A:G	8	9827297	0.0692242584497673	0.142737072743181	0.627692356935862
chr8:10675470:T:G	8	10675470	0.210451518214431	0.115747035722078	0.0690332296407276
chr8:13032868:C:A	8	13032868	0.177583619670433	0.105989025353297	0.0938380064837049
chr8:14391498:A:G	8	14391498	-0.0446116133609068	0.119257339047396	0.708345871150754
chr8:16627132:C:G	8	16627132	-0.0158371756858389	0.173104337369217	0.927103895001784
chr8:17129593:A:G	8	17129593	0.0233823157033428	0.123877300631175	0.850285754783379
chr8:20741226:C:T	8	20741226	-0.20078400961171	0.0891643051106036	0.0243322000047981
chr8:23115837:G:A	8	23115837	-0.186018067086484	0.107805701659525	0.0844385247303999
chr8:25783762:T:C	8	25783762	-0.0239336101219092	0.0574361958904067	0.676898525650183
chr8:27010051:G:C	8	27010051	0.0170943671040569	0.0969340075632787	0.860018538495331
chr8:27022227:G:T	8	27022227	0.0298975564730075	0.0850221417069537	0.725104993996264
chr8:28150898:A:G	8	28150898	-0.0707147857550514	0.0566615918694189	0.21202382436986
chr8:28528484:G:T	8	28528484	0.00448581555963411	0.0600786977763721	0.940480731545063
chr8:37085597:G:A	8	37085597	0.0327156098180297	0.065661460091491	0.618310127344853
chr8:41788192:C:T	8	41788192	-0.0899335917251196	0.0808893743196213	0.266219976484142
chr8:42055528:T:G	8	42055528	-0.156435729159229	0.145116003087777	0.281031671635791
chr8:50763512:C:T	8	50763512	0.416025732452851	0.191407224592508	0.0297418692708864
chr8:51570259:T:G	8	51570259	0.459358231397558	0.187829510730809	0.0144606257900064
chr8:53142705:G:A	8	53142705	-0.010864918953863	0.0631569101957781	0.863413499687679
chr8:61304314:G:C	8	61304314	-0.0289605727141427	0.0584820169665336	0.620455596530142
chr8:61926940:A:T	8	61926940	0.0587264939466384	0.0735242816156687	0.424443481218895
chr8:63445672:G:A	8	63445672	0.0564799864402911	0.0733542259492101	0.441322273125927
chr8:65343369:C:A	8	65343369	-0.0327613971836713	0.0900390154639655	0.715964205877117
chr8:65418628:G:T	8	65418628	0.108770193944402	0.062398385727896	0.0813061632652595
chr8:71273350:T:A	8	71273350	-0.00864804695509361	0.0826120585614181	0.916627651284795
chr8:72033005:T:C	8	72033005	-0.0126499191651208	0.0701319693639403	0.856859688488569
chr8:72065200:T:A	8	72065200	0.1284731223664	0.0683916064358738	0.0603138168852715
chr8:73211475:T:C	8	73211475	-0.103325428870794	0.0650958964372099	0.112449192880195
chr8:75992459:A:G	8	75992459	0.225211526442138	0.130128019998379	0.0835067083989708
chr8:78402394:T:A	8	78402394	-0.00144461063133614	0.141334205628612	0.991844773568186
chr8:79795588:T:G	8	79795588	-0.164023577557314	0.105708811570704	0.120744859909701
chr8:86323708:T:C	8	86323708	0.0544216775022144	0.0571068464495467	0.340600248798734
chr8:89525432:A:G	8	89525432	-0.0830132729015297	0.0628627627032577	0.186652241424167
chr8:92001032:A:G	8	92001032	0.0537017269748423	0.0794462888190224	0.499072326545052
chr8:92645879:A:G	8	92645879	0.109466013396205	0.110304991565007	0.321005357634617
chr8:95906161:G:A	8	95906161	0.118030643653464	0.0610845546921263	0.0533286305650897
chr8:96365126:C:T	8	96365126	0.0378016730151497	0.0582674251667003	0.516492425518328
chr8:98002322:C:T	8	98002322	-0.00255171580151592	0.0700464756395058	0.970940373501751
chr8:98018653:A:G	8	98018653	0.387000060101476	0.202908159681687	0.0564860064858921
chr8:106920372:G:A	8	106920372	0.0839752745745543	0.0807005459748417	0.298071090205155
chr8:108142424:A:G	8	108142424	0.00619170821611497	0.0572957093520786	0.913943475448283
chr8:109421925:C:T	8	109421925	0.0216614748118386	0.0722472961478448	0.76431139192768
chr8:116252872:C:T	8	116252872	0.079281537283015	0.0584466212971365	0.174947232169349
chr8:119015250:G:A	8	119015250	-0.108158734997785	0.13965434601825	0.438650220220331
chr8:121384602:C:T	8	121384602	0.115300573248588	0.0737917443923457	0.118167143211532
chr8:127029052:C:T	8	127029052	0.00670427123995496	0.0675528738718734	0.920943907705597
chr8:128437247:A:G	8	128437247	-0.06211074140637	0.0640350398833913	0.332071769912696
chr8:131111695:G:T	8	131111695	-0.298493356796574	0.143251879183367	0.0371878352039595
chr8:131315237:G:A	8	131315237	-0.00525863793391298	0.0669191522454509	0.937365139503181
chr8:135895676:A:T	8	135895676	-0.0908613114415935	0.108682026733188	0.403138664736042
chr8:138585221:A:T	8	138585221	-0.0428461024501683	0.111557959379515	0.700926320231318
chr8:141605122:C:T	8	141605122	-0.173490835286145	0.0665255664897353	0.00911043225484698
chr9:733358:A:C	9	733358	-0.0638435738856524	0.0688141606697094	0.353527944110595
chr9:5461379:C:T	9	5461379	-0.0496614634054887	0.0860212071564071	0.563725660264077
chr9:11397008:T:G	9	11397008	0.152866955130589	0.129547386158713	0.237997023646672
chr9:11955148:T:G	9	11955148	-0.0226306097687853	0.0716650060131261	0.752167019302409
chr9:12389360:A:G	9	12389360	0.0357471734043244	0.0761930632289053	0.638951185926026
chr9:12615226:G:C	9	12615226	0.127603788981698	0.0649358569631326	0.0494056291747015
chr9:13582959:T:A	9	13582959	-0.0511615965202227	0.130848359237915	0.695797868221085
chr9:13820455:C:G	9	13820455	-0.0712447516706022	0.081095307544063	0.379655555064038
chr9:14098421:G:A	9	14098421	0.00404409651973073	0.0700502900776372	0.953962636361933
chr9:18952915:A:G	9	18952915	0.0573938609129189	0.0548498192535515	0.295384722242292
chr9:29651949:A:G	9	29651949	-0.0799741291503912	0.0608949933956634	0.189077816764765
chr9:32058643:A:T	9	32058643	0.0143718452084695	0.0741144230828605	0.84624299979817
chr9:37013405:C:T	9	37013405	0.0125552512981352	0.0579159633774641	0.828376720727102
chr9:37992585:C:T	9	37992585	0.0185277299090569	0.0615506444621126	0.763402279987702
chr9:73616570:C:T	9	73616570	0.135231081812473	0.10032312291255	0.177672771042384
chr9:76464251:C:G	9	76464251	-0.019985660716211	0.110987870245737	0.857097084195974
chr9:79067117:C:T	9	79067117	0.0859532693216845	0.150676570129163	0.568373335885565
chr9:82773489:T:C	9	82773489	-0.0207112049849212	0.0816105455830866	0.799664761175465
chr9:89995415:A:G	9	89995415	-0.0907283483081794	0.106982245576258	0.396399428748797
chr9:91844381:C:T	9	91844381	0.104278946366916	0.125947080112256	0.40769404407531
chr9:94568472:C:A	9	94568472	0.0541229728071041	0.0682673406620429	0.427889020563222
chr9:96162075:C:T	9	96162075	-0.0205252109936809	0.061034794993883	0.736654416473428
chr9:97240484:A:G	9	97240484	0.259312148622465	0.140739556482856	0.0654025492980664
chr9:100192956:A:G	9	100192956	-0.101955681787654	0.110012151147411	0.354047283776536
chr9:100529836:G:C	9	100529836	0.155905247508571	0.0743348307810361	0.0359636864558296
chr9:101460357:C:T	9	101460357	-0.138477985202972	0.0815575488758946	0.0895233437733073
chr9:103293239:C:G	9	103293239	-0.0339618725204542	0.118405855524973	0.774245588789701
chr9:106822394:G:C	9	106822394	-0.130789346557468	0.0963126243092524	0.17447421804514
chr9:107904127:G:A	9	107904127	-0.0599375975282694	0.0684846464980094	0.381466404612891
chr9:117420412:T:C	9	117420412	0.0578233860583171	0.0667117269721785	0.386070815360584
chr9:117972207:C:A	9	117972207	-0.0771168048104201	0.0700032682790432	0.270628124881794
chr9:118511323:G:A	9	118511323	0.233361921753505	0.105102602823324	0.0263967236662799
chr9:121356498:A:G	9	121356498	0.263439549592838	0.114443265590983	0.0213395324747264
chr9:124044726:T:G	9	124044726	-0.0930985242276847	0.08064607699791	0.248332694126819
chr9:125005426:C:T	9	125005426	-0.0987200264657099	0.0785925765661188	0.209080218731809
chr9:129533341:A:G	9	129533341	0.00921881195758372	0.0752209096503654	0.902458296921281
chr9:136630984:C:T	9	136630984	0.0244339808487196	0.0594256115789196	0.680948475035978
chr10:2050300:A:G	10	2050300	-0.00801273484449214	0.067004831438044	0.904812351076019
chr10:3113976:C:T	10	3113976	0.004928392649804	0.0662374673936482	0.940688203824936
chr10:4591592:T:C	10	4591592	0.0834082201785119	0.0805042540611299	0.300168457257495
chr10:7462546:C:T	10	7462546	0.104807701802281	0.0672023031575901	0.118857991121712
chr10:7849544:T:G	10	7849544	-0.118015034309926	0.0813053316290781	0.146639499992387
chr10:9367893:G:A	10	9367893	0.0992463849686453	0.0830609533271001	0.232140913414942
chr10:10628189:C:T	10	10628189	-0.107013287739375	0.0755409099314102	0.156592029103524
chr10:14014383:T:C	10	14014383	0.135497884067161	0.062350059653522	0.0297667948561001
chr10:16341555:C:T	10	16341555	-0.0159770406984163	0.069767220470878	0.818865048059019
chr10:18075702:C:T	10	18075702	-0.00468849508000507	0.0904443140460575	0.958657400182229
chr10:20923823:C:G	10	20923823	0.0758630213647307	0.121239238656828	0.531492092665032
chr10:26220185:A:C	10	26220185	-0.0134573605155506	0.160591248382078	0.933216369397553
chr10:27289376:T:C	10	27289376	-0.0314785555936183	0.077800782633214	0.685768166745728
chr10:27674317:A:G	10	27674317	0.0834517328321572	0.0654606277974385	0.202366387402847
chr10:28771902:G:A	10	28771902	0.0135608628871423	0.074882471625127	0.856292781801654
chr10:28891836:C:T	10	28891836	0.0890448231311582	0.064218688501415	0.165567618251552
chr10:30622484:G:A	10	30622484	0.0143587875479752	0.0917176537076777	0.875596169108601
chr10:35177843:G:T	10	35177843	0.0703049968566534	0.086358663775073	0.415584955087965
chr10:43613180:G:A	10	43613180	-0.153540838747122	0.15041317340623	0.307352130192929
chr10:44139011:T:C	10	44139011	0.000828531006373939	0.093751932278433	0.992948801405022
chr10:45036473:A:G	10	45036473	-0.0279929246271409	0.079777654167725	0.725673285593527
chr10:51560095:T:G	10	51560095	-0.129799625605755	0.0674961614199911	0.0544716640603287
chr10:54072488:A:G	10	54072488	-0.126875046904245	0.0614777574145702	0.0390409244298808
chr10:54082016:C:T	10	54082016	0.0261038118186732	0.0633261944521278	0.680184105434475
chr10:55299918:G:C	10	55299918	-0.0571860070752084	0.0949648735302117	0.54705390989204
chr10:56747004:T:C	10	56747004	-0.118809819176214	0.0803533874063013	0.139249580560431
chr10:57761967:T:C	10	57761967	0.213217082232868	0.101140194165337	0.0350194000890826
chr10:61894829:G:A	10	61894829	0.00225483830767433	0.137663598924016	0.986931765219571
chr10:62473064:C:G	10	62473064	0.0716688555054809	0.0954675245476372	0.452824491221271
chr10:65713195:A:G	10	65713195	-0.170089625874495	0.191862327864973	0.375337844993295
chr10:69232402:C:A	10	69232402	-0.00784631568207393	0.0702488003731884	0.911066644429843
chr10:79437519:C:T	10	79437519	0.0952474633068503	0.10278936173265	0.354119900827404
chr10:81546102:G:A	10	81546102	0.0341092515061819	0.131335337518404	0.795086591456146
chr10:82354363:C:G	10	82354363	0.0377875067902747	0.0906269414785194	0.67671010902442
chr10:84591955:C:T	10	84591955	-0.0806337198269295	0.110953842182387	0.467390079125883
chr10:84989741:G:A	10	84989741	0.0685270075766684	0.0717171868036481	0.339316197020642
chr10:86779196:C:A	10	86779196	-0.0261963242252766	0.138261088683722	0.849724489828579
chr10:91053424:A:C	10	91053424	-0.0805013691244535	0.0616415867105655	0.191566587988657
chr10:93612452:G:A	10	93612452	0.0661046126103147	0.090964648290314	0.467405693756609
chr10:93671121:T:C	10	93671121	0.0670791875420439	0.0704957697326117	0.341332893935092
chr10:101249704:C:T	10	101249704	0.0273126312117417	0.0678722543643599	0.687380606020394
chr10:102352980:T:C	10	102352980	0.0961977706990152	0.0796333815263514	0.227044142912395
chr10:104637359:T:C	10	104637359	0.112676739602361	0.113362271937218	0.320245881452461
chr10:108480456:T:C	10	108480456	-0.0664402133793768	0.0662431599599752	0.315873069182073
chr10:109264424:C:T	10	109264424	0.0348365801656524	0.0774349562691491	0.652795646679563
chr10:111352001:T:G	10	111352001	-0.0830824956712267	0.0966476221701616	0.389985614213182
chr10:118828443:C:T	10	118828443	-0.0707613063690748	0.0778807926415964	0.363569319647442
chr10:120152982:A:G	10	120152982	0.110351214849929	0.101275914455753	0.275885125430901
chr10:121580593:A:G	10	121580593	-0.225515058958692	0.121473944269329	0.0633838688073258
chr10:121611573:C:G	10	121611573	0.0564112667068095	0.083232116786471	0.497924888253693
chr10:121734173:T:C	10	121734173	0.0158608374091955	0.0762959103227622	0.835318126124536
chr10:121910644:T:A	10	121910644	-0.0224587542351492	0.0831371407855131	0.787051744838175
chr10:122561189:A:G	10	122561189	-0.028968875101025	0.0658999821709929	0.660235162636923
chr10:123750431:C:G	10	123750431	0.0582982505149266	0.0691940944287665	0.399490140641752
chr10:127533155:T:C	10	127533155	-0.0299630451212234	0.0668073674178398	0.653793025180655
chr10:129953349:A:G	10	129953349	0.00557311961748733	0.0621194223836819	0.928512728110774
chr10:130263340:C:T	10	130263340	-0.02067885750819	0.166391547094728	0.901094933409781
chr10:130662147:G:T	10	130662147	0.173563270264719	0.136778544237337	0.204463757051959
chr10:131485315:A:G	10	131485315	0.240155906528402	0.134577487659495	0.0743395839674958
chr10:131819683:A:G	10	131819683	-0.0523185644295227	0.068996610967937	0.448284988918089
chr10:131953941:A:C	10	131953941	0.0837918809678288	0.0718865625715667	0.243771123197287
chr11:388357:C:T	11	388357	0.126108960977583	0.060262393454114	0.0363791299254969
chr11:2257707:C:T	11	2257707	-0.000912110261754698	0.0664489433183531	0.989048195406806
chr11:3623903:G:A	11	3623903	0.0636747918510081	0.0632972525982065	0.314432626009261
chr11:5806222:C:T	11	5806222	0.0441786617196709	0.0546175191073721	0.418587935555465
chr11:9789492:C:A	11	9789492	-0.0464141332654179	0.060099739551486	0.439945589357535
chr11:14569664:T:G	11	14569664	0.102925173946696	0.101798427873883	0.311983691768733
chr11:21819583:A:G	11	21819583	-0.261404187032035	0.149612638046452	0.0806015091578814
chr11:36019710:C:A	11	36019710	-0.183810918063582	0.076900188867918	0.0168367634948965
chr11:39635569:C:T	11	39635569	-0.0879779585097774	0.0805875124595264	0.274961868977166
chr11:40512905:C:G	11	40512905	-0.143718649091165	0.104220753550363	0.167899990403918
chr11:41632790:A:T	11	41632790	0.140732431824719	0.168574417492786	0.403808585457988
chr11:42744986:A:G	11	42744986	-0.0395061548015197	0.0677631191964219	0.559890753945887
chr11:43201079:C:T	11	43201079	0.0349842721135672	0.0869685003166399	0.687489954813076
chr11:43982585:G:A	11	43982585	-0.0767819623030749	0.105854526328563	0.468235127677118
chr11:44330300:A:G	11	44330300	0.048594159993355	0.0766139345534867	0.52590258972982
chr11:49875094:A:G	11	49875094	-0.0360833376562409	0.0604885312329742	0.550819958702896
chr11:50253126:G:T	11	50253126	-0.0682089713147281	0.0705245875783863	0.333461140711038
chr11:55906271:G:A	11	55906271	0.00956572604865514	0.0603909027711	0.87414413125682
chr11:56124264:C:A	11	56124264	-0.143649805306429	0.111533769682249	0.197763722590186
chr11:57305789:G:A	11	57305789	-0.030661341989015	0.0868940707618223	0.724194260943085
chr11:58998793:A:C	11	58998793	-0.0712555726753564	0.0831106128449983	0.39124690473409
chr11:60456695:C:T	11	60456695	0.0872349156897456	0.105776296951067	0.409535470083421
chr11:62505064:A:G	11	62505064	0.0163318550532206	0.129511002174149	0.899649603438962
chr11:63184971:C:T	11	63184971	0.023622325005506	0.0716781696145671	0.741731739947607
chr11:70801858:T:C	11	70801858	-0.0143137143182434	0.0741703267593273	0.846971203269168
chr11:71334794:T:G	11	71334794	0.078403800354904	0.0685397861718563	0.252658218816112
chr11:72713691:C:T	11	72713691	0.15694434058982	0.16404771830912	0.338719041344105
chr11:77208574:G:A	11	77208574	0.0229054474693704	0.0699392280528245	0.743285955515249
chr11:77376654:A:G	11	77376654	-0.0767653092277056	0.0653068258760555	0.239812276021103
chr11:77897055:A:G	11	77897055	0.0512187706072037	0.0933784664316342	0.583343617384382
chr11:79339250:G:A	11	79339250	0.143315696380905	0.128682129723044	0.265399877169878
chr11:81783030:C:T	11	81783030	0.140005703660022	0.0684469025408693	0.0408090937283879
chr11:83962252:C:T	11	83962252	-0.0230143483854254	0.0894067938329757	0.796861027146998
chr11:86328783:G:T	11	86328783	-0.0549931265423684	0.0702980204318717	0.434046768992996
chr11:86644523:C:T	11	86644523	-0.0465849336414916	0.184725722534685	0.800898585106643
chr11:93046218:A:C	11	93046218	0.0927881523330762	0.0778527664434727	0.233323428154354
chr11:99371984:G:C	11	99371984	-0.211456573013879	0.184419965534486	0.251545540364895
chr11:100626548:G:A	11	100626548	0.0150571632454911	0.0961353229396559	0.875540658534136
chr11:104129521:G:A	11	104129521	0.0874928727590375	0.127253676997448	0.491738148671039
chr11:108728662:A:G	11	108728662	-0.106550792604818	0.091523430489457	0.244346446103664
chr11:110338613:G:A	11	110338613	0.148412309992875	0.125269109485134	0.23611715140888
chr11:110396347:G:A	11	110396347	0.189226739735712	0.0865605060281293	0.0288109793767386
chr11:113800784:C:T	11	113800784	-0.0185186479096884	0.105040614697322	0.860058355230241
chr11:115616504:A:T	11	115616504	0.0919371645218851	0.0894563618527633	0.304075916900064
chr11:119630310:G:A	11	119630310	-0.0458815012185636	0.059993928398004	0.44440906482382
chr11:123267436:G:A	11	123267436	0.126013862848641	0.0896285163594937	0.159736817994143
chr11:125907492:T:C	11	125907492	0.198292571840927	0.0767200282473843	0.0097484706979184
chr11:126829359:G:A	11	126829359	0.153610944909923	0.111764821930466	0.16931372268505
chr11:130038952:T:C	11	130038952	-0.28579070531055	0.190005519829788	0.132551009628603
chr11:130290657:C:T	11	130290657	0.0127611229631943	0.0938160226552792	0.891803215592736
chr11:131355535:G:A	11	131355535	0.0716093087015732	0.062345423574299	0.25072522379943
chr11:133238417:A:G	11	133238417	-0.0606600626859172	0.06542265043738	0.353821265074808
chr11:133409278:A:G	11	133409278	0.292189972602518	0.118187619708951	0.013426358451987
chr11:134309503:C:T	11	134309503	0.14099655477666	0.0877905314308093	0.108261493602351
chr12:5192681:C:T	12	5192681	0.0591155822496326	0.0630178903076362	0.348205258512321
chr12:5448727:G:A	12	5448727	-0.10542324709702	0.0576437255629114	0.0674181321028109
chr12:6639294:C:T	12	6639294	-0.152265803409205	0.101207451901722	0.132454727405628
chr12:19523028:C:A	12	19523028	0.0124490378234385	0.0686313784033994	0.856061557931924
chr12:19758400:A:T	12	19758400	-0.160190657263477	0.137326276197024	0.243413654806948
chr12:20003679:T:A	12	20003679	0.1188634650647	0.0846119841042191	0.160078826351197
chr12:21333090:G:A	12	21333090	0.0594587148676158	0.0621104076020964	0.338412429659656
chr12:25518059:A:T	12	25518059	0.0759480583775815	0.0729354362526288	0.297733864668263
chr12:28965843:C:T	12	28965843	-0.0416428671270203	0.0642946455666837	0.51718680010173
chr12:32086665:A:C	12	32086665	-0.0560191083775803	0.0832842599099869	0.501185640221451
chr12:44631613:C:T	12	44631613	0.0597280293164497	0.092983129840642	0.520643751330612
chr12:48567461:T:G	12	48567461	-0.133959159721104	0.117534363232121	0.25439270636147
chr12:51039498:T:C	12	51039498	0.296655554098568	0.122699572612551	0.015617269991039
chr12:52880890:G:T	12	52880890	0.242352988910233	0.152795334500353	0.112710230970722
chr12:53646626:C:G	12	53646626	0.0568874276602197	0.0751870362242214	0.449282239863705
chr12:53680144:C:A	12	53680144	0.0104288322950327	0.0636833634765677	0.86991952938548
chr12:54366280:G:A	12	54366280	-0.0432003038453869	0.0604652890763445	0.474939986797543
chr12:55599330:T:C	12	55599330	-0.183180137529666	0.0829246098574302	0.027174914050348
chr12:56675083:C:T	12	56675083	-0.061280905548997	0.0638599627153379	0.337249589045658
chr12:57436134:C:T	12	57436134	-0.106141476405761	0.0790765537141839	0.179510964528881
chr12:58724212:C:T	12	58724212	0.0339323984661433	0.0704059888132031	0.629839123289723
chr12:59048769:A:C	12	59048769	0.121044837675362	0.0877881234739046	0.167947387649943
chr12:59161225:G:A	12	59161225	-0.0739881070339933	0.122785475235492	0.546787936950325
chr12:59226687:C:T	12	59226687	-0.00784084913522726	0.0979218675195714	0.936179591087238
chr12:63113400:T:C	12	63113400	-0.0423196231171001	0.110273959075838	0.701150364656737
chr12:64271340:C:T	12	64271340	0.113696632904561	0.0843909156671759	0.177896022138339
chr12:64756705:C:T	12	64756705	-0.0289259007201661	0.0708067015985735	0.682892499921176
chr12:67050802:C:T	12	67050802	0.113379009340783	0.0756720326935112	0.134056687379595
chr12:71564908:A:G	12	71564908	0.245445375685144	0.0957260451646833	0.0103461723580431
chr12:73909094:G:A	12	73909094	-0.0854053799577256	0.0635307048899908	0.178846036155769
chr12:81126959:G:A	12	81126959	-0.0824691988447361	0.0665093381230121	0.214988632579325
chr12:83608380:A:G	12	83608380	-0.00539101342597206	0.0678837315740202	0.936702223068486
chr12:90727178:A:C	12	90727178	0.0518077739375672	0.0598154132719707	0.386420249839208
chr12:92596791:C:T	12	92596791	-0.0845214579288718	0.0745261994069869	0.256745314667838
chr12:95914573:A:T	12	95914573	0.0574799652346146	0.110118613195456	0.601682665518555
chr12:101611098:G:C	12	101611098	0.0932853769093478	0.113831341142649	0.412498231762453
chr12:105967464:T:C	12	105967464	-0.0703236679402249	0.067939797040489	0.300627820960835
chr12:109533295:C:T	12	109533295	-0.0493357584727108	0.0939706040736854	0.599574377832578
chr12:112209515:G:A	12	112209515	0.00996240689265341	0.102634988851062	0.922673679133379
chr12:120976632:C:A	12	120976632	0.107147762714765	0.107928112597716	0.320822186754725
chr12:125875525:T:C	12	125875525	0.0523238450536021	0.0715255676404973	0.464449114271685
chr12:126449337:A:G	12	126449337	0.0622305340327052	0.0686566676874673	0.364723167563756
chr12:131091094:G:A	12	131091094	-0.0449319280940539	0.0706390243436706	0.524725595372618
chr12:132776953:G:A	12	132776953	0.170710660413004	0.110507179448414	0.122396465491641
chr13:19545220:A:G	13	19545220	-0.0279505552182156	0.0782891067109822	0.721078952838422
chr13:22977365:T:G	13	22977365	0.0992507598640837	0.0794182015454915	0.21140072127662
chr13:24330599:T:C	13	24330599	-0.125806278128246	0.0804886602855851	0.118045283165224
chr13:24623185:A:C	13	24623185	-0.0134466810123947	0.0722167033740801	0.852288674894587
chr13:25202506:T:G	13	25202506	0.00127713328185683	0.0782253231366158	0.986974043449856
chr13:26234118:A:T	13	26234118	-0.0200087366740388	0.0769792052384059	0.7949224608607
chr13:26494236:G:A	13	26494236	-0.0903069476328853	0.057123245813069	0.113897668360582
chr13:27255876:A:G	13	27255876	-0.0708814583354094	0.129995402071087	0.585573835658126
chr13:42909938:A:G	13	42909938	-0.0847097685818609	0.0663446904979517	0.201668246749747
chr13:45470952:C:T	13	45470952	-0.217939504868629	0.15295210256229	0.154189788108993
chr13:45708351:G:A	13	45708351	-0.175361499714585	0.0875312891857427	0.0451327603167615
chr13:45809177:C:G	13	45809177	-0.10416317694014	0.0786337084015209	0.185282895981256
chr13:50558767:A:T	13	50558767	0.109881472323088	0.115876293781017	0.342994394491805
chr13:58710908:G:A	13	58710908	-0.0444475276399934	0.0613617229396757	0.468849251175283
chr13:58934154:C:T	13	58934154	-0.0142462393798714	0.063984662575798	0.823807258666964
chr13:70397215:T:C	13	70397215	-0.0953336054561547	0.0595286512883613	0.109271906659245
chr13:70990050:T:C	13	70990050	-0.0254027731441872	0.137888178017947	0.853835107256299
chr13:75832713:T:C	13	75832713	-0.0674343231362649	0.0876883367598713	0.44187982376241
chr13:86776101:G:A	13	86776101	0.0639139353124261	0.0725543379602833	0.378365837266401
chr13:91472230:T:C	13	91472230	-0.0652059974699499	0.0636231930289663	0.305420855464219
chr13:93235990:C:T	13	93235990	0.114293562530191	0.0622570504454678	0.0663823239704675
chr13:96765286:G:A	13	96765286	-0.120162864975213	0.0789525624430812	0.128018395748179
chr13:102180181:A:G	13	102180181	0.000852137296921891	0.0627893392548178	0.989171946537008
chr13:104405113:C:T	13	104405113	-0.00201991319597338	0.0874088534445417	0.981563490890279
chr13:106009559:G:C	13	106009559	-0.145588319310539	0.0787059291831553	0.0643458771610079
chr13:106084136:A:G	13	106084136	-0.00900403889850763	0.0696076479198456	0.897077417061259
chr13:112716578:T:C	13	112716578	0.169779892989287	0.101008980521585	0.0927940772600484
chr14:21167555:A:G	14	21167555	0.0634561801167772	0.106399153545987	0.55090976705989
chr14:26929954:A:G	14	26929954	0.1701233689358	0.0666181362803712	0.010658213195973
chr14:27823594:G:A	14	27823594	0.00795081867089198	0.0906270350694589	0.930090320054318
chr14:34182794:A:C	14	34182794	0.0057408015820402	0.101561846394408	0.954923437371369
chr14:38216062:T:A	14	38216062	-0.0350939011600842	0.0659873460091992	0.594845307496618
chr14:38962987:G:A	14	38962987	0.0475234279362371	0.104630187691974	0.649682154485022
chr14:39925237:C:T	14	39925237	0.0136973641989046	0.0794040903942815	0.86304289116028
chr14:44446011:A:G	14	44446011	-0.0312442201602139	0.108759431796669	0.773899268571419
chr14:48685878:C:A	14	48685878	0.201094937013438	0.117312973350386	0.0864966363504382
chr14:51426205:T:C	14	51426205	-0.105532233252199	0.0893188560360353	0.237395242022454
chr14:52881822:T:G	14	52881822	0.0975646866261225	0.0822008773287639	0.235264834196895
chr14:53358297:A:G	14	53358297	-0.140297790930045	0.0635983218225638	0.0273841175198442
chr14:56254615:G:A	14	56254615	-0.167214330867179	0.0730766018725333	0.0221255179106326
chr14:57978070:T:C	14	57978070	0.116929629496033	0.0672617196739024	0.0821354980435832
chr14:62445185:T:C	14	62445185	0.117557490615563	0.0622606808023918	0.0590058458735581
chr14:67518615:G:A	14	67518615	-0.0246633927131261	0.060670254063442	0.684363942597907
chr14:68863518:T:G	14	68863518	-0.0585883673821945	0.0746720615326306	0.432682884173888
chr14:77734277:G:A	14	77734277	0.159476526324676	0.10153264996889	0.116254196248372
chr14:81022028:G:A	14	81022028	0.0903966258669406	0.0936752438976492	0.334544728875277
chr14:81884763:T:G	14	81884763	0.0122399422007743	0.147802036696986	0.934000166841842
chr14:82929256:T:A	14	82929256	0.152494966162578	0.105696343180242	0.149086730811664
chr14:84531019:T:G	14	84531019	0.0288181118945755	0.0625854682787434	0.645185994150301
chr14:90804831:C:G	14	90804831	0.0598488882775606	0.0819308352864246	0.465096447987964
chr14:91397629:G:T	14	91397629	-0.0290025190137497	0.0968641904969052	0.764623990175122
chr14:91961156:T:C	14	91961156	0.0968935056447246	0.060971068636521	0.112021601048751
chr14:92998270:C:G	14	92998270	0.057172857820106	0.0807279767628785	0.478811031413203
chr14:93757265:G:A	14	93757265	0.11463988402895	0.117598662663535	0.329639616457735
chr14:93769225:C:T	14	93769225	0.00456178821921459	0.1513786073642	0.975959419644418
chr14:98340169:A:G	14	98340169	-0.119135658159064	0.06680566029691	0.0745347437377885
chr14:100721312:C:T	14	100721312	-0.0198882212417335	0.0782126946444393	0.799276313910464
chr14:102093442:A:G	14	102093442	0.106071629119826	0.0933852264533909	0.256019259011137
chr15:24165057:A:G	15	24165057	-0.0893494590967736	0.0722731550384179	0.216356543871207
chr15:26353849:A:G	15	26353849	0.0818344019092674	0.0576600961307149	0.155824574269174
chr15:28182824:G:A	15	28182824	0.187851625642308	0.0915223756349594	0.0401190269511323
chr15:33665926:A:G	15	33665926	0.196868224205456	0.139273566584964	0.157498133461394
chr15:34880184:A:T	15	34880184	0.108141994746277	0.0718655616247855	0.132380164480865
chr15:37080410:C:T	15	37080410	0.0305972213864438	0.0729077593353147	0.674726323033341
chr15:37762539:C:G	15	37762539	-0.193312316394141	0.12830119388703	0.13188575760303
chr15:52558833:C:G	15	52558833	0.0710130248756211	0.0797826676652807	0.373422473327284
chr15:55712443:A:G	15	55712443	-0.0756238835511348	0.101066118569853	0.454302453499524
chr15:57522102:A:T	15	57522102	0.10549062463565	0.0808863336103554	0.192171011778771
chr15:57590535:T:C	15	57590535	0.148701741857781	0.163434838337539	0.362899833057579
chr15:69786285:T:C	15	69786285	0.032269466895595	0.0811145460692598	0.690758527838098
chr15:71331250:T:C	15	71331250	-0.0826866294406808	0.0785830897407918	0.292699029753086
chr15:74245092:G:C	15	74245092	-0.143355468247815	0.0907698155939469	0.114260446305552
chr15:76807237:T:C	15	76807237	-0.0869796515273343	0.101667347627076	0.39225679333896
chr15:77734259:G:A	15	77734259	-0.138513465943006	0.0624345751952273	0.0265181842964167
chr15:79750604:G:T	15	79750604	0.122819555442148	0.0688613188338843	0.0744922108568118
chr15:81697597:G:A	15	81697597	-0.0177668414728403	0.0678929637675102	0.793561225479599
chr15:87989871:C:T	15	87989871	0.0980603926907702	0.0671382515326143	0.144132352720357
chr15:88891382:T:C	15	88891382	-0.00250345733774745	0.0655415462011782	0.969531015492076
chr15:89804552:C:T	15	89804552	0.136686003285497	0.134319194876882	0.308858210161477
chr15:94791129:A:G	15	94791129	0.0661288119479082	0.0986683343481338	0.502721943057386
chr15:97043895:A:G	15	97043895	0.0352458275288869	0.116222433432381	0.761690334638125
chr15:98725394:C:T	15	98725394	0.286405093314664	0.111163008710407	0.00998228242681098
chr15:100978492:T:G	15	100978492	-0.0190018885029373	0.0935637797562503	0.83906451668831
chr16:2671727:C:T	16	2671727	0.0295272669484048	0.0930054708305203	0.750880309562999
chr16:4957642:T:C	16	4957642	-0.0430755633129225	0.0601129650629676	0.473635190219551
chr16:5884026:G:T	16	5884026	0.129521505226285	0.0629660094599274	0.0396855784959562
chr16:6848656:G:A	16	6848656	-0.0751866440106083	0.076435670048342	0.32528314572375
chr16:7909855:G:A	16	7909855	-0.0432773788444255	0.0639518521965811	0.498584801091711
chr16:8273542:C:G	16	8273542	0.0783930652564925	0.0722992651929356	0.278238107589465
chr16:12394716:C:T	16	12394716	-0.115610047752447	0.0925734298064926	0.211721048947627
chr16:13985277:C:A	16	13985277	0.303021382018505	0.18002149914098	0.0923264971337282
chr16:17779668:G:A	16	17779668	-0.0121425965233016	0.0635922652876147	0.84856903584463
chr16:29740733:G:C	16	29740733	0.174413743824413	0.0972624236337327	0.0729364049548302
chr16:31127124:G:A	16	31127124	-0.0997922929614846	0.0575720362570463	0.083034083803064
chr16:56688556:C:T	16	56688556	0.0426993270844915	0.0745088627423255	0.5665924544869
chr16:60324635:A:C	16	60324635	0.0658555335816386	0.0660751466146269	0.318921650250927
chr16:60499572:C:T	16	60499572	0.0832562412620009	0.0833226295481598	0.317696247520607
chr16:62273123:C:T	16	62273123	-0.0806416994693732	0.0633249446982838	0.202855331777691
chr16:65972427:C:T	16	65972427	-0.00312127312902766	0.0645835382525384	0.961453853984497
chr16:69246420:T:C	16	69246420	0.0427288458487673	0.0890550969093354	0.631367933145238
chr16:71908403:G:A	16	71908403	0.0704865946786033	0.0656502007391472	0.282970996575349
chr16:72103328:C:A	16	72103328	0.0197131696127721	0.0623970363789882	0.752054741446189
chr16:74837740:A:C	16	74837740	-0.260716592224228	0.127551251077339	0.0409521259232638
chr16:79886631:C:T	16	79886631	-0.199907861593486	0.0851711054084689	0.0189185305024743
chr16:81396153:C:A	16	81396153	0.0233743300922627	0.0572921054208081	0.683284553323175
chr16:82294878:C:G	16	82294878	0.103257106698094	0.112086021633893	0.356929888329239
chr16:82421890:A:G	16	82421890	0.0264180477132666	0.085679087569443	0.757825782442924
chr16:83827178:T:C	16	83827178	0.120211318777749	0.0669926936434634	0.0727502294973544
chr16:84032337:C:T	16	84032337	0.191313862614529	0.129884730015896	0.140764207967479
chr16:89303022:G:A	16	89303022	0.0595607920701537	0.111275037777588	0.592471850546487
chr16:89331863:A:T	16	89331863	-0.0883200359297782	0.0726147600652956	0.223877461825564
chr16:89337630:T:C	16	89337630	-0.075752673915955	0.0633158380751798	0.231530612554401
chr16:89479873:T:G	16	89479873	0.00834420378798847	0.0736628572004855	0.909812067111981
chr16:90035976:C:A	16	90035976	0.0428592055374209	0.0728203486260912	0.556155909951
chr17:2489248:C:G	17	2489248	0.0533905129327818	0.0776846568636842	0.491911149837273
chr17:4147521:T:C	17	4147521	0.163465783047446	0.128763830183437	0.204262511986505
chr17:6949267:T:C	17	6949267	-0.0584251116085236	0.0654972474606414	0.372380109971595
chr17:7929448:A:G	17	7929448	-0.0384140935614183	0.0738317470002173	0.602859823141569
chr17:10308301:C:T	17	10308301	0.144882885424419	0.0907771320285539	0.110482441377107
chr17:12174148:T:C	17	12174148	0.136216384153934	0.0744790424994064	0.0674112441082038
chr17:14402381:C:T	17	14402381	0.0589957414240273	0.0953641134918648	0.536155712482039
chr17:15219976:C:T	17	15219976	-0.0400959183004453	0.0708861569658772	0.571639753544313
chr17:16482403:T:A	17	16482403	0.108316561506841	0.0655678180433378	0.0985391334084889
chr17:18684803:A:G	17	18684803	0.0595792244285583	0.0696071791445258	0.392033705807231
chr17:20040710:T:C	17	20040710	0.0491638783429149	0.0664472549667841	0.459364743906642
chr17:21275023:A:C	17	21275023	0.0736027844649371	0.0727127950343799	0.311423414895556
chr17:30609729:C:T	17	30609729	0.00149060609979114	0.100239421282436	0.988135528451966
chr17:31554254:C:T	17	31554254	-0.0130906759609863	0.0711550126158744	0.854033811291483
chr17:33472425:T:G	17	33472425	-0.163287248415833	0.0784629269029216	0.0374270267861779
chr17:44156671:T:A	17	44156671	0.0199559693731889	0.0603043449608833	0.740704218807945
chr17:45754773:C:T	17	45754773	0.0784484559597591	0.0747383691082895	0.293883202496104
chr17:48779278:C:T	17	48779278	-0.0385692663340619	0.0603380958716317	0.5226803761736
chr17:52703044:C:G	17	52703044	0.0133077323148542	0.0769906206858984	0.862770319119121
chr17:53282498:G:T	17	53282498	0.00361460751203693	0.066713465323706	0.956790895584564
chr17:58411807:C:T	17	58411807	0.00261648604658991	0.100105551272509	0.979147848258849
chr17:61409438:A:G	17	61409438	0.0606967542573034	0.0713659286976609	0.395046912026327
chr17:66262233:G:T	17	66262233	0.0682535070513568	0.0662300292078285	0.302750827798376
chr17:66751216:C:T	17	66751216	0.115918716591323	0.0653896583384198	0.0762721706748039
chr17:66971178:A:G	17	66971178	-0.00406344120886597	0.0773753018769339	0.958117548258013
chr17:68771033:G:A	17	68771033	-0.0567389832982063	0.0722574177165761	0.432316366794457
chr17:69081332:C:T	17	69081332	0.170190762055262	0.0766587270806699	0.0264113409746267
chr17:69213412:T:C	17	69213412	-0.105848374861868	0.0758684078429862	0.162968363240645
chr17:72829246:G:A	17	72829246	-0.0674368795775991	0.0650637525953076	0.299981122705146
chr17:73506492:C:T	17	73506492	0.0794633067589977	0.072689328290475	0.274310024602053
chr17:75360149:C:G	17	75360149	0.154117616670392	0.11461628019458	0.178741571030145
chr17:77625920:A:T	17	77625920	0.123649204816927	0.103798617874361	0.233558854198435
chr18:1137045:A:T	18	1137045	0.0180871679444753	0.0667470914358127	0.786405940970804
chr18:4080016:T:A	18	4080016	-0.0813972510743199	0.102266055223594	0.42606914366129
chr18:8920896:G:C	18	8920896	0.0873841518242267	0.0958138149667767	0.361757989909752
chr18:9609299:C:T	18	9609299	0.105253433369387	0.0681477399979923	0.122469919131921
chr18:10572326:C:T	18	10572326	0.116380435387022	0.0655670852161925	0.075900760270425
chr18:11017906:C:T	18	11017906	0.0279764090562921	0.070442900324716	0.69125673354111
chr18:14686017:A:G	18	14686017	-0.0799864862958212	0.0857394117888814	0.350870463905832
chr18:14895123:C:T	18	14895123	0.049975926879654	0.0528916435963028	0.344723322335579
chr18:30059135:A:G	18	30059135	-0.0283593973793036	0.0554477465704947	0.609027817435817
chr18:32490781:T:C	18	32490781	-0.0814140343235833	0.0683682565132448	0.233725708122646
chr18:36255061:C:A	18	36255061	-0.0304305846404421	0.0585832344957101	0.603452642598371
chr18:42762909:A:C	18	42762909	-0.0242779602844413	0.0599466059930926	0.685482601392865
chr18:43928870:G:A	18	43928870	0.0109741863920572	0.103285294061424	0.915383049432378
chr18:44831686:A:G	18	44831686	-0.0608867984825211	0.116281678968675	0.600546542930106
chr18:45461168:C:T	18	45461168	0.0349170115142693	0.0628563956495083	0.578549623462315
chr18:47992191:T:C	18	47992191	0.0267722784137081	0.0893769686881855	0.764525485598097
chr18:49146783:T:G	18	49146783	0.166817100700957	0.0813028342940687	0.0401891687337809
chr18:49872731:C:G	18	49872731	-0.0379103220835842	0.0728439475462765	0.602762503983171
chr18:50485733:T:C	18	50485733	-0.280260915219377	0.115346023760971	0.0151096331822579
chr18:58120958:C:T	18	58120958	-0.0675504605552174	0.0968253220243597	0.485394330012691
chr18:59256389:C:T	18	59256389	0.118913182247116	0.0817423442288881	0.145743543331686
chr18:62622293:T:A	18	62622293	0.210379826566656	0.120673991594225	0.0812684122434884
chr18:62998306:G:A	18	62998306	-0.105204524373047	0.0553741880242107	0.0574483666198681
chr18:66103927:C:T	18	66103927	-0.133378056726227	0.0782405686392598	0.0882471478999937
chr18:66206557:C:T	18	66206557	-0.0447039745428592	0.0667674754931877	0.503146498793895
chr18:68001558:G:A	18	68001558	0.0337490625284394	0.0637979187088171	0.596805846421453
chr18:69946690:A:G	18	69946690	0.0138539949000338	0.138733748715143	0.920455228277123
chr18:71730181:C:T	18	71730181	0.0577438994921157	0.0653899034152832	0.377198142180858
chr18:72912108:T:C	18	72912108	-0.0630544790295775	0.0548307568547869	0.250150566921975
chr18:73248491:G:A	18	73248491	0.0733575077827335	0.0895090032248099	0.412470112037296
chr18:77734991:G:A	18	77734991	0.290544625009106	0.129905299794006	0.0253132847936813
chr19:2907557:G:A	19	2907557	-0.135273690301819	0.0629641126594776	0.0316799876576623
chr19:16021187:G:A	19	16021187	0.115322196042412	0.116740593171876	0.323226111389739
chr19:17584922:G:A	19	17584922	-0.0342980566969006	0.059723359632906	0.565776916577484
chr19:18704666:C:T	19	18704666	0.0060960115488513	0.118723126715769	0.959049452066548
chr19:18737022:C:T	19	18737022	0.0470292995080598	0.0737364424685197	0.523602144613756
chr19:18805179:A:G	19	18805179	-0.0958063816710556	0.086325750311222	0.267074914321363
chr19:21560366:G:T	19	21560366	0.00121557541267133	0.0634653952812447	0.984718765991654
chr19:21659434:G:C	19	21659434	-0.0562403239520345	0.0813788577044072	0.489507368924669
chr19:33474662:T:C	19	33474662	0.0271700755245509	0.0750888408136174	0.717472301942208
chr19:37956680:C:T	19	37956680	0.00710989787369168	0.0732798649965306	0.922707419081744
chr19:38120117:A:T	19	38120117	0.0544650771682447	0.0987958779749759	0.581435602891521
chr19:44380983:T:C	19	44380983	0.0305005356263618	0.0875149962541586	0.727451334021481
chr19:44819986:A:G	19	44819986	0.0986571813676088	0.0755120485916513	0.191379474191297
chr19:48685001:C:T	19	48685001	0.0702106418177232	0.10291212733349	0.495087991461475
chr19:51210487:G:T	19	51210487	0.121712138768804	0.111713659889345	0.275933035391425
chr19:51552139:T:A	19	51552139	-0.0640777867548237	0.103388664916102	0.535405439933172
chr19:52714810:C:T	19	52714810	-0.0297546062278762	0.060008974078702	0.620010163826492
chr19:53330671:T:C	19	53330671	0.091363571581522	0.074786297389649	0.22183550270092
chr19:54944544:G:A	19	54944544	0.111315135627069	0.103536177584933	0.282315297449815
chr19:57195010:G:C	19	57195010	0.280888997339549	0.115604945000128	0.0151100043420959
chr20:1709120:A:G	20	1709120	-0.0455560494513286	0.0606991954828085	0.452940697607801
chr20:1735934:T:G	20	1735934	-0.17059334739158	0.0626339462746216	0.00645636417530571
chr20:1906500:G:T	20	1906500	0.186541420670139	0.0823022524792756	0.0234182864763198
chr20:3649460:G:A	20	3649460	0.027078565438764	0.063891485861031	0.671696224640384
chr20:5407753:C:T	20	5407753	-0.0708799637441545	0.0856282367188259	0.407804219050492
chr20:5860313:T:C	20	5860313	0.00915978972039443	0.0764164550528649	0.904588728989227
chr20:7000966:A:C	20	7000966	0.0365401337473495	0.108387582566111	0.736022880973524
chr20:12129436:G:A	20	12129436	-0.113906625844137	0.098730072254114	0.248615949929333
chr20:13244402:C:A	20	13244402	0.17089903430272	0.140902834043404	0.225173518766501
chr20:31347432:T:C	20	31347432	0.0689263575953377	0.0591824617021621	0.244164092562948
chr20:37593342:C:T	20	37593342	0.0206606446137864	0.0581556044154113	0.722391153118866
chr20:38200488:G:A	20	38200488	-0.0235162233550167	0.0593461396395864	0.691916687130864
chr20:38350608:A:G	20	38350608	0.135585025694987	0.0771649576351187	0.0789041257523021
chr20:45729681:A:G	20	45729681	-0.0171349851296443	0.057492673272889	0.765674376394283
chr20:48501317:C:T	20	48501317	-0.104757089333587	0.0600263424665101	0.0809526225422008
chr20:49036824:T:G	20	49036824	0.0496145250261166	0.0659173660812729	0.451643672534231
chr20:50371082:C:T	20	50371082	0.188437270295473	0.0964955750160837	0.0508424246338195
chr20:52513956:G:A	20	52513956	0.00432960831807165	0.0860945945378721	0.959892114830471
chr20:54253971:A:G	20	54253971	-0.00262856494821974	0.0632120949531513	0.966830918678784
chr20:58480201:T:G	20	58480201	0.00539001797976454	0.065413557387585	0.934329355078205
chr20:60073360:C:T	20	60073360	0.0808946916291529	0.0597238944843322	0.175583978395703
chr21:14869783:A:G	21	14869783	-0.162070123692134	0.154778781485156	0.295049700403808
chr21:15297615:T:C	21	15297615	0.00634691952680164	0.0665881299557871	0.92406377075262
chr21:15686888:A:G	21	15686888	-0.13951231754907	0.111694956986743	0.211647665768277
chr21:18805376:C:A	21	18805376	0.0587855896008344	0.0972674494614897	0.545597258504843
chr21:22007486:G:T	21	22007486	0.329124175711164	0.167752055975586	0.0497662030423948
chr21:24026351:C:T	21	24026351	-0.0789194659836125	0.0739934675072603	0.286164506646711
chr21:26647335:G:C	21	26647335	0.0739393425655821	0.0551368270207265	0.179915403060148
chr21:28043199:C:G	21	28043199	0.0478585705603671	0.086591500300353	0.580473216509414
chr21:29538421:G:A	21	29538421	-0.0192548978534237	0.101743646643486	0.849897553572109
chr21:31885030:A:G	21	31885030	0.0150169824070358	0.0624456444161319	0.809957497806688
chr21:35502622:A:T	21	35502622	-0.0253750909125044	0.0677151813669105	0.707859290472896
chr21:36306638:T:G	21	36306638	-0.0481565666352265	0.0539832735683396	0.372358314891267
chr21:41442549:G:A	21	41442549	-0.0895125953852349	0.0684664639195447	0.191079175708643
chr21:42627184:G:A	21	42627184	-0.323087594517951	0.140768354621291	0.0217232656944212
chr22:20147688:T:C	22	20147688	0.0673992094717493	0.073245975816036	0.357480648168236
chr22:23891985:A:G	22	23891985	0.0365478827913703	0.0842053296466453	0.664264555625964
chr22:24245985:G:T	22	24245985	-0.0679154916215045	0.0930151636046705	0.46529541366401
chr22:28624303:G:A	22	28624303	0.176899526877544	0.107668950630815	0.100384007478316
chr22:30376697:C:T	22	30376697	-0.304368213315268	0.123714207178137	0.0138839216183468
chr22:30662128:G:A	22	30662128	0.0309934385605279	0.0662714269215955	0.640017572426859
chr22:36298345:C:A	22	36298345	0.16674103042982	0.133134810933065	0.210415958209267
chr22:36977479:G:A	22	36977479	0.00359714079301103	0.110396486591996	0.974006461586716
chr22:42475109:T:G	22	42475109	-0.0205277308916276	0.0696262715817779	0.768125753107294
chr22:44719519:A:G	22	44719519	0.0724119002138121	0.112801434111359	0.520911291617656
chr22:44805054:T:C	22	44805054	-0.0259567855509585	0.0652194345034397	0.690636395019942
chr22:45210278:T:C	22	45210278	-0.0235371070512746	0.0718139327825185	0.743099741271611
chr22:47062473:C:T	22	47062473	-0.0507239867250204	0.114710260197148	0.658350102119631
chr22:48785864:A:G	22	48785864	-0.00263741219928936	0.119677418294187	0.982417901523668
chr22:49668266:A:G	22	49668266	0.0428758717098816	0.066151939991555	0.516892905723219
chr22:49926053:G:A	22	49926053	-0.0776664393470375	0.143082448079765	0.587261321758632
