SNP	CHR	POS	est	stderr	pval
chr1:1837340:C:T	1	1837340	-0.0508586997944006	0.306904295804121	0.868381101443739
chr1:2261200:G:C	1	2261200	0.0223251971694537	0.210264544642784	0.915442150753173
chr1:14678191:A:C	1	14678191	0.427564357330875	0.167234672131813	0.0105678532437031
chr1:14985097:C:T	1	14985097	-0.0435589232900609	0.232465343363342	0.85136416202815
chr1:15065941:C:T	1	15065941	-0.187142866642828	0.367536320579311	0.610624681954351
chr1:20215506:G:C	1	20215506	-0.179226083426413	0.216480196225986	0.407721564981457
chr1:20533654:G:C	1	20533654	-0.413934910980523	0.361657623112947	0.252395983000169
chr1:22009627:T:C	1	22009627	-0.168150551594912	0.221881688234686	0.448547493520132
chr1:22126221:C:T	1	22126221	0.00586494710697431	0.184311024973	0.97461486019363
chr1:23180575:A:G	1	23180575	-0.0721501780364887	0.167998292436866	0.667581432079762
chr1:26058659:G:C	1	26058659	-0.125073891082035	0.206217123133688	0.544172462164078
chr1:26181362:A:G	1	26181362	0.51909609328674	0.190068356796783	0.00631229078860662
chr1:26848285:C:T	1	26848285	-0.752217970792461	0.514208298717235	0.143503977907185
chr1:28670719:C:T	1	28670719	0.171659768490776	0.174185520413678	0.324378705836788
chr1:29753056:A:C	1	29753056	-0.229976003031272	0.176400432994555	0.192330555547534
chr1:29908726:A:G	1	29908726	-0.364310333481381	0.221720330035139	0.100360696843255
chr1:31886486:G:T	1	31886486	-0.0855515390555607	0.189739000430286	0.652068370937754
chr1:37838865:C:T	1	37838865	0.70278289931912	0.242207110256781	0.00371287957997757
chr1:39880059:T:C	1	39880059	0.0661959589854197	0.169113219544469	0.695479545645379
chr1:41175014:G:A	1	41175014	0.344000433301277	0.421926398923492	0.414895400174204
chr1:41597921:C:T	1	41597921	-0.0640965171404718	0.376209055895806	0.864715442409516
chr1:42635725:A:G	1	42635725	0.0573878604639012	0.290269518788851	0.843275539875243
chr1:43202709:G:A	1	43202709	-0.154189813245419	0.247192937263718	0.532783228443976
chr1:47498869:G:A	1	47498869	0.130796024279912	0.228859744737057	0.567652824232292
chr1:51034150:G:A	1	51034150	0.0457812638609231	0.289122039766738	0.874184311512258
chr1:54900240:G:A	1	54900240	0.0790474501233608	0.168868403180815	0.639712441563572
chr1:55459433:C:T	1	55459433	-0.0479538422352276	0.319606797320079	0.880732962302381
chr1:56563907:C:T	1	56563907	0.859404239804166	0.281188584739298	0.00224066805544332
chr1:65351414:T:A	1	65351414	0.415297129713806	0.175802378439165	0.0181621692791959
chr1:66254178:T:A	1	66254178	-0.0519937134957895	0.287656754371351	0.856564478935276
chr1:73302339:T:C	1	73302339	0.0514415878000859	0.201807377843417	0.798796940722752
chr1:73563666:T:C	1	73563666	-0.0690645235121483	0.192985390385514	0.720437337703657
chr1:76062379:T:C	1	76062379	0.104507406210179	0.191201178382006	0.584664918451825
chr1:86928231:G:T	1	86928231	0.0746146128529563	0.18149671452588	0.680993903510678
chr1:88611347:G:A	1	88611347	-0.472295984254714	0.252970480849934	0.06190153457637
chr1:91057167:C:A	1	91057167	0.267647382488112	0.231544677245554	0.247713423272517
chr1:91093925:G:A	1	91093925	0.160591475524124	0.239992746242998	0.503398922189912
chr1:92475800:A:G	1	92475800	0.0877465561886093	0.200909847722492	0.662295623301539
chr1:94752415:G:A	1	94752415	0.194471767373141	0.189668136495946	0.305209153881089
chr1:95614324:G:A	1	95614324	0.378135253637449	0.185154204969352	0.0411245551798833
chr1:99691102:T:C	1	99691102	-0.140973019496465	0.207310170680128	0.496498036427534
chr1:104937367:T:A	1	104937367	0.249091409958149	0.200038864282156	0.213052701681623
chr1:115841221:A:T	1	115841221	-0.379085183740626	0.357426491776992	0.288873444158923
chr1:153704237:C:A	1	153704237	0.159507154728649	0.160330821743795	0.319803044732652
chr1:155857667:G:T	1	155857667	-0.266829006039358	0.374157455367991	0.475755229799438
chr1:157334223:T:C	1	157334223	-0.0393111827020854	0.229186728278491	0.86381121767618
chr1:159540226:C:T	1	159540226	0.0369364812827684	0.179319671162431	0.836805595625821
chr1:165647351:T:C	1	165647351	-0.284868052226994	0.218286518806174	0.191886381657009
chr1:167545338:A:T	1	167545338	-0.410931398838221	0.31726971363816	0.195247260135907
chr1:168863629:G:A	1	168863629	0.0366571978025302	0.18996553344579	0.846984323109977
chr1:171350391:G:A	1	171350391	0.152686532050189	0.200187655809601	0.445632178608038
chr1:173013575:C:G	1	173013575	-0.118962947020527	0.163980616701195	0.468164008321325
chr1:178947344:C:A	1	178947344	-0.0430255641520463	0.242126498491667	0.858959605813668
chr1:185127444:C:G	1	185127444	0.209154251007346	0.229887465112887	0.362921948108531
chr1:185619557:C:T	1	185619557	-0.0870126309147853	0.343235625995921	0.799876459167182
chr1:186638909:G:T	1	186638909	0.240140632725349	0.221677078896044	0.278679582564183
chr1:188272062:T:C	1	188272062	-0.232718144146181	0.203095042925945	0.251853780601201
chr1:193365737:C:T	1	193365737	0.167947509129981	0.205618372269204	0.414047116857443
chr1:193791070:G:T	1	193791070	-0.173093775857053	0.429587029327457	0.686999251521252
chr1:195033388:T:C	1	195033388	0.517299233836056	0.211019916532745	0.0142292332658319
chr1:195907914:A:G	1	195907914	0.296510263264276	0.196192487560597	0.1307061191522
chr1:196692375:G:C	1	196692375	-0.182560557609022	0.219405845790271	0.405370629065377
chr1:197559019:A:G	1	197559019	-0.228351445145692	0.22069583585927	0.300814404596032
chr1:199160726:G:A	1	199160726	-0.199909870548721	0.287659876598355	0.487085243758939
chr1:204277152:T:C	1	204277152	0.214427705573265	0.237228703225711	0.366055849134312
chr1:207498131:C:T	1	207498131	0.379496840911197	0.248795722139501	0.127175544078379
chr1:208744577:C:T	1	208744577	0.0114888343476159	0.359248304040896	0.974487837080534
chr1:210496535:G:A	1	210496535	0.329409286502688	0.192649664054967	0.087286645658724
chr1:212937214:T:G	1	212937214	0.0740401249148595	0.190137998166007	0.696978761065303
chr1:219750864:A:G	1	219750864	-0.0972083698455378	0.18047530245213	0.590146168890981
chr1:221920463:G:A	1	221920463	-0.281784619001492	0.236707319375035	0.233875560944339
chr1:227462684:A:G	1	227462684	0.0173048364777055	0.258393042884646	0.946604802315647
chr1:234456961:G:A	1	234456961	-0.326175624490385	0.207643764018607	0.116219265262993
chr1:237308322:A:G	1	237308322	0.542575922727535	0.21150995598816	0.0103101477946874
chr1:239000642:T:C	1	239000642	0.404006216946712	0.285320686592681	0.156783585893581
chr1:244583991:C:T	1	244583991	-0.00511707743886186	0.206451977376109	0.980225817468954
chr1:246213578:G:A	1	246213578	0.163653554460691	0.255288727911589	0.521488377356534
chr1:247190028:T:C	1	247190028	-0.0839447906198243	0.226445245655911	0.710855930824853
chr1:247897239:C:T	1	247897239	-0.127674684859737	0.201543314376032	0.52641691376832
chr2:3248328:A:G	2	3248328	0.0614781012415524	0.171514478420192	0.720012091710672
chr2:4505759:T:G	2	4505759	-0.00562950364081764	0.302949106500329	0.985174290144879
chr2:6804400:G:A	2	6804400	-0.0559541825481125	0.199149843587504	0.778737064841305
chr2:9411790:A:C	2	9411790	0.150554704388364	0.209598887668474	0.472572849650256
chr2:12096367:C:T	2	12096367	-0.786082227722732	0.321037194352667	0.0143424328745133
chr2:13545005:C:T	2	13545005	0.118382624752934	0.158975560418893	0.456477727621931
chr2:16009716:A:G	2	16009716	-0.0708163838768203	0.156493412795391	0.650894486817753
chr2:16367899:A:T	2	16367899	-0.0579745507540403	0.173024235911859	0.73757524706148
chr2:17630111:A:C	2	17630111	-0.0828300956350763	0.182960717513976	0.650749905344413
chr2:17928966:C:G	2	17928966	-0.1199810341093	0.252609685983712	0.634811145413768
chr2:18261494:A:T	2	18261494	-0.137916870876257	0.212791863885083	0.516900628385949
chr2:19530615:T:C	2	19530615	0.117011285258296	0.231654663567059	0.613480977384049
chr2:19562158:T:C	2	19562158	0.0581911508952621	0.202613470710385	0.773957062195077
chr2:27383116:G:A	2	27383116	0.0883923699326225	0.151362808111744	0.559235913746741
chr2:37762298:C:T	2	37762298	-0.0359568069387968	0.220899744824657	0.870696124019358
chr2:42010994:T:A	2	42010994	0.166167861938947	0.188764029485231	0.378700006574285
chr2:45824390:C:G	2	45824390	0.159823039824862	0.26599761536154	0.547943973414314
chr2:46742820:T:C	2	46742820	0.00841084397657468	0.334869548945453	0.97996181783642
chr2:49789441:T:C	2	49789441	0.102850643435279	0.218861334225513	0.638401319360886
chr2:49994518:G:A	2	49994518	-0.22450316539393	0.174009286796876	0.196988440337161
chr2:51284042:G:A	2	51284042	0.176438649740212	0.237923582988322	0.45834368128615
chr2:51344078:G:A	2	51344078	0.187955464756717	0.196843964415365	0.33965611371385
chr2:57278002:C:A	2	57278002	-0.0808955378559709	0.191124881662209	0.672105496891528
chr2:57368273:A:G	2	57368273	-0.227330905050584	0.288970770937625	0.43146236802458
chr2:60075157:T:C	2	60075157	0.287361255558795	0.285009900554503	0.313334420576078
chr2:60373837:A:G	2	60373837	-0.106240954205401	0.374480810032261	0.776638763055891
chr2:61147014:T:C	2	61147014	0.271995664259502	0.177440847780578	0.125305233557683
chr2:61693274:A:G	2	61693274	-0.187040824017568	0.19293372688293	0.332317555623228
chr2:65295480:C:T	2	65295480	-0.154570065950989	0.223513471490484	0.489221868489911
chr2:66031496:T:C	2	66031496	-0.381059492117508	0.1963528658365	0.0522962306849992
chr2:69165635:T:C	2	69165635	-0.0614298166778012	0.208050024684355	0.767791722357184
chr2:71204755:G:A	2	71204755	0.313109423116095	0.338577540552871	0.355080839795486
chr2:72022684:A:G	2	72022684	-0.176648193939268	0.404459191946842	0.66229151271486
chr2:76651386:C:A	2	76651386	0.250573051995077	0.170076244511705	0.140670602913568
chr2:79784490:C:G	2	79784490	0.0693430217125002	0.241552020768756	0.774056557027693
chr2:82619301:T:C	2	82619301	-0.419831898849117	0.322316928863611	0.19273057484125
chr2:83181917:T:C	2	83181917	-0.589060137468567	0.31429865915059	0.0609021669261743
chr2:83400799:T:A	2	83400799	0.0954248526878702	0.315506919913381	0.762309563795147
chr2:85744328:G:A	2	85744328	0.243405837658106	0.245624169995798	0.32170091741726
chr2:85757440:T:A	2	85757440	-0.133257754120081	0.191857808702974	0.487327837684326
chr2:99811694:T:C	2	99811694	-0.0609463035146806	0.184009954400358	0.740484362783864
chr2:101228073:A:C	2	101228073	0.115426860927594	0.19073136957378	0.545059226628527
chr2:106861882:T:C	2	106861882	-0.586983686804558	0.38137089470533	0.123769809365002
chr2:108083619:T:C	2	108083619	-0.117620416720425	0.229756700307412	0.608696744388315
chr2:114129906:T:C	2	114129906	0.0365349896911297	0.232282024678333	0.875018506197019
chr2:118004610:C:T	2	118004610	-0.0561947733544266	0.176668614166885	0.75042416581813
chr2:119455921:A:G	2	119455921	0.112794540485102	0.179200187218151	0.529065513194352
chr2:120644763:G:A	2	120644763	-0.00903904675137301	0.159743775426186	0.954876056846655
chr2:120916837:A:G	2	120916837	-0.166662150475601	0.185488154827305	0.368916047738579
chr2:122628686:C:A	2	122628686	-0.120253188819715	0.229266444687312	0.599921907331994
chr2:122629789:A:C	2	122629789	-0.122917049997743	0.222402282806421	0.580483301132926
chr2:126391403:A:G	2	126391403	0.267433197339714	0.239562064978065	0.264275765400232
chr2:127192867:G:A	2	127192867	0.0169403179680867	0.175491456977339	0.923099071053485
chr2:130915743:C:T	2	130915743	0.214694805459443	0.185195668197845	0.246339494296829
chr2:136507185:G:C	2	136507185	-0.018564603728093	0.164412964892163	0.910098359784308
chr2:141023592:C:T	2	141023592	-0.00992682266577533	0.234802012184716	0.966277547524353
chr2:143017176:T:C	2	143017176	-0.470918305731909	0.385102887188054	0.221391025701148
chr2:143920023:G:T	2	143920023	0.0113737598774781	0.172653980105216	0.947476519316062
chr2:144729333:C:T	2	144729333	-0.108908590736079	0.211067342009928	0.605861549293277
chr2:148561010:G:C	2	148561010	0.292090711493162	0.238234850126966	0.220175321221011
chr2:154835349:G:T	2	154835349	0.0564164710951771	0.170767059406373	0.74111970908659
chr2:164974626:C:A	2	164974626	-0.313292939099504	0.244958843575573	0.200910600756971
chr2:167086954:T:G	2	167086954	-0.230428838590731	0.155783954303357	0.139098509738843
chr2:167199229:C:T	2	167199229	-0.0851335241294755	0.310347276794375	0.78384104556907
chr2:167657344:C:T	2	167657344	-0.0885151212619407	0.255581734679735	0.729096198023837
chr2:167884398:C:T	2	167884398	-0.044581400142367	0.299558260973369	0.881692666341259
chr2:168647356:T:G	2	168647356	-0.0852299130116146	0.171421837686656	0.619052236320691
chr2:170041677:A:G	2	170041677	0.489239567829546	0.261822290821557	0.0616793179025873
chr2:171274449:C:A	2	171274449	0.067370712636956	0.220337536019765	0.759786323035038
chr2:177787584:G:A	2	177787584	0.273967088531141	0.206774778469214	0.185186378769239
chr2:179648558:C:T	2	179648558	-0.242093831235673	0.330322143408252	0.463618070826001
chr2:183527028:C:T	2	183527028	-0.464915598251585	0.272507454015785	0.087995862916542
chr2:184516924:T:A	2	184516924	0.00564005453062671	0.188061540121985	0.976074651244736
chr2:191922008:C:T	2	191922008	0.0555611496395794	0.24445790707076	0.820203617639928
chr2:195817951:G:C	2	195817951	-0.216409248572564	0.457272097850283	0.63602667332445
chr2:197010424:G:A	2	197010424	0.155624090934253	0.28375696231172	0.583388794939167
chr2:209101337:G:A	2	209101337	-0.1350904460606	0.176696806439858	0.444549993964553
chr2:209103516:A:G	2	209103516	0.0925061210015632	0.201131692616919	0.645567816336043
chr2:210957182:G:A	2	210957182	-0.00683520841506317	0.18196483711186	0.970035831716613
chr2:214802180:T:C	2	214802180	0.0142081028696388	0.221777303483906	0.94891868622507
chr2:215209936:A:G	2	215209936	0.199699618457462	0.182398256887874	0.273580226560909
chr2:215367000:G:A	2	215367000	0.4538342901275	0.386718637082249	0.240574661877212
chr2:220997842:C:T	2	220997842	0.229458645957025	0.178838557012381	0.199474881836851
chr2:226027918:G:A	2	226027918	-0.228391029670485	0.422795971886047	0.589064583475147
chr2:228947684:G:A	2	228947684	0.140992463979298	0.229173749686895	0.538408894854628
chr2:233152507:T:C	2	233152507	0.0556185224441171	0.16008002436027	0.728259291265942
chr2:235620294:A:T	2	235620294	-0.08042211401086	0.192322521186664	0.67582812987471
chr2:237288548:A:G	2	237288548	-0.0263983087400435	0.18301492482957	0.885309937594465
chr2:237513585:T:C	2	237513585	0.109902528391988	0.194892413531062	0.572812773787928
chr2:237920759:T:G	2	237920759	0.0806449897529417	0.180854645840108	0.65566188051993
chr2:240429648:C:T	2	240429648	-0.303260897324204	0.185488780593597	0.102064033196141
chr3:9841346:T:C	3	9841346	-0.444462692621095	0.44300720330183	0.31572314199341
chr3:10127208:T:G	3	10127208	-0.468619961419451	0.259033914228025	0.0704344453922731
chr3:14082905:A:G	3	14082905	0.0895953995810853	0.195580086894516	0.646880004699923
chr3:16798495:T:G	3	16798495	0.236802924413713	0.237177208129836	0.318074806949172
chr3:18882818:T:C	3	18882818	-0.0709853163372481	0.180462317865897	0.694059096426989
chr3:20179943:G:A	3	20179943	-0.208440193914246	0.35273453909755	0.554569655417358
chr3:22245167:A:G	3	22245167	0.126641025777969	0.226283641216576	0.575714014568877
chr3:24009496:G:A	3	24009496	-0.14553498878142	0.20780314716111	0.483708589220736
chr3:24010534:C:T	3	24010534	0.202108972105277	0.198016538724714	0.307412173116197
chr3:33111016:C:A	3	33111016	-0.542010903291108	0.28872313297208	0.0604812745127944
chr3:33421913:A:G	3	33421913	0.159571098756405	0.156376623200095	0.307525477971236
chr3:34471110:A:G	3	34471110	0.0358834048555888	0.201029765251262	0.858331915893266
chr3:34498029:C:T	3	34498029	0.241838386312321	0.229560516340284	0.292119113162454
chr3:35230331:G:A	3	35230331	-0.119077719958573	0.244728713756004	0.626562885841003
chr3:41413926:T:C	3	41413926	-0.157369174568634	0.158663990987934	0.321275945300381
chr3:42098050:T:C	3	42098050	-0.0213628389337426	0.166230371907241	0.897742653279556
chr3:46489654:A:G	3	46489654	-0.308918592424147	0.189486872085359	0.103040175767684
chr3:56959175:A:G	3	56959175	0.44102276008493	0.294150534202439	0.133793297519146
chr3:64441608:G:A	3	64441608	0.0957252647898963	0.143691128252598	0.505291122499481
chr3:66150510:T:A	3	66150510	0.58339825608633	0.231032748236653	0.0115640494133018
chr3:66995763:G:T	3	66995763	-0.47147485358032	0.222562394582322	0.0341417089320858
chr3:68498445:T:C	3	68498445	0.169182795423472	0.19014587439776	0.373598717052785
chr3:68824246:G:A	3	68824246	-0.137750855899629	0.189453856939846	0.467168072575021
chr3:69021248:A:C	3	69021248	0.0299651319014847	0.176845743412504	0.865448832216849
chr3:69617754:T:G	3	69617754	0.412885243623926	0.16559182761511	0.0126529273707353
chr3:74191731:G:A	3	74191731	0.123451348303365	0.193192359698351	0.522818115098219
chr3:74732240:G:A	3	74732240	0.174156380404516	0.177755078988219	0.327207200399322
chr3:75709324:A:T	3	75709324	-0.248517342205352	0.196151794452944	0.205168016536281
chr3:84465702:T:C	3	84465702	-0.233997611184241	0.202534157476004	0.247947588467988
chr3:84817748:G:A	3	84817748	-0.169165671543877	0.215153686899696	0.431718084311696
chr3:85705423:A:G	3	85705423	-0.236261256338416	0.191610741292212	0.217565615297794
chr3:88069353:C:T	3	88069353	-0.0160599909132437	0.261242847444069	0.950980659044328
chr3:93986190:G:A	3	93986190	0.244045687774493	0.218534409748174	0.264106349223518
chr3:101022648:G:A	3	101022648	-0.243006925848642	0.270057624238859	0.368208807298032
chr3:106664728:C:T	3	106664728	-0.329096982206094	0.189175401280841	0.081922355768468
chr3:110774699:C:T	3	110774699	-0.0417887286382935	0.210000730662219	0.842268021964484
chr3:113428518:G:A	3	113428518	-0.0489600252309954	0.215504025736751	0.820277209707643
chr3:121058963:T:G	3	121058963	0.0403420790385943	0.252594847660864	0.873109036896548
chr3:122312606:G:A	3	122312606	0.121552801731368	0.263548589058114	0.644643709791092
chr3:124193435:A:C	3	124193435	0.177100684051946	0.189828532418252	0.350845363887989
chr3:124804582:A:T	3	124804582	0.355777679754623	0.25427629690666	0.161759754508881
chr3:126773646:G:T	3	126773646	-0.283090860324978	0.218134924084521	0.194363387597066
chr3:131110446:C:G	3	131110446	0.528308303633695	0.258189192003233	0.0407360959197013
chr3:131209978:G:T	3	131209978	-0.20546038887602	0.206565890352637	0.319907401196275
chr3:133982842:C:T	3	133982842	0.00397671921720487	0.163076221312113	0.980544996711745
chr3:134929007:C:T	3	134929007	-0.149916563314724	0.333756851744902	0.653302547242052
chr3:137777496:C:T	3	137777496	-0.310447913487953	0.314977097214927	0.324319328605081
chr3:146265901:G:T	3	146265901	-0.284877503601035	0.220038075524232	0.195432825361963
chr3:148006706:G:A	3	148006706	-0.937624376978815	0.446013829960706	0.0355329910844844
chr3:149679065:C:A	3	149679065	-0.428517980523944	0.210868553453138	0.042137777166481
chr3:150888061:C:A	3	150888061	-0.239133105548444	0.329228852941293	0.467628463821002
chr3:152663712:G:C	3	152663712	0.0184096554372197	0.144443237970365	0.898582246011294
chr3:159417151:A:G	3	159417151	-0.268048029788916	0.173825338164431	0.123060511332984
chr3:164899350:G:A	3	164899350	0.106280269125893	0.258942200004358	0.681483116591735
chr3:168053836:T:C	3	168053836	-0.32524005853875	0.300222287795881	0.27866160812886
chr3:171028381:G:A	3	171028381	-0.147875572614279	0.218156072781338	0.497871227000376
chr3:174497130:T:C	3	174497130	-0.289547504740372	0.20622756884326	0.160313076650143
chr3:176663180:T:G	3	176663180	-0.531500063499321	0.307068179091951	0.0834720693130344
chr3:196706550:C:T	3	196706550	-0.0390116444049591	0.220441616293275	0.859531627860398
chr4:332191:G:A	4	332191	0.225015739827422	0.19288511764195	0.243380402562253
chr4:8816874:T:C	4	8816874	-0.205214975607048	0.222877220437933	0.357179149399437
chr4:9851274:C:G	4	9851274	-0.0771271059932026	0.194413128844078	0.691575734822589
chr4:10725805:A:G	4	10725805	0.211011252309956	0.211289056669471	0.317947215832603
chr4:13219910:C:T	4	13219910	0.119058358626636	0.188901810710701	0.52852066796904
chr4:18747099:A:G	4	18747099	-0.0818214851965543	0.187855075291399	0.66315859128592
chr4:20840555:C:T	4	20840555	-0.116298775855855	0.167422213639381	0.487278656495874
chr4:21137718:C:T	4	21137718	0.2056234965837	0.190523057960481	0.280472819031474
chr4:26851610:T:C	4	26851610	0.0727120091243165	0.212714877952657	0.732479955050716
chr4:32302160:A:T	4	32302160	0.177316958494634	0.244315718266543	0.467979932383428
chr4:34501888:A:G	4	34501888	0.14416691855996	0.357252831096067	0.686548727288475
chr4:40603484:A:G	4	40603484	0.149832691624055	0.202394222438838	0.45911723537111
chr4:41002348:C:T	4	41002348	0.0579810186877675	0.335696305542646	0.862872569516861
chr4:44018406:T:G	4	44018406	0.0455233089774068	0.196068742708129	0.816397940504963
chr4:44680448:T:C	4	44680448	-0.0379611106199035	0.174001644386148	0.827300366710785
chr4:55337032:C:T	4	55337032	0.0599609399716027	0.171604963311747	0.726779559694538
chr4:55659669:G:A	4	55659669	-0.0931519542279612	0.201472675671344	0.643826567363629
chr4:56719096:C:T	4	56719096	0.109794276703801	0.18861761302215	0.560499453130548
chr4:58944563:C:T	4	58944563	0.0802910131358552	0.363640735323035	0.825250007733949
chr4:61158247:C:G	4	61158247	0.402612068224138	0.216842692343504	0.0633536890788939
chr4:64485722:G:A	4	64485722	0.473452705378391	0.264697810375683	0.0736706114392985
chr4:67708732:C:T	4	67708732	-0.00786550514764746	0.192968720520463	0.967486814670637
chr4:67911021:C:T	4	67911021	0.0560139522857116	0.159880532666462	0.726076948206092
chr4:90022599:G:T	4	90022599	-0.344892280584459	0.201500865085125	0.0869672967930895
chr4:95020597:A:T	4	95020597	0.238661694223967	0.240773277253459	0.321573287616365
chr4:95433170:T:C	4	95433170	0.376583957616603	0.252478259299486	0.135817143875456
chr4:97398054:G:A	4	97398054	-0.121056292346693	0.185885552852338	0.514890931043305
chr4:98823404:T:C	4	98823404	0.192087091682606	0.307308778735899	0.531930256239696
chr4:99262681:C:G	4	99262681	-0.211370573465695	0.179486489746343	0.238939925741196
chr4:99355957:G:T	4	99355957	-0.574113764505981	0.216698375362562	0.00806424422479413
chr4:101085120:T:C	4	101085120	-0.126708719857236	0.186560570899019	0.497022081637401
chr4:102399971:C:T	4	102399971	0.30703166650624	0.18500004678862	0.0969888670306747
chr4:102884286:T:C	4	102884286	0.257997238791564	0.168705868880496	0.126196914419876
chr4:105992845:C:T	4	105992845	-0.10493426932161	0.157278690878882	0.504652810048911
chr4:108791253:G:A	4	108791253	0.196060088634314	0.165502993798353	0.236163107927644
chr4:110191180:A:G	4	110191180	-0.192033413176844	0.342688651593712	0.575225152734747
chr4:110957298:T:A	4	110957298	-0.189390897090366	0.173248914401859	0.274318200006606
chr4:113348012:C:T	4	113348012	0.0188958588136051	0.187885301303128	0.919890823497872
chr4:115515844:A:G	4	115515844	0.302093233640275	0.261382147815691	0.247782152236101
chr4:115522695:G:A	4	115522695	-0.147601899210208	0.195107357560574	0.449339694224756
chr4:120770744:A:C	4	120770744	-0.113790268839528	0.218116554022073	0.601882855977711
chr4:123964831:A:G	4	123964831	-0.270384832854099	0.198141006942005	0.172376241951459
chr4:125256344:T:C	4	125256344	-0.362535084520089	0.250100512327462	0.147181942453119
chr4:126268710:T:G	4	126268710	0.314850396031086	0.235493045691429	0.181227912491971
chr4:134094420:T:C	4	134094420	0.804153879888446	0.261817178688709	0.00213034084943342
chr4:134350906:C:T	4	134350906	-0.117671246265208	0.163228473921804	0.470971648203431
chr4:138952375:G:A	4	138952375	0.0821820299262515	0.18480873444693	0.656546011326481
chr4:141012527:T:G	4	141012527	0.0204023861635182	0.344863050866876	0.952824003856294
chr4:141618953:G:A	4	141618953	-0.211194667452105	0.273676773180848	0.4402958071925
chr4:149616644:T:G	4	149616644	0.0866338148425461	0.241221054072786	0.719485132434719
chr4:154030957:C:G	4	154030957	0.0997248100563202	0.272932263213339	0.714825526835839
chr4:168588553:A:C	4	168588553	-0.188260615483601	0.268062289305305	0.482491000761426
chr4:171334248:A:T	4	171334248	0.281417027442816	0.290154318867039	0.332102604906602
chr4:171974219:A:G	4	171974219	0.19135044232724	0.185497518400717	0.302281767962286
chr4:176312841:C:T	4	176312841	-0.0535627272045052	0.197373205577403	0.786100393225731
chr4:179329624:T:G	4	179329624	-0.189021623956929	0.180624799903177	0.295335939900185
chr4:183032183:A:G	4	183032183	0.35271413661142	0.191204821644641	0.0650822549764054
chr4:184991673:A:G	4	184991673	0.0691422440945605	0.193136202795032	0.720345314891476
chr4:189912372:C:T	4	189912372	-0.255609085045235	0.184347417748337	0.165575427254895
chr5:79496:A:G	5	79496	-0.315896545247345	0.318461049781906	0.321223284745378
chr5:5313703:A:G	5	5313703	0.227809025670023	0.20384814804884	0.263762319601148
chr5:7364955:T:A	5	7364955	0.139808146521454	0.237763419904556	0.556523102109512
chr5:8067079:G:C	5	8067079	-0.0935658750031488	0.201107382182559	0.641750067048331
chr5:13911296:G:T	5	13911296	-0.0962749665162959	0.26055702816308	0.711757519717937
chr5:15621966:C:G	5	15621966	0.204515566405244	0.192399188493016	0.287793196841475
chr5:15997511:T:A	5	15997511	-0.0923346974442347	0.264644529253082	0.727163757693154
chr5:17902851:T:C	5	17902851	-0.393138136250069	0.216365257688409	0.0692153703008981
chr5:20719353:A:C	5	20719353	0.0849052048896652	0.236558174730824	0.719655744359389
chr5:20732163:G:T	5	20732163	-0.050911147215116	0.183613752510099	0.781570443072339
chr5:21913130:A:C	5	21913130	-0.467274304074708	0.175261428353097	0.00767240877531583
chr5:23787194:A:C	5	23787194	-0.365070233680462	0.181178722124377	0.0439074779337802
chr5:23895775:T:G	5	23895775	-0.229558328953919	0.243159197979056	0.345135927577326
chr5:25693600:A:G	5	25693600	0.353421971916379	0.279945940464534	0.206781486873667
chr5:33466391:T:A	5	33466391	-0.0437409400972325	0.171075572358888	0.798196415040444
chr5:33624899:A:G	5	33624899	0.0560211853820481	0.350231125204856	0.87291659953284
chr5:39550509:T:G	5	39550509	0.0596710974225116	0.166184500460708	0.719546194957089
chr5:39634108:G:A	5	39634108	0.309320896245917	0.230281215125009	0.179197145358222
chr5:39978357:G:A	5	39978357	-0.218887938815747	0.162969262345594	0.179231803009068
chr5:40238036:C:A	5	40238036	0.554526036887979	0.436412067261499	0.203853970685159
chr5:44011742:G:T	5	44011742	-0.356039468795015	0.255808742703967	0.163977214521172
chr5:50222627:G:A	5	50222627	0.338915774752541	0.2386591291745	0.155583515639436
chr5:54814079:C:T	5	54814079	0.025953578471699	0.22781257738572	0.909297140997229
chr5:66989845:C:A	5	66989845	0.0205306664557579	0.171117324152415	0.904498945337439
chr5:66992139:G:A	5	66992139	-0.114570175885291	0.234973002691008	0.625841216312111
chr5:73076502:T:C	5	73076502	0.168846167616105	0.160387915477184	0.292461904261256
chr5:76998986:C:A	5	76998986	0.0117966248067936	0.160505366064699	0.941410820075739
chr5:77675144:G:C	5	77675144	0.456893053891959	0.254044886393989	0.072101968326971
chr5:80530472:T:A	5	80530472	-0.368271290867553	0.358224247036427	0.303927813727149
chr5:81710558:G:T	5	81710558	0.104125227320057	0.186327113116177	0.57627757510078
chr5:82792281:C:G	5	82792281	-0.594136620687311	0.42394640534759	0.161081712858728
chr5:84879932:A:G	5	84879932	0.095280431102926	0.232151787181505	0.681495683010049
chr5:85476293:A:G	5	85476293	-0.105314696352521	0.257348155921489	0.682370565329017
chr5:85809583:T:C	5	85809583	0.0388529761405042	0.15271907387605	0.799180259893725
chr5:92192959:A:T	5	92192959	-0.177474263125192	0.196742633748416	0.367023368021477
chr5:94648523:C:G	5	94648523	0.117725919429734	0.235536094693179	0.617201023685186
chr5:98024666:G:A	5	98024666	0.261472876671746	0.179461363879987	0.145119964910501
chr5:101328324:T:C	5	101328324	-0.130917217732624	0.251160127942878	0.602192624236795
chr5:101825779:A:C	5	101825779	-0.094065204766002	0.161694284503713	0.560736942352207
chr5:106773905:G:A	5	106773905	0.314816234850819	0.218058895786681	0.148817435993476
chr5:110045491:C:T	5	110045491	-1.07117525213953	0.533085959265537	0.0444962557673971
chr5:114915760:G:T	5	114915760	0.0223061140029798	0.207088220941721	0.914223278628604
chr5:115102683:A:G	5	115102683	0.440332983156424	0.229918457535883	0.055470798854698
chr5:117238479:G:A	5	117238479	-0.0365709517939542	0.192954724190216	0.849676457967411
chr5:121740415:G:T	5	121740415	0.000339353394742099	0.201436746317588	0.99865583260654
chr5:137227416:A:T	5	137227416	-0.2493881165448	0.278193512884403	0.370009514182971
chr5:137406489:C:T	5	137406489	0.157383631549662	0.223076813275429	0.48049093375073
chr5:140638650:G:A	5	140638650	-0.087599463259871	0.262330799126319	0.738434281148147
chr5:142682003:T:C	5	142682003	-0.403365491211387	0.203483508052426	0.0474456008186822
chr5:144183699:A:G	5	144183699	-0.380702783618356	0.25830855126293	0.140527481854292
chr5:145690757:G:T	5	145690757	0.302501028331186	0.225957021809029	0.180650537547224
chr5:147282093:C:T	5	147282093	-0.0801959430071462	0.24386174235585	0.742262841080378
chr5:148033208:G:T	5	148033208	0.0126401136060502	0.241533561516757	0.958263564554497
chr5:151763317:T:C	5	151763317	0.452514390963655	0.205786865660308	0.0278816979921372
chr5:153541577:C:T	5	153541577	0.540665450544502	0.28743207791948	0.0599692156229014
chr5:160435085:T:G	5	160435085	0.564167033954738	0.337551988652962	0.0946528478216264
chr5:164252995:G:C	5	164252995	-0.186054984256655	0.270741599770763	0.491953546574817
chr5:168245100:T:C	5	168245100	-0.0732169066171987	0.215987159043172	0.734619287923811
chr5:169455657:C:T	5	169455657	0.170881316378259	0.239300401822681	0.475173357346337
chr5:169808985:G:C	5	169808985	-0.118915239173578	0.260689508947495	0.648277374120856
chr5:172672695:T:C	5	172672695	0.129507530286033	0.179039620321433	0.469467554169724
chr5:173346700:A:C	5	173346700	-0.279081310443914	0.251874672893987	0.267854661003227
chr5:177122146:G:C	5	177122146	-0.183084774211628	0.337355553443344	0.587332464506518
chr6:1084246:G:A	6	1084246	-0.319442693592407	0.325450210600705	0.326326074001066
chr6:3041612:C:A	6	3041612	-0.123077303377084	0.20688055612919	0.551897196759983
chr6:3673174:A:G	6	3673174	0.118983459609683	0.283276809259166	0.674466886873154
chr6:3786319:G:C	6	3786319	0.0104718466711788	0.18284969526685	0.954329923249691
chr6:6090729:G:T	6	6090729	0.0409859806249277	0.260058042515033	0.874769479010122
chr6:6354181:A:T	6	6354181	-0.197426718527472	0.217760045795838	0.364605095415156
chr6:6456261:T:C	6	6456261	-0.225574593820928	0.210331501145351	0.283508194511789
chr6:7642514:C:G	6	7642514	-0.373012231302014	0.162181016203512	0.0214496544065683
chr6:12212257:G:A	6	12212257	0.0470236303882857	0.339886616861483	0.889963074183346
chr6:21494280:T:C	6	21494280	-0.134966976568613	0.32125499377148	0.674394771851397
chr6:23163726:T:C	6	23163726	-0.304599149138166	0.291927766057504	0.296760349021287
chr6:23344439:T:A	6	23344439	-0.0760732835310917	0.195944925607476	0.697839848286935
chr6:24077828:C:T	6	24077828	-0.147580737686573	0.350924748245125	0.674085095592145
chr6:26287827:G:A	6	26287827	0.163353592359883	0.218071968210117	0.453808318794688
chr6:27261142:G:T	6	27261142	-0.184213332548172	0.49012684855122	0.707029693283901
chr6:31108549:A:G	6	31108549	-0.198539591501626	0.210814309406871	0.346307980167847
chr6:31845997:T:C	6	31845997	0.402077776412555	0.292664996919126	0.169488286273713
chr6:32660000:G:C	6	32660000	0.0145456425974399	0.200629931147244	0.942204114194164
chr6:33148933:A:G	6	33148933	-0.564350375889812	0.189781436282691	0.00294246134564879
chr6:37400014:G:T	6	37400014	0.103907632880773	0.17062758128693	0.542542169191086
chr6:39124093:C:T	6	39124093	-0.285534029369362	0.213929941508306	0.181971895957093
chr6:45195864:C:T	6	45195864	0.310042516284766	0.181522562848062	0.0876343196331097
chr6:46738257:G:A	6	46738257	0.243159775041286	0.230037013132573	0.290490454398306
chr6:47717919:C:A	6	47717919	0.144799038777602	0.168816032911976	0.391040056110469
chr6:48859012:C:A	6	48859012	0.0309664595311684	0.277130412215029	0.911029827818206
chr6:49860743:T:G	6	49860743	0.104026243901108	0.208098875025307	0.617153558356203
chr6:53292416:C:G	6	53292416	-0.0862863155008614	0.174146202036343	0.620259896384239
chr6:54457248:C:T	6	54457248	-0.433514236170106	0.313799256122824	0.167124725737299
chr6:57513520:G:A	6	57513520	-0.213674360019251	0.369554384064046	0.56313272450322
chr6:67461006:G:C	6	67461006	-0.345252474489473	0.286814682863156	0.228687164022381
chr6:69504128:A:G	6	69504128	0.134120292569514	0.227384051995094	0.555297677045898
chr6:81137001:T:C	6	81137001	-0.118807281299225	0.21734249608293	0.584628677612331
chr6:84758749:C:T	6	84758749	0.190187570250108	0.260768774938422	0.465797293544098
chr6:86667874:G:T	6	86667874	-0.160090582106042	0.380073382267846	0.673601987251449
chr6:87387916:G:T	6	87387916	-0.20532957343658	0.179989862011522	0.253959777237544
chr6:88566465:G:A	6	88566465	-0.0238085146974623	0.204345708268762	0.907247600217634
chr6:93273487:T:C	6	93273487	0.260479246968718	0.208541308571695	0.211645514328751
chr6:97788153:C:A	6	97788153	0.133872705985835	0.197568503595617	0.498024421758245
chr6:98771646:C:T	6	98771646	-0.51227661111681	0.281489826328132	0.0687778732721274
chr6:104918249:A:G	6	104918249	0.089462033043592	0.189743811915624	0.637291900802367
chr6:107129138:A:G	6	107129138	0.0921123754557698	0.176939363380364	0.602654337651193
chr6:112187089:T:C	6	112187089	-0.0870406411129357	0.170208545252165	0.609087484108063
chr6:118046853:T:C	6	118046853	0.240865618457472	0.185590676351782	0.194344886100431
chr6:121081137:A:G	6	121081137	-0.191689330056299	0.316935225459858	0.545297414416455
chr6:123103197:T:C	6	123103197	-0.0892990650346612	0.257535616125884	0.728783256450488
chr6:127784009:G:A	6	127784009	-0.0924931907486522	0.170451574488077	0.587380325328101
chr6:129527930:G:A	6	129527930	-0.0620602552161946	0.187693798079537	0.740911687794001
chr6:137254996:T:C	6	137254996	0.0908653754591493	0.191368254711863	0.634915646092064
chr6:138165202:C:G	6	138165202	-0.698678900024008	0.385540837874037	0.0699545805019808
chr6:139464917:T:A	6	139464917	0.0150758425561298	0.417762272627681	0.971212882289311
chr6:151547601:G:A	6	151547601	-0.29505940049732	0.213636968937114	0.167240469887108
chr6:152638179:C:T	6	152638179	-0.10944815711679	0.204466198773566	0.592451214934311
chr6:153842833:G:A	6	153842833	-0.166557448696708	0.255305854217584	0.514153497783313
chr6:156754666:T:G	6	156754666	-0.181100467743092	0.412031596956034	0.660277162620169
chr6:160701242:A:G	6	160701242	0.104165152715661	0.241644006366997	0.666418463535087
chr6:160909689:G:C	6	160909689	-0.258226281521689	0.325210512512229	0.42717907967852
chr6:162760256:C:T	6	162760256	-0.299976686710687	0.263426121693334	0.254807139769611
chr6:163629327:G:A	6	163629327	-0.560331642249198	0.214814494886426	0.00909548160477025
chr6:167509019:C:T	6	167509019	0.320835399124364	0.362487290122264	0.376105825801915
chr7:6986920:C:A	7	6986920	-0.341636178447481	0.309353114580288	0.269438444815154
chr7:7863676:G:A	7	7863676	0.333059266320925	0.204848600451918	0.103975160767152
chr7:8111839:A:G	7	8111839	-0.150540716385178	0.164846156116966	0.361127135307022
chr7:9602661:C:A	7	9602661	-0.0469850705960736	0.202410875116379	0.81643921576664
chr7:11334355:C:A	7	11334355	-0.20766773113967	0.297206600183008	0.484719596984994
chr7:12476280:G:A	7	12476280	-0.321916911235077	0.274880333258123	0.241551926948685
chr7:12972158:C:G	7	12972158	-0.399806335843609	0.265469291171183	0.13205790679717
chr7:20850990:A:T	7	20850990	-0.0258148388212517	0.205379354692549	0.899974590083117
chr7:22822020:C:A	7	22822020	-0.138813856461932	0.185238799818782	0.453629487981984
chr7:24140802:T:C	7	24140802	-0.163511390463557	0.197440008564189	0.407581405057227
chr7:24278575:A:G	7	24278575	0.143295513423809	0.205073189793548	0.484706384707517
chr7:24620726:T:A	7	24620726	-0.175565230445094	0.155340940033027	0.258394942878517
chr7:24740434:C:T	7	24740434	-0.00934081182797222	0.174709436379854	0.957361545248618
chr7:28505993:C:T	7	28505993	-0.0025153189000717	0.194841036291728	0.989699919430224
chr7:36413989:G:A	7	36413989	-0.155988130920789	0.256785366251411	0.543542341493033
chr7:41157573:G:A	7	41157573	0.374485621982681	0.347507692102894	0.281197742412662
chr7:43755241:C:T	7	43755241	0.178609478901701	0.191457523096252	0.350874958548633
chr7:44689517:A:G	7	44689517	-0.284980692799531	0.286243774799295	0.31945066392433
chr7:46192346:C:G	7	46192346	-0.142250532713717	0.185910778090922	0.444179344111964
chr7:46368666:G:A	7	46368666	-0.146901899599299	0.390524415678616	0.706793695434492
chr7:47748540:G:T	7	47748540	0.0979181637359538	0.389415645894873	0.801467009615408
chr7:48301675:T:C	7	48301675	-0.178152029536814	0.185599873090299	0.337119888931551
chr7:51890159:C:T	7	51890159	0.250313597077512	0.15660285630467	0.109954564712468
chr7:53046603:C:G	7	53046603	0.0870244438257188	0.213047049578017	0.682924807856316
chr7:55663907:C:A	7	55663907	0.166994917044319	0.214532336151009	0.436325144223478
chr7:56122201:A:G	7	56122201	-0.251375072430955	0.172933157953455	0.146058144819464
chr7:62910214:G:T	7	62910214	0.34766691253339	0.264774783301901	0.18916052247485
chr7:65406204:G:T	7	65406204	-0.533569986971679	0.343202930245914	0.120022817135655
chr7:67766433:G:A	7	67766433	0.0330757430579724	0.182363475096938	0.856075100825703
chr7:68433432:T:C	7	68433432	-0.309898353398621	0.187517687862354	0.0984051060014164
chr7:71020152:T:G	7	71020152	0.124590107630783	0.240005048758457	0.60368087776579
chr7:71553830:T:C	7	71553830	-0.00196767968564905	0.205322077044473	0.992353685325886
chr7:78390279:T:G	7	78390279	0.372634490256194	0.172468987260752	0.0307271496113016
chr7:83524616:A:T	7	83524616	-0.275860421083705	0.177297172634506	0.119726842944469
chr7:84786535:C:A	7	84786535	-0.308287966872955	0.225368338217448	0.171334188280598
chr7:86620755:G:A	7	86620755	0.719915025648012	0.239719480876202	0.00267195325541791
chr7:89207269:G:A	7	89207269	-0.132641032307736	0.187589089036372	0.479514977739685
chr7:91097147:A:G	7	91097147	-0.243661362029973	0.21313402131528	0.252942808050397
chr7:103095283:G:A	7	103095283	0.449199899743954	0.290922838465394	0.122575811436484
chr7:113434486:A:C	7	113434486	0.303569652874933	0.178102546538549	0.0882941489495411
chr7:113749820:G:A	7	113749820	0.431123151902492	0.174083591721182	0.0132666657705592
chr7:117145973:C:G	7	117145973	-0.264776860291121	0.243086932419672	0.276053776793618
chr7:119808046:G:A	7	119808046	0.224183151083712	0.230181831716962	0.330086637895434
chr7:122582926:C:G	7	122582926	-0.0264206125367413	0.334680876577763	0.937078198318656
chr7:124802410:A:T	7	124802410	0.117982811016186	0.204802806070407	0.564561074538018
chr7:129047886:A:G	7	129047886	-0.422293374063552	0.323368091004165	0.191579221043964
chr7:131384702:T:A	7	131384702	-0.108134031465011	0.191697427026948	0.572694907321582
chr7:136870573:G:A	7	136870573	-0.162083909194291	0.26045796032208	0.533742297779294
chr7:142873374:T:C	7	142873374	-0.164385713517876	0.279196753770421	0.556008266006455
chr7:143187070:C:T	7	143187070	0.226784544915381	0.435562931180713	0.602596686837845
chr7:145116884:A:G	7	145116884	0.0209283314314529	0.192080951409493	0.913237557511442
chr7:149242006:T:C	7	149242006	-0.0287237892463583	0.191659259136447	0.88086793800209
chr7:153502245:G:A	7	153502245	-0.258270839930281	0.190338657720863	0.174812460497214
chr7:153952270:G:A	7	153952270	0.26442876207434	0.168567677755379	0.116722497118127
chr7:154426289:T:C	7	154426289	-0.029791849997843	0.259901576427572	0.908740436286945
chr7:156975524:A:T	7	156975524	0.0877044582496851	0.218705940285889	0.688408758419661
chr7:157677820:C:T	7	157677820	-0.187708997806642	0.267707608538224	0.483195871484098
chr8:276778:A:T	8	276778	0.167908907870274	0.157714353180099	0.287039161550116
chr8:1102873:G:T	8	1102873	0.138669770305563	0.241173068390623	0.565304600491708
chr8:8710521:T:C	8	8710521	0.280888277431467	0.222753208977723	0.207314539088743
chr8:9029509:T:C	8	9029509	-0.145205854447324	0.297996208998603	0.626064052188015
chr8:9109096:A:G	8	9109096	0.0603438690891657	0.183551051485661	0.742338641969084
chr8:9827297:A:G	8	9827297	-0.0883699701805828	0.428245141813352	0.836514633292434
chr8:10675470:T:G	8	10675470	-0.204042861865897	0.336024322080283	0.543700630085149
chr8:13032868:C:A	8	13032868	-0.0481555575768409	0.227019400260631	0.832012721468493
chr8:14391498:A:G	8	14391498	0.0689105635485916	0.376625084842666	0.854822658225577
chr8:16627132:C:G	8	16627132	-0.0619301706048553	0.425967830062061	0.884405354618799
chr8:17129593:A:G	8	17129593	0.127841164714537	0.296030933235364	0.665849930486047
chr8:20741226:C:T	8	20741226	-0.0591782264253816	0.254697906361202	0.816268717783157
chr8:23115837:G:A	8	23115837	0.14939184131644	0.340630404199355	0.660969809057513
chr8:25783762:T:C	8	25783762	-0.331507721761683	0.169429096806423	0.0503926046157361
chr8:27010051:G:C	8	27010051	-0.232836429435608	0.29402446346878	0.428422047544035
chr8:27022227:G:T	8	27022227	-0.00739415512454031	0.206821602563874	0.971480611348424
chr8:28150898:A:G	8	28150898	-0.259593357121515	0.159471339246382	0.103559438599014
chr8:28528484:G:T	8	28528484	-0.131129777556599	0.188424296699527	0.486473809470705
chr8:37085597:G:A	8	37085597	0.176337849996315	0.34557798060549	0.609862775647351
chr8:41788192:C:T	8	41788192	-0.0214397713171256	0.20025672369812	0.91474024520742
chr8:42055528:T:G	8	42055528	0.556917798040427	0.339972658796029	0.101395567869265
chr8:50763512:C:T	8	50763512	-0.103351817157834	0.44494065547805	0.816318796875859
chr8:51570259:T:G	8	51570259	-0.0362140906541045	0.390101228536101	0.926036593837933
chr8:53142705:G:A	8	53142705	0.222096453868195	0.191656234837466	0.246526636738925
chr8:61304314:G:C	8	61304314	-0.0470750225770467	0.17239045320195	0.784797795148211
chr8:61926940:A:T	8	61926940	-0.22078058763086	0.205080029589591	0.28167768659304
chr8:63445672:G:A	8	63445672	0.0477764812956259	0.220721722479758	0.828632530435954
chr8:65343369:C:A	8	65343369	-0.0193589654557861	0.224565446854445	0.931302390201611
chr8:65418628:G:T	8	65418628	-0.106177169517679	0.158229053452855	0.502198488255629
chr8:71273350:T:A	8	71273350	-0.148902167902247	0.235920031439939	0.527939014544555
chr8:72033005:T:C	8	72033005	0.131829280654266	0.267417408071284	0.622032408339136
chr8:72065200:T:A	8	72065200	0.0725689161750018	0.180677487793558	0.687942428548631
chr8:73211475:T:C	8	73211475	-0.124509122113843	0.207317709097968	0.548125378226399
chr8:75992459:A:G	8	75992459	0.00493772188106542	0.370466084081076	0.989365786558292
chr8:78402394:T:A	8	78402394	0.602644610425849	0.374375421859142	0.107456076106366
chr8:79795588:T:G	8	79795588	0.131766282564085	0.343565310712949	0.701329681309478
chr8:86323708:T:C	8	86323708	0.125871249894969	0.172466475555276	0.465493955350723
chr8:89525432:A:G	8	89525432	0.103363844446061	0.178250968482839	0.56199678159122
chr8:92001032:A:G	8	92001032	-0.290725863635218	0.217415602786113	0.181160784737852
chr8:92645879:A:G	8	92645879	-0.332516910646371	0.297563544046317	0.263795463285664
chr8:95906161:G:A	8	95906161	-0.00190723470462146	0.158271510326931	0.99038540611124
chr8:96365126:C:T	8	96365126	0.310719652277627	0.1756903010772	0.0769665577672518
chr8:98002322:C:T	8	98002322	0.101218555430046	0.166763851160945	0.543879175935825
chr8:98018653:A:G	8	98018653	-0.15079852376008	0.448778395684298	0.736855772490774
chr8:106920372:G:A	8	106920372	-0.0851026373247726	0.234225491556335	0.716353635800627
chr8:108142424:A:G	8	108142424	0.113415636897716	0.148546160225767	0.445162679548169
chr8:109421925:C:T	8	109421925	-0.115462994230052	0.185902723532271	0.534538031385621
chr8:116252872:C:T	8	116252872	-0.0646694515039057	0.158899138496658	0.684019533847962
chr8:119015250:G:A	8	119015250	-0.0962285829451099	0.329808856810407	0.770461898118131
chr8:121384602:C:T	8	121384602	0.200183916845706	0.193072018246854	0.299812541718875
chr8:127029052:C:T	8	127029052	0.368723087319887	0.184119484403947	0.0452170848489233
chr8:128437247:A:G	8	128437247	0.14329023569911	0.192045159578384	0.455590207025759
chr8:131111695:G:T	8	131111695	0.409855467866426	0.301378648180922	0.17385039326644
chr8:131315237:G:A	8	131315237	-0.127455090895632	0.178323539630491	0.474769285814381
chr8:135895676:A:T	8	135895676	0.483359201105113	0.330523971969824	0.143630846839655
chr8:138585221:A:T	8	138585221	-0.199664903285198	0.337152394146245	0.553710204375188
chr8:141605122:C:T	8	141605122	-0.0418374060696349	0.189953839628938	0.8256761593435
chr9:733358:A:C	9	733358	-0.207498590937882	0.182151273071447	0.254638379309623
chr9:5461379:C:T	9	5461379	0.16269500917777	0.259178390113728	0.530178406455711
chr9:11397008:T:G	9	11397008	-0.0399028806501307	0.225835632938936	0.859751956426165
chr9:11955148:T:G	9	11955148	0.0545776354238585	0.171335366594294	0.750073287392385
chr9:12389360:A:G	9	12389360	0.0414719848704837	0.174234931842556	0.811862971855139
chr9:12615226:G:C	9	12615226	-0.11141170945932	0.156089503536234	0.475370583988889
chr9:13582959:T:A	9	13582959	0.142101594866555	0.316609520212723	0.653559436384762
chr9:13820455:C:G	9	13820455	0.226120714238251	0.241609231732541	0.349327587880171
chr9:14098421:G:A	9	14098421	-0.0697750387251862	0.192091207204228	0.716426275995442
chr9:18952915:A:G	9	18952915	-0.209381933251431	0.181232357456499	0.247958130263261
chr9:29651949:A:G	9	29651949	-0.164566613152264	0.179658013130909	0.359667265307748
chr9:32058643:A:T	9	32058643	0.304817398219287	0.211798282339952	0.150097462512679
chr9:37013405:C:T	9	37013405	-0.0853707310014708	0.16529922285979	0.605531925782839
chr9:37992585:C:T	9	37992585	-0.182374160916297	0.170668008231516	0.285254366714899
chr9:73616570:C:T	9	73616570	-0.105567201368441	0.328302294112758	0.747789938136902
chr9:76464251:C:G	9	76464251	0.15456101410099	0.326713071534072	0.636156991062613
chr9:79067117:C:T	9	79067117	0.405821267648101	0.374241745373287	0.278195158905615
chr9:82773489:T:C	9	82773489	0.10208937806129	0.234040637253399	0.662688986637563
chr9:89995415:A:G	9	89995415	-0.0159663197568129	0.341964758560163	0.962760335040834
chr9:91844381:C:T	9	91844381	-0.00195076768103015	0.342845887107151	0.995460120496215
chr9:94568472:C:A	9	94568472	-0.0379458596788032	0.192585050972252	0.843800700550047
chr9:96162075:C:T	9	96162075	-0.0681742025132434	0.18480690574393	0.712206558983646
chr9:97240484:A:G	9	97240484	0.239439269669121	0.271623189260918	0.378040425576365
chr9:100192956:A:G	9	100192956	0.064771037004533	0.219157165663522	0.767576771427593
chr9:100529836:G:C	9	100529836	-0.208367152327273	0.198138131196168	0.292971308589481
chr9:101460357:C:T	9	101460357	0.454530978802156	0.205706778567231	0.0271325027913908
chr9:103293239:C:G	9	103293239	0.0931234859068659	0.355109634996602	0.793137425592581
chr9:106822394:G:C	9	106822394	-0.24562004593499	0.327489592438655	0.453249460480186
chr9:107904127:G:A	9	107904127	-0.0270024210211353	0.154479717566579	0.861240011301838
chr9:117420412:T:C	9	117420412	-0.203471154603658	0.195330797157165	0.297562510561358
chr9:117972207:C:A	9	117972207	-0.201226544534395	0.186182611426851	0.279785184913119
chr9:118511323:G:A	9	118511323	-0.375126851363454	0.26998585561909	0.164701578304438
chr9:121356498:A:G	9	121356498	0.574470349576637	0.252624700828541	0.0229655629104001
chr9:124044726:T:G	9	124044726	0.414880789453879	0.190217618548018	0.029177132075487
chr9:125005426:C:T	9	125005426	-0.100348687345207	0.210774541947391	0.63400676049641
chr9:129533341:A:G	9	129533341	-0.0325103596236367	0.191094748122222	0.864910328372868
chr9:136630984:C:T	9	136630984	0.0627275942262861	0.211291767406386	0.76656067577412
chr10:2050300:A:G	10	2050300	0.079936653766178	0.180828007675004	0.658446490145922
chr10:3113976:C:T	10	3113976	0.0648624791849291	0.167105335931814	0.697902627460127
chr10:4591592:T:C	10	4591592	0.194599741188471	0.199064547919683	0.328286516312691
chr10:7462546:C:T	10	7462546	-0.176587829432265	0.186803641514013	0.344499325675513
chr10:7849544:T:G	10	7849544	-0.00285107453501497	0.230852461842408	0.99014621500079
chr10:9367893:G:A	10	9367893	0.262420204050839	0.202755219057277	0.195571823130707
chr10:10628189:C:T	10	10628189	0.251514051302982	0.196558155899198	0.200689009533393
chr10:14014383:T:C	10	14014383	-0.0957606286669068	0.160901534029796	0.551742873797662
chr10:16341555:C:T	10	16341555	-0.31330042885434	0.218373417452013	0.151372490860242
chr10:18075702:C:T	10	18075702	-0.273784897916837	0.358174305396471	0.444634798664603
chr10:20923823:C:G	10	20923823	0.357828377121429	0.324538138627261	0.270210782642076
chr10:26220185:A:C	10	26220185	-0.329125056726827	0.435347363565117	0.449645821751552
chr10:27289376:T:C	10	27289376	0.28817442284462	0.19503308535434	0.13952375105194
chr10:27674317:A:G	10	27674317	-0.0172743595956309	0.159792854478988	0.913912634981137
chr10:28771902:G:A	10	28771902	0.177031828604606	0.179254551994368	0.323348495947319
chr10:28891836:C:T	10	28891836	-0.0870605414205712	0.163762388187581	0.594984215759167
chr10:30622484:G:A	10	30622484	0.194392488194147	0.24811899342553	0.433354238593491
chr10:35177843:G:T	10	35177843	-0.0835635885902469	0.237823029004625	0.725311697770045
chr10:43613180:G:A	10	43613180	0.0179424951860389	0.371002365719054	0.961427574238428
chr10:44139011:T:C	10	44139011	-0.522679282884083	0.345219797365189	0.130013710543636
chr10:45036473:A:G	10	45036473	-0.132213926513338	0.211395258839112	0.531685805446486
chr10:51560095:T:G	10	51560095	-0.0906297033661002	0.181228306775497	0.61701466204704
chr10:54072488:A:G	10	54072488	0.23568185130554	0.160964795061936	0.143144064537598
chr10:54082016:C:T	10	54082016	0.0168321862160129	0.150040570985983	0.910677331330798
chr10:55299918:G:C	10	55299918	0.255999313435295	0.197438937210833	0.194768874356321
chr10:56747004:T:C	10	56747004	-0.077821641002313	0.274247717985322	0.776591212455334
chr10:57761967:T:C	10	57761967	0.282231223444876	0.259813416216688	0.277353250479897
chr10:61894829:G:A	10	61894829	-0.33569159464929	0.418617798783108	0.422608067415155
chr10:62473064:C:G	10	62473064	0.418726043249675	0.448035722157382	0.350003848725213
chr10:65713195:A:G	10	65713195	-0.185713134870286	0.40447394907118	0.646128368486532
chr10:69232402:C:A	10	69232402	0.0291152210751445	0.228710128126065	0.89870150080139
chr10:79437519:C:T	10	79437519	-0.211228940962505	0.309846723787023	0.495415544076937
chr10:81546102:G:A	10	81546102	-0.766036615598084	0.427088469570134	0.072873021271441
chr10:82354363:C:G	10	82354363	-0.12731770967256	0.252363793303077	0.613909572356252
chr10:84591955:C:T	10	84591955	-0.0217327445392611	0.25644730726256	0.932463755571535
chr10:84989741:G:A	10	84989741	-0.081221275456152	0.173982604107285	0.640617494926795
chr10:86779196:C:A	10	86779196	0.0932347122667205	0.383475149179844	0.8079038852045
chr10:91053424:A:C	10	91053424	-0.321010243399695	0.178786494225087	0.0725748802930659
chr10:93612452:G:A	10	93612452	-0.423400265822925	0.285355194284765	0.137871074522373
chr10:93671121:T:C	10	93671121	0.144468482069452	0.176401689376003	0.412800973140838
chr10:101249704:C:T	10	101249704	-0.0555163159978515	0.262218912774509	0.832327484146534
chr10:102352980:T:C	10	102352980	0.166482000133536	0.213879393943625	0.436337978558791
chr10:104637359:T:C	10	104637359	0.423565725760962	0.228072791146971	0.0632896032005795
chr10:108480456:T:C	10	108480456	0.277441629570811	0.194401480306434	0.153534354992167
chr10:109264424:C:T	10	109264424	0.220394690660576	0.239903391279474	0.358262443568025
chr10:111352001:T:G	10	111352001	0.327980027404603	0.232946296904451	0.159141695363648
chr10:118828443:C:T	10	118828443	-0.101130391210216	0.201784666790468	0.616244616251308
chr10:120152982:A:G	10	120152982	0.204534699586655	0.260029296334864	0.43152584389703
chr10:121580593:A:G	10	121580593	0.133819790702819	0.340341277272476	0.694176976602642
chr10:121611573:C:G	10	121611573	-0.536302830995299	0.226287764855138	0.0177879091586026
chr10:121734173:T:C	10	121734173	0.0436334102261824	0.1922839134231	0.820484556390397
chr10:121910644:T:A	10	121910644	-0.31546678150824	0.212272263057346	0.137241495339237
chr10:122561189:A:G	10	122561189	0.216485339729827	0.193264446630386	0.262649472292285
chr10:123750431:C:G	10	123750431	0.23808280618758	0.213281542700436	0.264300522809542
chr10:127533155:T:C	10	127533155	0.0111356093611998	0.172523174632762	0.94853581058477
chr10:129953349:A:G	10	129953349	0.15236117629377	0.22154196251599	0.491622476368982
chr10:130263340:C:T	10	130263340	-0.167219977989146	0.444896970780562	0.707019303725374
chr10:130662147:G:T	10	130662147	-0.137854600764372	0.269976451346872	0.609619178573523
chr10:131485315:A:G	10	131485315	0.0473612823497094	0.374584547043311	0.89938615067736
chr10:131819683:A:G	10	131819683	0.26254323034555	0.209938882236809	0.211091466949777
chr10:131953941:A:C	10	131953941	-0.0728699391934906	0.17378024560653	0.674980572088561
chr11:388357:C:T	11	388357	-0.332498741470061	0.160442889538687	0.0382299554378197
chr11:2257707:C:T	11	2257707	0.133379930157868	0.175175086816411	0.446412668697789
chr11:3623903:G:A	11	3623903	-0.0258135594682531	0.182330783341508	0.887415373640722
chr11:5806222:C:T	11	5806222	-0.230637943214286	0.202592240617956	0.254939203943451
chr11:9789492:C:A	11	9789492	0.0989710930123307	0.172576193614438	0.566311509984999
chr11:14569664:T:G	11	14569664	-0.337969027210183	0.341990737411253	0.323034978082876
chr11:21819583:A:G	11	21819583	-0.0106871996042388	0.450859964489696	0.981088688816332
chr11:36019710:C:A	11	36019710	-0.128047710393516	0.19572792479459	0.512974727081336
chr11:39635569:C:T	11	39635569	-0.10556571932219	0.254452077656172	0.678233660555864
chr11:40512905:C:G	11	40512905	-0.220221165377892	0.251224312039716	0.380708408765007
chr11:41632790:A:T	11	41632790	-0.156705363508173	0.36366084584986	0.666533275311377
chr11:42744986:A:G	11	42744986	0.177575052614232	0.162710080267904	0.275115102289088
chr11:43201079:C:T	11	43201079	0.273935514113523	0.171173559894411	0.109523670902676
chr11:43982585:G:A	11	43982585	-0.106787244286946	0.31270270912209	0.73272896412542
chr11:44330300:A:G	11	44330300	-0.00872154481180236	0.220067559595544	0.968387140854252
chr11:49875094:A:G	11	49875094	0.113138672373679	0.195411987553062	0.562605983779016
chr11:50253126:G:T	11	50253126	0.129947647219764	0.195087472825365	0.505347572534384
chr11:55906271:G:A	11	55906271	-0.0887511315617794	0.227605011301814	0.696584704796444
chr11:56124264:C:A	11	56124264	0.392892012966553	0.337861261734641	0.244878302396207
chr11:57305789:G:A	11	57305789	-0.45892025488649	0.256838773411926	0.0739693569572584
chr11:58998793:A:C	11	58998793	0.10296150138425	0.222814113931743	0.644012508817642
chr11:60456695:C:T	11	60456695	0.327947025789907	0.322371755304561	0.309013334312157
chr11:62505064:A:G	11	62505064	-0.368188908958495	0.31695816765926	0.24538477441171
chr11:63184971:C:T	11	63184971	0.0209530520582836	0.180047019233495	0.907354994874358
chr11:70801858:T:C	11	70801858	-0.0655557690971641	0.205281533087666	0.749464403156065
chr11:71334794:T:G	11	71334794	0.0976677182703817	0.189004791589895	0.605332563299218
chr11:72713691:C:T	11	72713691	0.158595449789174	0.286995403135581	0.580533070186131
chr11:77208574:G:A	11	77208574	0.0631233340039408	0.183719800998819	0.731158545431562
chr11:77376654:A:G	11	77376654	0.348620730672798	0.173732061833033	0.044786152977715
chr11:77897055:A:G	11	77897055	0.233580310118015	0.227812924922684	0.305213957123858
chr11:79339250:G:A	11	79339250	-0.0540246093714668	0.384823762231176	0.888353498028519
chr11:81783030:C:T	11	81783030	-0.12844050875545	0.182214496518175	0.48088097437467
chr11:83962252:C:T	11	83962252	-0.364254622175852	0.24038627410024	0.12969929038989
chr11:86328783:G:T	11	86328783	0.284498105968922	0.222630828515911	0.201287586437212
chr11:86644523:C:T	11	86644523	0.585712878650113	0.331180612646344	0.0769672834081
chr11:93046218:A:C	11	93046218	0.0798654918678691	0.195915059540264	0.683527960105159
chr11:99371984:G:C	11	99371984	-0.178731929445719	0.381131238816864	0.639104559908758
chr11:100626548:G:A	11	100626548	0.360230863382344	0.260229750519771	0.16627270694912
chr11:104129521:G:A	11	104129521	-0.00017006288011307	0.297096295102612	0.999543277579578
chr11:108728662:A:G	11	108728662	-0.434776977072762	0.307834264785606	0.157839996747747
chr11:110338613:G:A	11	110338613	-0.291388476335599	0.240670012016788	0.225995599042189
chr11:110396347:G:A	11	110396347	-0.279903145128815	0.243849288144643	0.251029239651611
chr11:113800784:C:T	11	113800784	0.12333797551252	0.300500683689275	0.6814820497199
chr11:115616504:A:T	11	115616504	0.0243689627541244	0.265411208433166	0.926844329665984
chr11:119630310:G:A	11	119630310	0.386324511033528	0.186299776806827	0.0381098430832698
chr11:123267436:G:A	11	123267436	-0.144005167853449	0.230680537580186	0.532455324436492
chr11:125907492:T:C	11	125907492	-0.417851117035398	0.2096463290471	0.0462478772947449
chr11:126829359:G:A	11	126829359	-0.0638082955052302	0.280105235083675	0.819800830319392
chr11:130038952:T:C	11	130038952	0.42481793505255	0.365309508638823	0.244870624538911
chr11:130290657:C:T	11	130290657	-0.267650185519053	0.32391128048659	0.408629916242999
chr11:131355535:G:A	11	131355535	-0.0516016609963263	0.200469250977596	0.796866630732022
chr11:133238417:A:G	11	133238417	0.364733603830902	0.184803890286704	0.0484243829705047
chr11:133409278:A:G	11	133409278	-0.327516023834862	0.342936205725311	0.33956007930984
chr11:134309503:C:T	11	134309503	-0.143828546165261	0.244522589590437	0.556397072138957
chr12:5192681:C:T	12	5192681	0.170453337441418	0.174965006471192	0.329950355428118
chr12:5448727:G:A	12	5448727	-0.00343214679739857	0.175594038772559	0.984405606242872
chr12:6639294:C:T	12	6639294	-0.502052347292419	0.264511529112851	0.0576913684479049
chr12:19523028:C:A	12	19523028	0.00764768889844917	0.171707568908227	0.964474739831746
chr12:19758400:A:T	12	19758400	0.73523836460034	0.282004193444178	0.00912888301131531
chr12:20003679:T:A	12	20003679	-0.0602472644352874	0.235263620926024	0.797885925976402
chr12:21333090:G:A	12	21333090	0.0293642528285338	0.172747989297642	0.865023363331334
chr12:25518059:A:T	12	25518059	0.0329519138204457	0.2583198350813	0.898495240355596
chr12:28965843:C:T	12	28965843	0.0903498162635005	0.190799740287391	0.635833550677888
chr12:32086665:A:C	12	32086665	-0.285562546318879	0.204392820083795	0.162375650420786
chr12:44631613:C:T	12	44631613	-0.0882343205680177	0.274729575385081	0.748083157293252
chr12:48567461:T:G	12	48567461	-0.0370245390610196	0.244964651501377	0.87986340652898
chr12:51039498:T:C	12	51039498	-0.100668485563675	0.328880166377912	0.759532520717198
chr12:52880890:G:T	12	52880890	0.00216987916519072	0.416225266582256	0.995840460967808
chr12:53646626:C:G	12	53646626	-0.112144361890784	0.23095122861455	0.62726785255907
chr12:53680144:C:A	12	53680144	0.279041248512058	0.168569316328912	0.0978534851045868
chr12:54366280:G:A	12	54366280	0.380398189093805	0.158846818638942	0.0166317665945707
chr12:55599330:T:C	12	55599330	0.607226838855254	0.248731989342909	0.0146349101610668
chr12:56675083:C:T	12	56675083	0.108048803335839	0.160670871831427	0.501274779916722
chr12:57436134:C:T	12	57436134	-0.121746896421722	0.223687060913213	0.586253412531189
chr12:58724212:C:T	12	58724212	-0.063988591545652	0.237510620803612	0.78761142115486
chr12:59048769:A:C	12	59048769	-0.0312796501716909	0.236990949240713	0.894994822081765
chr12:59161225:G:A	12	59161225	-0.0484884760653986	0.260994215882564	0.852614372606718
chr12:59226687:C:T	12	59226687	0.28381582374631	0.211553353739584	0.179732098876062
chr12:63113400:T:C	12	63113400	0.206752129052073	0.295991765132607	0.48486058479578
chr12:64271340:C:T	12	64271340	0.0578176265390058	0.249607343564914	0.816822051209552
chr12:64756705:C:T	12	64756705	-0.0863396994901731	0.196472215609817	0.660335561616734
chr12:67050802:C:T	12	67050802	-0.138535617914356	0.264923116057575	0.601024614309275
chr12:71564908:A:G	12	71564908	-0.221107974971697	0.240358815887517	0.357620887155786
chr12:73909094:G:A	12	73909094	-0.0166538866978227	0.197788170838858	0.932896924912139
chr12:81126959:G:A	12	81126959	0.0824449821675601	0.162799017227257	0.612560527294512
chr12:83608380:A:G	12	83608380	-0.0563849590829004	0.195192160694535	0.772681647616079
chr12:90727178:A:C	12	90727178	0.104459074980121	0.155629701046995	0.502091411185961
chr12:92596791:C:T	12	92596791	0.0258462364436435	0.21850160148333	0.905839033717705
chr12:95914573:A:T	12	95914573	0.122112414269096	0.276001970876463	0.658175813710478
chr12:101611098:G:C	12	101611098	0.251985941664905	0.376536844003924	0.503355226384011
chr12:105967464:T:C	12	105967464	-0.0444953358634165	0.173220891446749	0.79727874927367
chr12:109533295:C:T	12	109533295	-0.0942308422675727	0.286871852617801	0.742550934961599
chr12:112209515:G:A	12	112209515	0.0214719562184234	0.253846346789719	0.932590187770584
chr12:120976632:C:A	12	120976632	-0.105082622862624	0.351003671148995	0.764651981458246
chr12:125875525:T:C	12	125875525	-0.12329496487686	0.203826365867127	0.545244151649168
chr12:126449337:A:G	12	126449337	0.00958001548876089	0.20823185475962	0.963305081920093
chr12:131091094:G:A	12	131091094	0.20626053212759	0.21882792251407	0.345901131097689
chr12:132776953:G:A	12	132776953	-0.186442168851297	0.295172927655171	0.527624045099573
chr13:19545220:A:G	13	19545220	-0.228628951676219	0.204733506933474	0.264116257607164
chr13:22977365:T:G	13	22977365	0.0680366712700161	0.245249822521465	0.781459299548494
chr13:24330599:T:C	13	24330599	-0.274494951287375	0.263015520026023	0.296649455728074
chr13:24623185:A:C	13	24623185	0.0410061192264905	0.193584947358215	0.832243613245301
chr13:25202506:T:G	13	25202506	0.111649042266845	0.248440147253474	0.65314301492658
chr13:26234118:A:T	13	26234118	0.0892017125697132	0.19587592750631	0.648822173957041
chr13:26494236:G:A	13	26494236	0.18175115944549	0.189476101484575	0.337442894120308
chr13:27255876:A:G	13	27255876	-0.347106588596038	0.289609925200033	0.230710207077732
chr13:42909938:A:G	13	42909938	0.0226136097202148	0.197344396901235	0.908770446631445
chr13:45470952:C:T	13	45470952	-0.137191108056486	0.462741851777772	0.766867822418583
chr13:45708351:G:A	13	45708351	0.0978786354740579	0.233877727255883	0.675579065467673
chr13:45809177:C:G	13	45809177	0.100423822719259	0.172829188808062	0.561201208329918
chr13:50558767:A:T	13	50558767	0.127933842640677	0.254840484430683	0.615656702310006
chr13:58710908:G:A	13	58710908	-0.0275816323340809	0.174299593608976	0.874265584852646
chr13:58934154:C:T	13	58934154	-0.0170754921615121	0.202324557735896	0.932741159994163
chr13:70397215:T:C	13	70397215	-0.021538556832193	0.193024313182617	0.911152717221792
chr13:70990050:T:C	13	70990050	-0.0327539000262893	0.34951225543234	0.925337011319383
chr13:75832713:T:C	13	75832713	-0.380869887940293	0.318579801896865	0.231882256165876
chr13:86776101:G:A	13	86776101	-0.152434564098424	0.198709570177123	0.443008739809983
chr13:91472230:T:C	13	91472230	-0.0919075209825813	0.190947006952663	0.630285707079424
chr13:93235990:C:T	13	93235990	-0.331947673540927	0.213808109244797	0.120530797772262
chr13:96765286:G:A	13	96765286	0.307823012967323	0.205898311408841	0.134908057196461
chr13:102180181:A:G	13	102180181	-0.180107931860014	0.189897791391062	0.342902099395113
chr13:104405113:C:T	13	104405113	-0.446720428205078	0.328144913782279	0.173402772285741
chr13:106009559:G:C	13	106009559	0.0220941220958477	0.19780854229558	0.911065656967724
chr13:106084136:A:G	13	106084136	-0.12837495246521	0.189085889696024	0.497186004990241
chr13:112716578:T:C	13	112716578	0.0731477270646134	0.276989340066026	0.791717211645161
chr14:21167555:A:G	14	21167555	0.35050819054237	0.238518965027156	0.141692027251805
chr14:26929954:A:G	14	26929954	0.109279612170154	0.152244366777995	0.472886261123756
chr14:27823594:G:A	14	27823594	-0.0372220803909358	0.246912579939495	0.880172900958792
chr14:34182794:A:C	14	34182794	0.481587461641421	0.257734748926207	0.061686962240296
chr14:38216062:T:A	14	38216062	0.293027612687237	0.177806151611495	0.0993491225812551
chr14:38962987:G:A	14	38962987	0.373104446804444	0.255011387166244	0.143442929375916
chr14:39925237:C:T	14	39925237	0.0789863395198367	0.231227645371499	0.732655270856575
chr14:44446011:A:G	14	44446011	0.0611992168780738	0.253589609426436	0.809298027479803
chr14:48685878:C:A	14	48685878	-0.175190468447613	0.435751559156118	0.687653048916684
chr14:51426205:T:C	14	51426205	0.203270861952241	0.227391618575793	0.371362469379325
chr14:52881822:T:G	14	52881822	-0.259980050984159	0.170624886198161	0.127585263268864
chr14:53358297:A:G	14	53358297	-0.0662073328868784	0.200795140922166	0.74160717841766
chr14:56254615:G:A	14	56254615	-0.0158646920003628	0.191238160581372	0.933885115734726
chr14:57978070:T:C	14	57978070	-0.298037912051145	0.176876729359544	0.0919878918558291
chr14:62445185:T:C	14	62445185	-0.194256209339226	0.182455151767404	0.287021115077345
chr14:67518615:G:A	14	67518615	0.136090541262221	0.175623654391983	0.438399521108116
chr14:68863518:T:G	14	68863518	-0.182159665529886	0.193815850203553	0.34728964057855
chr14:77734277:G:A	14	77734277	-0.306817877841901	0.257148333280541	0.232808585988108
chr14:81022028:G:A	14	81022028	-0.176405664098672	0.310389805543877	0.569806918354381
chr14:81884763:T:G	14	81884763	-0.227464772973671	0.349800074294191	0.515517317352157
chr14:82929256:T:A	14	82929256	0.457189718548189	0.301682364927159	0.129654139280428
chr14:84531019:T:G	14	84531019	0.352331197510258	0.184119424166107	0.0556710993362101
chr14:90804831:C:G	14	90804831	0.234216003141273	0.224704991999766	0.29726025743888
chr14:91397629:G:T	14	91397629	0.113191350163465	0.261991324992166	0.665710626697422
chr14:91961156:T:C	14	91961156	-0.0777522685883897	0.173366069495511	0.653802431392344
chr14:92998270:C:G	14	92998270	-0.517900919696119	0.376735012837041	0.169221756508398
chr14:93757265:G:A	14	93757265	0.0420794396402013	0.322426513443396	0.896164033914653
chr14:93769225:C:T	14	93769225	0.424368670117495	0.31029122656794	0.17142279400523
chr14:98340169:A:G	14	98340169	0.0130441439950961	0.194551013242668	0.946543950361908
chr14:100721312:C:T	14	100721312	0.426560141324478	0.301499045157058	0.157127832599584
chr14:102093442:A:G	14	102093442	-0.873959504846303	0.343367081957362	0.0109195482617249
chr15:24165057:A:G	15	24165057	-0.346776436768632	0.238907228827867	0.146637660888797
chr15:26353849:A:G	15	26353849	0.20827368301576	0.167411738766594	0.213469929711767
chr15:28182824:G:A	15	28182824	-0.386800531981729	0.260381160381236	0.137407033543028
chr15:33665926:A:G	15	33665926	0.265989859740241	0.315656097086709	0.399420231711248
chr15:34880184:A:T	15	34880184	-0.28041990012802	0.235736347290648	0.23422376125273
chr15:37080410:C:T	15	37080410	-0.027031107322234	0.165296636371696	0.870100447784007
chr15:37762539:C:G	15	37762539	0.290855955599732	0.390829614117993	0.456754626321711
chr15:52558833:C:G	15	52558833	-0.838034864694171	0.365107587686247	0.0217154013883647
chr15:55712443:A:G	15	55712443	-0.0905802379489576	0.254137962792328	0.721524918618577
chr15:57522102:A:T	15	57522102	-0.450892594843538	0.194853166104455	0.0206670553945303
chr15:57590535:T:C	15	57590535	0.304233119374195	0.24801822597333	0.219951799051749
chr15:69786285:T:C	15	69786285	-0.280387124755216	0.206426045830802	0.174370620421226
chr15:71331250:T:C	15	71331250	0.435064200347901	0.254943332153659	0.0879125424875067
chr15:74245092:G:C	15	74245092	-0.0551666610209494	0.333044820051832	0.868437627009212
chr15:76807237:T:C	15	76807237	-0.703031334942678	0.353716646055766	0.0468609128118174
chr15:77734259:G:A	15	77734259	0.380865148024823	0.17048928394193	0.0254861268527152
chr15:79750604:G:T	15	79750604	-0.0401266832773262	0.193717507084228	0.835900367330191
chr15:81697597:G:A	15	81697597	0.349415155466053	0.189476843310522	0.0651678691286633
chr15:87989871:C:T	15	87989871	0.238191399497041	0.216128930669239	0.270426837982793
chr15:88891382:T:C	15	88891382	0.16330958356643	0.157299693106191	0.29917386876011
chr15:89804552:C:T	15	89804552	0.175317351212681	0.346282806065924	0.612657481951981
chr15:94791129:A:G	15	94791129	-0.370815974391305	0.270712507233578	0.170756283476345
chr15:97043895:A:G	15	97043895	-0.0917248838655623	0.514073529812049	0.858387209443894
chr15:98725394:C:T	15	98725394	0.0290743230339247	0.369442587724739	0.937272986457243
chr15:100978492:T:G	15	100978492	0.200190670945012	0.271431756365359	0.460796505934868
chr16:2671727:C:T	16	2671727	-0.0815438082973412	0.265299302854887	0.758565312883085
chr16:4957642:T:C	16	4957642	0.200591786577022	0.179892676233044	0.264823141277199
chr16:5884026:G:T	16	5884026	-0.245880299396402	0.177692973919683	0.16643907435612
chr16:6848656:G:A	16	6848656	0.265360851865892	0.168158442841371	0.114556280404686
chr16:7909855:G:A	16	7909855	0.331050114054386	0.167011485966961	0.0474568964819932
chr16:8273542:C:G	16	8273542	-0.168418767357461	0.195487563147728	0.388945171893337
chr16:12394716:C:T	16	12394716	0.245974999034642	0.285704436607419	0.389269891739885
chr16:13985277:C:A	16	13985277	-0.236875279171401	0.405364491293346	0.55898396509427
chr16:17779668:G:A	16	17779668	0.132047327252596	0.205291740590082	0.520082704273629
chr16:29740733:G:C	16	29740733	-0.294709202884805	0.228673728952051	0.197475988435497
chr16:31127124:G:A	16	31127124	-0.0486201671658525	0.19822802357116	0.806244333090674
chr16:56688556:C:T	16	56688556	-0.00372388021619191	0.204746266991674	0.98548905056375
chr16:60324635:A:C	16	60324635	-0.191021153587735	0.175521175346732	0.276459023524562
chr16:60499572:C:T	16	60499572	0.1718097169561	0.192840718572089	0.372960783386597
chr16:62273123:C:T	16	62273123	-0.183634319918777	0.178105981746043	0.302522250674677
chr16:65972427:C:T	16	65972427	0.127788801032012	0.187838126877729	0.496306020433668
chr16:69246420:T:C	16	69246420	-0.0680159579538927	0.202730662914738	0.737248612338657
chr16:71908403:G:A	16	71908403	-0.252323745932691	0.187411233101324	0.178185140408189
chr16:72103328:C:A	16	72103328	0.0374236523430435	0.185331702175019	0.839973044222889
chr16:74837740:A:C	16	74837740	0.522162532754728	0.350919019469456	0.136754627362431
chr16:79886631:C:T	16	79886631	0.361561149423337	0.21562658986827	0.0935829734724669
chr16:81396153:C:A	16	81396153	0.13509712491234	0.179832483744208	0.452509001439097
chr16:82294878:C:G	16	82294878	0.0773238632831207	0.279623346083178	0.782142066238908
chr16:82421890:A:G	16	82421890	-0.392163227568794	0.228170876231085	0.0856642673542877
chr16:83827178:T:C	16	83827178	0.0490675901172398	0.166579341641036	0.768330117596306
chr16:84032337:C:T	16	84032337	-0.266024243797402	0.362003733095818	0.462421092591322
chr16:89303022:G:A	16	89303022	0.0902706116871052	0.320158478075708	0.777977230114115
chr16:89331863:A:T	16	89331863	-0.248521641643725	0.173495539110508	0.152018446287084
chr16:89337630:T:C	16	89337630	-0.322804684962549	0.174265385690444	0.0639721234755913
chr16:89479873:T:G	16	89479873	0.0774516067725134	0.178585463635062	0.664510002527823
chr16:90035976:C:A	16	90035976	-0.0964080139659598	0.235183404228322	0.681859540200993
chr17:2489248:C:G	17	2489248	-0.0555141536888363	0.186255871538763	0.765662579849159
chr17:4147521:T:C	17	4147521	0.208165467072252	0.244839992796361	0.395208214065431
chr17:6949267:T:C	17	6949267	-0.118999060580317	0.179641941724591	0.5076997872392
chr17:7929448:A:G	17	7929448	-0.00782648980913168	0.198849619841394	0.968604297639793
chr17:10308301:C:T	17	10308301	-0.476767371620734	0.477093110521096	0.317641035314308
chr17:12174148:T:C	17	12174148	0.0526026082550003	0.194246244753849	0.786541988392094
chr17:14402381:C:T	17	14402381	-0.302775450570214	0.427211923434427	0.478495612391936
chr17:15219976:C:T	17	15219976	-0.314528961257878	0.211815032819237	0.137564288494719
chr17:16482403:T:A	17	16482403	-0.406423172600542	0.209493992552097	0.0523768897058966
chr17:18684803:A:G	17	18684803	0.0893783740940913	0.204460891909892	0.662008614687678
chr17:20040710:T:C	17	20040710	0.0220255608955298	0.186342257442666	0.905909589367967
chr17:21275023:A:C	17	21275023	-0.0179143951370881	0.173908924105542	0.917954866085119
chr17:30609729:C:T	17	30609729	0.397369210234912	0.280491704773464	0.15657418997493
chr17:31554254:C:T	17	31554254	0.116780641504821	0.201410506293334	0.562040021316653
chr17:33472425:T:G	17	33472425	0.174813824039312	0.212576275282308	0.410873112920919
chr17:44156671:T:A	17	44156671	-0.0173940529835516	0.164331918823621	0.91570368587325
chr17:45754773:C:T	17	45754773	-0.0568551548371626	0.19778541075972	0.773761051817321
chr17:48779278:C:T	17	48779278	-0.219218623114553	0.19167228722158	0.252741519119283
chr17:52703044:C:G	17	52703044	0.284795408967906	0.225274617570768	0.206153094052836
chr17:53282498:G:T	17	53282498	0.0918553683206319	0.18935886463345	0.627615214764564
chr17:58411807:C:T	17	58411807	-0.206319426705303	0.225009230400711	0.359175332568852
chr17:61409438:A:G	17	61409438	0.178891050509259	0.193203519419367	0.35448742811058
chr17:66262233:G:T	17	66262233	-0.195777829634037	0.226194597895005	0.386748880644143
chr17:66751216:C:T	17	66751216	-0.189756876403912	0.178481150295684	0.287702141636439
chr17:66971178:A:G	17	66971178	0.00572744939530923	0.241046017585475	0.981043397757379
chr17:68771033:G:A	17	68771033	0.0299456152421701	0.195022583645157	0.877964977814915
chr17:69081332:C:T	17	69081332	-0.246663694609314	0.230956629273697	0.28551657719013
chr17:69213412:T:C	17	69213412	-0.204258585341951	0.249619981932084	0.413198360638802
chr17:72829246:G:A	17	72829246	0.0896056280611575	0.149424802345259	0.54872593195175
chr17:73506492:C:T	17	73506492	0.194707863236045	0.208086132766682	0.349423540331253
chr17:75360149:C:G	17	75360149	-0.309626706141564	0.337758416972389	0.359294333230145
chr17:77625920:A:T	17	77625920	-0.276429180430312	0.228002218141829	0.225360490424838
chr18:1137045:A:T	18	1137045	-0.0148959902779141	0.163801424693612	0.92754080628415
chr18:4080016:T:A	18	4080016	0.0406822979305263	0.25950644048737	0.875427716752405
chr18:8920896:G:C	18	8920896	0.256071895201589	0.23318878975374	0.272147185072515
chr18:9609299:C:T	18	9609299	0.0944254720144146	0.185507994137419	0.610745033665606
chr18:10572326:C:T	18	10572326	-0.0275380430632189	0.195048203756308	0.887723137834552
chr18:11017906:C:T	18	11017906	-0.156034210975939	0.188264274325977	0.407215242194078
chr18:14686017:A:G	18	14686017	0.194983072653493	0.231882427797279	0.400420535579794
chr18:14895123:C:T	18	14895123	-0.128891483719954	0.157301917382929	0.412564425682258
chr18:30059135:A:G	18	30059135	0.0594402255345145	0.18945925313851	0.753721406689691
chr18:32490781:T:C	18	32490781	0.147434334977681	0.180951846270257	0.41520334595794
chr18:36255061:C:A	18	36255061	0.0628273995361128	0.171420681262104	0.713984527471302
chr18:42762909:A:C	18	42762909	0.102974832737746	0.186364551593481	0.580574896304404
chr18:43928870:G:A	18	43928870	-0.203006928842869	0.318654962583394	0.524076362816104
chr18:44831686:A:G	18	44831686	0.01848283123911	0.298686317990568	0.950658069696391
chr18:45461168:C:T	18	45461168	0.0413599283579246	0.203755244967535	0.839144186429379
chr18:47992191:T:C	18	47992191	0.414444440903317	0.265210421844086	0.118123072654537
chr18:49146783:T:G	18	49146783	-0.118280950109965	0.232815491358054	0.611421171304295
chr18:49872731:C:G	18	49872731	0.272492488335327	0.198079817038827	0.168923782604443
chr18:50485733:T:C	18	50485733	0.367979696186673	0.311291309908384	0.237163171142554
chr18:58120958:C:T	18	58120958	-0.235229635005186	0.250759904200006	0.348209889363611
chr18:59256389:C:T	18	59256389	-0.288833784887918	0.242058970786921	0.232776463073405
chr18:62622293:T:A	18	62622293	0.00297739838558239	0.333805665590107	0.992883318204714
chr18:62998306:G:A	18	62998306	0.216998711299	0.194004584093143	0.263343420828944
chr18:66103927:C:T	18	66103927	-0.0487866977513699	0.177482127019894	0.783406655390637
chr18:66206557:C:T	18	66206557	0.127396396451704	0.18099712828334	0.481520797477037
chr18:68001558:G:A	18	68001558	0.0475105237646798	0.197510341594205	0.809906217654992
chr18:69946690:A:G	18	69946690	0.259596444300955	0.217964845518729	0.233653020622283
chr18:71730181:C:T	18	71730181	-0.201931106268986	0.210004933988428	0.336273635157731
chr18:72912108:T:C	18	72912108	0.203579798406707	0.18107914554649	0.260903308483549
chr18:73248491:G:A	18	73248491	0.0599533374586091	0.27961484215705	0.830224223174838
chr18:77734991:G:A	18	77734991	-0.478056998573619	0.513698153223799	0.352050947635378
chr19:2907557:G:A	19	2907557	0.247171503894245	0.164890018817064	0.133871483416439
chr19:16021187:G:A	19	16021187	-0.42966055553341	0.275179505143403	0.118433449719488
chr19:17584922:G:A	19	17584922	0.249822456033233	0.169963237233845	0.141599209302385
chr19:18704666:C:T	19	18704666	0.108168288387215	0.274766129161624	0.693821719950492
chr19:18737022:C:T	19	18737022	0.0269052950094392	0.198962411087645	0.892431585450255
chr19:18805179:A:G	19	18805179	0.300092924228266	0.205373031718157	0.143958091331796
chr19:21560366:G:T	19	21560366	-0.235659146087314	0.18710566693012	0.207850641811522
chr19:21659434:G:C	19	21659434	-0.687733359762513	0.256037890012142	0.00722999141814584
chr19:33474662:T:C	19	33474662	-0.560263045385963	0.183920574786214	0.00231736060262677
chr19:37956680:C:T	19	37956680	0.29443931756742	0.21238569677815	0.165642345561793
chr19:38120117:A:T	19	38120117	-0.0943303391441365	0.294502704404395	0.748738032989029
chr19:44380983:T:C	19	44380983	-0.0510085156691769	0.214588385436403	0.812110687911675
chr19:44819986:A:G	19	44819986	-0.302920341720126	0.208902631138342	0.147043133182085
chr19:48685001:C:T	19	48685001	-0.364187364799267	0.25011407215099	0.145369105875405
chr19:51210487:G:T	19	51210487	-0.0985038421589751	0.301379540810911	0.74378651190987
chr19:51552139:T:A	19	51552139	-0.492536050675361	0.310242755984748	0.112380719257508
chr19:52714810:C:T	19	52714810	0.0613787680882418	0.184622317001148	0.739545077200047
chr19:53330671:T:C	19	53330671	-0.194504417984891	0.227451973376036	0.392470879484333
chr19:54944544:G:A	19	54944544	0.0703345694052599	0.269698134868255	0.794254477067031
chr19:57195010:G:C	19	57195010	-0.459707000055054	0.332558983154638	0.1668697148651
chr20:1709120:A:G	20	1709120	-0.233423682662105	0.188357967968288	0.215250824309761
chr20:1735934:T:G	20	1735934	0.0164287988641092	0.165691817249962	0.921016992198565
chr20:1906500:G:T	20	1906500	0.086723457488106	0.22824299838794	0.703974301696118
chr20:3649460:G:A	20	3649460	-0.312450105501491	0.189286495617483	0.0988053661306998
chr20:5407753:C:T	20	5407753	-0.120460443949545	0.205736798754431	0.558206507940447
chr20:5860313:T:C	20	5860313	-0.323818402554912	0.19720134843381	0.100575514516839
chr20:7000966:A:C	20	7000966	0.264262263956503	0.244321583207636	0.279422954702229
chr20:12129436:G:A	20	12129436	0.265648106117697	0.2542278566945	0.296059337922358
chr20:13244402:C:A	20	13244402	0.56507587004652	0.299482475178329	0.0591816890329799
chr20:31347432:T:C	20	31347432	-0.266370408006979	0.182259706183654	0.143881514395134
chr20:37593342:C:T	20	37593342	-0.100733210735064	0.176367677981174	0.567894849402244
chr20:38200488:G:A	20	38200488	0.157259776248619	0.166629128333964	0.345286568984665
chr20:38350608:A:G	20	38350608	-0.0916739770684134	0.160931360145568	0.568917520982773
chr20:45729681:A:G	20	45729681	-0.208932345965469	0.190484419736654	0.272708093163584
chr20:48501317:C:T	20	48501317	0.0138040087699132	0.198681766573622	0.944609155837139
chr20:49036824:T:G	20	49036824	0.133760348976211	0.174546751274197	0.443480186650047
chr20:50371082:C:T	20	50371082	-0.31218306687192	0.264242127384603	0.237432712027797
chr20:52513956:G:A	20	52513956	-0.338451622156239	0.327496204644069	0.301392401703761
chr20:54253971:A:G	20	54253971	-0.17826175568705	0.189803706640176	0.347633168678186
chr20:58480201:T:G	20	58480201	0.0309299213180324	0.153867721203523	0.840685821983573
chr20:60073360:C:T	20	60073360	-0.264085102227114	0.168269734787947	0.116551193089968
chr21:14869783:A:G	21	14869783	0.0403879549212858	0.380806245638553	0.915535488127412
chr21:15297615:T:C	21	15297615	0.248599637528522	0.21560916663087	0.248906066200586
chr21:15686888:A:G	21	15686888	-0.0936888058861472	0.320339700757174	0.769929552686559
chr21:18805376:C:A	21	18805376	0.40051734819916	0.354029137928895	0.257923871286203
chr21:22007486:G:T	21	22007486	-0.300875449369567	0.359180044329461	0.402214343735894
chr21:24026351:C:T	21	24026351	0.125291902191579	0.207330663345493	0.545637850781363
chr21:26647335:G:C	21	26647335	0.00229879713692055	0.198405814909733	0.990755645402697
chr21:28043199:C:G	21	28043199	0.0495430017722555	0.216078509074656	0.818649422477982
chr21:29538421:G:A	21	29538421	-0.045979889211682	0.363610513102473	0.899372808846325
chr21:31885030:A:G	21	31885030	-0.0500900954753464	0.195212566794748	0.797493306294433
chr21:35502622:A:T	21	35502622	0.166911573131364	0.195386608685046	0.392959218992323
chr21:36306638:T:G	21	36306638	0.216902980196996	0.204406576266609	0.288628536322317
chr21:41442549:G:A	21	41442549	0.168764615378857	0.160688066985382	0.293597543015424
chr21:42627184:G:A	21	42627184	-0.0934652474870001	0.375654913107612	0.803510744318562
chr22:20147688:T:C	22	20147688	0.130883831834137	0.217388795250559	0.547125828692002
chr22:23891985:A:G	22	23891985	-0.106518360921109	0.212174811181864	0.615645621174962
chr22:24245985:G:T	22	24245985	0.101707112239469	0.222305408719917	0.647303983885251
chr22:28624303:G:A	22	28624303	-0.495199252050848	0.286815982484837	0.0842503185876791
chr22:30376697:C:T	22	30376697	0.0408150430057487	0.30130027388462	0.892245805778706
chr22:30662128:G:A	22	30662128	0.104576764449941	0.191664834966072	0.585325031331639
chr22:36298345:C:A	22	36298345	-0.271187217045819	0.315052942471308	0.389366312028582
chr22:36977479:G:A	22	36977479	0.169748207155494	0.271198497238752	0.531368277188616
chr22:42475109:T:G	22	42475109	-0.128371079246455	0.2035785754316	0.528319994610657
chr22:44719519:A:G	22	44719519	-0.188304924545042	0.2801444781451	0.501474998524226
chr22:44805054:T:C	22	44805054	-0.0421384417773201	0.348686953965585	0.903810701527082
chr22:45210278:T:C	22	45210278	0.0774139435477471	0.202948058285788	0.702871534576063
chr22:47062473:C:T	22	47062473	-0.301449541723109	0.282334434359581	0.285654154519491
chr22:48785864:A:G	22	48785864	-0.20709378080479	0.302078736609874	0.492989188259042
chr22:49668266:A:G	22	49668266	0.0805952403919595	0.217402749036927	0.710847143284959
chr22:49926053:G:A	22	49926053	0.682672869588495	0.364639929625296	0.0611812172659545
