SNP	CHR	POS	est	stderr	pval
chr1:1837340:C:T	1	1837340	-0.176403764482764	0.488153095508446	0.71782305462202
chr1:2261200:G:C	1	2261200	0.30931053892586	0.252698306176985	0.220940565447483
chr1:14678191:A:C	1	14678191	0.277501571815745	0.197900007591351	0.160846207533184
chr1:14985097:C:T	1	14985097	0.21791754044624	0.289660976359275	0.451859069347999
chr1:15065941:C:T	1	15065941	0.297151080608455	0.278169015682457	0.285412571616174
chr1:20215506:G:C	1	20215506	0.646112990615607	0.263424347702569	0.0141770441838927
chr1:20533654:G:C	1	20533654	-0.161199191782038	0.61123781935727	0.791991202413059
chr1:22009627:T:C	1	22009627	0.122119426345292	0.29045079547794	0.67415828385632
chr1:22126221:C:T	1	22126221	-0.378736885616394	0.233978492833861	0.105515599697572
chr1:23180575:A:G	1	23180575	-0.0552863799756129	0.301935499609872	0.854714384493791
chr1:26058659:G:C	1	26058659	0.0312845652238169	0.348730432531761	0.928517764568343
chr1:26181362:A:G	1	26181362	0.35396464760697	0.207226824139578	0.0876173329767971
chr1:26848285:C:T	1	26848285	-0.317793274837535	0.805535676792311	0.693203267417537
chr1:28670719:C:T	1	28670719	0.130184277125588	0.194629831383208	0.503571126121674
chr1:29753056:A:C	1	29753056	-0.306110688064149	0.299084531204254	0.306075180857004
chr1:29908726:A:G	1	29908726	-0.0441507021872272	0.245271484564447	0.857146694859149
chr1:31886486:G:T	1	31886486	0.250659937174473	0.23696923640862	0.290158411821379
chr1:37838865:C:T	1	37838865	0.407118026333464	0.272738330432335	0.135514273424363
chr1:39880059:T:C	1	39880059	0.239630631081152	0.194994844353107	0.219106480707079
chr1:41175014:G:A	1	41175014	0.492902596943613	0.493454485303926	0.317852059343717
chr1:41597921:C:T	1	41597921	-0.937746355392309	0.754284485989439	0.213784431906332
chr1:42635725:A:G	1	42635725	0.33868403891827	0.28987840714032	0.242659213606048
chr1:43202709:G:A	1	43202709	0.183236894380327	0.311419817997838	0.556269282023293
chr1:47498869:G:A	1	47498869	-0.257946719020055	0.391003714958356	0.509443792295443
chr1:51034150:G:A	1	51034150	0.288171716624428	0.227670493876619	0.205606079145384
chr1:54900240:G:A	1	54900240	-0.177471278693021	0.213210919103483	0.405197732455677
chr1:55459433:C:T	1	55459433	-0.250283982276201	0.617043953341756	0.685023482072358
chr1:56563907:C:T	1	56563907	-0.528729474447677	0.483300627016798	0.273956259117065
chr1:65351414:T:A	1	65351414	0.0126862675643474	0.177312319895035	0.942961957421246
chr1:66254178:T:A	1	66254178	0.324804272693012	0.248505565996944	0.191202464513763
chr1:73302339:T:C	1	73302339	0.0770061946567331	0.293538038317409	0.793060834323388
chr1:73563666:T:C	1	73563666	0.492960396289962	0.256424566714677	0.0545506360288863
chr1:76062379:T:C	1	76062379	-0.64256554947534	0.287155101201536	0.0252409480693884
chr1:86928231:G:T	1	86928231	-0.293181288788273	0.291012591977808	0.313717496103424
chr1:88611347:G:A	1	88611347	0.546778777981541	0.329509291797418	0.0970406804335664
chr1:91057167:C:A	1	91057167	0.214276978363278	0.221352892037981	0.333027721566191
chr1:91093925:G:A	1	91093925	-0.36831054956795	0.348016337707453	0.289912329210209
chr1:92475800:A:G	1	92475800	0.115102070304232	0.278181429241949	0.679045346615769
chr1:94752415:G:A	1	94752415	0.134046561465117	0.230363464674412	0.560639709352938
chr1:95614324:G:A	1	95614324	-0.61395747811825	0.341466032792434	0.0721762879049537
chr1:99691102:T:C	1	99691102	-0.312132283249696	0.364871480450643	0.392297560879714
chr1:104937367:T:A	1	104937367	-0.0200364486518245	0.403631905976102	0.960408952967725
chr1:115841221:A:T	1	115841221	0.114078783138783	0.272220708999111	0.675166986680625
chr1:153704237:C:A	1	153704237	-0.580877129966005	0.34000867615967	0.0875587074464893
chr1:155857667:G:T	1	155857667	0.178035358043626	0.27496619828681	0.517320760377208
chr1:157334223:T:C	1	157334223	0.450628414334566	0.272565549049429	0.0982729634419236
chr1:159540226:C:T	1	159540226	0.0783200341590195	0.218929449755497	0.720537168284353
chr1:165647351:T:C	1	165647351	-0.106102483870433	0.268927820467161	0.693183220464486
chr1:167545338:A:T	1	167545338	-0.698296182856852	0.707892078103365	0.323915081784819
chr1:168863629:G:A	1	168863629	0.348534236143836	0.198693600144349	0.0794083796682904
chr1:171350391:G:A	1	171350391	0.290225389940663	0.245720327990779	0.237554738779995
chr1:173013575:C:G	1	173013575	0.28397636194723	0.234337600410656	0.225579050674594
chr1:178947344:C:A	1	178947344	-0.453543717115654	0.486192230601497	0.350898170205269
chr1:182872646:T:G	1	182872646	-0.0215491822025987	0.311152583988937	0.944785851466671
chr1:185127444:C:G	1	185127444	0.522173404808886	0.253357540020299	0.0393017165870697
chr1:185619557:C:T	1	185619557	0.585685002611637	0.304502392874512	0.0544277325147721
chr1:186638909:G:T	1	186638909	0.303278283157289	0.215917197590228	0.160138895995324
chr1:188272062:T:C	1	188272062	-0.36724740243472	0.33977814286419	0.279766204141666
chr1:193365737:C:T	1	193365737	-0.080930088808172	0.145087600628477	0.57697990279077
chr1:193791070:G:T	1	193791070	0.583762052590037	0.339551020776323	0.0855747778493592
chr1:195033388:T:C	1	195033388	0.461248180810171	0.239992365353345	0.0546147477562831
chr1:195907914:A:G	1	195907914	0.283044322236145	0.256643091345048	0.270083021284904
chr1:196692375:G:C	1	196692375	-0.502883502371311	0.418327760683549	0.229313950578759
chr1:197559019:A:G	1	197559019	-0.256406335946328	0.299348816437708	0.391695277566658
chr1:199160726:G:A	1	199160726	-0.474508301424419	0.340341799459305	0.163253878680562
chr1:204277152:T:C	1	204277152	0.162968787035436	0.316293757596464	0.606381805182779
chr1:207498131:C:T	1	207498131	0.440204286297261	0.315108049290524	0.162415153924026
chr1:208744577:C:T	1	208744577	0.33428188539101	0.284798431652656	0.240495561687337
chr1:210496535:G:A	1	210496535	0.120478166287401	0.257318353750883	0.639636811810674
chr1:212937214:T:G	1	212937214	-0.206222403322935	0.280500465143551	0.462221039256072
chr1:219750864:A:G	1	219750864	0.0285189646698956	0.23688190747933	0.904171698547849
chr1:221920463:G:A	1	221920463	-0.342485071897791	0.24418944240229	0.160754529446833
chr1:227462684:A:G	1	227462684	0.0260792185775476	0.329990288380273	0.937008553633083
chr1:234456961:G:A	1	234456961	0.516509915170669	0.217736749987772	0.0176836600166348
chr1:237308322:A:G	1	237308322	-0.045958951179102	0.371149894858125	0.90145103070066
chr1:239000642:T:C	1	239000642	-0.451962802598865	0.570099676463635	0.427906847949416
chr1:242239801:C:T	1	242239801	-0.192157707021697	0.209741168508839	0.359579886274642
chr1:244583991:C:T	1	244583991	-0.0823316506311259	0.250369904451809	0.742276593306259
chr1:246213578:G:A	1	246213578	0.225255603880702	0.256189569836831	0.379263783168309
chr1:247190028:T:C	1	247190028	-0.350175091186951	0.522308019537881	0.502578681873991
chr1:247897239:C:T	1	247897239	0.300519566847634	0.243877316490577	0.217853041132297
chr2:3248328:A:G	2	3248328	0.0658178454653159	0.185746577239974	0.723082467228828
chr2:4505759:T:G	2	4505759	0.771483534047327	0.287906450205954	0.00737029868660344
chr2:6804400:G:A	2	6804400	0.617485278930188	0.26400162919884	0.0193382824381986
chr2:9411790:A:C	2	9411790	-0.677755736967646	0.287039994465901	0.0182164338404183
chr2:12096367:C:T	2	12096367	-0.142762434917564	0.451252108572236	0.751722012374496
chr2:13545005:C:T	2	13545005	0.507896485945656	0.268776389910242	0.0588032015687034
chr2:16009716:A:G	2	16009716	-0.134954953732921	0.23804990887927	0.570769393349742
chr2:16367899:A:T	2	16367899	0.284317294205024	0.242090650703304	0.240224866675868
chr2:17630111:A:C	2	17630111	-0.0112298129147012	0.351297998363569	0.974498663188433
chr2:17928966:C:G	2	17928966	0.273589047281387	0.368913284054192	0.458324867658983
chr2:18261494:A:T	2	18261494	0.146589559326151	0.285387206538807	0.607495684526336
chr2:19530615:T:C	2	19530615	-0.533951643311973	0.280512231704397	0.0569769090037464
chr2:19562158:T:C	2	19562158	0.112174685976694	0.310701501592595	0.718071913082888
chr2:27383116:G:A	2	27383116	-0.27924408740704	0.227091724718432	0.218826963711345
chr2:37762298:C:T	2	37762298	-0.504425708591086	0.354303543409395	0.154530265436528
chr2:42010994:T:A	2	42010994	0.268199743359359	0.219806651461122	0.222403434668878
chr2:45824390:C:G	2	45824390	-0.199692365449385	0.556986923804098	0.719952304612206
chr2:46742820:T:C	2	46742820	-0.158558398550509	0.467654554995662	0.734571867974741
chr2:49789441:T:C	2	49789441	-0.0559250916809506	0.303131277035056	0.85362803010685
chr2:49994518:G:A	2	49994518	-0.37215723112451	0.225617951310392	0.0990448617291075
chr2:51284042:G:A	2	51284042	0.582219345372869	0.279546365281873	0.0372759248167046
chr2:51344078:G:A	2	51344078	-0.148383727684005	0.414018713045403	0.720045038201939
chr2:57278002:C:A	2	57278002	-0.0127136540210886	0.262869083463206	0.961425380493674
chr2:57368273:A:G	2	57368273	-0.271197552210064	0.373018344629297	0.467204252500628
chr2:60075157:T:C	2	60075157	-0.567967764331601	0.559047776342227	0.309650491684553
chr2:60373837:A:G	2	60373837	0.125113951169698	0.505246593435796	0.804421099292575
chr2:61147014:T:C	2	61147014	-0.468027416905991	0.294179447258774	0.11161882020689
chr2:61693274:A:G	2	61693274	-0.58465056475525	0.334724877319293	0.0806963272956521
chr2:65295480:C:T	2	65295480	0.20444211954059	0.297331079627496	0.491710493533156
chr2:66031496:T:C	2	66031496	-0.212679405674717	0.293287032650146	0.468355173428218
chr2:69165635:T:C	2	69165635	0.065240148012199	0.188354173487974	0.729065015205561
chr2:71204755:G:A	2	71204755	-0.193814313543515	0.461455327378245	0.67448058404758
chr2:72022684:A:G	2	72022684	0.39482775385706	0.3608135813737	0.273836243070795
chr2:76651386:C:A	2	76651386	0.570867310342291	0.288405198931562	0.0477717454291251
chr2:79784490:C:G	2	79784490	0.139283852619178	0.202459778386264	0.491479142092364
chr2:82619301:T:C	2	82619301	0.295009908787796	0.268941089511781	0.272671408922229
chr2:83181917:T:C	2	83181917	0.425622182857831	0.248218050424695	0.0863982543301646
chr2:83400799:T:A	2	83400799	0.478025825488798	0.30713184145153	0.119608496265557
chr2:85744328:G:A	2	85744328	0.652827999502559	0.328867549854347	0.0471357056392843
chr2:85757440:T:A	2	85757440	0.119189538076295	0.227165409003445	0.599804465321816
chr2:99811694:T:C	2	99811694	0.185585152402139	0.222751313973301	0.404760402907068
chr2:101228073:A:C	2	101228073	-0.138804245097719	0.139466753834427	0.319614834420224
chr2:106861882:T:C	2	106861882	-0.344507970983853	0.574917919331941	0.549019628701551
chr2:108083619:T:C	2	108083619	-0.25263869537288	0.481807987428204	0.600031262253194
chr2:114129906:T:C	2	114129906	-1.1702501560204	1.03888058300218	0.259973821203214
chr2:118004610:C:T	2	118004610	0.18210437257062	0.2167431609639	0.400804615961489
chr2:119455921:A:G	2	119455921	-0.235929927136222	0.40762821279223	0.562732876243596
chr2:120644763:G:A	2	120644763	-0.422776504478302	0.152075059945318	0.00543502717266642
chr2:120916837:A:G	2	120916837	0.193763194849995	0.177259786376548	0.274348602286465
chr2:122628686:C:A	2	122628686	0.479090138411246	0.25849027439156	0.0638226848436853
chr2:122629789:A:C	2	122629789	0.376813262549457	0.245473707383548	0.124772699349151
chr2:126391403:A:G	2	126391403	-0.718253754191038	0.4016379106486	0.0737257415328506
chr2:127192867:G:A	2	127192867	0.282607476292944	0.28723446520437	0.325168987613884
chr2:130915743:C:T	2	130915743	0.304973372050657	0.359538188006662	0.396306338926624
chr2:136107122:C:T	2	136107122	0.65446980247699	0.381061990965197	0.0858898507605221
chr2:136507185:G:C	2	136507185	0.41870755639209	0.225774757502856	0.0636624256452439
chr2:141023592:C:T	2	141023592	-0.0850564208603496	0.364542683340291	0.815510113609609
chr2:143017176:T:C	2	143017176	-0.230685463416495	0.659582547711484	0.726530345869492
chr2:143920023:G:T	2	143920023	-0.38056825637574	0.313365666241019	0.224574320727559
chr2:144729333:C:T	2	144729333	0.0661116412871726	0.252644660121871	0.793569422614257
chr2:148561010:G:C	2	148561010	-0.0502642862521494	0.347055731929444	0.884844629905823
chr2:154835349:G:T	2	154835349	0.22738531877351	0.246679856001324	0.356641731994153
chr2:164974626:C:A	2	164974626	0.470502167912852	0.271513004796076	0.0831152239534185
chr2:167086954:T:G	2	167086954	0.215998606203199	0.275732834217619	0.43341460321835
chr2:167199229:C:T	2	167199229	0.432893471001754	0.222928529602938	0.052155421674675
chr2:167657344:C:T	2	167657344	-0.384326844576602	0.318003940485809	0.226831928874398
chr2:167884398:C:T	2	167884398	-0.930201552243098	0.660005806772303	0.158721684664958
chr2:168647356:T:G	2	168647356	0.351652222363846	0.204575886146115	0.0856265896561511
chr2:170041677:A:G	2	170041677	-0.794759110390334	0.888272270647954	0.370934289920305
chr2:171274449:C:A	2	171274449	-0.127138129846413	0.350491942619555	0.716797661323297
chr2:177787584:G:A	2	177787584	-0.270816656408418	0.309162380929775	0.38104689589123
chr2:179648558:C:T	2	179648558	0.345752761994721	0.226536916167298	0.126946743386424
chr2:180833197:G:A	2	180833197	0.312743002802868	0.301543545743039	0.299670415239439
chr2:183527028:C:T	2	183527028	-0.0945017131766841	0.404700988532999	0.815365433408566
chr2:184516924:T:A	2	184516924	0.0171400724128104	0.179927033547328	0.924107328213251
chr2:191922008:C:T	2	191922008	0.331014811625674	0.241422006913827	0.170342367481646
chr2:195817951:G:C	2	195817951	0.494377457912653	0.351355552084281	0.159410344893255
chr2:197010424:G:A	2	197010424	0.050314322270479	0.452011145311659	0.911368838760209
chr2:209101337:G:A	2	209101337	0.0743640122239053	0.0972594740975959	0.444513331537943
chr2:209103516:A:G	2	209103516	0.0681320536844011	0.199166663960167	0.732286451530997
chr2:210957182:G:A	2	210957182	-0.101215058448604	0.340107680344464	0.766010690252971
chr2:214802180:T:C	2	214802180	0.527596674225456	0.292777933955765	0.0715395820576223
chr2:215209936:A:G	2	215209936	0.0994678979607932	0.200874962211642	0.620477866148678
chr2:215367000:G:A	2	215367000	0.430410721193744	0.299643741340363	0.150886226831022
chr2:220997842:C:T	2	220997842	0.59855960930044	0.29092873857431	0.0396468326940753
chr2:226027918:G:A	2	226027918	0.287571851700254	0.215534811947448	0.182130254471868
chr2:228947684:G:A	2	228947684	0.0791313251167184	0.249927337905507	0.751533988355
chr2:233152507:T:C	2	233152507	-0.00578697361155428	0.275924672508248	0.983267178045329
chr2:235620294:A:T	2	235620294	0.100335928949288	0.248651070797186	0.68656498856847
chr2:237288548:A:G	2	237288548	-0.160702232701569	0.137316829742369	0.241879245755114
chr2:237513585:T:C	2	237513585	-0.00702672712206897	0.224385682199041	0.975018009967966
chr2:237920759:T:G	2	237920759	0.0501182578997889	0.246032823003793	0.83858358462584
chr2:240429648:C:T	2	240429648	-0.0126122835650802	0.144334712595706	0.930367723971953
chr3:9841346:T:C	3	9841346	0.767125488713845	0.36981630212584	0.0380475595469298
chr3:10127208:T:G	3	10127208	0.181167117747271	0.2811366044115	0.519309881842017
chr3:14082905:A:G	3	14082905	0.114758737714258	0.25532670811831	0.653100999639198
chr3:16798495:T:G	3	16798495	-0.529719971866116	0.435603064364517	0.223961621126257
chr3:18882818:T:C	3	18882818	-0.114973358225265	0.11220026576385	0.305497418685367
chr3:20179943:G:A	3	20179943	0.274259814509852	0.269508024205942	0.308853183018701
chr3:22245167:A:G	3	22245167	0.0421180046565246	0.319324946387728	0.895065756095011
chr3:24009496:G:A	3	24009496	-0.0634664439334795	0.378104142726012	0.866697824734958
chr3:24010534:C:T	3	24010534	0.0614583980201639	0.252407006673921	0.807626395654643
chr3:33111016:C:A	3	33111016	-0.214629077104014	0.512550820141975	0.67540110133307
chr3:33421913:A:G	3	33421913	-0.217109692604528	0.221520132156491	0.32704163635265
chr3:34471110:A:G	3	34471110	-0.0250083849777601	0.165742825491883	0.880065106549993
chr3:34498029:C:T	3	34498029	-0.0686193773976126	0.475569019058672	0.885272265459454
chr3:35230331:G:A	3	35230331	-0.254741224507882	0.331774610611368	0.442597635618851
chr3:41413926:T:C	3	41413926	0.0484128136096452	0.170663126911679	0.776659674799067
chr3:42098050:T:C	3	42098050	-0.104500699904941	0.341525777589572	0.759618441292247
chr3:46489654:A:G	3	46489654	0.220720651873547	0.186427010857707	0.236432022730485
chr3:56959175:A:G	3	56959175	-0.2097163327014	0.445503730773201	0.63782656599067
chr3:64441608:G:A	3	64441608	0.194374363340494	0.371763543423506	0.601082770109811
chr3:66150510:T:A	3	66150510	-0.110878621684493	0.202854554793835	0.584659253191702
chr3:66995763:G:T	3	66995763	-0.250451986101975	0.322514666431143	0.437418414671737
chr3:68498445:T:C	3	68498445	0.269294156092076	0.297761479814525	0.365785699124631
chr3:68824246:G:A	3	68824246	-0.493330064989337	0.388316515975442	0.203930481709464
chr3:69021248:A:C	3	69021248	-0.309361202035923	0.282632775991615	0.273705305906456
chr3:69617754:T:G	3	69617754	0.00662147754660235	0.225644044005031	0.976589603386494
chr3:74191731:G:A	3	74191731	-0.118850693879478	0.289328692787566	0.681233217284476
chr3:74732240:G:A	3	74732240	-0.103902962930012	0.154042021979596	0.499986805625714
chr3:75709324:A:T	3	75709324	0.170872174144452	0.324498512659779	0.598490105510729
chr3:84465702:T:C	3	84465702	0.311024885770036	0.235041992115353	0.185744375657171
chr3:84817748:G:A	3	84817748	0.339106554421386	0.339212217757684	0.317461277291492
chr3:85705423:A:G	3	85705423	0.140065374397934	0.217661476368913	0.519899075950854
chr3:88069353:C:T	3	88069353	0.516302482397211	0.330316119009042	0.11803950146465
chr3:93986190:G:A	3	93986190	-0.845983716007222	0.531817108439671	0.111667690727357
chr3:101022648:G:A	3	101022648	0.131271061448323	0.238408027190112	0.581897550492612
chr3:105622159:T:C	3	105622159	0.753441531886958	0.372229850421665	0.0429567983938012
chr3:106664728:C:T	3	106664728	0.479167655965446	0.277011068206848	0.0836699436743402
chr3:110774699:C:T	3	110774699	0.0753634418192744	0.256490572209913	0.768891334364413
chr3:113428518:G:A	3	113428518	0.339343125469879	0.267964109309238	0.205378754795469
chr3:121058963:T:G	3	121058963	0.152932232988722	0.345232538207729	0.657777847681653
chr3:122312606:G:A	3	122312606	-0.103517045840516	0.323727560778136	0.749145773499447
chr3:124193435:A:C	3	124193435	-0.163774878594909	0.29189671953162	0.574748916627793
chr3:124804582:A:T	3	124804582	0.0270874601602899	0.216253717978077	0.900319477274049
chr3:126773646:G:T	3	126773646	-0.00400143891599812	0.262027640088891	0.987815933298096
chr3:131110446:C:G	3	131110446	0.0623316812017704	0.384332853387305	0.871162922582359
chr3:131209978:G:T	3	131209978	-0.500633834701763	0.416053513729215	0.228863371610536
chr3:133982842:C:T	3	133982842	0.245337289828228	0.201493909536658	0.22337921164487
chr3:134929007:C:T	3	134929007	0.102082262817234	0.445000357268839	0.818559466737655
chr3:137777496:C:T	3	137777496	-0.106702696532615	0.535855769367041	0.842164357702119
chr3:146265901:G:T	3	146265901	0.113832808032746	0.197277565530706	0.563926947691441
chr3:148006706:G:A	3	148006706	-0.234516858338386	0.743242288760954	0.752357623204305
chr3:149679065:C:A	3	149679065	0.00142261014650773	0.188070796569729	0.993964677832301
chr3:150888061:C:A	3	150888061	0.487442801808002	0.289026043679199	0.0916992826369196
chr3:152663712:G:C	3	152663712	0.198022990909138	0.181381062296891	0.274942477599624
chr3:159417151:A:G	3	159417151	0.128369438493128	0.160381831444746	0.423479728869729
chr3:164899350:G:A	3	164899350	0.251301881767456	0.317144429778736	0.428133663071881
chr3:168053836:T:C	3	168053836	-0.228508981097391	0.383133159877649	0.550893459309241
chr3:171028381:G:A	3	171028381	0.356773709013145	0.234098765536986	0.127501038656109
chr3:174497130:T:C	3	174497130	0.279507599041234	0.242800764131531	0.249657826525418
chr3:176663180:T:G	3	176663180	0.343018398363464	0.246947267414029	0.16482210642339
chr3:196706550:C:T	3	196706550	0.176626425546835	0.251804932310971	0.483027540317714
chr4:332191:G:A	4	332191	0.404413306366426	0.331495914526702	0.22247826556547
chr4:8816874:T:C	4	8816874	-0.279934561140398	0.216470180374663	0.195949365043293
chr4:9851274:C:G	4	9851274	0.43173858811321	0.255563246603098	0.0911502653555222
chr4:10725805:A:G	4	10725805	0.367390367011119	0.248410121809849	0.139149140834118
chr4:13219910:C:T	4	13219910	-0.298184882804	0.403857790764538	0.460307080597352
chr4:18747099:A:G	4	18747099	0.214093897209253	0.310535781657584	0.490550251989812
chr4:20840555:C:T	4	20840555	-0.162841501210726	0.231257778853693	0.481335767070941
chr4:21137718:C:T	4	21137718	-0.295379255597963	0.38922209609572	0.44791452023303
chr4:26851610:T:C	4	26851610	-0.0590551112943145	0.289957112811491	0.838612610610688
chr4:32302160:A:T	4	32302160	0.362896714430187	0.224312863339846	0.105702473319748
chr4:34501888:A:G	4	34501888	-0.175162741017615	0.365849071038773	0.632092184821995
chr4:40603484:A:G	4	40603484	-0.236803046314184	0.276944603264654	0.392520343250992
chr4:41002348:C:T	4	41002348	0.550801562333674	0.285249884974351	0.0534899744203935
chr4:44018406:T:G	4	44018406	-0.322679667535398	0.249277898393763	0.195507409337116
chr4:44680448:T:C	4	44680448	0.192186187166502	0.210875623515365	0.362099280602574
chr4:55337032:C:T	4	55337032	-0.00473974651130805	0.0921027744475483	0.958957783327743
chr4:55659669:G:A	4	55659669	0.211199732506646	0.218269055023771	0.333238237687859
chr4:56719096:C:T	4	56719096	-0.486158194467339	0.482692228408978	0.313848047552455
chr4:58944563:C:T	4	58944563	0.460909148387102	0.281708146801744	0.101813869638967
chr4:61158247:C:G	4	61158247	-0.0732673773070318	0.245501840913151	0.765367960729861
chr4:64485722:G:A	4	64485722	0.405289044092898	0.273735504354432	0.138716841950278
chr4:67708732:C:T	4	67708732	0.126135092477906	0.270742471691753	0.64129719442266
chr4:67911021:C:T	4	67911021	-0.040816432091907	0.260444053512498	0.875466613477506
chr4:90022599:G:T	4	90022599	0.199788446154396	0.234723979270472	0.394678624238754
chr4:95020597:A:T	4	95020597	-0.347293533611147	0.359223492808887	0.333649229126998
chr4:95433170:T:C	4	95433170	-0.165071627935602	0.413022003722041	0.689401154004515
chr4:97398054:G:A	4	97398054	0.663920024989103	0.353708702204676	0.0605146875675914
chr4:98823404:T:C	4	98823404	-0.354586287890111	0.528901839841487	0.502590189374099
chr4:99262681:C:G	4	99262681	0.0766436064649972	0.408807664628238	0.85128364077522
chr4:99355957:G:T	4	99355957	-0.124518560071944	0.298029043638424	0.676088381097622
chr4:101085120:T:C	4	101085120	0.445439691620783	0.268903559061592	0.0976198931918926
chr4:102399971:C:T	4	102399971	-0.476270684115134	0.359459448865069	0.185183225730819
chr4:102884286:T:C	4	102884286	0.229045713790717	0.244951357884935	0.349754229602538
chr4:105992845:C:T	4	105992845	0.148111793355821	0.195302752996695	0.448229375664783
chr4:108791253:G:A	4	108791253	-0.289965545754391	0.203591901941194	0.154374429222135
chr4:110191180:A:G	4	110191180	0.565362540678046	0.326020118257546	0.0828943269872465
chr4:110957298:T:A	4	110957298	-0.0141817957760629	0.214200272456042	0.947212137959595
chr4:113348012:C:T	4	113348012	0.0225821603745864	0.235279281398581	0.923536271428582
chr4:115515844:A:G	4	115515844	0.567235747320595	0.27457217269437	0.0388389218385278
chr4:115522695:G:A	4	115522695	-0.0153339138021366	0.325630775639069	0.962441593830807
chr4:120770744:A:C	4	120770744	-0.289785729048357	0.307885820774359	0.346596394983363
chr4:123964831:A:G	4	123964831	0.275565875584795	0.248928810831343	0.268291006971065
chr4:125256344:T:C	4	125256344	-0.349265548592896	0.380034451421301	0.358076458394769
chr4:126268710:T:G	4	126268710	-0.417679436933997	0.362862728123434	0.249704531096266
chr4:134094420:T:C	4	134094420	-0.291767243888815	0.364510218030128	0.423458002958827
chr4:134350906:C:T	4	134350906	0.393816759772299	0.206438934655321	0.0564342590789249
chr4:138952375:G:A	4	138952375	-0.446015889746567	0.273478880959697	0.102912052395889
chr4:141012527:T:G	4	141012527	0.261149904438181	0.248508372570368	0.293318465110518
chr4:141618953:G:A	4	141618953	0.0326900317050634	0.320286358881859	0.918705070730909
chr4:143626434:A:G	4	143626434	-0.98471034307098	1.08816821689045	0.365505258245754
chr4:149616644:T:G	4	149616644	0.237391299468027	0.293707462545124	0.418942284430468
chr4:154030957:C:G	4	154030957	0.101281804041147	0.350049537733871	0.772324547827213
chr4:168588553:A:C	4	168588553	-0.096367075542252	0.475086300930694	0.839259154058444
chr4:171334248:A:T	4	171334248	0.290592110670807	0.238315217497763	0.222707478103602
chr4:171974219:A:G	4	171974219	-0.111166408487065	0.300811467091696	0.711714019380931
chr4:176312841:C:T	4	176312841	-0.00309319230930077	0.226882958818371	0.989122435870977
chr4:179329624:T:G	4	179329624	0.336226496246358	0.233616937513468	0.150087803584356
chr4:183032183:A:G	4	183032183	0.219550545736628	0.206982688698283	0.288817457561571
chr4:184991673:A:G	4	184991673	0.0579902211158484	0.275686662640752	0.83339583965025
chr4:189912372:C:T	4	189912372	0.407261982980831	0.24714730471104	0.0993832092274873
chr5:79496:A:G	5	79496	0.133126699301706	0.261818751729417	0.611124526373659
chr5:5313703:A:G	5	5313703	0.209938417207162	0.225809735568136	0.352519310657476
chr5:7364955:T:A	5	7364955	0.462546623981016	0.275127674191052	0.0927226774580616
chr5:8067079:G:C	5	8067079	-0.421273430824489	0.443399914775845	0.342062392217774
chr5:13911296:G:T	5	13911296	-0.00749454253153859	0.271464669789655	0.977974959888475
chr5:15621966:C:G	5	15621966	-0.401481821588221	0.423587412698817	0.3432244626675
chr5:15997511:T:A	5	15997511	0.295273191876339	0.263172652000831	0.261872979743742
chr5:17902851:T:C	5	17902851	-0.00820103698341218	0.342608888825293	0.980902842346025
chr5:20719353:A:C	5	20719353	0.301344326873317	0.240188090649068	0.20961742820517
chr5:20732163:G:T	5	20732163	0.109555379124279	0.214656834494454	0.609789103398752
chr5:21913130:A:C	5	21913130	0.190149704006187	0.205837878765588	0.355598875709418
chr5:23682774:A:T	5	23682774	-0.905581570869618	1.02754236590528	0.378150998513417
chr5:23787194:A:C	5	23787194	-0.270941523113049	0.241804156214197	0.262500812349226
chr5:23895775:T:G	5	23895775	0.133100734311978	0.234589065127565	0.570457220618795
chr5:25693600:A:G	5	25693600	0.352337932225257	0.277545037248453	0.204269844386499
chr5:33466391:T:A	5	33466391	0.153310620592859	0.275773551558843	0.578259130047599
chr5:33624899:A:G	5	33624899	-0.25576565191128	0.482921013952024	0.596373953599529
chr5:39550509:T:G	5	39550509	0.13734480066837	0.299222323011324	0.646229955644216
chr5:39634108:G:A	5	39634108	-0.271930111177943	0.321641051612656	0.397861921397978
chr5:39978357:G:A	5	39978357	0.0458388966803777	0.196083179766619	0.815161435424574
chr5:40238036:C:A	5	40238036	-0.734891785969657	0.705841625113681	0.297802795885523
chr5:44011742:G:T	5	44011742	0.312202725105296	0.240886525907653	0.194955766389327
chr5:50222627:G:A	5	50222627	-0.0746711406972417	0.305664243916185	0.807005157177583
chr5:54814079:C:T	5	54814079	0.0865449658014332	0.265296424887529	0.744258007305466
chr5:66989845:C:A	5	66989845	-0.29233356510999	0.186262464741138	0.116538196237004
chr5:66992139:G:A	5	66992139	0.0847245127543796	0.352690733460921	0.810157193682087
chr5:73076502:T:C	5	73076502	0.106580785433457	0.360473285387192	0.767482853268335
chr5:76998986:C:A	5	76998986	-0.278795673616027	0.298119007353851	0.349694264197072
chr5:77675144:G:C	5	77675144	0.184356725263555	0.189337921643205	0.33020973811753
chr5:80530472:T:A	5	80530472	0.219856084016921	0.314914884306813	0.485086851700867
chr5:81710558:G:T	5	81710558	-0.16127022198746	0.284097432927817	0.570267116657443
chr5:82792281:C:G	5	82792281	-0.0257267740787223	0.236248761253453	0.913284210574753
chr5:84879932:A:G	5	84879932	0.0709875713274241	0.319272114525104	0.824047730068256
chr5:85476293:A:G	5	85476293	-0.324410352896493	0.340066793400409	0.340103540932804
chr5:85809583:T:C	5	85809583	0.191637764445646	0.209232214631139	0.359714385335138
chr5:92192959:A:T	5	92192959	-0.075795123657462	0.239776619347139	0.751921116957234
chr5:94648523:C:G	5	94648523	-0.0812797616532738	0.3029004696157	0.78843901776115
chr5:98024666:G:A	5	98024666	-0.0714087112864149	0.213767750209493	0.738343261046798
chr5:101328324:T:C	5	101328324	0.0838882559474256	0.206457406330414	0.684505774690152
chr5:101825779:A:C	5	101825779	0.241927708052204	0.225334666775211	0.282985263546941
chr5:106773905:G:A	5	106773905	0.355737489470435	0.251878544349428	0.157850637930759
chr5:110045491:C:T	5	110045491	0.402952672812358	0.266484628866013	0.130507216959291
chr5:114915760:G:T	5	114915760	-0.340290931206214	0.233193073102057	0.144491663889979
chr5:115102683:A:G	5	115102683	-0.13528128268036	0.35013708103832	0.699225163290773
chr5:117238479:G:A	5	117238479	-0.314621321199611	0.219178671120639	0.151157220528523
chr5:121740415:G:T	5	121740415	0.407353723122974	0.322857820178625	0.207052284443011
chr5:137227416:A:T	5	137227416	-0.180778088361446	0.344004938218504	0.599228595846272
chr5:137406489:C:T	5	137406489	-0.109530053700151	0.26766343542696	0.682386929075765
chr5:140638650:G:A	5	140638650	0.313961137414109	0.283660720580946	0.268372096823446
chr5:142682003:T:C	5	142682003	0.4779419706342	0.219180626927799	0.0292141312410457
chr5:144183699:A:G	5	144183699	-0.172553271208924	0.292492381816856	0.555230152661054
chr5:145690757:G:T	5	145690757	-0.11695943547693	0.427187065797572	0.784246209114257
chr5:147282093:C:T	5	147282093	0.335809052624076	0.216258054081108	0.12046700395958
chr5:148033208:G:T	5	148033208	-0.253529482003127	0.448381419270896	0.571779540414949
chr5:151763317:T:C	5	151763317	-0.190012099453412	0.375127071812344	0.612486536166101
chr5:153541577:C:T	5	153541577	0.514827726635994	0.279458250019636	0.0654408051944783
chr5:160435085:T:G	5	160435085	-0.166462724025342	0.766166168390105	0.82800017219861
chr5:164252995:G:C	5	164252995	0.0974459820590728	0.195091401737599	0.617435032017663
chr5:168245100:T:C	5	168245100	0.190389078412516	0.19952188939515	0.339968992731729
chr5:169455657:C:T	5	169455657	-0.598841382125021	0.486135149281217	0.218008350893546
chr5:169808985:G:C	5	169808985	-0.371167572105598	0.424614125177066	0.382047940074984
chr5:172672695:T:C	5	172672695	-0.0560743811920139	0.423251967254169	0.89460097763648
chr5:173346700:A:C	5	173346700	0.343121044294135	0.255634227383974	0.179520017979945
chr5:177122146:G:C	5	177122146	0.198199780805159	0.290197716833707	0.494618295571611
chr6:1084246:G:A	6	1084246	0.296571151207493	0.264999063816095	0.263080258288256
chr6:3041612:C:A	6	3041612	0.771008570632235	0.349381570387118	0.0273293712189316
chr6:3673174:A:G	6	3673174	-0.0567409350900653	0.393349646858003	0.885302560573341
chr6:3786319:G:C	6	3786319	0.0448690541930218	0.21780258523596	0.836784736791601
chr6:6090729:G:T	6	6090729	-0.308735969329419	0.501742896801082	0.538338766593155
chr6:6354181:A:T	6	6354181	-0.0543582024339008	0.298861012501409	0.855673325202198
chr6:6456261:T:C	6	6456261	-0.518466130383494	0.412141562972256	0.208398737532528
chr6:7642514:C:G	6	7642514	0.312822534971935	0.23207825930972	0.177684658417487
chr6:12212257:G:A	6	12212257	0.312464856588322	0.27281561887211	0.25207105063546
chr6:21494280:T:C	6	21494280	0.114261152079773	0.241520057393374	0.63614770625804
chr6:23163726:T:C	6	23163726	-0.407073349874164	0.485120356227759	0.401402949519934
chr6:23344439:T:A	6	23344439	0.25848408022651	0.237635476725926	0.276712753021069
chr6:24077828:C:T	6	24077828	0.44315302170284	0.331424582840385	0.181184864680506
chr6:26287827:G:A	6	26287827	0.114510266369514	0.309229750608243	0.711152975451686
chr6:27261142:G:T	6	27261142	-0.400922243830667	0.67171160566184	0.550596426799056
chr6:31108549:A:G	6	31108549	-0.456932951858215	0.297895482826955	0.125061631420812
chr6:31845997:T:C	6	31845997	-0.105904874860091	0.417358918033561	0.799688612040583
chr6:32660000:G:C	6	32660000	-0.513642852742008	0.520264373194689	0.323508932264737
chr6:33148933:A:G	6	33148933	-0.0103713539486171	0.225636271223024	0.963338207326078
chr6:37400014:G:T	6	37400014	0.203436061342442	0.199013438678192	0.306675493306791
chr6:39124093:C:T	6	39124093	-0.269229233040641	0.164375542971076	0.101444420304628
chr6:45195864:C:T	6	45195864	-0.120465875298585	0.367929988771906	0.743353862405491
chr6:46738257:G:A	6	46738257	0.100745801900928	0.316498264965956	0.750246829978421
chr6:47717919:C:A	6	47717919	-0.127600345748638	0.319996566392507	0.690073472923784
chr6:48859012:C:A	6	48859012	0.270697547793688	0.333886869187727	0.417511371736166
chr6:49860743:T:G	6	49860743	0.260221998125475	0.313375181612135	0.406321237577352
chr6:53292416:C:G	6	53292416	-0.0302134123841425	0.259151848952567	0.907188331448622
chr6:54457248:C:T	6	54457248	0.267465719293325	0.26144770103513	0.306299308001031
chr6:57513520:G:A	6	57513520	-0.969565172994738	0.646159391179952	0.133483729141841
chr6:67461006:G:C	6	67461006	0.0910571288361231	0.344231896621996	0.791377224470472
chr6:69504128:A:G	6	69504128	0.435608818008158	0.270187951397947	0.106908922831476
chr6:81137001:T:C	6	81137001	-0.220799241409279	0.193917196934256	0.254859009025238
chr6:84758749:C:T	6	84758749	-0.120167878589262	0.313937864856188	0.701885861649045
chr6:86667874:G:T	6	86667874	-0.083533966512663	0.497247399857106	0.866588969426843
chr6:87387916:G:T	6	87387916	-0.0711288967473223	0.348153213695779	0.83811638745297
chr6:88566465:G:A	6	88566465	0.32455126502111	0.216602258188311	0.134036020106955
chr6:93273487:T:C	6	93273487	0.122578045451768	0.209984535000148	0.55938989011219
chr6:97788153:C:A	6	97788153	0.656665089891125	0.25142600329962	0.00900767193001739
chr6:98771646:C:T	6	98771646	0.324263859785221	0.260975118172589	0.214048925542958
chr6:104918249:A:G	6	104918249	-0.0852179765199075	0.260850540875093	0.743900295955313
chr6:107129138:A:G	6	107129138	0.71282869530672	0.318699628613344	0.0253073421192694
chr6:112187089:T:C	6	112187089	0.310800467447187	0.270802463068059	0.251091698322664
chr6:118046853:T:C	6	118046853	-0.188037195710779	0.350575050741148	0.591704327711799
chr6:121081137:A:G	6	121081137	0.250232139443641	0.218343937006438	0.25177622569412
chr6:123103197:T:C	6	123103197	0.253072376931064	0.193617505190183	0.191187633218001
chr6:127784009:G:A	6	127784009	-0.248022452512091	0.273353536888127	0.364231177307287
chr6:129527930:G:A	6	129527930	0.752184801988832	0.305937068316883	0.013946986227692
chr6:137254996:T:C	6	137254996	0.24822803935143	0.237586444147893	0.296119846279214
chr6:138165202:C:G	6	138165202	-0.171141176350932	0.571090567794303	0.764425590139374
chr6:139464917:T:A	6	139464917	0.37016588791454	0.360103111064842	0.303976098025561
chr6:151547601:G:A	6	151547601	0.265388843596618	0.221464028132721	0.230785312752313
chr6:152638179:C:T	6	152638179	0.432597455902968	0.256623209950899	0.0918478066644228
chr6:153842833:G:A	6	153842833	0.101361723727782	0.337337305050016	0.76381419157066
chr6:156754666:T:G	6	156754666	0.0525688047570582	0.256595421725317	0.837673387939522
chr6:160701242:A:G	6	160701242	0.110540648838196	0.287251471750996	0.7003693938713
chr6:160909689:G:C	6	160909689	0.110747173849145	0.250964460277428	0.659005755249402
chr6:161970870:T:G	6	161970870	-0.396064584238312	0.810482629870649	0.62507007149414
chr6:162760256:C:T	6	162760256	-0.122075225153495	0.26192018769713	0.641159703032657
chr6:163629327:G:A	6	163629327	-0.640198272323787	0.336002124244681	0.0567358949159685
chr6:167509019:C:T	6	167509019	-0.549155371567114	0.467162111822905	0.239789337302467
chr7:6986920:C:A	7	6986920	0.205517432814381	0.24840214339713	0.408034333083811
chr7:7863676:G:A	7	7863676	-0.58019891422138	0.452451235723457	0.199721389611968
chr7:8111839:A:G	7	8111839	0.360863035414577	0.220456386375574	0.101653284083129
chr7:9602661:C:A	7	9602661	-0.0304158879786579	0.290892240269839	0.916724423172749
chr7:10804524:T:C	7	10804524	0.788404560173998	0.444178946435271	0.0759027457873269
chr7:11334355:C:A	7	11334355	-0.420680572097736	0.514190206583011	0.413276144370126
chr7:12476280:G:A	7	12476280	-0.382707018170729	0.417948483718068	0.359834819920953
chr7:12972158:C:G	7	12972158	0.421950559183897	0.219850332902369	0.0549510870033705
chr7:20850990:A:T	7	20850990	-0.31314530026971	0.284430022645505	0.270915256249327
chr7:22822020:C:A	7	22822020	-0.0658944021660005	0.204301342589505	0.747047172608291
chr7:24140802:T:C	7	24140802	0.237265284453836	0.177885300325895	0.182265963274332
chr7:24278575:A:G	7	24278575	-0.178468463915091	0.395128565355367	0.651505375297052
chr7:24620726:T:A	7	24620726	0.33341348169426	0.184893817880258	0.0713458159910152
chr7:24740434:C:T	7	24740434	-0.07437477140275	0.251235003040197	0.767202084149326
chr7:28505993:C:T	7	28505993	0.259608077589971	0.350359026248242	0.458707217452553
chr7:36413989:G:A	7	36413989	0.430150057473159	0.352166407423624	0.221919555128387
chr7:41157573:G:A	7	41157573	0.537905541374577	0.33565810539717	0.109036248842572
chr7:43755241:C:T	7	43755241	0.137652547324472	0.285264606683255	0.629419990265828
chr7:44689517:A:G	7	44689517	-0.188587447700127	0.32289233609566	0.559182133236324
chr7:46192346:C:G	7	46192346	0.0272319495032534	0.342980814080961	0.936716154870691
chr7:46368666:G:A	7	46368666	-0.397478094728216	0.456567272761381	0.383983809670293
chr7:47748540:G:T	7	47748540	0.576540298014159	0.365709766483693	0.114911342167107
chr7:48301675:T:C	7	48301675	0.159088202689111	0.238885616501953	0.505436835108842
chr7:51890159:C:T	7	51890159	0.00989682149537056	0.137924880460752	0.942796760057398
chr7:53046603:C:G	7	53046603	-0.635906182467342	0.426603842355606	0.136060081610687
chr7:55663907:C:A	7	55663907	-0.0832249621472329	0.270974042649124	0.758742445171295
chr7:56122201:A:G	7	56122201	-0.0905515478874802	0.319485803382296	0.776847985928944
chr7:62910214:G:T	7	62910214	0.366725943977242	0.289196961762753	0.20476807331406
chr7:65406204:G:T	7	65406204	0.200530692223366	0.297109188472566	0.499714278068495
chr7:67766433:G:A	7	67766433	-0.31682903149719	0.354238922502376	0.3711113259635
chr7:68433432:T:C	7	68433432	0.19796474718667	0.179267529760689	0.269463956393902
chr7:71020152:T:G	7	71020152	0.433518848733598	0.290189458428433	0.135197419408842
chr7:71553830:T:C	7	71553830	-0.0481336533347854	0.317247749033615	0.87940573129129
chr7:78390279:T:G	7	78390279	0.172773153066495	0.31342422377518	0.581466573835261
chr7:83524616:A:T	7	83524616	0.394116444137212	0.302070739235042	0.191989664224598
chr7:84786535:C:A	7	84786535	0.526246920075674	0.296264776282385	0.0756880440235554
chr7:86620755:G:A	7	86620755	0.49137328366928	0.299430096105814	0.10079152546687
chr7:89207269:G:A	7	89207269	0.393728358979768	0.2214870671432	0.0754599658509771
chr7:91097147:A:G	7	91097147	-0.176590528353154	0.219111349175749	0.420277636373918
chr7:96212691:T:C	7	96212691	0.451183226132411	0.335144579021455	0.17822687188292
chr7:103095283:G:A	7	103095283	0.0491708464280923	0.308710865014128	0.873449859899838
chr7:104663551:G:A	7	104663551	0.22353546416146	0.282182787536464	0.428264192047085
chr7:113434486:A:C	7	113434486	0.100959590610349	0.16706162672027	0.545627297698801
chr7:113749820:G:A	7	113749820	0.407806118598658	0.225027016961582	0.0699469538895333
chr7:117145973:C:G	7	117145973	-0.312829514808317	0.298072042461856	0.293943570140143
chr7:119808046:G:A	7	119808046	-0.225756124678888	0.487336940668794	0.64318917061918
chr7:122582926:C:G	7	122582926	-0.390503731607474	0.487739702677452	0.423340305308861
chr7:124802410:A:T	7	124802410	-0.408172960497563	0.212866764008977	0.0551738802064404
chr7:129047886:A:G	7	129047886	0.566403011286476	0.279897314744594	0.0430102930288111
chr7:131384702:T:A	7	131384702	-0.551574565884202	0.329098665159761	0.0937350958548662
chr7:136870573:G:A	7	136870573	0.156133664735909	0.249294198471412	0.531116323282895
chr7:142873374:T:C	7	142873374	0.148879528389283	0.197306416358871	0.450513035278436
chr7:143187070:C:T	7	143187070	0.377328343607342	0.305687725025721	0.217069221810327
chr7:145116884:A:G	7	145116884	-0.14880610610399	0.229358523351463	0.516472459781873
chr7:149242006:T:C	7	149242006	0.116064766639439	0.198766499491019	0.559270642463928
chr7:153502245:G:A	7	153502245	0.27734757192838	0.297467924642647	0.351149853411397
chr7:153952270:G:A	7	153952270	0.394262902931343	0.215132831613017	0.0668548317107981
chr7:154426289:T:C	7	154426289	-0.112408646824137	0.402611666901651	0.780092354921917
chr7:156975524:A:T	7	156975524	-0.0587722880186609	0.210333204654663	0.77991893456766
chr7:157677820:C:T	7	157677820	-0.120647268354032	0.397489162199968	0.761491005194343
chr8:276778:A:T	8	276778	-0.369803057119398	0.317395163225374	0.243970926527181
chr8:1102873:G:T	8	1102873	-0.283171819293459	0.274669580247228	0.302562192212748
chr8:8710521:T:C	8	8710521	0.666368179167293	0.29770849639715	0.0251999107801442
chr8:9029509:T:C	8	9029509	0.642589535198789	0.324683599148821	0.0478018972818804
chr8:9109096:A:G	8	9109096	0.111639674957203	0.230533992742162	0.628197408778597
chr8:9827297:A:G	8	9827297	0.262699562628477	0.28596780288126	0.358287378581856
chr8:10675470:T:G	8	10675470	-0.0256094478825198	0.226494655033294	0.909976118725234
chr8:13032868:C:A	8	13032868	0.375869923663568	0.251779691203566	0.135475819700495
chr8:14391498:A:G	8	14391498	-0.915919574303061	0.766656476271829	0.232206769640076
chr8:16627132:C:G	8	16627132	0.325253388254257	0.416449927575545	0.434794028294871
chr8:17129593:A:G	8	17129593	0.2031492543091	0.304715669083123	0.504973595921034
chr8:20741226:C:T	8	20741226	0.5158360799885	0.265121848130714	0.0516960003227678
chr8:23115837:G:A	8	23115837	-0.29939864590499	0.506202840238667	0.554212362548871
chr8:25783762:T:C	8	25783762	0.193444295844245	0.308015303575157	0.529981214864025
chr8:27010051:G:C	8	27010051	-0.358469625262677	0.771938241012057	0.642378351622395
chr8:27022227:G:T	8	27022227	0.0292793929467773	0.280778122907182	0.916947572182682
chr8:28150898:A:G	8	28150898	0.224853432669928	0.21984795219972	0.306417589476653
chr8:28528484:G:T	8	28528484	0.0449751238993473	0.101115960912406	0.65647326827635
chr8:29917542:C:T	8	29917542	-1.04238257747768	1.17752518299206	0.376031697697703
chr8:37085597:G:A	8	37085597	-0.0160788623778558	0.498367910207364	0.974262285968229
chr8:41788192:C:T	8	41788192	-0.457952278230671	0.424615746253286	0.280806274297544
chr8:42055528:T:G	8	42055528	0.0293152645353132	0.419285995075907	0.944259635601566
chr8:50763512:C:T	8	50763512	-0.14429871919696	0.288953177652391	0.617508582725219
chr8:51570259:T:G	8	51570259	0.185533628220316	0.303741289796454	0.541313577428384
chr8:53142705:G:A	8	53142705	0.416009135099158	0.301182175744307	0.167200825361723
chr8:60609620:T:A	8	60609620	0.327973590387635	0.409806290478595	0.423529064990142
chr8:61304314:G:C	8	61304314	0.360387161105614	0.229413698850857	0.116204682086362
chr8:61926940:A:T	8	61926940	-0.343196331693274	0.323751243495054	0.289116476906294
chr8:63445672:G:A	8	63445672	-0.50993015183245	0.522515490250445	0.329107112506866
chr8:65343369:C:A	8	65343369	-0.134143962989982	0.299427370705784	0.654151989268337
chr8:65418628:G:T	8	65418628	0.0453232474284212	0.142788423536745	0.750928408248876
chr8:71273350:T:A	8	71273350	-0.0642387462616974	0.278204388739431	0.817388712708722
chr8:72033005:T:C	8	72033005	-0.898693096880135	0.626414219294568	0.15138324644478
chr8:72065200:T:A	8	72065200	0.311904285104998	0.244066817969877	0.201268364009031
chr8:73211475:T:C	8	73211475	0.358032642064871	0.239532967709657	0.134989794633358
chr8:75992459:A:G	8	75992459	0.254237242428314	0.32457705471135	0.433458134291457
chr8:78402394:T:A	8	78402394	0.461175610790231	0.302391924006476	0.127236064390511
chr8:79795588:T:G	8	79795588	-0.205253466364633	0.392247918742579	0.60078300807674
chr8:86323708:T:C	8	86323708	0.298171110770916	0.205810260485053	0.147402666366453
chr8:89525432:A:G	8	89525432	0.205836186455493	0.205583128857579	0.316715178427972
chr8:92001032:A:G	8	92001032	-0.148883127827804	0.432557139356436	0.730701166493791
chr8:92645879:A:G	8	92645879	0.135490743971656	0.410667833768334	0.741454500542362
chr8:95906161:G:A	8	95906161	0.367430844426074	0.248555514886017	0.139336941347374
chr8:96365126:C:T	8	96365126	-0.0708334460962721	0.177553296332811	0.689936028520785
chr8:97430280:G:A	8	97430280	0.60979552238783	0.331258646388371	0.0656444091968891
chr8:98002322:C:T	8	98002322	0.170855018013486	0.219638724760973	0.436633191874831
chr8:98018653:A:G	8	98018653	0.0617597539251638	0.284823916669676	0.828337044317827
chr8:104471980:T:G	8	104471980	0.175737554086924	0.215151851264409	0.414038689003532
chr8:106920372:G:A	8	106920372	0.069573404966441	0.265094905185146	0.792976718133755
chr8:108142424:A:G	8	108142424	-0.167998414523082	0.232985749343054	0.470868084236047
chr8:109421925:C:T	8	109421925	-0.185890573484536	0.216498163348843	0.390547853776023
chr8:116252872:C:T	8	116252872	0.202072792171705	0.226388203641191	0.372074538967118
chr8:116821900:C:T	8	116821900	0.21044977210961	0.344327915759859	0.541073815779884
chr8:119015250:G:A	8	119015250	-0.04427689914657	0.631559707016349	0.944108315296959
chr8:121384602:C:T	8	121384602	0.111794404631599	0.178860797320913	0.531947550698446
chr8:127029052:C:T	8	127029052	-0.610387074814363	0.31529369493003	0.0528760604268343
chr8:128437247:A:G	8	128437247	-0.0772758137332252	0.256936798829979	0.763598990022449
chr8:131111695:G:T	8	131111695	0.632393162100322	0.299448869128125	0.0346987246477307
chr8:131315237:G:A	8	131315237	-0.259174173340781	0.159984616524167	0.105233492637307
chr8:135895676:A:T	8	135895676	-0.269771369759193	0.683240086275271	0.692960049988354
chr8:138585221:A:T	8	138585221	-0.185345084745126	0.485202311105743	0.702464724930064
chr8:141605122:C:T	8	141605122	0.0421221256007753	0.202521391254281	0.835237926570388
chr9:733358:A:C	9	733358	-0.400214036313999	0.383196293425445	0.296295744402257
chr9:5461379:C:T	9	5461379	-0.141369592998886	0.378807106631092	0.709001991430034
chr9:11397008:T:G	9	11397008	0.0111240087286021	0.465861690091556	0.9809496431435
chr9:11517950:T:C	9	11517950	0.681321560755456	0.403068944056013	0.0909638745683595
chr9:11955148:T:G	9	11955148	-0.367649752634	0.361300303102473	0.308880503829764
chr9:12389360:A:G	9	12389360	-0.33434725738065	0.465596044420694	0.472692004668161
chr9:12615226:G:C	9	12615226	0.279241154689713	0.250937390299437	0.265797713393243
chr9:13582959:T:A	9	13582959	0.534602991150864	0.254208887237671	0.0354651844753449
chr9:13820455:C:G	9	13820455	-0.991477882947319	0.811421472803982	0.221744520098089
chr9:14098421:G:A	9	14098421	-0.0516706108216758	0.375994684215746	0.890695835521393
chr9:18952915:A:G	9	18952915	0.486130295135489	0.276373792478625	0.0785843955895089
chr9:21476808:G:A	9	21476808	0.441084669121557	0.30522472814968	0.148425737153892
chr9:29651949:A:G	9	29651949	0.209554299919526	0.284992065114315	0.462157589225428
chr9:32058643:A:T	9	32058643	-0.512975794725808	0.319414286660147	0.108276351706079
chr9:37013405:C:T	9	37013405	0.47498655120417	0.271193383314776	0.0798653169573915
chr9:37992585:C:T	9	37992585	0.128079535504503	0.138555829298331	0.355283628143773
chr9:72294932:G:A	9	72294932	0.415414825602758	0.324394766963256	0.200339739076936
chr9:73616570:C:T	9	73616570	0.331468685480134	0.272587450902222	0.223981644661926
chr9:76464251:C:G	9	76464251	0.421137769933247	0.278239463160921	0.130132320871199
chr9:79067117:C:T	9	79067117	-0.181700648527531	0.680274452052809	0.789392911872
chr9:82773489:T:C	9	82773489	-0.0974540989232332	0.305677006288668	0.749867586582815
chr9:89995415:A:G	9	89995415	-0.340034119268403	0.528077787471707	0.519634348044371
chr9:91844381:C:T	9	91844381	0.584067941656419	0.312145564769648	0.0613257275763043
chr9:94568472:C:A	9	94568472	0.483921143736408	0.275336888357466	0.0788223782743569
chr9:95559980:C:T	9	95559980	0.139406787163483	0.27881391262282	0.617075504626705
chr9:96162075:C:T	9	96162075	-0.0513651787660721	0.272608096595631	0.850546384146983
chr9:97240484:A:G	9	97240484	0.0510070995822748	0.305530957413711	0.867412722724161
chr9:100192956:A:G	9	100192956	0.569488394966919	0.287719084241692	0.0477798886505143
chr9:100529836:G:C	9	100529836	-0.209909772610915	0.326440993745072	0.520207773581217
chr9:101460357:C:T	9	101460357	0.059900706829664	0.244291267425972	0.806300029542886
chr9:103293239:C:G	9	103293239	-0.00592719279829908	0.497590045552109	0.990495983935993
chr9:105684376:G:T	9	105684376	0.622449459619827	0.336238653022422	0.0641388760440827
chr9:106822394:G:C	9	106822394	0.355540136634478	0.242391764227905	0.142430585494669
chr9:107904127:G:A	9	107904127	0.383733151398282	0.264584075358395	0.146967644910949
chr9:117420412:T:C	9	117420412	-0.0775094428183035	0.191056865572389	0.684971994599301
chr9:117972207:C:A	9	117972207	-0.167228361545197	0.133423607903109	0.210073226724942
chr9:118511323:G:A	9	118511323	0.44848252017637	0.278860329567117	0.107776200978678
chr9:121356498:A:G	9	121356498	0.336951440729168	0.246581206419879	0.171784342348979
chr9:124044726:T:G	9	124044726	-0.583796570165283	0.436316814634013	0.180892946121923
chr9:125005426:C:T	9	125005426	-0.22275484199221	0.275308646728421	0.418452163280796
chr9:129533341:A:G	9	129533341	0.322806745983991	0.245291649441842	0.188170026228478
chr9:136630984:C:T	9	136630984	0.498881768504696	0.242620343541204	0.0397609318497203
chr10:2050300:A:G	10	2050300	-0.42903135715685	0.284844672979935	0.13201736143469
chr10:3113976:C:T	10	3113976	0.183448048363317	0.236457025900531	0.437855376897796
chr10:4591592:T:C	10	4591592	-0.0163801523567723	0.260165416524233	0.949797934905663
chr10:7462546:C:T	10	7462546	-0.174331287238372	0.319205116842773	0.584968403744008
chr10:7849544:T:G	10	7849544	0.252713281837949	0.236774735278839	0.285829511514182
chr10:9367893:G:A	10	9367893	0.450916792482125	0.235091933292472	0.0551053673110216
chr10:10628189:C:T	10	10628189	-0.199033986913722	0.356819398958937	0.576980721216446
chr10:14014383:T:C	10	14014383	0.289612537431729	0.241285036006382	0.230025892913107
chr10:16341555:C:T	10	16341555	0.091417478041051	0.176152978963532	0.603784169553587
chr10:18075702:C:T	10	18075702	-1.0452923963458	0.655247131438215	0.110653131677865
chr10:20923823:C:G	10	20923823	0.183559092056252	0.28176935076319	0.514755016138821
chr10:26220185:A:C	10	26220185	0.179613454787972	0.276594183123372	0.516095768781161
chr10:27289376:T:C	10	27289376	0.421753964338312	0.30335985113502	0.164445038860506
chr10:27674317:A:G	10	27674317	-0.146855952291578	0.266291181153858	0.581300319389161
chr10:28771902:G:A	10	28771902	0.347604334599483	0.262752254128057	0.185856765246699
chr10:28891836:C:T	10	28891836	0.0539668647367024	0.238974163199304	0.821335825538048
chr10:30622484:G:A	10	30622484	0.0278572806074929	0.304175417316335	0.927029402170664
chr10:35177843:G:T	10	35177843	0.01640700734472	0.379460062712457	0.96551199622119
chr10:43613180:G:A	10	43613180	0.348021781729404	0.275351483651676	0.206259349308345
chr10:44139011:T:C	10	44139011	0.592312471983161	0.296476862673191	0.0457343250211232
chr10:45036473:A:G	10	45036473	0.189136653422955	0.322600284773138	0.557682040227728
chr10:51560095:T:G	10	51560095	0.188895336451615	0.24854410931404	0.447250223752874
chr10:54072488:A:G	10	54072488	0.157446073107776	0.30349154193015	0.603912486582235
chr10:54082016:C:T	10	54082016	-0.179771391180675	0.289190364330265	0.534180675319804
chr10:55299918:G:C	10	55299918	0.281538736096339	0.209986397102668	0.180002448133164
chr10:56747004:T:C	10	56747004	0.310986236395218	0.226456356915602	0.169667718382921
chr10:57761967:T:C	10	57761967	-0.121766971992794	0.506828886381924	0.810134416780427
chr10:61894829:G:A	10	61894829	-0.391378878767764	0.667919619848109	0.557897668200364
chr10:62473064:C:G	10	62473064	0.258064075186374	0.292900042443485	0.378282456202721
chr10:65713195:A:G	10	65713195	-0.333993467277918	0.790136877099693	0.672511745873797
chr10:69232402:C:A	10	69232402	0.0960104022621703	0.269245187894616	0.721398039817505
chr10:79437519:C:T	10	79437519	0.136619062418135	0.397511238759029	0.731082412886717
chr10:81546102:G:A	10	81546102	-0.894274156526778	0.765709721069167	0.242846169890283
chr10:82354363:C:G	10	82354363	0.438973286828112	0.232864031033336	0.0594155833667088
chr10:84591955:C:T	10	84591955	0.214359088612938	0.289825973534049	0.459534786652016
chr10:84989741:G:A	10	84989741	0.198280264476102	0.221150572684317	0.369940457565602
chr10:86779196:C:A	10	86779196	0.168373221698301	0.304828325363287	0.580705667403599
chr10:91053424:A:C	10	91053424	-0.292920994569099	0.296357421041982	0.322954607650291
chr10:93612452:G:A	10	93612452	-0.407764338267319	0.801960082168572	0.611131033415284
chr10:93671121:T:C	10	93671121	0.277248060583575	0.254365502857011	0.275731046644709
chr10:101249704:C:T	10	101249704	0.112144640939483	0.263742458578779	0.670687159879319
chr10:102352980:T:C	10	102352980	-0.666014048417133	0.427258630535268	0.119041898296557
chr10:104637359:T:C	10	104637359	-0.488211980055508	0.395560686342438	0.217118045769261
chr10:108480456:T:C	10	108480456	0.340854265330944	0.241456778333444	0.15805084116182
chr10:109264424:C:T	10	109264424	-0.315513308091795	0.408685674433494	0.440102881026416
chr10:111352001:T:G	10	111352001	-0.120785740201433	0.284116464856648	0.670743686193959
chr10:118828443:C:T	10	118828443	0.0942729000018576	0.314455932459577	0.764332113393158
chr10:120152982:A:G	10	120152982	-0.245239239048995	0.682766301827912	0.719456889012392
chr10:121580593:A:G	10	121580593	0.102511179026347	0.261466290616247	0.695011889112416
chr10:121611573:C:G	10	121611573	0.101454173178144	0.32636524294189	0.755906416573233
chr10:121734173:T:C	10	121734173	0.421826613401058	0.267802551515271	0.115224044640139
chr10:121910644:T:A	10	121910644	0.220237659052195	0.258716090135746	0.394618499229301
chr10:122561189:A:G	10	122561189	0.223120381892037	0.265187744922731	0.400142019243655
chr10:123750431:C:G	10	123750431	0.308175700226879	0.287980922350604	0.284562866679164
chr10:127533155:T:C	10	127533155	0.205463391990399	0.234305781006812	0.380539443190954
chr10:129953349:A:G	10	129953349	0.102830337483107	0.267887688129322	0.701085065927364
chr10:130263340:C:T	10	130263340	0.207681198700352	0.277324612250693	0.453933137270992
chr10:130662147:G:T	10	130662147	0.470828935341543	0.271814421838059	0.0832432016829904
chr10:131485315:A:G	10	131485315	-0.119117064214921	0.648187129548275	0.85419423625798
chr10:131819683:A:G	10	131819683	-0.0545595819420354	0.223163108124606	0.806856781253936
chr10:131953941:A:C	10	131953941	0.134412043526492	0.240868278335564	0.576822996725719
chr11:388357:C:T	11	388357	0.144655909911919	0.2109723722334	0.492925762772088
chr11:2257707:C:T	11	2257707	-0.0982716060104708	0.235344006924242	0.676264613869012
chr11:3623903:G:A	11	3623903	-0.230458057965772	0.258209186411227	0.372111798384536
chr11:5806222:C:T	11	5806222	0.607620260853346	0.303097590246848	0.0449949444158108
chr11:9789492:C:A	11	9789492	0.140294527779415	0.325669168224289	0.666622172614519
chr11:14569664:T:G	11	14569664	-0.999826545298507	0.637240466458923	0.11664930897831
chr11:21819583:A:G	11	21819583	0.420616887073615	0.289602342427032	0.14639190850597
chr11:36019710:C:A	11	36019710	0.159686342590059	0.266746605271058	0.549410088471634
chr11:39635569:C:T	11	39635569	0.64579888296495	0.30265986770362	0.0328636863860915
chr11:40512905:C:G	11	40512905	0.173766201772997	0.50682834264971	0.731711153422544
chr11:41632790:A:T	11	41632790	0.216532934687428	0.243043192548701	0.372970117343657
chr11:42744986:A:G	11	42744986	0.173404290827427	0.201235220867588	0.388852896376779
chr11:43201079:C:T	11	43201079	0.280797292288358	0.219107837532864	0.200001121237092
chr11:43982585:G:A	11	43982585	0.636086767916812	0.344288157005985	0.0646686530462239
chr11:44330300:A:G	11	44330300	-0.0179736111116826	0.288854592990228	0.950384662791653
chr11:49875094:A:G	11	49875094	0.184220820056516	0.240817956349057	0.444283701867656
chr11:50253126:G:T	11	50253126	-0.364588757416877	0.341769409932608	0.286076496331046
chr11:55906271:G:A	11	55906271	0.223835240292958	0.270025472506332	0.407137678227787
chr11:56124264:C:A	11	56124264	-0.503654192615194	0.582770481580755	0.387455467581107
chr11:57305789:G:A	11	57305789	0.400351192272949	0.282271271538688	0.156097150882785
chr11:58998793:A:C	11	58998793	0.23770700629263	0.285362630171947	0.4048448570328
chr11:60456695:C:T	11	60456695	0.407049885474108	0.283411112368806	0.150930538230242
chr11:62505064:A:G	11	62505064	-1.62194051221265	0.839657400973325	0.0534003233332189
chr11:63184971:C:T	11	63184971	0.00647871668605859	0.289153802307039	0.982124269170428
chr11:65009160:T:C	11	65009160	0.338372138380049	0.446451801651499	0.44850237792951
chr11:70801858:T:C	11	70801858	-0.497040010093018	0.367009864147117	0.175641945184054
chr11:71334794:T:G	11	71334794	0.380389249651956	0.22473381324403	0.0905275651376802
chr11:72713691:C:T	11	72713691	-0.444586024401867	0.618024202351366	0.471915015392629
chr11:77208574:G:A	11	77208574	-0.170521030689946	0.159757848057217	0.285803952368324
chr11:77376654:A:G	11	77376654	-0.129214222779212	0.294132757368664	0.660439980775142
chr11:77897055:A:G	11	77897055	-1.01887926159857	0.58624272659476	0.0822139989774534
chr11:79339250:G:A	11	79339250	-1.19677656422342	0.895282108304579	0.181301262173813
chr11:81783030:C:T	11	81783030	0.05887925239392	0.348923749566716	0.865996963796162
chr11:83962252:C:T	11	83962252	-0.194294671832321	0.311846620792506	0.53325454212945
chr11:86328783:G:T	11	86328783	-0.418155195880295	0.3911477103834	0.285048595874266
chr11:86644523:C:T	11	86644523	0.395085670070998	0.30416120037094	0.19396619043619
chr11:93046218:A:C	11	93046218	0.255429063543172	0.3064230658347	0.404515999274815
chr11:99371984:G:C	11	99371984	0.477426704781891	0.33047183340531	0.14854723191591
chr11:100626548:G:A	11	100626548	0.134200828934387	0.526431682965127	0.798780686208825
chr11:104129521:G:A	11	104129521	-0.0711428057842377	0.433270513322034	0.869574087200036
chr11:108728662:A:G	11	108728662	-0.165757865336481	0.445869715426082	0.710069310175526
chr11:110338613:G:A	11	110338613	0.33791540056216	0.270094961349211	0.210898543344961
chr11:110396347:G:A	11	110396347	0.0584112040917959	0.267483036444002	0.82713811929612
chr11:113789228:G:C	11	113789228	0.480589094397783	0.381652751719647	0.207946795675504
chr11:113800784:C:T	11	113800784	-0.678426895450836	0.635639379476722	0.285830006637968
chr11:115616504:A:T	11	115616504	0.184675068778769	0.306738509687122	0.54713402204822
chr11:119630310:G:A	11	119630310	-0.699763340939661	0.34565874143577	0.042925506774496
chr11:123267436:G:A	11	123267436	0.0673641309365512	0.296837522873737	0.820470860261749
chr11:125907492:T:C	11	125907492	-0.269313689387678	0.300792092097436	0.370600926453495
chr11:126829359:G:A	11	126829359	0.132734561861757	0.434559137937585	0.760026121179544
chr11:130038952:T:C	11	130038952	0.303252765569651	0.292691518147466	0.300163327811708
chr11:130290657:C:T	11	130290657	0.544523775691469	0.359138251704525	0.129469943496769
chr11:131355535:G:A	11	131355535	0.193018126244762	0.274997784874032	0.482747922161645
chr11:133238417:A:G	11	133238417	0.38423881306611	0.271676457793353	0.157266492410819
chr11:133300920:A:C	11	133300920	0.31009460816982	0.262434294544868	0.237361056515774
chr11:133409278:A:G	11	133409278	0.139775086620609	0.215565965708256	0.516719927790847
chr11:134309503:C:T	11	134309503	0.367693324364613	0.235207669296668	0.117988870389543
chr12:5192681:C:T	12	5192681	0.443778531970104	0.255194371654092	0.0820378511323647
chr12:5448727:G:A	12	5448727	0.0437961779498404	0.221467534445789	0.843237230136661
chr12:6639294:C:T	12	6639294	0.211391695397341	0.319875923173304	0.508705122242884
chr12:19523028:C:A	12	19523028	0.148336787735181	0.283374038066644	0.600649726775951
chr12:19758400:A:T	12	19758400	-0.0738536212306871	0.57949411757763	0.898588210731487
chr12:20003679:T:A	12	20003679	0.369043937941534	0.32604966702619	0.257691541494421
chr12:21333090:G:A	12	21333090	-0.221010624848025	0.253788998027903	0.383839339865882
chr12:25518059:A:T	12	25518059	0.313283294191297	0.228276934247365	0.169944361675356
chr12:28965843:C:T	12	28965843	0.188531046786125	0.230583562940129	0.413570948682714
chr12:32086665:A:C	12	32086665	0.0105617368005277	0.285738883510831	0.970514589749643
chr12:44631613:C:T	12	44631613	-0.517832198236318	0.492945671350249	0.293495030346649
chr12:48567461:T:G	12	48567461	0.14393825182345	0.370937245189343	0.697986905012769
chr12:51039498:T:C	12	51039498	-0.341035874954465	0.618914656564566	0.581618279912696
chr12:52880890:G:T	12	52880890	0.0162582579651004	0.289503607713986	0.955215074442516
chr12:53646626:C:G	12	53646626	0.0177369900969336	0.309600994944226	0.954314317084971
chr12:53680144:C:A	12	53680144	0.00672814235454273	0.334201647386033	0.983938085443042
chr12:54366280:G:A	12	54366280	-0.0866770230280166	0.21948360683314	0.69290678148982
chr12:55599330:T:C	12	55599330	-0.197122352031153	0.376454143052953	0.600536522841285
chr12:56675083:C:T	12	56675083	0.0712472944493666	0.353092487090286	0.840088070200796
chr12:57436134:C:T	12	57436134	-0.0721602931850296	0.219063972551205	0.741851226684298
chr12:58724212:C:T	12	58724212	-0.238896939292302	0.297369429365339	0.421762345723715
chr12:59048769:A:C	12	59048769	-0.230613760850208	0.38174410660752	0.545773422216205
chr12:59161225:G:A	12	59161225	-0.0222973067395975	0.461478739208101	0.961463539852772
chr12:59226687:C:T	12	59226687	0.0590179616187006	0.28471189102434	0.835783290878581
chr12:63113400:T:C	12	63113400	-0.24390569666054	0.395575207213243	0.537508561733159
chr12:64271340:C:T	12	64271340	0.49634616041882	0.272055144709985	0.068086760884605
chr12:64756705:C:T	12	64756705	0.113569625235121	0.228118152305796	0.618586671581293
chr12:67050802:C:T	12	67050802	0.524206389259315	0.255696165577376	0.0403532691992876
chr12:71564908:A:G	12	71564908	0.242353501161955	0.203643440902414	0.234012026511548
chr12:73909094:G:A	12	73909094	-0.321610831834756	0.216946123687023	0.138221761735812
chr12:81126959:G:A	12	81126959	-0.340549919660706	0.321631866200738	0.289682234889285
chr12:83608380:A:G	12	83608380	-0.543084221122368	0.305168622637681	0.075138151038214
chr12:90727178:A:C	12	90727178	0.146034164641633	0.193103770426255	0.44950106369475
chr12:92596791:C:T	12	92596791	-0.417612359914755	0.445890987181306	0.348974898618941
chr12:95914573:A:T	12	95914573	0.0623030403766638	0.236987645424116	0.792630946474134
chr12:101611098:G:C	12	101611098	-0.425566764340841	0.885328495851054	0.630738276877021
chr12:105967464:T:C	12	105967464	-0.0932194154163675	0.283073823479052	0.741920386218561
chr12:109533295:C:T	12	109533295	0.13612297197385	0.374252861812134	0.71606766358442
chr12:112209515:G:A	12	112209515	-0.0843511643410724	0.325946640612722	0.795798615691982
chr12:120976632:C:A	12	120976632	0.0830986269024111	0.646661858665436	0.897750143432101
chr12:125875525:T:C	12	125875525	-0.233210398157297	0.334460726928979	0.485632029670942
chr12:126449337:A:G	12	126449337	-0.503107926866337	0.418861326537084	0.229699831400236
chr12:131091094:G:A	12	131091094	-0.196715824349492	0.452932709207696	0.66405914405412
chr12:132776953:G:A	12	132776953	-0.38579781630375	0.546553522249439	0.480266616816297
chr13:19545220:A:G	13	19545220	-0.146588302423668	0.210262548959201	0.485697717046873
chr13:22977365:T:G	13	22977365	-0.040637170459197	0.319657136367249	0.898839590538466
chr13:24330599:T:C	13	24330599	-0.0588807344250174	0.275765333510834	0.830923313003779
chr13:24623185:A:C	13	24623185	0.0556379664460887	0.213710243959309	0.794599205153193
chr13:25202506:T:G	13	25202506	-0.433492093676714	0.460454460278623	0.34647736898844
chr13:26234118:A:T	13	26234118	-0.387506161192932	0.353291966728756	0.272709607972265
chr13:26494236:G:A	13	26494236	0.089460203494109	0.230669061305822	0.69814241587027
chr13:27255876:A:G	13	27255876	-0.592639175536219	0.725408095673947	0.41394358434365
chr13:42909938:A:G	13	42909938	-0.121767382003274	0.25108664013316	0.627703575645875
chr13:45470952:C:T	13	45470952	0.637266998491106	0.344338496043974	0.0642128311467576
chr13:45708351:G:A	13	45708351	0.0193524375388352	0.339996374329613	0.954609288149709
chr13:45809177:C:G	13	45809177	-0.619754839062166	0.308041164447427	0.0442281450421963
chr13:50558767:A:T	13	50558767	0.285961575763437	0.396676719185758	0.470975186136345
chr13:58710908:G:A	13	58710908	-0.0210838754835307	0.237559698682422	0.929279082120663
chr13:58934154:C:T	13	58934154	-0.274937807283181	0.18465608287469	0.136508903566904
chr13:70397215:T:C	13	70397215	-0.367044223781773	0.252798892188796	0.146523348906967
chr13:70990050:T:C	13	70990050	-0.369063720044458	0.660170348950529	0.57613226289263
chr13:75832713:T:C	13	75832713	-0.188241481312455	0.494339541270261	0.703356186767023
chr13:86776101:G:A	13	86776101	0.0322153670606281	0.295415226328163	0.913161928695104
chr13:91472230:T:C	13	91472230	0.178224264767787	0.418253746657818	0.670023929501456
chr13:93235990:C:T	13	93235990	-0.268129053906834	0.27596896212615	0.331253892128441
chr13:96765286:G:A	13	96765286	-0.489670942988357	0.306387321226397	0.109996494152654
chr13:102180181:A:G	13	102180181	-0.0346743177438485	0.255217015456451	0.891930303400527
chr13:104405113:C:T	13	104405113	0.285852225031495	0.220878981850868	0.195610970246132
chr13:106009559:G:C	13	106009559	-0.146112543498832	0.179309430896862	0.415150981069735
chr13:106084136:A:G	13	106084136	0.205223122001518	0.235763625298955	0.384048335778842
chr13:112716578:T:C	13	112716578	-0.401531993870628	0.34281313578041	0.241484109631164
chr14:21167555:A:G	14	21167555	0.49986991809966	0.262703621010193	0.0570679053462646
chr14:26929954:A:G	14	26929954	0.393748017573753	0.211345144079576	0.0624542688066497
chr14:27823594:G:A	14	27823594	-0.456171088844474	0.375378694721945	0.224278749451748
chr14:34182794:A:C	14	34182794	-0.0258650231416046	0.474010872478573	0.95648398127526
chr14:38216062:T:A	14	38216062	0.190531451033083	0.257606941035284	0.45953011888258
chr14:38962987:G:A	14	38962987	0.214744962157977	0.227908100602179	0.34606790719958
chr14:39925237:C:T	14	39925237	-0.0539331230450814	0.393082331731547	0.890868232595237
chr14:44446011:A:G	14	44446011	-0.124544676477769	0.337634959465598	0.712221823891427
chr14:48685878:C:A	14	48685878	0.49085418892612	0.330241484547002	0.137186761219589
chr14:51426205:T:C	14	51426205	0.175351092937109	0.25814061710456	0.496957191198642
chr14:52881822:T:G	14	52881822	0.170392924600204	0.262008451060741	0.515476695233342
chr14:53358297:A:G	14	53358297	-0.26882134698497	0.262479170464654	0.30575848542408
chr14:56254615:G:A	14	56254615	0.370261194391706	0.264520590995074	0.161589897234996
chr14:57978070:T:C	14	57978070	0.321849703163673	0.233795699837566	0.168627294122506
chr14:62445185:T:C	14	62445185	0.227431375041069	0.221850953611976	0.30529056633191
chr14:67518615:G:A	14	67518615	0.120989339203264	0.2617311586492	0.643890788291293
chr14:68863518:T:G	14	68863518	-0.175608076225247	0.330247607132419	0.594901440787436
chr14:77734277:G:A	14	77734277	-0.603329205847262	0.666697623950337	0.365490930033015
chr14:81022028:G:A	14	81022028	0.0448088997997312	0.184465123236403	0.808073116641269
chr14:81884763:T:G	14	81884763	0.77956454217601	0.311622941891363	0.0123623896066586
chr14:82929256:T:A	14	82929256	0.453102254544038	0.256432513350743	0.0772373696943911
chr14:84531019:T:G	14	84531019	-0.0737927965905809	0.199242859039003	0.711109744197586
chr14:84812257:C:T	14	84812257	-0.223491521817636	0.374361777655029	0.550511766851952
chr14:90804831:C:G	14	90804831	-0.134875234137514	0.303797322994916	0.657068232345771
chr14:91397629:G:T	14	91397629	0.261945105017297	0.399641775094578	0.512178223791301
chr14:91532430:A:C	14	91532430	0.274838886206953	0.313891065777221	0.381254682491971
chr14:91961156:T:C	14	91961156	-0.393619008331744	0.263373561862475	0.135037822149984
chr14:92998270:C:G	14	92998270	-0.159051815039357	0.276745360099032	0.565478915082146
chr14:93757265:G:A	14	93757265	0.549554446270375	0.280914544797561	0.0504292700321212
chr14:93769225:C:T	14	93769225	0.773213784606185	0.355437392943666	0.0296011487841067
chr14:98340169:A:G	14	98340169	0.132417596697655	0.410768019188277	0.747175524468926
chr14:100721312:C:T	14	100721312	0.0830605765501345	0.353454236562226	0.814211300334954
chr14:102093442:A:G	14	102093442	-0.140622881266739	0.507660460295081	0.781778693794052
chr15:24165057:A:G	15	24165057	-0.270198923143799	0.548894211242067	0.622535220283949
chr15:26353849:A:G	15	26353849	-0.00511748371059187	0.159241431997808	0.97436308831615
chr15:28182824:G:A	15	28182824	-0.0151636090923313	0.265353460305478	0.954429733369133
chr15:33665926:A:G	15	33665926	0.175822852409104	0.278108314751905	0.527249676122012
chr15:34880184:A:T	15	34880184	-0.210930252375364	0.238226743972188	0.375931216031801
chr15:37080410:C:T	15	37080410	-0.522946535062423	0.372212658745327	0.16003106545715
chr15:37762539:C:G	15	37762539	-0.773451800385252	0.778202886107169	0.32027408714382
chr15:52558833:C:G	15	52558833	-0.468059199724437	0.556099042249193	0.399965326245626
chr15:55712443:A:G	15	55712443	-0.00507054139701737	0.476680988929351	0.991512918501404
chr15:57522102:A:T	15	57522102	-0.411659584023818	0.379667161892056	0.278247588988617
chr15:57590535:T:C	15	57590535	-0.48378848335724	0.521778428540991	0.353827155550546
chr15:58439508:G:A	15	58439508	-1.1259365751457	1.08642093759718	0.300028484021513
chr15:69786285:T:C	15	69786285	0.0769434807542942	0.298701313726308	0.796720740003996
chr15:71331250:T:C	15	71331250	-0.352116645865007	0.339017366944777	0.298972678631691
chr15:74245092:G:C	15	74245092	-0.293445684219349	0.530477626904052	0.580145232324732
chr15:76807237:T:C	15	76807237	0.606749559188285	0.273102659572178	0.0263042352271374
chr15:77734259:G:A	15	77734259	0.106074257813014	0.181379252843706	0.558668594861323
chr15:79750604:G:T	15	79750604	-0.0953615154728491	0.219696738216073	0.664245038975461
chr15:81697597:G:A	15	81697597	0.110072948847918	0.221067303307637	0.618543244819622
chr15:87989871:C:T	15	87989871	0.0112839389827339	0.219506665828513	0.959002078861471
chr15:88891382:T:C	15	88891382	0.161182693363777	0.300891203239927	0.592176756531569
chr15:89804552:C:T	15	89804552	0.384329321202219	0.327830001249409	0.241059234618787
chr15:94791129:A:G	15	94791129	0.24007149877638	0.269306332929156	0.372691053238595
chr15:97043895:A:G	15	97043895	0.235316058973305	0.340682702940839	0.4897420673221
chr15:98725394:C:T	15	98725394	0.193372245249671	0.256111840901314	0.450230696186809
chr15:100978492:T:G	15	100978492	-0.489837450797734	0.689948128043666	0.477727253544476
chr16:2671727:C:T	16	2671727	0.546077633934004	0.274379343701692	0.0465657523917232
chr16:4957642:T:C	16	4957642	-0.247773500980085	0.284111168900866	0.383153537043901
chr16:5603936:C:T	16	5603936	0.278311836088806	0.399407330319931	0.485920431095485
chr16:5884026:G:T	16	5884026	0.0884984921222765	0.253592233941495	0.727104696545871
chr16:6848656:G:A	16	6848656	-0.349972436884317	0.376492641052149	0.352599032012331
chr16:7909855:G:A	16	7909855	-0.29814444051797	0.284417014594841	0.294516467722164
chr16:8273542:C:G	16	8273542	-0.291643607401656	0.271097923781839	0.282022551891208
chr16:12394716:C:T	16	12394716	-0.112859572711981	0.377167518646924	0.764765094456829
chr16:13985277:C:A	16	13985277	0.278215734026743	0.288688630671034	0.335185061746419
chr16:17779668:G:A	16	17779668	-0.55081140807292	0.272316589810316	0.0431053590959033
chr16:29740733:G:C	16	29740733	0.0386621035888504	0.198017040591863	0.845200098427296
chr16:31127124:G:A	16	31127124	0.0271937686437273	0.211900990259285	0.897885903183465
chr16:56688556:C:T	16	56688556	0.266475015550904	0.318743193004542	0.403144831896648
chr16:60324635:A:C	16	60324635	-0.3719363073587	0.372704753185938	0.318309331084868
chr16:60499572:C:T	16	60499572	0.167244944733468	0.308387502775483	0.587597556993357
chr16:62273123:C:T	16	62273123	0.295540970759622	0.253508476317427	0.243694058481415
chr16:65972427:C:T	16	65972427	0.0990351134286801	0.215959818922818	0.646534937931442
chr16:69246420:T:C	16	69246420	0.428649235985109	0.325978926193552	0.188523359259105
chr16:71908403:G:A	16	71908403	-0.0809982790915496	0.335278865394805	0.809101897760346
chr16:72103328:C:A	16	72103328	0.136896341427168	0.160434557636459	0.393501483916748
chr16:74837740:A:C	16	74837740	0.0728342653716408	0.512878284199793	0.887071459688564
chr16:79886631:C:T	16	79886631	-0.0679890923196033	0.232867568547291	0.770313671289446
chr16:81396153:C:A	16	81396153	0.481014057855105	0.292007531238401	0.0995033972840412
chr16:82294878:C:G	16	82294878	0.180563237833447	0.398000560325685	0.650062159838313
chr16:82421890:A:G	16	82421890	0.150625071108546	0.343276350465356	0.660816152891141
chr16:83827178:T:C	16	83827178	0.358260995707833	0.254014263058074	0.158422442952444
chr16:84032337:C:T	16	84032337	-0.431442504059393	0.651466408200086	0.507802285480166
chr16:89303022:G:A	16	89303022	0.204482762735841	0.23370308422683	0.381591218433007
chr16:89331863:A:T	16	89331863	-0.295607562611091	0.299388142548176	0.323460152560425
chr16:89337630:T:C	16	89337630	-0.149732781285809	0.246229414374018	0.543119335796052
chr16:89479873:T:G	16	89479873	0.055269207207002	0.22247472693343	0.803802382273969
chr16:90035976:C:A	16	90035976	-0.357435678233221	0.284765100674876	0.20940804685401
chr17:2489248:C:G	17	2489248	-0.00675601594730318	0.249048826264001	0.978358220622086
chr17:4018176:C:A	17	4018176	0.130027518658197	0.275588428487228	0.637056863630098
chr17:4147521:T:C	17	4147521	0.197255215705838	0.274002062755571	0.471584027019808
chr17:6949267:T:C	17	6949267	0.380546815422672	0.277128414598891	0.169696822859452
chr17:7929448:A:G	17	7929448	-0.0675798672547019	0.313431273224882	0.829289396387511
chr17:10308301:C:T	17	10308301	0.29729152972515	0.263257410293508	0.258779412429418
chr17:12174148:T:C	17	12174148	0.086676238332854	0.293823115064902	0.767997989143711
chr17:14402381:C:T	17	14402381	-0.473884198844549	0.472505713510843	0.315900719438339
chr17:15219976:C:T	17	15219976	-0.13370149521933	0.371139084194619	0.718662926464539
chr17:16482403:T:A	17	16482403	-0.0452484785412818	0.259530355501928	0.861592341301455
chr17:18684803:A:G	17	18684803	-0.195266557332973	0.242920481771112	0.421495669101931
chr17:20040710:T:C	17	20040710	-0.203625104136347	0.3366510155497	0.545275238546649
chr17:21275023:A:C	17	21275023	-0.0151040944603338	0.24997998264309	0.951820161813023
chr17:30609729:C:T	17	30609729	0.277592843757977	0.225653924632639	0.218633193811832
chr17:31554254:C:T	17	31554254	0.355116125192743	0.236626140361844	0.133420842230613
chr17:33472425:T:G	17	33472425	0.0728300518591129	0.18067774529996	0.686879331695134
chr17:44156671:T:A	17	44156671	0.469632469575327	0.249263364949099	0.0595539657557185
chr17:45754773:C:T	17	45754773	-0.270937890387166	0.282001608718483	0.336669244068694
chr17:48779278:C:T	17	48779278	0.0114985754848496	0.217869638855729	0.957909332925404
chr17:52703044:C:G	17	52703044	0.283821256680457	0.311371655692488	0.36202184991502
chr17:53282498:G:T	17	53282498	0.0699889571970767	0.353065311020082	0.842863298222574
chr17:58411807:C:T	17	58411807	0.379758317878809	0.346703225779373	0.27336719604026
chr17:61409438:A:G	17	61409438	0.159992138705334	0.21384946460931	0.454367819632308
chr17:61905160:C:T	17	61905160	0.683080439547702	0.400872281016943	0.0883838496279846
chr17:66262233:G:T	17	66262233	0.0877295026495705	0.23168192500313	0.704937716135281
chr17:66751216:C:T	17	66751216	0.431118631034198	0.294687721613758	0.14347620561168
chr17:66971178:A:G	17	66971178	0.0532566449729191	0.292736931212963	0.855640301216167
chr17:68771033:G:A	17	68771033	0.0312814765142042	0.129293687016101	0.808825684997362
chr17:69081332:C:T	17	69081332	-0.0656673409190368	0.300728624347836	0.827148011011883
chr17:69213412:T:C	17	69213412	0.0687636590362289	0.319129015934561	0.829398627509603
chr17:72829246:G:A	17	72829246	-0.348254027003386	0.329717225250131	0.290867577804699
chr17:73506492:C:T	17	73506492	0.0453300065338076	0.319428000378297	0.887151147333046
chr17:75360149:C:G	17	75360149	0.46487855647597	0.245607867764207	0.0583888134570719
chr17:77625920:A:T	17	77625920	0.0394518141819259	0.312878075001515	0.899658108391296
chr18:1137045:A:T	18	1137045	-0.339703792689454	0.237280874692955	0.15224325417444
chr18:4080016:T:A	18	4080016	-0.0519657293989684	0.425260213430159	0.902742616630894
chr18:8920896:G:C	18	8920896	-0.138472171408932	0.346481176005153	0.689412262867652
chr18:9609299:C:T	18	9609299	0.357791469090447	0.262624173692035	0.173080937988289
chr18:10572326:C:T	18	10572326	-0.154472795216721	0.317517633318986	0.626611663672668
chr18:11017906:C:T	18	11017906	-0.0371241465121424	0.270987056054496	0.891033945811348
chr18:12120157:A:G	18	12120157	-0.377870821763215	0.820089134242642	0.644965069817682
chr18:14686017:A:G	18	14686017	0.270489170609977	0.245437876962444	0.270432215515621
chr18:14895123:C:T	18	14895123	0.124642701074465	0.32620554996122	0.702388191286059
chr18:30059135:A:G	18	30059135	-0.393865066885245	0.243167752828949	0.105291205712192
chr18:32490781:T:C	18	32490781	-0.0203972201590332	0.210164387931328	0.922683791948957
chr18:36255061:C:A	18	36255061	0.357975856042342	0.231409489835514	0.121878485801625
chr18:42762909:A:C	18	42762909	-0.0482494161284157	0.179333399756916	0.787892215006758
chr18:43928870:G:A	18	43928870	0.492494712375373	0.276782644407241	0.0751815021044038
chr18:44831686:A:G	18	44831686	-0.0192020341800261	0.501286701626252	0.969444111317207
chr18:45461168:C:T	18	45461168	0.590141069293094	0.268399837263109	0.0278965180800238
chr18:47992191:T:C	18	47992191	-0.188590309197018	0.675533517536603	0.780112528265349
chr18:49146783:T:G	18	49146783	0.237747351093876	0.228008841962505	0.297082114023858
chr18:49872731:C:G	18	49872731	-0.692136392630766	0.428553155934588	0.10629904987532
chr18:50485733:T:C	18	50485733	-0.11664883129764	0.386786976313605	0.762969072850673
chr18:58120958:C:T	18	58120958	0.673415477561187	0.28044725106597	0.0163405203768021
chr18:59256389:C:T	18	59256389	0.0116617663342289	0.280383337597709	0.966823772936403
chr18:62622293:T:A	18	62622293	-0.826711377762578	0.611054695795882	0.176079485371291
chr18:62998306:G:A	18	62998306	-0.119991223072131	0.254239915655098	0.636954911883083
chr18:66103927:C:T	18	66103927	-0.0855039046805929	0.315202342466131	0.786185902910126
chr18:66206557:C:T	18	66206557	-0.170186019077049	0.355743919916996	0.63236927870069
chr18:68001558:G:A	18	68001558	0.00806979194254493	0.218367163505874	0.970520763997117
chr18:69946690:A:G	18	69946690	-0.192358137296202	0.52234867920257	0.71268221190663
chr18:71730181:C:T	18	71730181	0.031457560878256	0.369946822148522	0.932235428958798
chr18:72912108:T:C	18	72912108	0.247289041348335	0.178970539422962	0.167054485637777
chr18:73248491:G:A	18	73248491	-0.459051349433683	0.506202879540805	0.364484799988
chr18:77734991:G:A	18	77734991	0.213935600635114	0.325457310103493	0.510963324644947
chr19:2907557:G:A	19	2907557	0.144665638273147	0.227435617081432	0.524728891463709
chr19:16021187:G:A	19	16021187	-0.116675183869796	0.414953796313846	0.778575161666498
chr19:17584922:G:A	19	17584922	-0.600986550671716	0.323903432961915	0.0635320255880772
chr19:18704666:C:T	19	18704666	0.140654451342311	0.423686870338549	0.739906349822753
chr19:18737022:C:T	19	18737022	0.367048337322988	0.265813296613159	0.167325032184229
chr19:18805179:A:G	19	18805179	-0.178648024722264	0.257654220577526	0.48808148028235
chr19:21560366:G:T	19	21560366	0.492352428080642	0.243441777829691	0.0431283558536041
chr19:21659434:G:C	19	21659434	0.705671042729051	0.305067356319105	0.0207135850351742
chr19:33474662:T:C	19	33474662	-0.13980156620204	0.151814457424066	0.357117660556329
chr19:37956680:C:T	19	37956680	-0.15411622623108	0.358695405423922	0.667444691641768
chr19:38120117:A:T	19	38120117	0.500082522483754	0.269687554358689	0.0636957800323531
chr19:44380983:T:C	19	44380983	0.184180504371685	0.212526346694727	0.386147874267453
chr19:44819986:A:G	19	44819986	0.123352492110681	0.291775245621797	0.672466399996826
chr19:48685001:C:T	19	48685001	0.437364664362869	0.287737956084106	0.128508380490774
chr19:51210487:G:T	19	51210487	0.365544821470008	0.300405604573051	0.223666028047302
chr19:51552139:T:A	19	51552139	-0.327216481006935	0.485900926754012	0.500678716088786
chr19:52714810:C:T	19	52714810	-0.189247960658735	0.341222222680746	0.579156026651422
chr19:53330671:T:C	19	53330671	-0.501134159863513	0.379141465483658	0.186247962076164
chr19:54944544:G:A	19	54944544	0.212531035273172	0.401582390875084	0.596643167671278
chr19:57195010:G:C	19	57195010	-0.227785280663688	0.407265743266732	0.575954397631164
chr20:1709120:A:G	20	1709120	0.59589873807341	0.250049705702691	0.0171665445729459
chr20:1735934:T:G	20	1735934	0.468091667642379	0.282766813386123	0.0978437553761652
chr20:1906500:G:T	20	1906500	-0.239720071218861	0.397942206801154	0.546908435386091
chr20:3649460:G:A	20	3649460	0.354527673689085	0.270633767351973	0.190199037550253
chr20:5407753:C:T	20	5407753	-0.176367753084622	0.290636677150869	0.543962142078334
chr20:5860313:T:C	20	5860313	-0.267665760923872	0.216796666422964	0.216964644555393
chr20:7000966:A:C	20	7000966	0.196245816164578	0.295409383287721	0.506486704346988
chr20:12129436:G:A	20	12129436	-0.245318741273364	0.325267250197757	0.450725111629505
chr20:13244402:C:A	20	13244402	0.207706166150803	0.300366883043035	0.489246222035392
chr20:31347432:T:C	20	31347432	0.0940366936395642	0.185097685365421	0.611426558680438
chr20:37593342:C:T	20	37593342	-0.343759339188616	0.346238142498843	0.320787564779251
chr20:38200488:G:A	20	38200488	-0.258361930454448	0.271306692128784	0.340951272320728
chr20:38350608:A:G	20	38350608	-0.139217510613465	0.270744079978597	0.607109831807231
chr20:45729681:A:G	20	45729681	0.0119708081332599	0.250594289780635	0.961899803674175
chr20:48501317:C:T	20	48501317	-0.136579408029745	0.105520234552518	0.195546868144773
chr20:49036824:T:G	20	49036824	0.158143866420117	0.243249945648182	0.515608838477893
chr20:50371082:C:T	20	50371082	-0.105829699879001	0.270598140679096	0.695726688411929
chr20:52513956:G:A	20	52513956	-0.108244596329174	0.417689866499149	0.795519013724639
chr20:54253971:A:G	20	54253971	-0.133412330923077	0.236877466662931	0.573290247477885
chr20:58480201:T:G	20	58480201	0.0920775307799588	0.28530314810598	0.746895361056062
chr20:60073360:C:T	20	60073360	-0.11147869402614	0.269562776317584	0.679200958712729
chr21:14869783:A:G	21	14869783	-0.652055089572605	0.971334115951999	0.502030419855745
chr21:15297615:T:C	21	15297615	0.234463713904597	0.246247808675308	0.341023256028927
chr21:15686888:A:G	21	15686888	0.365350489160469	0.271785629140871	0.178864397655056
chr21:18805376:C:A	21	18805376	-0.0480562535610143	0.22806062014663	0.833108095131479
chr21:22007486:G:T	21	22007486	-0.492615752018059	0.645177393649134	0.445144184030329
chr21:24026351:C:T	21	24026351	-0.455653857626102	0.211694616318022	0.0313649844128592
chr21:26647335:G:C	21	26647335	0.119366509747212	0.261461097892998	0.648004298119987
chr21:28043199:C:G	21	28043199	0.244514748101038	0.200652943917741	0.222997807863838
chr21:29538421:G:A	21	29538421	0.471423509736272	0.364186692040473	0.19550808979802
chr21:31885030:A:G	21	31885030	-0.00624469638164543	0.198813020307456	0.974942648817259
chr21:35502622:A:T	21	35502622	-0.666314564858462	0.357578301471502	0.0624047684675638
chr21:36306638:T:G	21	36306638	0.291023881919843	0.256288174424191	0.256151732664571
chr21:41442549:G:A	21	41442549	0.101600150644294	0.245071823127912	0.678454547705771
chr21:42627184:G:A	21	42627184	0.564036649209428	0.289627925302256	0.0514805000612431
chr22:20147688:T:C	22	20147688	-0.189548191688209	0.316555773160225	0.549317650386959
chr22:23891985:A:G	22	23891985	-0.309955014667828	0.469383598657081	0.509032592188115
chr22:24245985:G:T	22	24245985	0.638856267317074	0.295242303572777	0.0304768492007605
chr22:28624303:G:A	22	28624303	-0.194665024884219	0.612052535054941	0.750444883149128
chr22:30376697:C:T	22	30376697	-0.0554646996176919	0.41222490222452	0.892967984987354
chr22:30662128:G:A	22	30662128	0.245959408191253	0.257483058282523	0.339453805774573
chr22:36298345:C:A	22	36298345	-0.0123806370595763	0.196291972877165	0.949708725447752
chr22:36977479:G:A	22	36977479	0.336597745619805	0.272064116346453	0.216012813054881
chr22:42350572:C:T	22	42350572	0.300944089139881	0.379610494799674	0.427911412684268
chr22:42475109:T:G	22	42475109	-0.595156502036693	0.302379557995075	0.0490400644531164
chr22:44719519:A:G	22	44719519	-0.652519769085054	0.711245079303242	0.358915741034004
chr22:44805054:T:C	22	44805054	-0.695117926398344	0.605576726656075	0.251025937204812
chr22:45210278:T:C	22	45210278	0.232905132518257	0.446141023529462	0.601639870272059
chr22:47062473:C:T	22	47062473	0.848028940004318	0.344169900313098	0.013740245387497
chr22:48785864:A:G	22	48785864	0.590075259536208	0.296935742622331	0.046898539828817
chr22:49668266:A:G	22	49668266	0.103066133653978	0.258327112265255	0.689911414038544
chr22:49926053:G:A	22	49926053	-0.338157311728976	0.670693886833288	0.614127698328512
